 05 01 09 02 A1 01 05 09 85 01 19 01 29 05 95 05
 75 01 15 00 25 01 81 02 95 03 81 01 05 01 09 01
 A1 00 09 30 09 31 95 02 75 10 16 01 80 26 FF 7F
 81 06 C0 A1 02 85 02 09 48 15 00 25 01 35 01 45
 04 95 01 75 02 B1 02 85 01 09 38 35 00 45 00 15
 81 25 7F 75 08 95 01 81 06 C0 A1 02 85 02 09 48
 15 00 25 01 35 01 45 04 75 02 B1 02 35 00 45 00
 75 04 B1 01 85 01 05 0C 0A 38 02 15 81 25 7F 75
 08 95 01 81 06 C0 C0 06 00 FF 09 01 A1 01 85 03
 19 01 29 01 95 07 81 02 19 01 29 01 B1 02 09 02
 15 00 26 FF 00 75 08 95 01 91 02 C0 05 0C 09 01
 A1 01 85 05 95 01 75 08 81 01 15 00 25 01 75 01
 95 12 0A 83 01 0A 8A 01 0A 92 01 0A 94 01 0A 21
 02 0A 23 02 0A 24 02 0A 25 02 0A 26 02 0A 27 02
 0A 2A 02 09 B5 09 B6 09 B7 09 CD 09 E2 09 E9 09
 EA 81 62 95 06 75 01 81 03 C0 05 01 09 02 A1 01
 85 09 09 01 A1 00 05 09 19 01 29 03 15 00 25 01
 95 03 75 01 81 02 95 05 81 01 05 01 09 30 09 31
 15 00 26 00 10 35 00 46 00 10 95 02 75 10 81 02
 05 0D 09 30 26 FF 03 95 01 81 02 C0 C0         
