000:DESCRIPTOR                 1280570410.536524
 05 01 09 02 A1 01 85 01 09 01 A1 00 05 09 19 01
 29 05 15 00 25 01 95 05 75 01 81 02 95 01 75 03
 81 01 05 01 09 30 09 31 15 81 25 7F 75 08 95 02
 81 06 C0 C0 05 0D 09 01 A1 01 85 02 A1 00 06 00
 FF 09 01 15 00 26 FF 00 75 08 95 08 81 02 C0 09
 01 85 02 95 01 B1 02 09 01 85 03 95 01 B1 02 09
 01 85 04 95 01 B1 02 09 01 85 05 95 01 B1 02 09
 01 85 10 95 02 B1 02 09 01 85 11 95 10 B1 02 09
 01 85 13 95 01 B1 02 09 01 85 20 95 01 B1 02 09
 01 85 21 95 01 B1 02 09 01 85 06 95 01 B1 02 09
 01 85 07 95 01 B1 02 09 01 85 14 95 01 B1 02 C0

001:DESCRIPTOR                 1280570410.541293
 06 00 FF 09 01 A1 01 85 02 05 0D 09 22 A1 00 06
 00 FF 09 01 15 00 26 FF 00 75 08 95 02 81 02 05
 01 09 30 35 00 46 E0 2E 26 E0 01 75 10 95 01 81
 02 09 31 46 40 1F 26 40 01 81 02 06 00 FF 09 01
 26 FF 00 75 08 95 0D 81 02 C0 C0

