000:STREAM                     1281865990.762197
 01 00 FC 0E 00

000:STREAM                     1281865990.770171
 01 00 00 FB 00

000:STREAM                     1281865990.774165
 01 00 00 FC 00

000:STREAM                     1281865990.782172
 01 00 00 FB 00

000:STREAM                     1281865990.786168
 01 00 01 FB 00

000:STREAM                     1281865990.794168
 01 00 01 FA 00

000:STREAM                     1281865990.798169
 01 00 01 FB 00

000:STREAM                     1281865990.806167
 01 00 02 FB 00

000:STREAM                     1281865990.810162
 01 00 01 FA 00

000:STREAM                     1281865990.818168
 01 00 03 FC 00

000:STREAM                     1281865990.822162
 01 00 01 FC 00

000:STREAM                     1281865990.830166
 01 00 03 FD 00

000:STREAM                     1281865990.834168
 01 00 02 FE 00

000:STREAM                     1281865990.842167
 01 00 02 FD 00

000:STREAM                     1281865990.846160
 01 00 03 FE 00

000:STREAM                     1281865990.854166
 01 00 02 FE 00

000:STREAM                     1281865990.858160
 01 00 03 FD 00

000:STREAM                     1281865990.866166
 01 00 01 FC 00

000:STREAM                     1281865990.870171
 01 00 03 FC 00

000:STREAM                     1281865990.878159
 01 00 01 FC 00

000:STREAM                     1281865990.882165
 01 00 01 FB 00

000:STREAM                     1281865990.890167
 01 00 01 FC 00

000:STREAM                     1281865990.894157
 01 00 01 FB 00

000:STREAM                     1281865990.902166
 01 00 00 FB 00

000:STREAM                     1281865990.906162
 01 00 00 FB 00

000:STREAM                     1281865990.914167
 01 00 01 FC 00

000:STREAM                     1281865990.918156
 01 00 00 FC 00

000:STREAM                     1281865990.926166
 01 00 00 FD 00

000:STREAM                     1281865990.930162
 01 00 00 FE 00

000:STREAM                     1281865990.938166
 01 00 00 FD 00

000:STREAM                     1281865990.942163
 01 00 02 FE 00

000:STREAM                     1281865990.950166
 01 00 00 FE 00

000:STREAM                     1281865990.954164
 01 00 00 FE 00

000:STREAM                     1281865990.962164
 01 00 00 FF 00

000:STREAM                     1281865990.966155
 01 00 00 FF 00

000:STREAM                     1281865990.978168
 01 00 00 01 00

000:STREAM                     1281865990.986170
 01 00 00 02 00

000:STREAM                     1281865990.990168
 01 00 00 03 00

000:STREAM                     1281865990.998159
 01 00 00 03 00

000:STREAM                     1281865991.002164
 01 00 00 03 00

000:STREAM                     1281865991.010167
 01 00 00 04 00

000:STREAM                     1281865991.018166
 01 00 00 04 00

000:STREAM                     1281865991.022169
 01 00 00 05 00

000:STREAM                     1281865991.030168
 01 00 00 05 00

000:STREAM                     1281865991.034170
 01 00 00 06 00

000:STREAM                     1281865991.042164
 01 00 00 05 00

000:STREAM                     1281865991.046159
 01 00 FE 06 00

000:STREAM                     1281865991.054164
 01 00 FC 07 00

000:STREAM                     1281865991.058170
 01 00 FD 06 00

000:STREAM                     1281865991.066170
 01 00 FB 05 00

000:STREAM                     1281865991.070170
 01 00 FE 05 00

000:STREAM                     1281865991.078159
 01 00 FC 04 00

000:STREAM                     1281865991.082169
 01 00 FE 03 00

000:STREAM                     1281865991.090158
 01 00 FF 02 00

000:STREAM                     1281865991.094165
 01 00 FF 01 00

000:STREAM                     1281865991.102160
 01 00 FF 00 00

000:STREAM                     1281865991.126168
 01 00 00 FF 00

000:STREAM                     1281865991.130164
 01 00 00 FF 00

000:STREAM                     1281865991.138161
 01 00 01 FF 00

000:STREAM                     1281865991.142160
 01 00 01 FF 00

000:STREAM                     1281865991.146158
 01 00 02 FF 00

000:STREAM                     1281865991.154163
 01 00 02 FF 00

000:STREAM                     1281865991.162167
 01 00 03 FF 00

000:STREAM                     1281865991.166167
 01 00 03 FE 00

000:STREAM                     1281865991.174167
 01 00 04 FD 00

000:STREAM                     1281865991.178171
 01 00 04 FD 00

000:STREAM                     1281865991.186166
 01 00 04 FC 00

000:STREAM                     1281865991.190167
 01 00 05 FD 00

000:STREAM                     1281865991.198165
 01 00 04 FC 00

000:STREAM                     1281865991.202169
 01 00 06 FD 00

000:STREAM                     1281865991.210166
 01 00 06 FD 00

000:STREAM                     1281865991.214170
 01 00 06 FE 00

000:STREAM                     1281865991.222167
 01 00 06 FE 00

000:STREAM                     1281865991.226169
 01 00 05 FF 00

000:STREAM                     1281865991.234165
 01 00 05 FF 00

000:STREAM                     1281865991.238169
 01 00 05 FF 00

000:STREAM                     1281865991.246158
 01 00 04 00 00

000:STREAM                     1281865991.250168
 01 00 04 00 00

000:STREAM                     1281865991.258166
 01 00 04 00 00

000:STREAM                     1281865991.262168
 01 00 03 00 00

000:STREAM                     1281865991.270166
 01 00 02 00 00

000:STREAM                     1281865991.274169
 01 00 01 00 00

000:STREAM                     1281865991.282165
 01 00 01 FF 00

000:STREAM                     1281865991.294164
 01 00 00 FF 00

000:STREAM                     1281865991.298168
 01 00 00 FF 00

000:STREAM                     1281865991.306163
 01 00 00 FF 00

000:STREAM                     1281865991.310167
 01 00 00 FF 00

000:STREAM                     1281865991.318164
 01 00 00 FF 00

000:STREAM                     1281865991.330162
 01 00 00 FF 00

000:STREAM                     1281865991.342161
 01 00 FF 00 00

000:STREAM                     1281865991.346168
 01 00 FF 00 00

000:STREAM                     1281865991.354163
 01 00 FF 00 00

000:STREAM                     1281865991.358167
 01 00 FF 00 00

000:STREAM                     1281865991.366164
 01 00 FF 01 00

000:STREAM                     1281865991.370170
 01 00 FE 01 00

000:STREAM                     1281865991.378164
 01 00 FF 01 00

000:STREAM                     1281865991.382168
 01 00 FE 02 00

000:STREAM                     1281865991.390164
 01 00 FF 02 00

000:STREAM                     1281865991.394167
 01 00 FF 01 00

000:STREAM                     1281865991.402165
 01 00 FF 03 00

000:STREAM                     1281865991.406165
 01 00 FF 02 00

000:STREAM                     1281865991.414164
 01 00 FF 02 00

000:STREAM                     1281865991.418169
 01 00 FF 02 00

000:STREAM                     1281865991.426157
 01 00 FF 01 00

000:STREAM                     1281865991.430168
 01 00 FF 02 00

000:STREAM                     1281865991.438156
 01 00 FF 00 00

000:STREAM                     1281865991.442167
 01 00 FF 00 00

000:STREAM                     1281865991.450163
 01 00 FF 00 00

000:STREAM                     1281865991.454169
 01 00 FF 00 00

000:STREAM                     1281865991.462162
 01 00 00 FF 00

000:STREAM                     1281865991.466167
 01 00 FF FF 00

000:STREAM                     1281865991.474162
 01 00 00 FE 00

000:STREAM                     1281865991.478168
 01 00 00 FE 00

000:STREAM                     1281865991.486163
 01 00 01 FE 00

000:STREAM                     1281865991.489606
 01 00 01 FD 00

000:STREAM                     1281865991.498163
 01 00 01 FC 00

000:STREAM                     1281865991.502165
 01 00 01 FD 00

000:STREAM                     1281865991.510162
 01 00 02 FB 00

000:STREAM                     1281865991.514168
 01 00 01 FD 00

000:STREAM                     1281865991.522162
 01 00 02 FC 00

000:STREAM                     1281865991.526167
 01 00 01 FD 00

000:STREAM                     1281865991.534163
 01 00 02 FD 00

000:STREAM                     1281865991.538165
 01 00 02 FE 00

000:STREAM                     1281865991.546158
 01 00 02 FE 00

000:STREAM                     1281865991.550165
 01 00 03 FE 00

000:STREAM                     1281865991.558162
 01 00 02 FE 00

000:STREAM                     1281865991.562161
 01 00 02 FF 00

000:STREAM                     1281865991.570161
 01 00 03 00 00

000:STREAM                     1281865991.574167
 01 00 02 01 00

000:STREAM                     1281865991.582164
 01 00 03 01 00

000:STREAM                     1281865991.586171
 01 00 03 03 00

000:STREAM                     1281865991.594162
 01 00 01 03 00

000:STREAM                     1281865991.598166
 01 00 02 03 00

000:STREAM                     1281865991.606162
 01 00 00 04 00

000:STREAM                     1281865991.610168
 01 00 03 03 00

000:STREAM                     1281865991.618161
 01 00 00 03 00

000:STREAM                     1281865991.622167
 01 00 00 03 00

000:STREAM                     1281865991.630164
 01 00 00 03 00

000:STREAM                     1281865991.634166
 01 00 00 02 00

000:STREAM                     1281865991.642162
 01 00 00 02 00

000:STREAM                     1281865991.646169
 01 00 FF 01 00

000:STREAM                     1281865991.654162
 01 00 FE 02 00

000:STREAM                     1281865991.658167
 01 00 FE 01 00

000:STREAM                     1281865991.666163
 01 00 FE 02 00

000:STREAM                     1281865991.670169
 01 00 FE 01 00

000:STREAM                     1281865991.678162
 01 00 FE 02 00

000:STREAM                     1281865991.682164
 01 00 FD 00 00

000:STREAM                     1281865991.690160
 01 00 FD 01 00

000:STREAM                     1281865991.694165
 01 00 FE 00 00

000:STREAM                     1281865991.702161
 01 00 FD 00 00

000:STREAM                     1281865991.706166
 01 00 FD FF 00

000:STREAM                     1281865991.714163
 01 00 FE 00 00

000:STREAM                     1281865991.718154
 01 00 FE FC 00

000:STREAM                     1281865991.726155
 01 00 FE FD 00

000:STREAM                     1281865991.730166
 01 00 FE FB 00

000:STREAM                     1281865991.737583
 01 00 FF FC 00

000:STREAM                     1281865991.742157
 01 00 00 FC 00

000:STREAM                     1281865991.750156
 01 00 00 FC 00

000:STREAM                     1281865991.754166
 01 00 00 FC 00

000:STREAM                     1281865991.762163
 01 00 00 FD 00

000:STREAM                     1281865991.766168
 01 00 01 FD 00

000:STREAM                     1281865991.774162
 01 00 01 FE 00

000:STREAM                     1281865991.778167
 01 00 00 FE 00

000:STREAM                     1281865991.786161
 01 00 01 FF 00

000:STREAM                     1281865991.802164
 01 00 02 01 00

000:STREAM                     1281865991.810161
 01 00 00 02 00

000:STREAM                     1281865991.814166
 01 00 02 02 00

000:STREAM                     1281865991.822163
 01 00 01 03 00

000:STREAM                     1281865991.826165
 01 00 02 03 00

000:STREAM                     1281865991.834162
 01 00 02 03 00

000:STREAM                     1281865991.838166
 01 00 03 03 00

000:STREAM                     1281865991.846162
 01 00 02 04 00

000:STREAM                     1281865991.850166
 01 00 03 04 00

000:STREAM                     1281865991.858161
 01 00 02 04 00

000:STREAM                     1281865991.862165
 01 00 03 04 00

000:STREAM                     1281865991.870161
 01 00 03 04 00

000:STREAM                     1281865991.874165
 01 00 01 04 00

000:STREAM                     1281865991.882160
 01 00 03 03 00

000:STREAM                     1281865991.886167
 01 00 01 03 00

000:STREAM                     1281865991.894154
 01 00 03 03 00

000:STREAM                     1281865991.898165
 01 00 01 03 00

000:STREAM                     1281865991.906154
 01 00 03 02 00

000:STREAM                     1281865991.910164
 01 00 02 02 00

000:STREAM                     1281865991.918162
 01 00 02 03 00

000:STREAM                     1281865991.922164
 01 00 02 03 00

000:STREAM                     1281865991.930163
 01 00 02 02 00

000:STREAM                     1281865991.934164
 01 00 02 02 00

000:STREAM                     1281865991.942161
 01 00 03 02 00

000:STREAM                     1281865991.946164
 01 00 02 02 00

000:STREAM                     1281865991.954162
 01 00 03 01 00

000:STREAM                     1281865991.962159
 01 00 03 02 00

000:STREAM                     1281865991.966164
 01 00 03 00 00

000:STREAM                     1281865991.974161
 01 00 04 02 00

000:STREAM                     1281865991.978156
 01 00 04 00 00

000:STREAM                     1281865991.985605
 01 00 04 00 00

000:STREAM                     1281865991.990163
 01 00 05 02 00

000:STREAM                     1281865991.998159
 01 00 05 00 00

000:STREAM                     1281865992.002162
 01 00 05 00 00

000:STREAM                     1281865992.010154
 01 00 05 00 00

000:STREAM                     1281865992.014163
 01 00 06 00 00

000:STREAM                     1281865992.022155
 01 00 06 00 00

000:STREAM                     1281865992.026160
 01 00 07 00 00

000:STREAM                     1281865992.034153
 01 00 07 00 00

000:STREAM                     1281865992.038155
 01 00 08 00 00

000:STREAM                     1281865992.046155
 01 00 06 FF 00

000:STREAM                     1281865992.050158
 01 00 08 FF 00

000:STREAM                     1281865992.058162
 01 00 06 FF 00

000:STREAM                     1281865992.062162
 01 00 08 FF 00

000:STREAM                     1281865992.070153
 01 00 08 FE 00

000:STREAM                     1281865992.074158
 01 00 08 FE 00

000:STREAM                     1281865992.082162
 01 00 08 FD 00

000:STREAM                     1281865992.086163
 01 00 08 FC 00

000:STREAM                     1281865992.094160
 01 00 08 FC 00

000:STREAM                     1281865992.098151
 01 00 08 FB 00

000:STREAM                     1281865992.106160
 01 00 09 FB 00

000:STREAM                     1281865992.110155
 01 00 09 FB 00

000:STREAM                     1281865992.118151
 01 00 08 FB 00

000:STREAM                     1281865992.122155
 01 00 08 FB 00

000:STREAM                     1281865992.130161
 01 00 08 FC 00

000:STREAM                     1281865992.134164
 01 00 07 FB 00

000:STREAM                     1281865992.142157
 01 00 07 FC 00

000:STREAM                     1281865992.146168
 01 00 07 FB 00

000:STREAM                     1281865992.154165
 01 00 06 FB 00

000:STREAM                     1281865992.158165
 01 00 05 FB 00

000:STREAM                     1281865992.166161
 01 00 05 FB 00

000:STREAM                     1281865992.170157
 01 00 04 FA 00

000:STREAM                     1281865992.178154
 01 00 04 FA 00

000:STREAM                     1281865992.182158
 01 00 03 FA 00

000:STREAM                     1281865992.190155
 01 00 03 F9 00

000:STREAM                     1281865992.194158
 01 00 01 F9 00

000:STREAM                     1281865992.202152
 01 00 01 F9 00

000:STREAM                     1281865992.206156
 01 00 00 F8 00

000:STREAM                     1281865992.214160
 01 00 FF F9 00

000:STREAM                     1281865992.218159
 01 00 FF F8 00

000:STREAM                     1281865992.226161
 01 00 FE F8 00

000:STREAM                     1281865992.230166
 01 00 FB F9 00

000:STREAM                     1281865992.238151
 01 00 FC F8 00

000:STREAM                     1281865992.242163
 01 00 FB F9 00

000:STREAM                     1281865992.250158
 01 00 FA FA 00

000:STREAM                     1281865992.254164
 01 00 FA FA 00

000:STREAM                     1281865992.262153
 01 00 F7 FA 00

000:STREAM                     1281865992.266163
 01 00 F8 FB 00

000:STREAM                     1281865992.274155
 01 00 F6 FB 00

000:STREAM                     1281865992.278163
 01 00 F7 FB 00

000:STREAM                     1281865992.286161
 01 00 F6 FB 00

000:STREAM                     1281865992.290170
 01 00 F5 FC 00

000:STREAM                     1281865992.298162
 01 00 F5 FC 00

000:STREAM                     1281865992.302162
 01 00 F4 FD 00

000:STREAM                     1281865992.310161
 01 00 F4 FC 00

000:STREAM                     1281865992.314163
 01 00 F4 FE 00

000:STREAM                     1281865992.322158
 01 00 F3 FD 00

000:STREAM                     1281865992.326159
 01 00 F4 FE 00

000:STREAM                     1281865992.334160
 01 00 F4 FE 00

000:STREAM                     1281865992.338155
 01 00 F3 FE 00

000:STREAM                     1281865992.346152
 01 00 F4 FF 00

000:STREAM                     1281865992.350163
 01 00 F5 FF 00

000:STREAM                     1281865992.358160
 01 00 F4 FF 00

000:STREAM                     1281865992.362164
 01 00 F5 00 00

000:STREAM                     1281865992.370152
 01 00 F5 00 00

000:STREAM                     1281865992.374162
 01 00 F5 01 00

000:STREAM                     1281865992.382159
 01 00 F6 01 00

000:STREAM                     1281865992.386156
 01 00 F6 02 00

000:STREAM                     1281865992.394161
 01 00 F6 02 00

000:STREAM                     1281865992.398164
 01 00 F6 03 00

000:STREAM                     1281865992.406160
 01 00 F6 03 00

000:STREAM                     1281865992.410160
 01 00 F8 03 00

000:STREAM                     1281865992.418162
 01 00 F7 04 00

000:STREAM                     1281865992.422164
 01 00 F9 03 00

000:STREAM                     1281865992.430160
 01 00 F9 04 00

000:STREAM                     1281865992.434159
 01 00 F9 04 00

000:STREAM                     1281865992.442158
 01 00 F9 04 00

000:STREAM                     1281865992.446164
 01 00 FA 04 00

000:STREAM                     1281865992.454150
 01 00 FA 05 00

000:STREAM                     1281865992.458162
 01 00 FB 05 00

000:STREAM                     1281865992.466150
 01 00 FC 07 00

000:STREAM                     1281865992.470159
 01 00 FD 05 00

000:STREAM                     1281865992.478159
 01 00 FD 08 00

000:STREAM                     1281865992.481586
 01 00 FE 05 00

000:STREAM                     1281865992.490157
 01 00 FE 08 00

000:STREAM                     1281865992.494161
 01 00 FF 07 00

000:STREAM                     1281865992.502158
 01 00 FF 08 00

000:STREAM                     1281865992.506160
 01 00 00 08 00

000:STREAM                     1281865992.514158
 01 00 00 08 00

000:STREAM                     1281865992.518152
 01 00 00 08 00

000:STREAM                     1281865992.526148
 01 00 01 08 00

000:STREAM                     1281865992.530155
 01 00 01 08 00

000:STREAM                     1281865992.538151
 01 00 03 09 00

000:STREAM                     1281865992.542134
 01 00 03 08 00

000:STREAM                     1281865992.550150
 01 00 03 09 00

000:STREAM                     1281865992.554133
 01 00 04 08 00

000:STREAM                     1281865992.562151
 01 00 04 09 00

000:STREAM                     1281865992.566133
 01 00 05 08 00

000:STREAM                     1281865992.574151
 01 00 04 09 00

000:STREAM                     1281865992.578134
 01 00 05 08 00

000:STREAM                     1281865992.586153
 01 00 05 07 00

000:STREAM                     1281865992.590134
 01 00 07 06 00

000:STREAM                     1281865992.598151
 01 00 06 05 00

000:STREAM                     1281865992.602133
 01 00 08 05 00

000:STREAM                     1281865992.610150
 01 00 06 05 00

000:STREAM                     1281865992.614134
 01 00 08 04 00

000:STREAM                     1281865992.622153
 01 00 05 04 00

000:STREAM                     1281865992.626134
 01 00 08 03 00

000:STREAM                     1281865992.634151
 01 00 06 02 00

000:STREAM                     1281865992.638135
 01 00 08 01 00

000:STREAM                     1281865992.646150
 01 00 08 00 00

000:STREAM                     1281865992.650133
 01 00 07 00 00

000:STREAM                     1281865992.658151
 01 00 08 FF 00

000:STREAM                     1281865992.662134
 01 00 06 FF 00

000:STREAM                     1281865992.670150
 01 00 07 FE 00

000:STREAM                     1281865992.674133
 01 00 06 FC 00

000:STREAM                     1281865992.682151
 01 00 07 FC 00

000:STREAM                     1281865992.686134
 01 00 06 FB 00

000:STREAM                     1281865992.694151
 01 00 06 FA 00

000:STREAM                     1281865992.698132
 01 00 05 F9 00

000:STREAM                     1281865992.706150
 01 00 05 F9 00

000:STREAM                     1281865992.710134
 01 00 05 F9 00

000:STREAM                     1281865992.718150
 01 00 04 F8 00

000:STREAM                     1281865992.722133
 01 00 04 F8 00

000:STREAM                     1281865992.729610
 01 00 03 F7 00

000:STREAM                     1281865992.734131
 01 00 03 F7 00

000:STREAM                     1281865992.742155
 01 00 01 F8 00

000:STREAM                     1281865992.746160
 01 00 01 F7 00

000:STREAM                     1281865992.754148
 01 00 00 F8 00

000:STREAM                     1281865992.758161
 01 00 FF F7 00

000:STREAM                     1281865992.766148
 01 00 FF F8 00

000:STREAM                     1281865992.770160
 01 00 FF F9 00

000:STREAM                     1281865992.778150
 01 00 FE F9 00

000:STREAM                     1281865992.782151
 01 00 FE FA 00

000:STREAM                     1281865992.790155
 01 00 FE FA 00

000:STREAM                     1281865992.794154
 01 00 FD FB 00

000:STREAM                     1281865992.802159
 01 00 FC FB 00

000:STREAM                     1281865992.806158
 01 00 FC FC 00

000:STREAM                     1281865992.814149
 01 00 FB FD 00

000:STREAM                     1281865992.818154
 01 00 FD FE 00

000:STREAM                     1281865992.826157
 01 00 FB FF 00

000:STREAM                     1281865992.830160
 01 00 FD FF 00

000:STREAM                     1281865992.838160
 01 00 FB 00 00

000:STREAM                     1281865992.842163
 01 00 FD 01 00

000:STREAM                     1281865992.850155
 01 00 FC 02 00

000:STREAM                     1281865992.854157
 01 00 FD 03 00

000:STREAM                     1281865992.862157
 01 00 FB 03 00

000:STREAM                     1281865992.866157
 01 00 FC 03 00

000:STREAM                     1281865992.874156
 01 00 FB 04 00

000:STREAM                     1281865992.878154
 01 00 FC 04 00

000:STREAM                     1281865992.886159
 01 00 FB 04 00

000:STREAM                     1281865992.890164
 01 00 FC 04 00

000:STREAM                     1281865992.898149
 01 00 FC 03 00

000:STREAM                     1281865992.902160
 01 00 FC 04 00

000:STREAM                     1281865992.910158
 01 00 FC 03 00

000:STREAM                     1281865992.914159
 01 00 FD 03 00

000:STREAM                     1281865992.922157
 01 00 FC 03 00

000:STREAM                     1281865992.926159
 01 00 FE 03 00

000:STREAM                     1281865992.934156
 01 00 FE 03 00

000:STREAM                     1281865992.938151
 01 00 FE 03 00

000:STREAM                     1281865992.946153
 01 00 FE 02 00

000:STREAM                     1281865992.950152
 01 00 FF 02 00

000:STREAM                     1281865992.958146
 01 00 FF 02 00

000:STREAM                     1281865992.962157
 01 00 FF 01 00

000:STREAM                     1281865992.970150
 01 00 00 01 00

000:STREAM                     1281865992.974153
 01 00 00 01 00

000:STREAM                     1281865992.982149
 01 00 00 01 00

000:STREAM                     1281865992.986158
 01 00 01 00 00

000:STREAM                     1281865992.994156
 01 00 01 00 00

000:STREAM                     1281865993.006153
 01 00 01 00 00

000:STREAM                     1281865993.022156
 01 00 02 00 00

000:STREAM                     1281865993.030155
 01 00 00 FF 00

000:STREAM                     1281865993.034161
 01 00 00 FF 00

000:STREAM                     1281865993.042158
 01 00 00 FF 00

000:STREAM                     1281865993.046160
 01 00 00 FF 00

000:STREAM                     1281865993.058156
 01 00 00 FF 00

000:STREAM                     1281865993.066154
 01 00 00 FF 00

000:STREAM                     1281865993.078150
 01 00 00 FF 00

000:STREAM                     1281865993.130160
 01 00 FF 01 00

000:STREAM                     1281865993.142159
 01 00 FF 00 00

000:STREAM                     1281865993.150156
 01 00 00 02 00

000:STREAM                     1281865993.174159
 01 01 FF 00 00

000:STREAM                     1281865993.210158
 01 01 FF 03 00

000:STREAM                     1281865993.278159
 01 01 FF 00 00

000:STREAM                     1281865993.294155
 01 01 FF 00 00

000:STREAM                     1281865993.394160
 01 01 FF 00 00

000:STREAM                     1281865993.462158
 01 01 00 03 00

000:STREAM                     1281865993.473584
 01 01 00 01 00

000:STREAM                     1281865993.490155
 01 01 FF 00 00

000:STREAM                     1281865993.550156
 01 00 00 00 00

000:STREAM                     1281865993.562153
 01 00 00 FF 00

000:STREAM                     1281865993.666155
 01 00 FF 00 00

000:STREAM                     1281865993.746156
 01 00 FF 00 00

000:STREAM                     1281865993.822154
 01 00 FF 00 00

000:STREAM                     1281865993.894151
 01 00 FF 00 00

000:STREAM                     1281865993.962161
 01 01 00 00 00

000:STREAM                     1281865994.362153
 01 01 00 03 00

000:STREAM                     1281865994.402153
 01 00 00 00 00

000:STREAM                     1281865994.434149
 01 00 FF 00 00

000:STREAM                     1281865994.446146
 01 00 FF 00 00

000:STREAM                     1281865994.494146
 01 00 FF 00 00

000:STREAM                     1281865994.542149
 01 00 FF 00 00

000:STREAM                     1281865994.794149
 01 01 00 00 00

000:STREAM                     1281865994.898147
 01 01 01 00 00

000:STREAM                     1281865995.106144
 01 00 00 00 00

000:STREAM                     1281865995.126151
 01 00 00 04 00

000:STREAM                     1281865995.190148
 01 00 FF 00 00

000:STREAM                     1281865995.210146
 01 00 FF 00 00

000:STREAM                     1281865995.222145
 01 00 FF 00 00

000:STREAM                     1281865995.246149
 01 00 FF 00 00

000:STREAM                     1281865995.286146
 01 00 FF 00 00

000:STREAM                     1281865995.342147
 01 00 FF 00 00

000:STREAM                     1281865995.366144
 01 00 FF 00 00

000:STREAM                     1281865995.370146
 01 00 01 00 00

000:STREAM                     1281865995.378145
 01 00 FF 00 00

000:STREAM                     1281865995.402146
 01 00 FF 00 00

000:STREAM                     1281865995.526141
 01 00 00 04 00

000:STREAM                     1281865995.534143
 01 00 00 01 00

000:STREAM                     1281865995.538145
 01 00 00 02 00

000:STREAM                     1281865995.550142
 01 00 00 01 00

000:STREAM                     1281865995.582145
 01 00 FF 00 00

000:STREAM                     1281865995.622145
 01 00 FF 00 00

000:STREAM                     1281865995.630143
 01 00 00 02 00

000:STREAM                     1281865995.634147
 01 00 FF 00 00

000:STREAM                     1281865995.658147
 01 01 00 00 00

000:STREAM                     1281865995.726134
 01 01 01 00 00

000:STREAM                     1281865995.786151
 01 01 00 02 00

000:STREAM                     1281865995.926144
 01 01 02 00 00

000:STREAM                     1281865995.962136
 01 01 00 02 00

000:STREAM                     1281865995.986148
 01 01 03 00 00

000:STREAM                     1281865996.006145
 01 01 00 01 00

000:STREAM                     1281865996.734132
 01 01 00 02 00

000:STREAM                     1281865996.766141
 01 01 00 03 00

000:STREAM                     1281865996.790139
 01 01 00 03 00

000:STREAM                     1281865996.802137
 01 01 00 02 00

000:STREAM                     1281865996.858138
 01 00 00 00 00

000:STREAM                     1281865996.894140
 01 00 00 FF 00

000:STREAM                     1281865997.166140
 01 00 00 03 00

000:STREAM                     1281865997.190139
 01 00 FE 00 00

000:STREAM                     1281865997.218138
 01 00 00 04 00

000:STREAM                     1281865997.242136
 01 00 FE 00 00

000:STREAM                     1281865997.350137
 01 00 FE 00 00

000:STREAM                     1281865997.362137
 01 00 FF 00 00

000:STREAM                     1281865997.374141
 01 00 FF 00 00

000:STREAM                     1281865997.386132
 01 00 00 FD 00

000:STREAM                     1281865997.442132
 01 00 01 FD 00

000:STREAM                     1281865997.470136
 01 00 00 FD 00

000:STREAM                     1281865997.478134
 01 00 00 FF 00

000:STREAM                     1281865997.482138
 01 00 00 FF 00

000:STREAM                     1281865997.490137
 01 00 00 FF 00

000:STREAM                     1281865997.502135
 01 00 02 FF 00

000:STREAM                     1281865997.514133
 01 00 00 FF 00

000:STREAM                     1281865997.526133
 01 00 03 FF 00

000:STREAM                     1281865997.538132
 01 00 00 FF 00

000:STREAM                     1281865997.554135
 01 00 00 FF 00

000:STREAM                     1281865997.562134
 01 00 03 00 00

000:STREAM                     1281865997.574131
 01 00 01 00 00

000:STREAM                     1281865997.602136
 01 00 00 01 00

000:STREAM                     1281865997.614133
 01 00 FF 00 00

000:STREAM                     1281865997.650135
 01 00 00 02 00

000:STREAM                     1281865997.710131
 01 00 00 03 00

000:STREAM                     1281865997.734126
 01 00 00 03 00

000:STREAM                     1281865997.746133
 01 00 00 02 00

000:STREAM                     1281865997.778134
 01 00 00 02 00

000:STREAM                     1281865997.790133
 01 00 00 02 00

000:STREAM                     1281865997.798133
 01 00 00 01 00

000:STREAM                     1281865997.802131
 01 00 00 02 00

000:STREAM                     1281865997.810132
 01 00 00 01 00

000:STREAM                     1281865997.814136
 01 00 00 01 00

000:STREAM                     1281865997.834136
 01 00 03 FF 00

000:STREAM                     1281865997.838127
 01 00 00 FF 00

000:STREAM                     1281865997.846133
 01 00 00 FF 00

000:STREAM                     1281865997.850138
 01 00 00 FF 00

000:STREAM                     1281865997.858134
 01 00 00 FE 00

000:STREAM                     1281865997.862138
 01 00 04 FE 00

000:STREAM                     1281865997.870133
 01 00 00 FE 00

000:STREAM                     1281865997.874135
 01 00 04 FF 00

000:STREAM                     1281865997.882133
 01 00 01 FE 00

000:STREAM                     1281865997.886137
 01 00 03 FF 00

000:STREAM                     1281865997.894132
 01 00 01 FF 00

000:STREAM                     1281865997.898135
 01 00 01 FE 00

000:STREAM                     1281865997.906125
 01 00 01 FF 00

000:STREAM                     1281865997.910136
 01 00 00 FE 00

000:STREAM                     1281865997.918133
 01 00 00 FE 00

000:STREAM                     1281865997.922137
 01 00 00 FE 00

000:STREAM                     1281865997.930133
 01 00 00 FE 00

000:STREAM                     1281865997.934137
 01 00 00 FD 00

000:STREAM                     1281865997.942125
 01 00 01 FE 00

000:STREAM                     1281865997.946137
 01 00 01 FC 00

000:STREAM                     1281865997.954129
 01 00 02 FD 00

000:STREAM                     1281865997.958136
 01 00 01 FD 00

000:STREAM                     1281865997.966126
 01 00 03 FD 00

000:STREAM                     1281865997.970142
 01 00 01 FD 00

000:STREAM                     1281865997.978133
 01 00 03 FD 00

000:STREAM                     1281865997.982137
 01 00 01 FD 00

000:STREAM                     1281865997.990134
 01 00 03 FE 00

000:STREAM                     1281865997.994136
 01 00 00 FD 00

000:STREAM                     1281865998.002133
 01 00 01 FE 00

000:STREAM                     1281865998.006138
 01 00 00 FE 00

000:STREAM                     1281865998.014132
 01 00 00 FF 00

000:STREAM                     1281865998.018136
 01 00 00 FF 00

000:STREAM                     1281865998.026131
 01 00 FF 00 00

000:STREAM                     1281865998.050137
 01 00 00 01 00

000:STREAM                     1281865998.054124
 01 00 00 01 00

000:STREAM                     1281865998.062127
 01 00 FE 02 00

000:STREAM                     1281865998.066123
 01 00 00 02 00

000:STREAM                     1281865998.074126
 01 00 00 02 00

000:STREAM                     1281865998.078120
 01 00 00 03 00

000:STREAM                     1281865998.086131
 01 00 00 03 00

000:STREAM                     1281865998.090128
 01 00 00 02 00

000:STREAM                     1281865998.098130
 01 00 00 03 00

000:STREAM                     1281865998.102121
 01 00 00 02 00

000:STREAM                     1281865998.110126
 01 00 00 03 00

000:STREAM                     1281865998.114121
 01 00 00 01 00

000:STREAM                     1281865998.122133
 01 00 00 02 00

000:STREAM                     1281865998.126124
 01 00 00 01 00

000:STREAM                     1281865998.134124
 01 00 00 01 00

000:STREAM                     1281865998.138123
 01 00 00 02 00

000:STREAM                     1281865998.146123
 01 00 00 01 00

000:STREAM                     1281865998.150121
 01 00 03 01 00

000:STREAM                     1281865998.158123
 01 00 00 01 00

000:STREAM                     1281865998.170121
 01 00 00 01 00

000:STREAM                     1281865998.182124
 01 00 00 02 00

000:STREAM                     1281865998.198131
 01 00 00 02 00

000:STREAM                     1281865998.206130
 01 00 00 01 00

000:STREAM                     1281865998.210139
 01 00 00 01 00

000:STREAM                     1281865998.218130
 01 00 00 02 00

000:STREAM                     1281865998.222134
 01 00 00 02 00

000:STREAM                     1281865998.230132
 01 00 00 01 00

000:STREAM                     1281865998.234136
 01 00 00 02 00

000:STREAM                     1281865998.242125
 01 00 00 01 00

000:STREAM                     1281865998.246133
 01 00 00 01 00

000:STREAM                     1281865998.254132
 01 00 00 01 00

000:STREAM                     1281865998.258137
 01 00 00 01 00

000:STREAM                     1281865998.266131
 01 00 00 01 00

000:STREAM                     1281865998.278128
 01 00 00 01 00

000:STREAM                     1281865998.282135
 01 00 FE 00 00

000:STREAM                     1281865998.302134
 01 00 00 02 00

000:STREAM                     1281865998.326134
 01 00 00 02 00

000:STREAM                     1281865998.330138
 01 00 00 01 00

000:STREAM                     1281865998.338127
 01 00 FD 01 00

000:STREAM                     1281865998.342131
 01 00 00 01 00

000:STREAM                     1281865998.350132
 01 00 00 01 00

000:STREAM                     1281865998.354138
 01 00 FD 01 00

000:STREAM                     1281865998.362131
 01 00 FF 00 00

000:STREAM                     1281865998.366135
 01 00 FE 01 00

000:STREAM                     1281865998.374125
 01 00 FF 00 00

000:STREAM                     1281865998.378137
 01 00 FF 02 00

000:STREAM                     1281865998.386130
 01 00 FE 00 00

000:STREAM                     1281865998.390135
 01 00 FF 02 00

000:STREAM                     1281865998.398128
 01 00 FE 00 00

000:STREAM                     1281865998.402134
 01 00 FF 01 00

000:STREAM                     1281865998.410130
 01 00 FF 02 00

000:STREAM                     1281865998.414123
 01 00 FF 00 00

000:STREAM                     1281865998.422123
 01 00 FF 03 00

000:STREAM                     1281865998.426137
 01 00 FF 01 00

000:STREAM                     1281865998.433638
 01 00 00 02 00

000:STREAM                     1281865998.438128
 01 00 FF 00 00

000:STREAM                     1281865998.446122
 01 00 00 02 00

000:STREAM                     1281865998.450133
 01 00 FF 00 00

000:STREAM                     1281865998.458130
 01 00 00 02 00

000:STREAM                     1281865998.462132
 01 00 FF 00 00

000:STREAM                     1281865998.470122
 01 00 00 02 00

000:STREAM                     1281865998.494135
 01 00 00 FF 00

000:STREAM                     1281865998.510128
 01 00 01 00 00

000:STREAM                     1281865998.518131
 01 00 00 FF 00

000:STREAM                     1281865998.522133
 01 00 03 00 00

000:STREAM                     1281865998.530131
 01 00 00 FF 00

000:STREAM                     1281865998.534135
 01 00 03 00 00

000:STREAM                     1281865998.546129
 01 00 03 00 00

000:STREAM                     1281865998.554130
 01 00 01 00 00

000:STREAM                     1281865998.558129
 01 00 01 00 00

000:STREAM                     1281865998.566122
 01 00 01 01 00

000:STREAM                     1281865998.574130
 01 00 01 00 00

000:STREAM                     1281865998.582129
 01 00 02 00 00

000:STREAM                     1281865998.586137
 01 00 02 00 00

000:STREAM                     1281865998.742133
 01 00 02 00 00

000:STREAM                     1281865998.746135
 01 00 01 00 00

000:STREAM                     1281865998.754129
 01 00 FF 00 00

000:STREAM                     1281865998.758132
 01 00 00 FF 00

000:STREAM                     1281865998.762124
 01 00 00 FF 00

000:STREAM                     1281865998.770126
 01 00 00 FF 00

000:STREAM                     1281865998.774118
 01 00 00 FE 00

000:STREAM                     1281865998.782121
 01 00 00 FE 00

000:STREAM                     1281865998.786120
 01 00 00 FE 00

000:STREAM                     1281865998.794121
 01 00 00 FE 00

000:STREAM                     1281865998.798122
 01 00 00 FE 00

000:STREAM                     1281865998.806123
 01 00 00 FE 00

000:STREAM                     1281865998.810117
 01 00 00 FE 00

000:STREAM                     1281865998.814124
 01 00 00 FE 00

000:STREAM                     1281865998.818122
 01 00 00 FF 00

000:STREAM                     1281865998.822131
 01 00 00 FF 00

000:STREAM                     1281865998.830121
 01 00 00 FF 00

000:STREAM                     1281865998.834119
 01 00 00 01 00

000:STREAM                     1281865998.858132
 01 00 00 02 00

000:STREAM                     1281865998.866126
 01 00 00 03 00

000:STREAM                     1281865998.878128
 01 00 00 03 00

000:STREAM                     1281865998.882132
 01 00 00 02 00

000:STREAM                     1281865998.886128
 01 00 00 03 00

000:STREAM                     1281865998.890124
 01 00 FE 01 00

000:STREAM                     1281865998.894124
 01 00 00 02 00

000:STREAM                     1281865998.898122
 01 00 FE 02 00

000:STREAM                     1281865998.902122
 01 00 FF 00 00

000:STREAM                     1281865998.910121
 01 00 FE 03 00

000:STREAM                     1281865998.914131
 01 00 FF 02 00

000:STREAM                     1281865998.918123
 01 00 FF 00 00

000:STREAM                     1281865998.922128
 01 00 FF 03 00

000:STREAM                     1281865998.926119
 01 00 FF 03 00

000:STREAM                     1281865999.534126
 01 00 FF 03 00

000:STREAM                     1281865999.538111
 01 00 FF 00 00

000:STREAM                     1281865999.546123
 01 00 00 FF 00

000:STREAM                     1281865999.550127
 01 00 00 FF 00

000:STREAM                     1281865999.558124
 01 00 00 FF 00

000:STREAM                     1281865999.562128
 01 00 FF 00 00

000:STREAM                     1281865999.570125
 01 00 00 FF 00

000:STREAM                     1281865999.574128
 01 00 00 FF 00

000:STREAM                     1281865999.582124
 01 00 00 FF 00

000:STREAM                     1281865999.586128
 01 00 00 FF 00

000:STREAM                     1281865999.594126
 01 00 00 FF 00

000:STREAM                     1281865999.598126
 01 00 00 FF 00

000:STREAM                     1281865999.606125
 01 00 FF FF 00

000:STREAM                     1281865999.610128
 01 00 00 FF 00

000:STREAM                     1281865999.618125
 01 00 00 FE 00

000:STREAM                     1281865999.626125
 01 00 00 FF 00

000:STREAM                     1281865999.630128
 01 00 00 FE 00

000:STREAM                     1281865999.638124
 01 00 00 FF 00

000:STREAM                     1281865999.642116
 01 00 00 FE 00

000:STREAM                     1281865999.650116
 01 00 00 FF 00

000:STREAM                     1281865999.654117
 01 00 00 FF 00

000:STREAM                     1281865999.662115
 01 00 00 FE 00

000:STREAM                     1281865999.666119
 01 00 01 FF 00

000:STREAM                     1281865999.673635
 01 00 00 FF 00

000:STREAM                     1281865999.678124
 01 00 00 FF 00

000:STREAM                     1281865999.686123
 01 00 02 FF 00

000:STREAM                     1281865999.710115
 01 00 03 00 00

000:STREAM                     1281865999.746133
 01 00 00 FF 00

000:STREAM                     1281865999.750126
 01 00 00 FF 00

000:STREAM                     1281865999.758125
 01 00 00 FE 00

000:STREAM                     1281865999.762128
 01 00 00 FF 00

000:STREAM                     1281865999.770116
 01 00 00 FE 00

000:STREAM                     1281865999.774116
 01 00 00 FE 00

000:STREAM                     1281865999.782115
 01 00 00 FD 00

000:STREAM                     1281865999.786116
 01 00 00 FE 00

000:STREAM                     1281865999.794119
 01 00 00 FE 00

000:STREAM                     1281865999.798118
 01 00 03 FD 00

000:STREAM                     1281865999.806117
 01 00 00 FE 00

000:STREAM                     1281865999.810121
 01 00 02 FE 00

000:STREAM                     1281865999.818116
 01 00 00 FE 00

000:STREAM                     1281865999.822123
 01 00 00 FE 00

000:STREAM                     1281865999.830115
 01 00 02 FF 00

000:STREAM                     1281865999.834107
 01 00 00 FF 00

000:STREAM                     1281865999.842116
 01 00 00 FF 00

000:STREAM                     1281865999.846121
 01 00 02 FF 00

000:STREAM                     1281865999.858124
 01 00 01 00 00

000:STREAM                     1281865999.902125
 01 00 00 FF 00

000:STREAM                     1281866000.014123
 01 00 00 01 00

000:STREAM                     1281866000.022129
 01 00 00 01 00

000:STREAM                     1281866000.026116
 01 00 FF 00 00

000:STREAM                     1281866000.034120
 01 00 00 01 00

000:STREAM                     1281866000.058124
 01 00 00 02 00

000:STREAM                     1281866000.106124
 01 00 00 FF 00

000:STREAM                     1281866000.170132
 01 00 00 FF 00

000:STREAM                     1281866000.286128
 01 00 FE 00 00

000:STREAM                     1281866000.290121
 01 00 00 FF 00

000:STREAM                     1281866000.298116
 01 00 FE 00 00

000:STREAM                     1281866000.302113
 01 00 FF FF 00

000:STREAM                     1281866000.310114
 01 00 FF 00 00

000:STREAM                     1281866000.314103
 01 00 FF 00 00

000:STREAM                     1281866000.322125
 01 00 FF FF 00

000:STREAM                     1281866000.326114
 01 00 FF 00 00

000:STREAM                     1281866000.334115
 01 00 FF 00 00

000:STREAM                     1281866000.338114
 01 00 FF 00 00

000:STREAM                     1281866000.346115
 01 00 FF FF 00

000:STREAM                     1281866000.350112
 01 00 FF 00 00

000:STREAM                     1281866000.358115
 01 00 00 FF 00

000:STREAM                     1281866000.362116
 01 00 FF 00 00

000:STREAM                     1281866000.370120
 01 00 FF FF 00

000:STREAM                     1281866000.374125
 01 00 FF 00 00

000:STREAM                     1281866000.386122
 01 00 FF 00 00

000:STREAM                     1281866000.406125
 01 00 FF 00 00

000:STREAM                     1281866000.417639
 01 00 FF 00 00

000:STREAM                     1281866000.430127
 01 00 00 FF 00

000:STREAM                     1281866000.434121
 01 00 FF 00 00

000:STREAM                     1281866000.442121
 01 00 00 FF 00

000:STREAM                     1281866000.446115
 01 00 00 FF 00

000:STREAM                     1281866000.490128
 01 00 00 FF 00

000:STREAM                     1281866000.502125
 01 00 00 FF 00

000:STREAM                     1281866000.530127
 01 02 FF FF 00

000:STREAM                     1281866000.546130
 01 02 FF 00 00

000:STREAM                     1281866000.594127
 01 02 01 00 00

000:STREAM                     1281866000.626120
 01 02 02 00 00

000:STREAM                     1281866000.642120
 01 00 00 00 00

000:STREAM                     1281866000.694122
 01 00 01 00 00

000:STREAM                     1281866000.730124
 01 00 02 00 00

000:STREAM                     1281866000.750123
 01 00 02 00 00

000:STREAM                     1281866000.810126
 01 00 FF 00 00

000:STREAM                     1281866000.822118
 01 00 FF 00 00

000:STREAM                     1281866000.838124
 01 00 FF 00 00

000:STREAM                     1281866000.846122
 01 00 FF 00 00

000:STREAM                     1281866000.850109
 01 00 FF 00 00

000:STREAM                     1281866000.858118
 01 00 FF 00 00

000:STREAM                     1281866000.862117
 01 00 FF 00 00

000:STREAM                     1281866000.870111
 01 00 FF 00 00

000:STREAM                     1281866000.874124
 01 00 FF 00 00

000:STREAM                     1281866000.914124
 01 00 FF 00 00

000:STREAM                     1281866000.926117
 01 00 FF 00 00

000:STREAM                     1281866000.950118
 01 02 FF FF 00

000:STREAM                     1281866001.006124
 01 02 01 00 00

000:STREAM                     1281866001.017122
 01 00 00 00 00

000:STREAM                     1281866001.074123
 01 00 03 00 00

000:STREAM                     1281866001.218119
 01 00 FE 00 00

000:STREAM                     1281866001.290119
 01 02 FF 00 00

000:STREAM                     1281866001.302112
 01 02 FF 00 00

000:STREAM                     1281866001.354121
 01 02 01 00 00

000:STREAM                     1281866001.358112
 01 00 01 00 00

000:STREAM                     1281866001.370117
 01 00 01 00 00

000:STREAM                     1281866001.382117
 01 00 01 00 00

000:STREAM                     1281866001.406120
 01 00 01 00 00

000:STREAM                     1281866001.409642
 01 00 02 00 00

000:STREAM                     1281866001.422120
 01 00 01 00 00

000:STREAM                     1281866001.470119
 01 00 00 FF 00

000:STREAM                     1281866001.490114
 01 00 00 FF 00

000:STREAM                     1281866001.502116
 01 00 02 FF 00

000:STREAM                     1281866001.806115
 01 00 00 01 00

000:STREAM                     1281866001.866115
 01 04 00 00 00

000:STREAM                     1281866001.918111
 01 04 FF 00 00

000:STREAM                     1281866002.010116
 01 04 02 00 00

000:STREAM                     1281866002.034113
 01 00 00 00 00

000:STREAM                     1281866002.134116
 01 00 00 02 00

000:STREAM                     1281866002.242116
 01 04 00 00 00

000:STREAM                     1281866002.378110
 01 04 02 00 00

000:STREAM                     1281866002.406108
 01 00 00 00 00

000:STREAM                     1281866002.602124
 01 04 00 00 00

000:STREAM                     1281866002.610118
 01 04 FF 00 00

000:STREAM                     1281866002.718103
 01 00 00 00 00

000:STREAM                     1281866002.806112
 01 00 FF 00 00

000:STREAM                     1281866002.854109
 01 00 FF 00 00

000:STREAM                     1281866002.898105
 01 00 FF 00 00

000:STREAM                     1281866002.910106
 01 00 FF 00 00

000:STREAM                     1281866002.934109
 01 00 FF 00 00

000:STREAM                     1281866002.982110
 01 00 FF FE 00

000:STREAM                     1281866002.994110
 01 00 FF 00 00

000:STREAM                     1281866002.998106
 01 00 FF 00 00

000:STREAM                     1281866003.006101
 01 00 FF 00 00

000:STREAM                     1281866003.010100
 01 00 FF 00 00

000:STREAM                     1281866003.018102
 01 00 FF 00 00

000:STREAM                     1281866003.022098
 01 00 FF 00 00

000:STREAM                     1281866003.030108
 01 00 FF 00 00

000:STREAM                     1281866003.034103
 01 00 FF 00 00

000:STREAM                     1281866003.042100
 01 00 FF 00 00

000:STREAM                     1281866003.046099
 01 00 FF 00 00

000:STREAM                     1281866003.054102
 01 00 FF FD 00

000:STREAM                     1281866003.058101
 01 00 FF 00 00

000:STREAM                     1281866003.066103
 01 00 FF 00 00

000:STREAM                     1281866003.070099
 01 00 FF 00 00

000:STREAM                     1281866003.078107
 01 00 00 FD 00

000:STREAM                     1281866003.082109
 01 00 00 FF 00

000:STREAM                     1281866003.090106
 01 00 FF FF 00

000:STREAM                     1281866003.098107
 01 00 00 FF 00

000:STREAM                     1281866003.102097
 01 00 00 FF 00

000:STREAM                     1281866003.110109
 01 00 00 FF 00

000:STREAM                     1281866003.114097
 01 00 00 FF 00

000:STREAM                     1281866003.134112
 01 00 00 FF 00

000:STREAM                     1281866003.162111
 01 00 FF 00 00

000:STREAM                     1281866003.174109
 01 00 FF 00 00

000:STREAM                     1281866003.186108
 01 00 FF 00 00

000:STREAM                     1281866003.198112
 01 00 FF 00 00

000:STREAM                     1281866003.206108
 01 00 00 01 00

000:STREAM                     1281866003.210106
 01 00 FF 00 00

000:STREAM                     1281866003.222107
 01 00 FF 00 00

000:STREAM                     1281866003.234106
 01 00 FF 02 00

000:STREAM                     1281866003.246107
 01 00 FF 00 00

000:STREAM                     1281866003.350109
 01 01 01 00 00

000:STREAM                     1281866003.470108
 01 01 00 FE 00

000:STREAM                     1281866003.526112
 01 01 02 00 00

000:STREAM                     1281866003.550111
 01 01 00 FD 00

000:STREAM                     1281866003.582112
 01 01 00 FD 00

000:STREAM                     1281866003.590105
 01 01 00 FF 00

000:STREAM                     1281866003.594096
 01 01 00 FF 00

000:STREAM                     1281866003.602106
 01 01 00 FF 00

000:STREAM                     1281866003.606098
 01 01 00 FF 00

000:STREAM                     1281866003.618106
 01 01 00 FF 00

000:STREAM                     1281866003.694104
 01 01 00 FF 00

000:STREAM                     1281866003.718104
 01 01 00 FF 00

000:STREAM                     1281866003.766106
 01 01 00 FF 00

000:STREAM                     1281866003.818103
 01 01 00 FF 00

000:STREAM                     1281866003.822095
 01 00 00 FF 00

000:STREAM                     1281866003.830102
 01 00 00 FF 00

000:STREAM                     1281866003.842103
 01 00 00 FF 00

000:STREAM                     1281866003.850097
 01 01 00 FF 00

000:STREAM                     1281866003.982106
 01 01 00 01 00

000:STREAM                     1281866004.018104
 01 01 00 02 00

000:STREAM                     1281866004.038106
 01 00 00 00 00

000:STREAM                     1281866004.070104
 01 01 00 00 00

000:STREAM                     1281866004.194102
 01 01 03 00 00

000:STREAM                     1281866004.346105
 01 00 01 00 00

000:STREAM                     1281866004.362101
 01 00 02 00 00

000:STREAM                     1281866004.430102
 01 00 00 03 00

000:STREAM                     1281866004.454102
 01 00 00 03 00

000:STREAM                     1281866004.466100
 01 00 00 03 00

000:STREAM                     1281866004.478100
 01 00 00 02 00

000:STREAM                     1281866004.502103
 01 00 FF 02 00

000:STREAM                     1281866004.514101
 01 00 00 01 00

000:STREAM                     1281866004.530101
 01 00 FF 00 00

000:STREAM                     1281866004.542100
 01 00 00 02 00

000:STREAM                     1281866004.590102
 01 00 FF 00 00

000:STREAM                     1281866004.638098
 01 00 00 FF 00

000:STREAM                     1281866004.650102
 01 00 FF 00 00

000:STREAM                     1281866004.662098
 01 00 FF FF 00

000:STREAM                     1281866004.694101
 01 00 FF 00 00

000:STREAM                     1281866004.742101
 01 00 FF FF 00

000:STREAM                     1281866004.754097
 01 00 FF FF 00

000:STREAM                     1281866004.758090
 01 00 00 FF 00

000:STREAM                     1281866004.766100
 01 00 00 FF 00

000:STREAM                     1281866004.770098
 01 00 FF 00 00

000:STREAM                     1281866004.778091
 01 00 00 FF 00

000:STREAM                     1281866004.782092
 01 00 00 FF 00

000:STREAM                     1281866004.794100
 01 00 00 FF 00

000:STREAM                     1281866004.842102
 01 00 FF 00 00

000:STREAM                     1281866004.862102
 01 00 FF 00 00

000:STREAM                     1281866004.978105
 01 00 01 00 00

000:STREAM                     1281866005.002103
 01 01 00 00 00

000:STREAM                     1281866005.030097
 01 01 02 00 00

000:STREAM                     1281866005.078101
 01 01 03 00 00

000:STREAM                     1281866005.122103
 01 01 03 00 00

000:STREAM                     1281866005.134089
 01 01 02 00 00

000:STREAM                     1281866005.190099
 01 01 02 00 00

000:STREAM                     1281866005.194092
 01 01 00 02 00

000:STREAM                     1281866005.226098
 01 01 02 00 00

000:STREAM                     1281866005.286101
 01 01 01 00 00

000:STREAM                     1281866005.458097
 01 00 00 00 00

000:STREAM                     1281866005.486097
 01 01 00 00 00

000:STREAM                     1281866005.494095
 01 01 FF 00 00

000:STREAM                     1281866005.514097
 01 01 FF 00 00

000:STREAM                     1281866005.534094
 01 01 FF 00 00

000:STREAM                     1281866005.650095
 01 01 FF 00 00

000:STREAM                     1281866005.722094
 01 01 01 00 00

000:STREAM                     1281866005.926091
 01 01 02 00 00

000:STREAM                     1281866005.978097
 01 00 00 00 00

000:STREAM                     1281866006.010095
 01 00 00 03 00

000:STREAM                     1281866006.026095
 01 00 00 03 00

000:STREAM                     1281866006.038092
 01 00 00 03 00

000:STREAM                     1281866006.050090
 01 00 00 02 00

000:STREAM                     1281866006.070092
 01 00 FE 00 00

000:STREAM                     1281866006.086098
 01 00 FC 00 00

000:STREAM                     1281866006.098093
 01 00 FD FF 00

000:STREAM                     1281866006.106086
 01 00 FE FF 00

000:STREAM                     1281866006.110084
 01 00 FE FF 00

000:STREAM                     1281866006.118087
 01 00 FF FF 00

000:STREAM                     1281866006.121595
 01 00 00 FF 00

000:STREAM                     1281866006.130094
 01 00 00 FE 00

000:STREAM                     1281866006.134088
 01 00 01 FE 00

000:STREAM                     1281866006.142092
 01 00 00 FE 00

000:STREAM                     1281866006.146094
 01 00 00 FE 00

000:STREAM                     1281866006.154087
 01 00 02 FD 00

000:STREAM                     1281866006.158095
 01 00 00 FD 00

000:STREAM                     1281866006.166086
 01 00 00 FD 00

000:STREAM                     1281866006.170085
 01 00 03 FD 00

000:STREAM                     1281866006.178086
 01 00 00 FD 00

000:STREAM                     1281866006.182090
 01 00 03 FD 00

000:STREAM                     1281866006.190092
 01 00 00 FD 00

000:STREAM                     1281866006.194090
 01 00 02 FE 00

000:STREAM                     1281866006.202087
 01 00 02 FD 00

000:STREAM                     1281866006.206083
 01 00 00 FF 00

000:STREAM                     1281866006.214086
 01 00 03 FF 00

000:STREAM                     1281866006.218083
 01 00 01 00 00

000:STREAM                     1281866006.226085
 01 00 03 00 00

000:STREAM                     1281866006.230083
 01 00 01 02 00

000:STREAM                     1281866006.238086
 01 00 02 01 00

000:STREAM                     1281866006.242085
 01 00 02 03 00

000:STREAM                     1281866006.250083
 01 00 00 04 00

000:STREAM                     1281866006.254084
 01 00 00 04 00

000:STREAM                     1281866006.262083
 01 00 00 04 00

000:STREAM                     1281866006.266082
 01 00 FF 05 00

000:STREAM                     1281866006.274086
 01 00 FF 04 00

000:STREAM                     1281866006.278085
 01 00 FE 04 00

000:STREAM                     1281866006.286085
 01 00 FE 04 00

000:STREAM                     1281866006.290083
 01 00 FE 04 00

000:STREAM                     1281866006.298091
 01 00 FE 03 00

000:STREAM                     1281866006.302088
 01 00 FE 03 00

000:STREAM                     1281866006.310085
 01 00 FD 02 00

000:STREAM                     1281866006.314093
 01 00 FD 02 00

000:STREAM                     1281866006.322085
 01 00 FE 00 00

000:STREAM                     1281866006.326083
 01 00 FD 00 00

000:STREAM                     1281866006.334084
 01 00 FD FF 00

000:STREAM                     1281866006.342093
 01 00 FE FF 00

000:STREAM                     1281866006.346083
 01 00 FD FD 00

000:STREAM                     1281866006.354096
 01 00 FE FD 00

000:STREAM                     1281866006.358086
 01 00 FE FD 00

000:STREAM                     1281866006.366091
 01 00 FE FC 00

000:STREAM                     1281866006.369608
 01 00 FF FC 00

000:STREAM                     1281866006.378090
 01 00 FF FB 00

000:STREAM                     1281866006.382082
 01 00 00 FD 00

000:STREAM                     1281866006.390096
 01 00 00 FB 00

000:STREAM                     1281866006.394082
 01 00 02 FC 00

000:STREAM                     1281866006.402096
 01 00 01 FC 00

000:STREAM                     1281866006.406085
 01 00 03 FC 00

000:STREAM                     1281866006.414092
 01 00 03 FC 00

000:STREAM                     1281866006.418102
 01 00 03 FD 00

000:STREAM                     1281866006.426091
 01 00 04 FC 00

000:STREAM                     1281866006.430083
 01 00 04 FE 00

000:STREAM                     1281866006.438091
 01 00 05 FD 00

000:STREAM                     1281866006.442100
 01 00 05 FE 00

000:STREAM                     1281866006.450083
 01 00 05 FE 00

000:STREAM                     1281866006.454089
 01 00 04 FF 00

000:STREAM                     1281866006.462082
 01 00 05 00 00

000:STREAM                     1281866006.466084
 01 00 04 00 00

000:STREAM                     1281866006.474084
 01 00 04 03 00

000:STREAM                     1281866006.478089
 01 00 03 02 00

000:STREAM                     1281866006.486082
 01 00 04 03 00

000:STREAM                     1281866006.490089
 01 00 03 04 00

000:STREAM                     1281866006.498084
 01 00 02 04 00

000:STREAM                     1281866006.502089
 01 00 02 05 00

000:STREAM                     1281866006.510083
 01 00 01 06 00

000:STREAM                     1281866006.514081
 01 00 01 06 00

000:STREAM                     1281866006.522091
 01 00 00 05 00

000:STREAM                     1281866006.526089
 01 00 00 05 00

000:STREAM                     1281866006.534085
 01 00 FF 05 00

000:STREAM                     1281866006.538082
 01 00 FF 04 00

000:STREAM                     1281866006.546092
 01 00 FF 04 00

000:STREAM                     1281866006.550087
 01 00 FE 03 00

000:STREAM                     1281866006.558084
 01 00 FE 02 00

000:STREAM                     1281866006.562104
 01 00 FE 02 00

000:STREAM                     1281866006.570092
 01 00 FE 00 00

000:STREAM                     1281866006.574103
 01 00 FD 01 00

000:STREAM                     1281866006.582092
 01 00 FD 00 00

000:STREAM                     1281866006.586074
 01 00 FC 00 00

000:STREAM                     1281866006.594082
 01 00 FD FF 00

000:STREAM                     1281866006.598086
 01 00 FE 00 00

000:STREAM                     1281866006.606083
 01 00 FE 00 00

000:STREAM                     1281866006.610091
 01 00 FF 00 00

000:STREAM                     1281866006.617658
 01 00 FE 00 00

000:STREAM                     1281866006.622089
 01 00 FF 03 00

000:STREAM                     1281866006.626085
 01 00 FF 00 00

000:STREAM                     1281866006.634087
 01 00 FF 05 00

000:STREAM                     1281866006.638092
 01 00 FF 05 00

