003:002:002:STREAM             1417587667.983174
 03 01 06 00 00 00 00 00

003:002:002:STREAM             1417587668.311162
 03 00 00 00 00 00 00 00

003:002:002:STREAM             1417587669.567172
 03 01 1B 00 00 00 00 00

003:002:002:STREAM             1417587669.751168
 03 00 00 00 00 00 00 00

003:002:002:STREAM             1417587670.711167
 03 01 19 00 00 00 00 00

003:002:002:STREAM             1417587670.951168
 03 00 00 00 00 00 00 00

003:002:002:STREAM             1417587671.991172
 03 01 0A 00 00 00 00 00

003:002:002:STREAM             1417587672.231171
 03 00 00 00 00 00 00 00

003:002:002:STREAM             1417587673.135168
 03 02 57 00 00 00 00 00

003:002:002:STREAM             1417587673.327157
 03 00 00 00 00 00 00 00

003:002:002:STREAM             1417587674.351163
 03 02 56 00 00 00 00 00

003:002:002:STREAM             1417587674.543165
 03 00 00 00 00 00 00 00

003:002:002:STREAM             1417587675.399167
 03 01 16 00 00 00 00 00

003:002:002:STREAM             1417587675.703167
 03 00 00 00 00 00 00 00

003:002:002:STREAM             1417587676.719167
 03 04 3D 00 00 00 00 00

003:002:002:STREAM             1417587676.903169
 03 00 00 00 00 00 00 00

