003:002:000:STREAM             1417580499.943909
 09 00 F0 03 4D 04 00 00

003:002:000:STREAM             1417580499.951882
 09 00 F0 03 47 04 00 00

003:002:000:STREAM             1417580499.957899
 09 00 F3 03 47 04 00 00

003:002:000:STREAM             1417580499.961882
 09 00 F3 03 41 04 00 00

003:002:000:STREAM             1417580499.967882
 09 00 F3 03 3B 04 00 00

003:002:000:STREAM             1417580499.973894
 09 00 F7 03 36 04 00 00

003:002:000:STREAM             1417580499.981880
 09 00 F7 03 2F 04 00 00

003:002:000:STREAM             1417580499.985882
 09 00 FB 03 2F 04 00 00

003:002:000:STREAM             1417580499.987882
 09 00 FB 03 29 04 00 00

003:002:000:STREAM             1417580499.995881
 09 00 FF 03 23 04 00 00

003:002:000:STREAM             1417580500.001883
 09 00 02 04 1D 04 00 00

003:002:000:STREAM             1417580500.011901
 09 00 06 04 17 04 00 00

003:002:000:STREAM             1417580500.023885
 09 00 06 04 11 04 00 00

003:002:000:STREAM             1417580500.025882
 09 00 0A 04 11 04 00 00

003:002:000:STREAM             1417580500.037895
 09 00 0D 04 0C 04 00 00

003:002:000:STREAM             1417580500.039882
 09 00 0F 04 09 04 00 00

003:002:000:STREAM             1417580500.047881
 09 00 11 04 09 04 00 00

003:002:000:STREAM             1417580500.055882
 09 00 13 04 06 04 00 00

003:002:000:STREAM             1417580500.061880
 09 00 15 04 06 04 00 00

003:002:000:STREAM             1417580500.065879
 09 00 17 04 03 04 00 00

003:002:000:STREAM             1417580500.069891
 09 00 18 04 01 04 00 00

003:002:000:STREAM             1417580500.073880
 09 00 1A 04 FF 03 00 00

003:002:000:STREAM             1417580500.077880
 09 00 1B 04 FD 03 00 00

003:002:000:STREAM             1417580500.079883
 09 00 1C 04 FC 03 00 00

003:002:000:STREAM             1417580500.083883
 09 00 1D 04 FA 03 00 00

003:002:000:STREAM             1417580500.087880
 09 00 1D 04 F9 03 00 00

003:002:000:STREAM             1417580500.091880
 09 00 1E 04 F7 03 00 00

003:002:000:STREAM             1417580500.099892
 09 00 1F 04 F5 03 00 00

003:002:000:STREAM             1417580500.105882
 09 00 1F 04 F3 03 00 00

003:002:000:STREAM             1417580500.109882
 09 00 1F 04 F2 03 00 00

003:002:000:STREAM             1417580500.113882
 09 00 1F 04 F0 03 00 00

003:002:000:STREAM             1417580500.117881
 09 00 20 04 EF 03 00 00

003:002:000:STREAM             1417580500.121879
 09 00 20 04 EE 03 00 00

003:002:000:STREAM             1417580500.133895
 09 00 1F 04 EE 03 00 00

003:002:000:STREAM             1417580500.139883
 09 00 1E 04 EE 03 00 00

003:002:000:STREAM             1417580500.147881
 09 00 1D 04 EE 03 00 00

003:002:000:STREAM             1417580500.151882
 09 00 1C 04 EF 03 00 00

003:002:000:STREAM             1417580500.155879
 09 00 1C 04 F0 03 00 00

003:002:000:STREAM             1417580500.159891
 09 00 1B 04 F1 03 00 00

003:002:000:STREAM             1417580500.163884
 09 00 1A 04 F3 03 00 00

003:002:000:STREAM             1417580500.167881
 09 00 1A 04 F4 03 00 00

003:002:000:STREAM             1417580500.171882
 09 00 19 04 F5 03 00 00

003:002:000:STREAM             1417580500.175881
 09 00 18 04 F6 03 00 00

003:002:000:STREAM             1417580500.179881
 09 00 18 04 F7 03 00 00

003:002:000:STREAM             1417580500.183881
 09 00 17 04 F8 03 00 00

003:002:000:STREAM             1417580500.187880
 09 00 17 04 F9 03 00 00

003:002:000:STREAM             1417580500.191892
 09 00 16 04 F9 03 00 00

003:002:000:STREAM             1417580500.195880
 09 00 16 04 FA 03 00 00

003:002:000:STREAM             1417580500.199880
 09 00 15 04 FB 03 00 00

003:002:000:STREAM             1417580500.203881
 09 00 15 04 FC 03 00 00

003:002:000:STREAM             1417580500.207881
 09 00 14 04 FC 03 00 00

003:002:000:STREAM             1417580500.211880
 09 00 13 04 FD 03 00 00

003:002:000:STREAM             1417580500.215880
 09 00 13 04 FE 03 00 00

003:002:000:STREAM             1417580500.219881
 09 00 12 04 FE 03 00 00

003:002:000:STREAM             1417580500.221885
 09 00 12 04 FF 03 00 00

003:002:000:STREAM             1417580500.225883
 09 00 11 04 FF 03 00 00

003:002:000:STREAM             1417580500.237885
 09 00 10 04 FF 03 00 00

003:002:000:STREAM             1417580500.241881
 09 00 10 04 00 04 00 00

003:002:000:STREAM             1417580500.249881
 09 00 0F 04 00 04 00 00

003:002:000:STREAM             1417580500.261890
 09 00 0F 04 01 04 00 00

003:002:000:STREAM             1417580500.265881
 09 00 0E 04 01 04 00 00

003:002:000:STREAM             1417580500.273881
 09 00 0E 04 02 04 00 00

003:002:000:STREAM             1417580500.277882
 09 00 0E 04 03 04 00 00

003:002:000:STREAM             1417580500.281883
 09 00 0D 04 03 04 00 00

003:002:000:STREAM             1417580500.285885
 09 00 0D 04 04 04 00 00

003:002:000:STREAM             1417580500.293882
 09 00 0C 04 04 04 00 00

003:002:000:STREAM             1417580500.297881
 09 00 0C 04 05 04 00 00

003:002:000:STREAM             1417580500.305882
 09 00 0B 04 06 04 00 00

003:002:000:STREAM             1417580500.315895
 09 00 0A 04 07 04 00 00

003:002:000:STREAM             1417580500.323880
 09 00 0A 04 08 04 00 00

003:002:000:STREAM             1417580500.327883
 09 00 09 04 08 04 00 00

003:002:000:STREAM             1417580500.335882
 09 00 09 04 09 04 00 00

003:002:000:STREAM             1417580500.339880
 09 00 08 04 09 04 00 00

003:002:000:STREAM             1417580500.343881
 09 00 08 04 0A 04 00 00

003:002:000:STREAM             1417580500.347882
 09 00 07 04 0A 04 00 00

003:002:000:STREAM             1417580500.361885
 09 00 07 04 0B 04 00 00

003:002:000:STREAM             1417580500.365882
 09 00 06 04 0B 04 00 00

003:002:000:STREAM             1417580500.421895
 09 00 06 04 0B 04 00 00

003:002:000:STREAM             1417580500.435890
 09 01 06 04 0B 04 29 00

003:002:000:STREAM             1417580500.439880
 09 01 06 04 0B 04 35 00

003:002:000:STREAM             1417580500.443877
 09 01 06 04 0B 04 40 00

003:002:000:STREAM             1417580500.449891
 09 01 06 04 0B 04 4B 00

003:002:000:STREAM             1417580500.453886
 09 01 06 04 0B 04 56 00

003:002:000:STREAM             1417580500.457880
 09 01 06 04 0B 04 66 00

003:002:000:STREAM             1417580500.461883
 09 01 06 04 0B 04 73 00

003:002:000:STREAM             1417580500.467881
 09 01 06 04 0B 04 7F 00

003:002:000:STREAM             1417580500.471880
 09 01 06 04 0B 04 8B 00

003:002:000:STREAM             1417580500.475880
 09 01 06 04 0B 04 98 00

003:002:000:STREAM             1417580500.479885
 09 01 06 04 0B 04 AB 00

003:002:000:STREAM             1417580500.483890
 09 01 06 04 0B 04 BB 00

003:002:000:STREAM             1417580500.489881
 09 01 06 04 0B 04 CD 00

003:002:000:STREAM             1417580500.493882
 09 01 06 04 0B 04 DD 00

003:002:000:STREAM             1417580500.497880
 09 01 06 04 0B 04 F4 00

003:002:000:STREAM             1417580500.501882
 09 01 06 04 0B 04 0B 01

003:002:000:STREAM             1417580500.505879
 09 01 06 04 0B 04 28 01

003:002:000:STREAM             1417580500.511884
 09 01 06 04 0B 04 49 01

003:002:000:STREAM             1417580500.515883
 09 01 06 04 0B 04 6C 01

003:002:000:STREAM             1417580500.519882
 09 01 06 04 0B 04 96 01

003:002:000:STREAM             1417580500.523881
 09 01 06 04 0B 04 C8 01

003:002:000:STREAM             1417580500.527882
 09 01 06 04 0B 04 FC 01

003:002:000:STREAM             1417580500.531880
 09 01 06 04 0B 04 37 02

003:002:000:STREAM             1417580500.537881
 09 01 06 04 0B 04 6F 02

003:002:000:STREAM             1417580500.541881
 09 01 06 04 0B 04 A7 02

003:002:000:STREAM             1417580500.545883
 09 01 06 04 0B 04 DC 02

003:002:000:STREAM             1417580500.549880
 09 01 06 04 0B 04 0D 03

003:002:000:STREAM             1417580500.553882
 09 01 06 04 0B 04 38 03

003:002:000:STREAM             1417580500.559883
 09 01 06 04 0B 04 64 03

003:002:000:STREAM             1417580500.563880
 09 01 06 04 0B 04 8A 03

003:002:000:STREAM             1417580500.567882
 09 01 06 04 0B 04 B7 03

003:002:000:STREAM             1417580500.571880
 09 01 06 04 0B 04 DF 03

003:002:000:STREAM             1417580500.575888
 09 01 06 04 0B 04 15 04

003:002:000:STREAM             1417580500.581882
 09 01 06 04 0B 04 47 04

003:002:000:STREAM             1417580500.585882
 09 01 06 04 0B 04 81 04

003:002:000:STREAM             1417580500.589881
 09 01 06 04 0B 04 BC 04

003:002:000:STREAM             1417580500.593881
 09 01 06 04 0B 04 EE 04

003:002:000:STREAM             1417580500.597880
 09 01 06 04 0B 04 2B 05

003:002:000:STREAM             1417580500.603883
 09 01 06 04 0B 04 70 05

003:002:000:STREAM             1417580500.607881
 09 01 06 04 0B 04 BD 05

003:002:000:STREAM             1417580500.611881
 09 01 06 04 0B 04 14 06

003:002:000:STREAM             1417580500.615882
 09 01 06 04 0B 04 6B 06

003:002:000:STREAM             1417580500.619880
 09 01 06 04 0B 04 D2 06

003:002:000:STREAM             1417580500.623880
 09 01 06 04 0B 04 2F 07

003:002:000:STREAM             1417580500.629880
 09 01 06 04 0B 04 88 07

003:002:000:STREAM             1417580500.633881
 09 01 05 04 0B 04 DC 07

003:002:000:STREAM             1417580500.637881
 09 01 05 04 0B 04 FF 07

003:002:000:STREAM             1417580500.667883
 09 01 04 04 0B 04 FF 07

003:002:000:STREAM             1417580500.755886
 09 01 04 04 0A 04 FF 07

003:002:000:STREAM             1417580500.811890
 09 01 04 04 09 04 FF 07

003:002:000:STREAM             1417580500.851896
 09 01 03 04 09 04 FF 07

003:002:000:STREAM             1417580500.915886
 09 01 02 04 09 04 FF 07

003:002:000:STREAM             1417580501.069888
 09 01 02 04 08 04 FF 07

003:002:000:STREAM             1417580501.527896
 09 01 02 04 07 04 FF 07

003:002:000:STREAM             1417580501.639897
 09 01 01 04 07 04 FF 07

003:002:000:STREAM             1417580502.079899
 09 01 01 04 07 04 EF 07

003:002:000:STREAM             1417580502.083881
 09 01 01 04 07 04 D2 07

003:002:000:STREAM             1417580502.087881
 09 01 01 04 07 04 B8 07

003:002:000:STREAM             1417580502.093896
 09 01 01 04 07 04 98 07

003:002:000:STREAM             1417580502.097882
 09 01 01 04 07 04 7B 07

003:002:000:STREAM             1417580502.101880
 09 01 01 04 07 04 57 07

003:002:000:STREAM             1417580502.105884
 09 01 01 04 07 04 19 07

003:002:000:STREAM             1417580502.109894
 09 01 01 04 07 04 D2 06

003:002:000:STREAM             1417580502.113882
 09 01 01 04 07 04 80 06

003:002:000:STREAM             1417580502.119883
 09 01 01 04 07 04 2E 06

003:002:000:STREAM             1417580502.123881
 09 01 01 04 07 04 DC 05

003:002:000:STREAM             1417580502.127882
 09 01 01 04 07 04 87 05

003:002:000:STREAM             1417580502.131881
 09 01 01 04 07 04 3A 05

003:002:000:STREAM             1417580502.135882
 09 01 01 04 07 04 F1 04

003:002:000:STREAM             1417580502.141888
 09 01 01 04 07 04 B5 04

003:002:000:STREAM             1417580502.145883
 09 01 01 04 07 04 77 04

003:002:000:STREAM             1417580502.149881
 09 01 01 04 07 04 48 04

003:002:000:STREAM             1417580502.153883
 09 01 01 04 07 04 1A 04

003:002:000:STREAM             1417580502.157882
 09 01 01 04 07 04 F4 03

003:002:000:STREAM             1417580502.161880
 09 01 01 04 07 04 DD 03

003:002:000:STREAM             1417580502.167882
 09 01 01 04 07 04 C7 03

003:002:000:STREAM             1417580502.171884
 09 01 01 04 07 04 B4 03

003:002:000:STREAM             1417580502.175887
 09 01 01 04 07 04 A7 03

003:002:000:STREAM             1417580502.179881
 09 01 01 04 07 04 9E 03

003:002:000:STREAM             1417580502.183883
 09 01 01 04 07 04 8D 03

003:002:000:STREAM             1417580502.189882
 09 01 01 04 07 04 6C 03

003:002:000:STREAM             1417580502.193880
 09 01 01 04 07 04 3C 03

003:002:000:STREAM             1417580502.197881
 09 01 01 04 07 04 08 03

003:002:000:STREAM             1417580502.201881
 09 01 01 04 07 04 CF 02

003:002:000:STREAM             1417580502.205889
 09 01 01 04 07 04 96 02

003:002:000:STREAM             1417580502.211882
 09 01 01 04 07 04 5C 02

003:002:000:STREAM             1417580502.215883
 09 01 01 04 07 04 28 02

003:002:000:STREAM             1417580502.219880
 09 01 01 04 07 04 F1 01

003:002:000:STREAM             1417580502.223882
 09 01 01 04 08 04 BD 01

003:002:000:STREAM             1417580502.227880
 09 01 01 04 08 04 8D 01

003:002:000:STREAM             1417580502.233886
 09 01 01 04 08 04 64 01

003:002:000:STREAM             1417580502.237884
 09 01 01 04 08 04 3D 01

003:002:000:STREAM             1417580502.241881
 09 01 01 04 08 04 1B 01

003:002:000:STREAM             1417580502.245883
 09 01 01 04 09 04 FB 00

003:002:000:STREAM             1417580502.249882
 09 01 01 04 09 04 DE 00

003:002:000:STREAM             1417580502.255883
 09 01 01 04 09 04 C6 00

003:002:000:STREAM             1417580502.259880
 09 01 01 04 09 04 AF 00

003:002:000:STREAM             1417580502.263884
 09 01 02 04 0A 04 9C 00

003:002:000:STREAM             1417580502.267884
 09 01 02 04 0A 04 8A 00

003:002:000:STREAM             1417580502.271882
 09 01 02 04 0A 04 7F 00

003:002:000:STREAM             1417580502.277884
 09 01 03 04 0A 04 76 00

003:002:000:STREAM             1417580502.281881
 09 01 03 04 0A 04 6E 00

003:002:000:STREAM             1417580502.285882
 09 01 03 04 0A 04 65 00

003:002:000:STREAM             1417580502.289880
 09 01 03 04 0A 04 5A 00

003:002:000:STREAM             1417580502.293881
 09 01 03 04 0B 04 50 00

003:002:000:STREAM             1417580502.299888
 09 01 03 04 0B 04 41 00

003:002:000:STREAM             1417580502.303881
 09 01 03 04 0B 04 2C 00

003:002:000:STREAM             1417580502.307883
 09 01 03 04 0C 04 02 00

003:002:000:STREAM             1417580502.311881
 09 00 03 04 0C 04 00 00

003:002:000:STREAM             1417580502.321880
 09 00 03 04 0D 04 00 00

003:002:000:STREAM             1417580502.329882
 09 00 03 04 0E 04 00 00

003:002:000:STREAM             1417580502.351884
 09 00 03 04 0F 04 00 00

003:002:000:STREAM             1417580502.377896
 09 00 03 04 0E 04 00 00

003:002:000:STREAM             1417580502.385884
 09 00 03 04 0D 04 00 00

003:002:000:STREAM             1417580502.389888
 09 00 04 04 0D 04 00 00

003:002:000:STREAM             1417580502.393881
 09 00 04 04 0C 04 00 00

003:002:000:STREAM             1417580502.403881
 09 00 05 04 0C 04 00 00

003:002:000:STREAM             1417580502.407880
 09 00 05 04 0B 04 00 00

003:002:000:STREAM             1417580502.415881
 09 00 05 04 0A 04 00 00

003:002:000:STREAM             1417580502.419886
 09 00 06 04 0A 04 00 00

003:002:000:STREAM             1417580502.433883
 09 00 06 04 09 04 00 00

003:002:000:STREAM             1417580502.535892
 09 00 06 04 0A 04 00 00

003:002:000:STREAM             1417580502.591891
 09 00 05 04 0A 04 00 00

003:002:000:STREAM             1417580502.663893
 09 00 05 04 0B 04 00 00

003:002:000:STREAM             1417580502.703890
 09 00 05 04 0C 04 00 00

003:002:000:STREAM             1417580502.707884
 09 00 04 04 0C 04 00 00

003:002:000:STREAM             1417580502.737895
 09 00 04 04 0D 04 00 00

003:002:000:STREAM             1417580502.811897
 09 00 04 04 0E 04 00 00

003:002:000:STREAM             1417580502.875884
 09 00 03 04 0E 04 00 00

003:002:000:STREAM             1417580502.905895
 09 00 03 04 0F 04 00 00

003:002:000:STREAM             1417580502.945883
 09 00 03 04 0E 04 00 00

003:002:000:STREAM             1417580503.011892
 09 00 04 04 0E 04 00 00

003:002:000:STREAM             1417580503.111905
 09 00 05 04 0E 04 00 00

003:002:000:STREAM             1417580503.123890
 09 00 05 04 0D 04 00 00

003:002:000:STREAM             1417580503.195893
 09 00 04 04 0D 04 00 00

003:002:000:STREAM             1417580503.217889
 09 00 04 04 0E 04 00 00

003:002:000:STREAM             1417580503.257894
 09 00 04 04 0E 04 00 00

003:002:000:STREAM             1417580503.269889
 09 01 04 04 0E 04 1C 00

003:002:000:STREAM             1417580503.273882
 09 01 04 04 0E 04 2E 00

003:002:000:STREAM             1417580503.279882
 09 01 04 04 0E 04 3D 00

003:002:000:STREAM             1417580503.283881
 09 01 04 04 0E 04 47 00

003:002:000:STREAM             1417580503.287890
 09 01 04 04 0E 04 4D 00

003:002:000:STREAM             1417580503.291880
 09 01 04 04 0E 04 51 00

003:002:000:STREAM             1417580503.295882
 09 01 04 04 0E 04 54 00

003:002:000:STREAM             1417580503.301882
 09 01 04 04 0E 04 59 00

003:002:000:STREAM             1417580503.305880
 09 01 04 04 0E 04 5F 00

003:002:000:STREAM             1417580503.309881
 09 01 04 04 0E 04 67 00

003:002:000:STREAM             1417580503.313880
 09 01 04 04 0E 04 73 00

003:002:000:STREAM             1417580503.317887
 09 01 04 04 0E 04 7F 00

003:002:000:STREAM             1417580503.323883
 09 01 04 04 0E 04 8B 00

003:002:000:STREAM             1417580503.327883
 09 01 04 04 0E 04 98 00

003:002:000:STREAM             1417580503.331879
 09 01 04 04 0E 04 A6 00

003:002:000:STREAM             1417580503.335882
 09 01 04 04 0E 04 B7 00

003:002:000:STREAM             1417580503.339882
 09 01 04 04 0E 04 CB 00

003:002:000:STREAM             1417580503.345881
 09 01 04 04 0E 04 E3 00

003:002:000:STREAM             1417580503.349882
 09 01 04 04 0E 04 FB 00

003:002:000:STREAM             1417580503.353888
 09 01 04 04 0E 04 17 01

003:002:000:STREAM             1417580503.357883
 09 01 04 04 0E 04 35 01

003:002:000:STREAM             1417580503.361882
 09 01 04 04 0E 04 5B 01

003:002:000:STREAM             1417580503.367883
 09 01 04 04 0E 04 87 01

003:002:000:STREAM             1417580503.371880
 09 01 04 04 0E 04 BA 01

003:002:000:STREAM             1417580503.375882
 09 01 04 04 0E 04 F7 01

003:002:000:STREAM             1417580503.379888
 09 01 04 04 0E 04 3A 02

003:002:000:STREAM             1417580503.383886
 09 01 05 04 0E 04 89 02

003:002:000:STREAM             1417580503.387882
 09 01 05 04 0E 04 E2 02

003:002:000:STREAM             1417580503.393884
 09 01 05 04 0E 04 42 03

003:002:000:STREAM             1417580503.397881
 09 01 05 04 0E 04 AA 03

003:002:000:STREAM             1417580503.401881
 09 01 05 04 0E 04 1D 04

003:002:000:STREAM             1417580503.405882
 09 01 05 04 0E 04 9A 04

003:002:000:STREAM             1417580503.409882
 09 01 05 04 0E 04 23 05

003:002:000:STREAM             1417580503.415885
 09 01 05 04 0E 04 B7 05

003:002:000:STREAM             1417580503.419882
 09 01 05 04 0E 04 56 06

003:002:000:STREAM             1417580503.423883
 09 01 05 04 0E 04 EE 06

003:002:000:STREAM             1417580503.427881
 09 01 05 04 0E 04 8B 07

003:002:000:STREAM             1417580503.431881
 09 01 05 04 0E 04 FF 07

003:002:000:STREAM             1417580503.487891
 09 01 04 04 0E 04 FF 07

003:002:000:STREAM             1417580504.513903
 09 01 04 04 0F 04 FF 07

003:002:000:STREAM             1417580504.683900
 09 01 04 04 10 04 FF 07

003:002:000:STREAM             1417580504.703894
 09 01 04 04 11 04 FF 07

003:002:000:STREAM             1417580504.709883
 09 01 03 04 11 04 FF 07

003:002:000:STREAM             1417580504.721894
 09 01 03 04 12 04 FF 07

003:002:000:STREAM             1417580504.735886
 09 01 03 04 13 04 FF 07

003:002:000:STREAM             1417580504.751892
 09 01 02 04 14 04 FF 07

003:002:000:STREAM             1417580504.769885
 09 01 02 04 15 04 FF 07

003:002:000:STREAM             1417580504.783894
 09 01 01 04 15 04 FF 07

003:002:000:STREAM             1417580504.787883
 09 01 01 04 16 04 FF 07

003:002:000:STREAM             1417580504.813892
 09 01 01 04 17 04 FF 07

003:002:000:STREAM             1417580504.829886
 09 01 00 04 18 04 FF 07

003:002:000:STREAM             1417580504.847895
 09 01 00 04 19 04 FF 07

003:002:000:STREAM             1417580504.873898
 09 01 00 04 1A 04 FF 07

003:002:000:STREAM             1417580504.877884
 09 01 FF 03 1A 04 FF 07

003:002:000:STREAM             1417580504.887884
 09 01 FF 03 1B 04 FF 07

003:002:000:STREAM             1417580504.917902
 09 01 FF 03 1C 04 FF 07

003:002:000:STREAM             1417580504.921882
 09 01 FE 03 1C 04 FF 07

003:002:000:STREAM             1417580504.951900
 09 01 FE 03 1D 04 FF 07

003:002:000:STREAM             1417580505.467898
 09 01 FE 03 1D 04 A0 07

003:002:000:STREAM             1417580505.471883
 09 01 FE 03 1D 04 B7 06

003:002:000:STREAM             1417580505.475882
 09 01 FE 03 1D 04 D2 05

003:002:000:STREAM             1417580505.481898
 09 01 FE 03 1D 04 F1 04

003:002:000:STREAM             1417580505.485881
 09 01 FE 03 1D 04 2A 04

003:002:000:STREAM             1417580505.489882
 09 01 FD 03 1D 04 76 03

003:002:000:STREAM             1417580505.493885
 09 01 FD 03 1D 04 D4 02

003:002:000:STREAM             1417580505.497891
 09 01 FD 03 1D 04 40 02

003:002:000:STREAM             1417580505.501881
 09 01 FD 03 1D 04 C1 01

003:002:000:STREAM             1417580505.507884
 09 01 FD 03 1D 04 4B 01

003:002:000:STREAM             1417580505.511883
 09 01 FD 03 1D 04 E5 00

003:002:000:STREAM             1417580505.515882
 09 01 FD 03 1D 04 8A 00

003:002:000:STREAM             1417580505.519883
 09 00 FD 03 1D 04 00 00

003:002:000:STREAM             1417580505.545907
 09 00 FD 03 1C 04 00 00

003:002:000:STREAM             1417580505.553885
 09 00 FD 03 1B 04 00 00

003:002:000:STREAM             1417580505.557912
 09 00 FE 03 1A 04 00 00

003:002:000:STREAM             1417580505.567897
 09 00 FE 03 19 04 00 00

003:002:000:STREAM             1417580505.571885
 09 00 FF 03 18 04 00 00

003:002:000:STREAM             1417580505.579885
 09 00 FF 03 17 04 00 00

003:002:000:STREAM             1417580505.583882
 09 00 00 04 16 04 00 00

003:002:000:STREAM             1417580505.591893
 09 00 01 04 15 04 00 00

003:002:000:STREAM             1417580505.599883
 09 00 02 04 14 04 00 00

003:002:000:STREAM             1417580505.611884
 09 00 02 04 13 04 00 00

003:002:000:STREAM             1417580505.629891
 09 00 03 04 13 04 00 00

003:002:000:STREAM             1417580505.665895
 09 00 04 04 13 04 00 00

003:002:000:STREAM             1417580505.693892
 09 00 05 04 13 04 00 00

003:002:000:STREAM             1417580505.707884
 09 00 05 04 12 04 00 00

003:002:000:STREAM             1417580505.711883
 09 00 06 04 12 04 00 00

003:002:000:STREAM             1417580505.731886
 09 00 07 04 12 04 00 00

003:002:000:STREAM             1417580505.759899
 09 00 08 04 12 04 00 00

003:002:000:STREAM             1417580505.831887
 09 00 09 04 11 04 00 00

003:002:000:STREAM             1417580505.861897
 09 00 09 04 10 04 00 00

003:002:000:STREAM             1417580505.873885
 09 00 0A 04 10 04 00 00

003:002:000:STREAM             1417580506.105887
 09 00 0A 04 11 04 00 00

003:002:000:STREAM             1417580506.247902
 09 00 0B 04 11 04 00 00

003:002:000:STREAM             1417580506.285897
 09 00 0B 04 12 04 00 00

003:002:000:STREAM             1417580506.333897
 09 00 0C 04 12 04 00 00

003:002:000:STREAM             1417580506.341888
 09 00 0C 04 11 04 00 00

003:002:000:STREAM             1417580506.517898
 09 00 0C 04 11 04 00 00

003:002:000:STREAM             1417580506.531894
 09 01 0C 04 11 04 2C 00

003:002:000:STREAM             1417580506.535882
 09 01 0C 04 11 04 41 00

003:002:000:STREAM             1417580506.539883
 09 01 0C 04 11 04 52 00

003:002:000:STREAM             1417580506.543884
 09 01 0C 04 11 04 61 00

003:002:000:STREAM             1417580506.549887
 09 01 0C 04 11 04 6E 00

003:002:000:STREAM             1417580506.553882
 09 01 0C 04 11 04 78 00

003:002:000:STREAM             1417580506.557885
 09 01 0C 04 11 04 7F 00

003:002:000:STREAM             1417580506.561883
 09 01 0C 04 11 04 87 00

003:002:000:STREAM             1417580506.565881
 09 01 0C 04 11 04 8E 00

003:002:000:STREAM             1417580506.571883
 09 01 0C 04 11 04 96 00

003:002:000:STREAM             1417580506.575886
 09 01 0C 04 11 04 A0 00

003:002:000:STREAM             1417580506.579885
 09 01 0C 04 11 04 A8 00

003:002:000:STREAM             1417580506.583884
 09 01 0C 04 11 04 AD 00

003:002:000:STREAM             1417580506.587882
 09 01 0C 04 11 04 B3 00

003:002:000:STREAM             1417580506.593883
 09 01 0C 04 11 04 B8 00

003:002:000:STREAM             1417580506.597884
 09 01 0C 04 11 04 C2 00

003:002:000:STREAM             1417580506.601881
 09 01 0C 04 11 04 CC 00

003:002:000:STREAM             1417580506.605881
 09 01 0C 04 11 04 DC 00

003:002:000:STREAM             1417580506.609887
 09 01 0C 04 11 04 EA 00

003:002:000:STREAM             1417580506.613883
 09 01 0C 04 11 04 FA 00

003:002:000:STREAM             1417580506.619882
 09 01 0C 04 11 04 0E 01

003:002:000:STREAM             1417580506.623884
 09 01 0C 04 11 04 24 01

003:002:000:STREAM             1417580506.627883
 09 01 0C 04 11 04 3A 01

003:002:000:STREAM             1417580506.631882
 09 01 0C 04 11 04 51 01

003:002:000:STREAM             1417580506.635882
 09 01 0C 04 11 04 66 01

003:002:000:STREAM             1417580506.641887
 09 01 0C 04 11 04 7A 01

003:002:000:STREAM             1417580506.645881
 09 01 0C 04 11 04 94 01

003:002:000:STREAM             1417580506.649883
 09 01 0C 04 11 04 B0 01

003:002:000:STREAM             1417580506.653883
 09 01 0C 04 11 04 D3 01

003:002:000:STREAM             1417580506.657881
 09 01 0C 04 11 04 F7 01

003:002:000:STREAM             1417580506.661884
 09 01 0C 04 11 04 1F 02

003:002:000:STREAM             1417580506.667888
 09 01 0C 04 11 04 4A 02

003:002:000:STREAM             1417580506.671881
 09 01 0C 04 11 04 7A 02

003:002:000:STREAM             1417580506.675883
 09 01 0C 04 11 04 AF 02

003:002:000:STREAM             1417580506.679884
 09 01 0C 04 11 04 ED 02

003:002:000:STREAM             1417580506.683880
 09 01 0C 04 11 04 2F 03

003:002:000:STREAM             1417580506.689884
 09 01 0C 04 11 04 76 03

003:002:000:STREAM             1417580506.693883
 09 01 0C 04 11 04 BF 03

003:002:000:STREAM             1417580506.697884
 09 01 0C 04 11 04 09 04

003:002:000:STREAM             1417580506.701887
 09 01 0C 04 11 04 4D 04

003:002:000:STREAM             1417580506.705883
 09 01 0C 04 11 04 93 04

003:002:000:STREAM             1417580506.709882
 09 01 0C 04 11 04 D8 04

003:002:000:STREAM             1417580506.715884
 09 01 0C 04 11 04 1D 05

003:002:000:STREAM             1417580506.719881
 09 01 0C 04 11 04 5A 05

003:002:000:STREAM             1417580506.723881
 09 01 0C 04 11 04 A0 05

003:002:000:STREAM             1417580506.727883
 09 01 0C 04 11 04 EE 05

003:002:000:STREAM             1417580506.731885
 09 01 0C 04 11 04 3C 06

003:002:000:STREAM             1417580506.735883
 09 01 0C 04 11 04 8E 06

003:002:000:STREAM             1417580506.741884
 09 01 0C 04 11 04 E1 06

003:002:000:STREAM             1417580506.745881
 09 01 0C 04 11 04 32 07

003:002:000:STREAM             1417580506.749882
 09 01 0C 04 11 04 81 07

003:002:000:STREAM             1417580506.753883
 09 01 0C 04 11 04 DA 07

003:002:000:STREAM             1417580506.757883
 09 01 0C 04 11 04 FF 07

003:002:000:STREAM             1417580506.761885
 09 01 0C 04 12 04 FF 07

003:002:000:STREAM             1417580506.953888
 09 01 0B 04 12 04 FF 07

003:002:000:STREAM             1417580507.151884
 09 01 0B 04 11 04 FF 07

003:002:000:STREAM             1417580508.161895
 09 01 0B 04 12 04 FF 07

003:002:000:STREAM             1417580508.287901
 09 01 0B 04 13 04 FF 07

003:002:000:STREAM             1417580508.347900
 09 01 0A 04 13 04 FF 07

003:002:000:STREAM             1417580508.365886
 09 01 0A 04 14 04 FF 07

003:002:000:STREAM             1417580508.439886
 09 01 0A 04 15 04 FF 07

003:002:000:STREAM             1417580508.517900
 09 01 0A 04 16 04 FF 07

003:002:000:STREAM             1417580508.563888
 09 01 09 04 16 04 FF 07

003:002:000:STREAM             1417580508.677887
 09 01 09 04 17 04 FF 07

003:002:000:STREAM             1417580509.157893
 09 01 09 04 18 04 FF 07

003:002:000:STREAM             1417580509.331898
 09 01 09 04 19 04 FF 07

003:002:000:STREAM             1417580509.445900
 09 01 08 04 19 04 FF 07

003:002:000:STREAM             1417580509.591897
 09 01 08 04 18 04 FF 07

003:002:000:STREAM             1417580509.609886
 09 01 08 04 18 04 5D 07

003:002:000:STREAM             1417580509.613885
 09 01 08 04 17 04 45 06

003:002:000:STREAM             1417580509.617883
 09 01 08 04 17 04 32 05

003:002:000:STREAM             1417580509.621895
 09 01 08 04 16 04 28 04

003:002:000:STREAM             1417580509.625884
 09 01 08 04 16 04 32 03

003:002:000:STREAM             1417580509.631885
 09 01 09 04 14 04 53 02

003:002:000:STREAM             1417580509.635883
 09 01 09 04 12 04 93 01

003:002:000:STREAM             1417580509.639884
 09 01 0A 04 10 04 F1 00

003:002:000:STREAM             1417580509.643883
 09 00 0B 04 0D 04 00 00

003:002:000:STREAM             1417580509.647884
 09 00 0C 04 0B 04 00 00

003:002:000:STREAM             1417580509.653889
 09 00 0D 04 08 04 00 00

003:002:000:STREAM             1417580509.657883
 09 00 0E 04 06 04 00 00

003:002:000:STREAM             1417580509.661884
 09 00 0F 04 03 04 00 00

003:002:000:STREAM             1417580509.665883
 09 00 10 04 01 04 00 00

003:002:000:STREAM             1417580509.669882
 09 00 11 04 FF 03 00 00

003:002:000:STREAM             1417580509.673884
 09 00 11 04 FD 03 00 00

003:002:000:STREAM             1417580509.677883
 09 00 12 04 FC 03 00 00

003:002:000:STREAM             1417580509.681888
 09 00 13 04 FB 03 00 00

003:002:000:STREAM             1417580509.685887
 09 00 14 04 FA 03 00 00

003:002:000:STREAM             1417580509.689883
 09 00 15 04 F9 03 00 00

003:002:000:STREAM             1417580509.691883
 09 00 16 04 F9 03 00 00

003:002:000:STREAM             1417580509.699885
 09 00 17 04 F9 03 00 00

003:002:000:STREAM             1417580509.712520
 09 00 18 04 F9 03 00 00

003:002:000:STREAM             1417580509.713889
 09 00 19 04 FA 03 00 00

003:002:000:STREAM             1417580509.729888
 09 00 19 04 FE 03 00 00

003:002:000:STREAM             1417580509.779905
 09 00 19 04 FE 03 00 00

