002:003:001:STREAM             1342785449.924942
 05 00 00 00 01 00

002:003:001:STREAM             1342785450.044805
 05 00 00 00 00 00

002:003:001:STREAM             1342785450.716890
 05 00 00 00 02 00

002:003:001:STREAM             1342785450.804791
 05 00 00 00 00 00

002:003:001:STREAM             1342785451.396732
 05 00 00 20 00 00

002:003:001:STREAM             1342785451.508792
 05 00 00 00 00 00

002:003:001:STREAM             1342785452.044894
 05 00 00 40 00 00

002:003:001:STREAM             1342785452.132782
 05 00 00 00 00 00

