002:002:001:STREAM             1341769621.848307
 05 00 00 00 01 00

002:002:001:STREAM             1341769621.952297
 05 00 00 00 00 00

002:002:001:STREAM             1341769622.648297
 05 00 00 00 02 00

002:002:001:STREAM             1341769622.744298
 05 00 00 00 00 00

002:002:001:STREAM             1341769623.368299
 05 00 00 20 00 00

002:002:001:STREAM             1341769623.448300
 05 00 00 00 00 00

002:002:001:STREAM             1341769624.152297
 05 00 00 40 00 00

002:002:001:STREAM             1341769624.224299
 05 00 00 00 00 00

