002:003:001:STREAM             1391447526.496623
 05 00 00 00 01 00

002:003:001:STREAM             1391447526.688601
 05 00 00 00 00 00

002:003:001:STREAM             1391447527.904591
 05 00 00 00 02 00

002:003:001:STREAM             1391447528.040599
 05 00 00 00 00 00

002:003:001:STREAM             1391447528.984593
 05 00 00 20 00 00

002:003:001:STREAM             1391447529.160589
 05 00 00 00 00 00

002:003:001:STREAM             1391447529.984585
 05 00 00 40 00 00

002:003:001:STREAM             1391447530.208583
 05 00 00 00 00 00

002:003:001:STREAM             1391447531.008599
 05 00 20 00 00 00

002:003:001:STREAM             1391447531.192578
 05 00 00 00 00 00

002:003:001:STREAM             1391447531.960578
 05 00 02 00 00 00

002:003:001:STREAM             1391447532.232574
 05 00 00 00 00 00

002:003:001:STREAM             1391447533.008590
 05 00 00 10 00 00

002:003:001:STREAM             1391447533.256565
 05 00 00 00 00 00

002:003:001:STREAM             1391447533.992565
 05 00 00 08 00 00

002:003:001:STREAM             1391447534.256555
 05 00 00 00 00 00

