002:003:000:STREAM             1391447452.407540
 09 80 47 3C A4 32 00 00

002:003:000:STREAM             1391447452.455546
 09 80 38 3C A5 32 00 00

002:003:000:STREAM             1391447452.459530
 09 80 38 3C A5 32 00 00

002:003:000:STREAM             1391447452.463552
 09 80 38 3C A5 32 00 00

002:003:000:STREAM             1391447452.467540
 09 80 38 3C A5 32 00 00

002:003:000:STREAM             1391447452.471540
 09 80 38 3C A5 32 00 00

002:003:000:STREAM             1391447452.479552
 09 80 38 3C A5 32 00 00

002:003:000:STREAM             1391447452.483520
 09 80 38 3C A5 32 00 00

002:003:000:STREAM             1391447452.487530
 09 80 38 3C 9A 32 00 00

002:003:000:STREAM             1391447452.491525
 09 80 38 3C 9A 32 00 00

002:003:000:STREAM             1391447452.495535
 09 80 38 3C 9A 32 00 00

002:003:000:STREAM             1391447452.499494
 09 80 38 3C 9A 32 00 00

002:003:000:STREAM             1391447452.503535
 09 80 38 3C A4 32 00 00

002:003:000:STREAM             1391447452.507540
 09 80 38 3C A4 32 00 00

002:003:000:STREAM             1391447452.511543
 09 80 38 3C A4 32 00 00

002:003:000:STREAM             1391447452.519552
 09 80 31 3C A4 32 00 00

002:003:000:STREAM             1391447452.523535
 09 80 31 3C A4 32 00 00

002:003:000:STREAM             1391447452.527541
 09 80 31 3C A4 32 00 00

002:003:000:STREAM             1391447452.531542
 09 80 31 3C A4 32 00 00

002:003:000:STREAM             1391447452.535481
 09 80 31 3C A4 32 00 00

002:003:000:STREAM             1391447452.539545
 09 80 31 3C A4 32 00 00

002:003:000:STREAM             1391447452.543511
 09 80 31 3C A4 32 00 00

002:003:000:STREAM             1391447452.547517
 09 80 31 3C A4 32 00 00

002:003:000:STREAM             1391447452.551536
 09 80 31 3C A4 32 00 00

002:003:000:STREAM             1391447452.559576
 09 80 31 3C 99 32 00 00

002:003:000:STREAM             1391447452.563542
 09 80 31 3C 99 32 00 00

002:003:000:STREAM             1391447452.567533
 09 80 31 3C 99 32 00 00

002:003:000:STREAM             1391447452.571551
 09 80 31 3C 99 32 00 00

002:003:000:STREAM             1391447452.575514
 09 80 31 3C 99 32 00 00

002:003:000:STREAM             1391447452.579554
 09 80 31 3C 99 32 00 00

002:003:000:STREAM             1391447452.583547
 09 80 31 3C A3 32 00 00

002:003:000:STREAM             1391447452.587558
 09 80 31 3C A3 32 00 00

002:003:000:STREAM             1391447452.591519
 09 80 31 3C A3 32 00 00

002:003:000:STREAM             1391447452.599544
 09 80 31 3C A3 32 00 00

002:003:000:STREAM             1391447452.603530
 09 80 31 3C 9A 32 00 00

002:003:000:STREAM             1391447452.607549
 09 80 31 3C 9A 32 00 00

002:003:000:STREAM             1391447452.611547
 09 80 31 3C A1 32 00 00

002:003:000:STREAM             1391447452.615533
 09 80 31 3C A1 32 00 00

002:003:000:STREAM             1391447452.619539
 09 80 31 3C A1 32 00 00

002:003:000:STREAM             1391447452.623553
 09 80 31 3C A1 32 00 00

002:003:000:STREAM             1391447452.627540
 09 80 31 3C A1 32 00 00

002:003:000:STREAM             1391447452.631515
 09 80 31 3C A1 32 00 00

002:003:000:STREAM             1391447452.635531
 09 80 31 3C A1 32 00 00

002:003:000:STREAM             1391447452.643513
 09 80 31 3C 98 32 00 00

002:003:000:STREAM             1391447452.647549
 09 80 31 3C 98 32 00 00

002:003:000:STREAM             1391447452.651542
 09 80 31 3C 98 32 00 00

002:003:000:STREAM             1391447452.655545
 09 80 31 3C 86 32 00 00

002:003:000:STREAM             1391447452.659550
 09 80 31 3C 86 32 00 00

002:003:000:STREAM             1391447452.663553
 09 80 31 3C 86 32 00 00

002:003:000:STREAM             1391447452.667549
 09 80 31 3C 86 32 00 00

002:003:000:STREAM             1391447452.671508
 09 80 31 3C 86 32 00 00

002:003:000:STREAM             1391447452.675539
 09 80 31 3C 86 32 00 00

002:003:000:STREAM             1391447452.679553
 09 80 31 3C 86 32 00 00

002:003:000:STREAM             1391447452.683518
 09 80 31 3C 91 32 00 00

002:003:000:STREAM             1391447452.687549
 09 80 31 3C 91 32 00 00

002:003:000:STREAM             1391447452.691545
 09 80 31 3C 91 32 00 00

002:003:000:STREAM             1391447452.699590
 09 80 31 3C 91 32 00 00

002:003:000:STREAM             1391447452.703509
 09 80 31 3C 91 32 00 00

002:003:000:STREAM             1391447452.707553
 09 80 31 3C 91 32 00 00

002:003:000:STREAM             1391447452.711461
 09 80 31 3C 91 32 00 00

002:003:000:STREAM             1391447452.715549
 09 80 31 3C 91 32 00 00

002:003:000:STREAM             1391447452.719550
 09 80 31 3C 91 32 00 00

002:003:000:STREAM             1391447452.723552
 09 80 31 3C 91 32 00 00

002:003:000:STREAM             1391447452.727557
 09 80 31 3C 91 32 00 00

002:003:000:STREAM             1391447452.731548
 09 80 31 3C 91 32 00 00

002:003:000:STREAM             1391447452.735551
 09 80 31 3C 9C 32 00 00

002:003:000:STREAM             1391447452.739551
 09 80 31 3C 9C 32 00 00

002:003:000:STREAM             1391447452.743552
 09 80 31 3C 9C 32 00 00

002:003:000:STREAM             1391447452.747542
 09 80 31 3C 9C 32 00 00

002:003:000:STREAM             1391447452.751548
 09 80 31 3C 9C 32 00 00

002:003:000:STREAM             1391447452.755553
 09 80 31 3C 9C 32 00 00

002:003:000:STREAM             1391447452.763528
 09 80 31 3C 9C 32 00 00

002:003:000:STREAM             1391447452.767554
 09 80 31 3C 9C 32 00 00

002:003:000:STREAM             1391447452.771545
 09 80 31 3C 9C 32 00 00

002:003:000:STREAM             1391447452.775542
 09 80 31 3C A6 32 00 00

002:003:000:STREAM             1391447452.779552
 09 80 31 3C A6 32 00 00

002:003:000:STREAM             1391447452.783529
 09 80 31 3C A6 32 00 00

002:003:000:STREAM             1391447452.787549
 09 80 31 3C A6 32 00 00

002:003:000:STREAM             1391447452.791556
 09 80 31 3C A6 32 00 00

002:003:000:STREAM             1391447452.795549
 09 80 31 3C A6 32 00 00

002:003:000:STREAM             1391447452.799556
 09 80 31 3C A6 32 00 00

002:003:000:STREAM             1391447452.803497
 09 80 31 3C A6 32 00 00

002:003:000:STREAM             1391447452.807541
 09 80 31 3C A6 32 00 00

002:003:000:STREAM             1391447452.811548
 09 80 31 3C A6 32 00 00

002:003:000:STREAM             1391447452.815558
 09 80 31 3C A6 32 00 00

002:003:000:STREAM             1391447452.819553
 09 80 31 3C A6 32 00 00

002:003:000:STREAM             1391447452.823559
 09 80 31 3C A6 32 00 00

002:003:000:STREAM             1391447452.827545
 09 80 31 3C A6 32 00 00

002:003:000:STREAM             1391447452.835496
 09 80 31 3C A6 32 00 00

002:003:000:STREAM             1391447452.839536
 09 80 31 3C A6 32 00 00

002:003:000:STREAM             1391447452.843547
 09 80 31 3C A6 32 00 00

002:003:000:STREAM             1391447452.847559
 09 80 31 3C A6 32 00 00

002:003:000:STREAM             1391447452.851530
 09 80 31 3C A6 32 00 00

002:003:000:STREAM             1391447452.855547
 09 80 31 3C A6 32 00 00

002:003:000:STREAM             1391447452.859554
 09 80 31 3C A6 32 00 00

002:003:000:STREAM             1391447452.863555
 09 80 31 3C A6 32 00 00

002:003:000:STREAM             1391447452.867502
 09 80 31 3C A6 32 00 00

002:003:000:STREAM             1391447452.871564
 09 80 31 3C A6 32 00 00

002:003:000:STREAM             1391447452.875546
 09 80 31 3C B0 32 00 00

002:003:000:STREAM             1391447452.879551
 09 80 31 3C B0 32 00 00

002:003:000:STREAM             1391447452.883551
 09 80 31 3C B0 32 00 00

002:003:000:STREAM             1391447452.887551
 09 80 31 3C B0 32 00 00

002:003:000:STREAM             1391447452.891558
 09 80 31 3C B0 32 00 00

002:003:000:STREAM             1391447452.895554
 09 80 31 3C B0 32 00 00

002:003:000:STREAM             1391447452.899552
 09 80 31 3C B0 32 00 00

002:003:000:STREAM             1391447452.903558
 09 80 31 3C A6 32 00 00

002:003:000:STREAM             1391447452.907550
 09 80 31 3C A6 32 00 00

002:003:000:STREAM             1391447452.911565
 09 80 31 3C B0 32 00 00

002:003:000:STREAM             1391447452.919556
 09 80 31 3C A2 32 00 00

002:003:000:STREAM             1391447452.923546
 09 80 31 3C A2 32 00 00

002:003:000:STREAM             1391447452.927547
 09 80 31 3C A2 32 00 00

002:003:000:STREAM             1391447452.931558
 09 80 31 3C A2 32 00 00

002:003:000:STREAM             1391447452.935553
 09 80 31 3C A2 32 00 00

002:003:000:STREAM             1391447452.939558
 09 80 31 3C A2 32 00 00

002:003:000:STREAM             1391447452.943562
 09 80 31 3C A2 32 00 00

002:003:000:STREAM             1391447452.947535
 09 80 31 3C A2 32 00 00

002:003:000:STREAM             1391447452.951521
 09 80 31 3C A2 32 00 00

002:003:000:STREAM             1391447452.955560
 09 80 31 3C A2 32 00 00

002:003:000:STREAM             1391447452.959547
 09 80 31 3C A2 32 00 00

002:003:000:STREAM             1391447452.963559
 09 80 31 3C A2 32 00 00

002:003:000:STREAM             1391447452.967556
 09 80 31 3C A2 32 00 00

002:003:000:STREAM             1391447452.971559
 09 80 31 3C A2 32 00 00

002:003:000:STREAM             1391447452.975558
 09 80 31 3C A2 32 00 00

002:003:000:STREAM             1391447452.979563
 09 80 31 3C A2 32 00 00

002:003:000:STREAM             1391447452.983540
 09 80 31 3C A2 32 00 00

002:003:000:STREAM             1391447452.987557
 09 80 31 3C A2 32 00 00

002:003:000:STREAM             1391447452.991554
 09 80 31 3C A2 32 00 00

002:003:000:STREAM             1391447452.995559
 09 80 31 3C A2 32 00 00

002:003:000:STREAM             1391447452.999537
 09 80 31 3C A2 32 00 00

002:003:000:STREAM             1391447453.003554
 09 80 31 3C A2 32 00 00

002:003:000:STREAM             1391447453.011542
 09 80 31 3C A2 32 00 00

002:003:000:STREAM             1391447453.015530
 09 80 31 3C A2 32 00 00

002:003:000:STREAM             1391447453.019524
 09 80 31 3C A2 32 00 00

002:003:000:STREAM             1391447453.023600
 09 80 31 3C A2 32 00 00

002:003:000:STREAM             1391447453.027548
 09 80 31 3C A2 32 00 00

002:003:000:STREAM             1391447453.031548
 09 80 31 3C A2 32 00 00

002:003:000:STREAM             1391447453.035534
 09 80 31 3C A2 32 00 00

002:003:000:STREAM             1391447453.039549
 09 80 31 3C AE 32 00 00

002:003:000:STREAM             1391447453.043550
 09 80 31 3C AE 32 00 00

002:003:000:STREAM             1391447453.047560
 09 80 31 3C A2 32 00 00

002:003:000:STREAM             1391447453.051477
 09 80 31 3C A2 32 00 00

002:003:000:STREAM             1391447453.055537
 09 80 31 3C A2 32 00 00

002:003:000:STREAM             1391447453.059526
 09 80 31 3C A2 32 00 00

002:003:000:STREAM             1391447453.063531
 09 80 31 3C A2 32 00 00

002:003:000:STREAM             1391447453.067559
 09 80 31 3C A2 32 00 00

002:003:000:STREAM             1391447453.071585
 09 80 31 3C A2 32 00 00

002:003:000:STREAM             1391447453.075544
 09 80 31 3C AE 32 00 00

002:003:000:STREAM             1391447453.079560
 09 80 31 3C AE 32 00 00

002:003:000:STREAM             1391447453.083506
 09 80 31 3C AE 32 00 00

002:003:000:STREAM             1391447453.087572
 09 80 31 3C B9 32 00 00

002:003:000:STREAM             1391447453.091545
 09 80 31 3C B9 32 00 00

002:003:000:STREAM             1391447453.099567
 09 80 3C 3C AC 32 00 00

002:003:000:STREAM             1391447453.103506
 09 80 3C 3C AC 32 00 00

002:003:000:STREAM             1391447453.107552
 09 80 3C 3C AC 32 00 00

002:003:000:STREAM             1391447453.111527
 09 80 3C 3C AC 32 00 00

002:003:000:STREAM             1391447453.115553
 09 80 3C 3C AC 32 00 00

002:003:000:STREAM             1391447453.119541
 09 80 3C 3C AC 32 00 00

002:003:000:STREAM             1391447453.123553
 09 80 3C 3C AC 32 00 00

002:003:000:STREAM             1391447453.127567
 09 80 3C 3C B9 32 00 00

002:003:000:STREAM             1391447453.131531
 09 80 3C 3C B9 32 00 00

002:003:000:STREAM             1391447453.135554
 09 80 3C 3C B9 32 00 00

002:003:000:STREAM             1391447453.139566
 09 80 46 3C B9 32 00 00

002:003:000:STREAM             1391447453.143555
 09 80 46 3C B9 32 00 00

002:003:000:STREAM             1391447453.147559
 09 80 46 3C B9 32 00 00

002:003:000:STREAM             1391447453.151536
 09 80 46 3C B9 32 00 00

002:003:000:STREAM             1391447453.155554
 09 80 46 3C B9 32 00 00

002:003:000:STREAM             1391447453.159562
 09 80 46 3C B9 32 00 00

002:003:000:STREAM             1391447453.163558
 09 80 46 3C B9 32 00 00

002:003:000:STREAM             1391447453.167541
 09 80 46 3C B9 32 00 00

002:003:000:STREAM             1391447453.171566
 09 80 46 3C B9 32 00 00

002:003:000:STREAM             1391447453.175559
 09 80 54 3C CC 32 00 00

002:003:000:STREAM             1391447453.179558
 09 80 54 3C CC 32 00 00

002:003:000:STREAM             1391447453.183558
 09 80 54 3C CC 32 00 00

002:003:000:STREAM             1391447453.191556
 09 80 54 3C CC 32 00 00

002:003:000:STREAM             1391447453.195522
 09 80 54 3C CC 32 00 00

002:003:000:STREAM             1391447453.199541
 09 80 54 3C CC 32 00 00

002:003:000:STREAM             1391447453.203549
 09 80 61 3C CC 32 00 00

002:003:000:STREAM             1391447453.207560
 09 80 61 3C CC 32 00 00

002:003:000:STREAM             1391447453.211571
 09 80 61 3C CC 32 00 00

002:003:000:STREAM             1391447453.215540
 09 80 61 3C CC 32 00 00

002:003:000:STREAM             1391447453.219560
 09 80 61 3C CC 32 00 00

002:003:000:STREAM             1391447453.223556
 09 80 61 3C CC 32 00 00

002:003:000:STREAM             1391447453.227564
 09 80 61 3C D9 32 00 00

002:003:000:STREAM             1391447453.231547
 09 80 61 3C D9 32 00 00

002:003:000:STREAM             1391447453.235551
 09 80 61 3C D9 32 00 00

002:003:000:STREAM             1391447453.239565
 09 80 6D 3C D9 32 00 00

002:003:000:STREAM             1391447453.243607
 09 80 6D 3C D9 32 00 00

002:003:000:STREAM             1391447453.247567
 09 80 6D 3C D9 32 00 00

002:003:000:STREAM             1391447453.251562
 09 80 6D 3C D9 32 00 00

002:003:000:STREAM             1391447453.255562
 09 80 6D 3C D9 32 00 00

002:003:000:STREAM             1391447453.259563
 09 80 6D 3C D9 32 00 00

002:003:000:STREAM             1391447453.263552
 09 80 6D 3C F0 32 00 00

002:003:000:STREAM             1391447453.267516
 09 80 7F 3C F0 32 00 00

002:003:000:STREAM             1391447453.271574
 09 80 7F 3C F0 32 00 00

002:003:000:STREAM             1391447453.275557
 09 80 7F 3C 05 33 00 00

002:003:000:STREAM             1391447453.279568
 09 80 7F 3C 05 33 00 00

002:003:000:STREAM             1391447453.283546
 09 80 91 3C 05 33 00 00

002:003:000:STREAM             1391447453.287553
 09 80 91 3C 19 33 00 00

002:003:000:STREAM             1391447453.295556
 09 80 91 3C 19 33 00 00

002:003:000:STREAM             1391447453.299554
 09 80 A1 3C 28 33 00 00

002:003:000:STREAM             1391447453.303560
 09 80 A1 3C 28 33 00 00

002:003:000:STREAM             1391447453.307559
 09 80 A1 3C 28 33 00 00

002:003:000:STREAM             1391447453.311559
 09 80 AF 3C 28 33 00 00

002:003:000:STREAM             1391447453.315504
 09 80 AF 3C 28 33 00 00

002:003:000:STREAM             1391447453.319553
 09 80 AF 3C 28 33 00 00

002:003:000:STREAM             1391447453.323556
 09 80 BD 3C 37 33 00 00

002:003:000:STREAM             1391447453.327559
 09 80 BD 3C 37 33 00 00

002:003:000:STREAM             1391447453.331562
 09 80 EF 3C 16 33 00 00

002:003:000:STREAM             1391447453.379563
 09 82 EF 3C 4A 33 00 00

002:003:000:STREAM             1391447453.383569
 09 82 EF 3C 4A 33 00 00

002:003:000:STREAM             1391447453.387584
 09 82 EF 3C 4A 33 00 00

002:003:000:STREAM             1391447453.395568
 09 82 EF 3C 4A 33 00 00

002:003:000:STREAM             1391447453.399562
 09 82 EF 3C 4A 33 00 00

002:003:000:STREAM             1391447453.403556
 09 82 EF 3C 4A 33 00 00

002:003:000:STREAM             1391447453.407571
 09 82 EF 3C 4A 33 00 00

002:003:000:STREAM             1391447453.411562
 09 82 EF 3C 51 33 00 00

002:003:000:STREAM             1391447453.415487
 09 82 EF 3C 51 33 00 00

002:003:000:STREAM             1391447453.419500
 09 82 EF 3C 51 33 00 00

002:003:000:STREAM             1391447453.427564
 09 82 EF 3C 51 33 00 00

002:003:000:STREAM             1391447453.431557
 09 82 EF 3C 51 33 00 00

002:003:000:STREAM             1391447453.435564
 09 82 EF 3C 51 33 00 00

002:003:000:STREAM             1391447453.439585
 09 82 EF 3C 51 33 00 00

002:003:000:STREAM             1391447453.443549
 09 82 EF 3C 51 33 00 00

002:003:000:STREAM             1391447453.447571
 09 82 EF 3C 51 33 00 00

002:003:000:STREAM             1391447453.451568
 09 82 EF 3C 51 33 00 00

002:003:000:STREAM             1391447453.455571
 09 82 EF 3C 51 33 00 00

002:003:000:STREAM             1391447453.463564
 09 82 EF 3C 51 33 00 00

002:003:000:STREAM             1391447453.467571
 09 82 EF 3C 51 33 00 00

002:003:000:STREAM             1391447453.471568
 09 82 EF 3C 51 33 00 00

002:003:000:STREAM             1391447453.475547
 09 82 EF 3C 51 33 00 00

002:003:000:STREAM             1391447453.479574
 09 82 EF 3C 58 33 00 00

002:003:000:STREAM             1391447453.483584
 09 82 EF 3C 58 33 00 00

002:003:000:STREAM             1391447453.487573
 09 82 EF 3C 58 33 00 00

002:003:000:STREAM             1391447453.495545
 09 82 EF 3C 58 33 00 00

002:003:000:STREAM             1391447453.499550
 09 82 E8 3C 58 33 00 00

002:003:000:STREAM             1391447453.503570
 09 82 E8 3C 58 33 00 00

002:003:000:STREAM             1391447453.507554
 09 82 E8 3C 58 33 00 00

002:003:000:STREAM             1391447453.511483
 09 82 E8 3C 4F 33 00 00

002:003:000:STREAM             1391447453.515549
 09 82 E0 3C 4F 33 00 00

002:003:000:STREAM             1391447453.519557
 09 82 E0 3C 45 33 00 00

002:003:000:STREAM             1391447453.527553
 09 82 D7 3C 45 33 00 00

002:003:000:STREAM             1391447453.531592
 09 82 D0 3C 3E 33 00 00

002:003:000:STREAM             1391447453.535555
 09 82 C8 3C 3E 33 00 00

002:003:000:STREAM             1391447453.579569
 09 80 8F 3C 13 33 00 00

002:003:000:STREAM             1391447453.583567
 09 80 8F 3C FE 32 00 00

002:003:000:STREAM             1391447453.587566
 09 80 8F 3C FE 32 00 00

002:003:000:STREAM             1391447453.591537
 09 80 8F 3C FE 32 00 00

002:003:000:STREAM             1391447453.595576
 09 80 8F 3C FE 32 00 00

002:003:000:STREAM             1391447453.599540
 09 80 8F 3C FE 32 00 00

002:003:000:STREAM             1391447453.603574
 09 80 7A 3C FE 32 00 00

002:003:000:STREAM             1391447453.607563
 09 80 7A 3C FE 32 00 00

002:003:000:STREAM             1391447453.611577
 09 80 7A 3C FE 32 00 00

002:003:000:STREAM             1391447453.615544
 09 80 67 3C FE 32 00 00

002:003:000:STREAM             1391447453.619570
 09 80 67 3C FE 32 00 00

002:003:000:STREAM             1391447453.623563
 09 80 67 3C E6 32 00 00

002:003:000:STREAM             1391447453.627537
 09 80 67 3C E6 32 00 00

002:003:000:STREAM             1391447453.635560
 09 80 52 3C E6 32 00 00

002:003:000:STREAM             1391447453.639520
 09 80 52 3C E6 32 00 00

002:003:000:STREAM             1391447453.643580
 09 80 52 3C E6 32 00 00

002:003:000:STREAM             1391447453.647542
 09 80 3E 3C E6 32 00 00

002:003:000:STREAM             1391447453.651542
 09 80 3E 3C E6 32 00 00

002:003:000:STREAM             1391447453.655579
 09 80 3E 3C E6 32 00 00

002:003:000:STREAM             1391447453.659544
 09 80 3E 3C E6 32 00 00

002:003:000:STREAM             1391447453.663586
 09 80 3E 3C CD 32 00 00

002:003:000:STREAM             1391447453.667576
 09 80 3E 3C CD 32 00 00

002:003:000:STREAM             1391447453.671536
 09 80 29 3C CD 32 00 00

002:003:000:STREAM             1391447453.675568
 09 80 29 3C CD 32 00 00

002:003:000:STREAM             1391447453.679569
 09 80 29 3C CD 32 00 00

002:003:000:STREAM             1391447453.683560
 09 80 29 3C CD 32 00 00

002:003:000:STREAM             1391447453.687573
 09 80 29 3C CD 32 00 00

002:003:000:STREAM             1391447453.691572
 09 80 29 3C CD 32 00 00

002:003:000:STREAM             1391447453.695569
 09 80 12 3C CD 32 00 00

002:003:000:STREAM             1391447453.699554
 09 80 12 3C CD 32 00 00

002:003:000:STREAM             1391447453.703578
 09 80 12 3C CD 32 00 00

002:003:000:STREAM             1391447453.707580
 09 80 00 3C CD 32 00 00

002:003:000:STREAM             1391447453.711579
 09 80 00 3C CD 32 00 00

002:003:000:STREAM             1391447453.715544
 09 80 00 3C CD 32 00 00

002:003:000:STREAM             1391447453.719577
 09 80 00 3C CD 32 00 00

002:003:000:STREAM             1391447453.723584
 09 80 00 3C CD 32 00 00

002:003:000:STREAM             1391447453.727569
 09 80 00 3C CD 32 00 00

002:003:000:STREAM             1391447453.731581
 09 80 00 3C CD 32 00 00

002:003:000:STREAM             1391447453.735583
 09 80 EA 3B CD 32 00 00

002:003:000:STREAM             1391447453.739570
 09 80 EA 3B CD 32 00 00

002:003:000:STREAM             1391447453.743576
 09 80 EA 3B CD 32 00 00

002:003:000:STREAM             1391447453.747583
 09 80 EA 3B CD 32 00 00

002:003:000:STREAM             1391447453.751572
 09 80 EA 3B CD 32 00 00

002:003:000:STREAM             1391447453.755587
 09 80 EA 3B CD 32 00 00

002:003:000:STREAM             1391447453.759556
 09 80 D7 3B CD 32 00 00

002:003:000:STREAM             1391447453.763523
 09 80 D7 3B DF 32 00 00

002:003:000:STREAM             1391447453.767586
 09 80 C2 3B DF 32 00 00

002:003:000:STREAM             1391447453.771586
 09 80 C2 3B DF 32 00 00

002:003:000:STREAM             1391447453.775571
 09 80 C2 3B DF 32 00 00

002:003:000:STREAM             1391447453.779517
 09 80 C2 3B DF 32 00 00

002:003:000:STREAM             1391447453.783577
 09 80 AC 3B DF 32 00 00

002:003:000:STREAM             1391447453.787581
 09 80 AC 3B F4 32 00 00

002:003:000:STREAM             1391447453.791576
 09 80 AC 3B F4 32 00 00

002:003:000:STREAM             1391447453.795581
 09 80 AC 3B F4 32 00 00

002:003:000:STREAM             1391447453.799574
 09 80 9A 3B F4 32 00 00

002:003:000:STREAM             1391447453.803568
 09 80 9A 3B F4 32 00 00

002:003:000:STREAM             1391447453.807583
 09 80 9A 3B F4 32 00 00

002:003:000:STREAM             1391447453.811582
 09 80 9A 3B F4 32 00 00

002:003:000:STREAM             1391447453.815555
 09 80 9A 3B F4 32 00 00

002:003:000:STREAM             1391447453.819584
 09 80 9A 3B F4 32 00 00

002:003:000:STREAM             1391447453.823625
 09 80 9A 3B F4 32 00 00

002:003:000:STREAM             1391447453.827568
 09 80 7C 3B F4 32 00 00

002:003:000:STREAM             1391447453.831576
 09 80 7C 3B F4 32 00 00

002:003:000:STREAM             1391447453.835577
 09 80 7C 3B F4 32 00 00

002:003:000:STREAM             1391447453.839585
 09 80 7C 3B F4 32 00 00

002:003:000:STREAM             1391447453.843572
 09 80 7C 3B F4 32 00 00

002:003:000:STREAM             1391447453.847583
 09 80 7C 3B 13 33 00 00

002:003:000:STREAM             1391447453.851588
 09 80 7C 3B 13 33 00 00

002:003:000:STREAM             1391447453.855525
 09 80 7C 3B 13 33 00 00

002:003:000:STREAM             1391447453.859583
 09 80 7C 3B 13 33 00 00

002:003:000:STREAM             1391447453.863568
 09 80 60 3B 13 33 00 00

002:003:000:STREAM             1391447453.867589
 09 80 60 3B 13 33 00 00

002:003:000:STREAM             1391447453.871611
 09 80 60 3B 13 33 00 00

002:003:000:STREAM             1391447453.875550
 09 80 60 3B 13 33 00 00

002:003:000:STREAM             1391447453.879578
 09 80 60 3B 13 33 00 00

002:003:000:STREAM             1391447453.883577
 09 80 60 3B 13 33 00 00

002:003:000:STREAM             1391447453.887581
 09 80 60 3B 13 33 00 00

002:003:000:STREAM             1391447453.891576
 09 80 60 3B 13 33 00 00

002:003:000:STREAM             1391447453.895580
 09 80 60 3B 2D 33 00 00

002:003:000:STREAM             1391447453.899564
 09 80 46 3B 2D 33 00 00

002:003:000:STREAM             1391447453.903518
 09 80 46 3B 2D 33 00 00

002:003:000:STREAM             1391447453.907590
 09 80 46 3B 2D 33 00 00

002:003:000:STREAM             1391447453.911585
 09 80 46 3B 2D 33 00 00

002:003:000:STREAM             1391447453.915583
 09 80 46 3B 2D 33 00 00

002:003:000:STREAM             1391447453.919532
 09 80 46 3B 4F 33 00 00

002:003:000:STREAM             1391447453.923583
 09 80 46 3B 4F 33 00 00

002:003:000:STREAM             1391447453.927585
 09 80 46 3B 4F 33 00 00

002:003:000:STREAM             1391447453.931575
 09 80 46 3B 6D 33 00 00

002:003:000:STREAM             1391447453.935501
 09 80 23 3B 6D 33 00 00

002:003:000:STREAM             1391447453.939582
 09 80 23 3B 6D 33 00 00

002:003:000:STREAM             1391447453.943586
 09 80 23 3B 6D 33 00 00

002:003:000:STREAM             1391447453.947587
 09 80 23 3B 6D 33 00 00

002:003:000:STREAM             1391447453.951579
 09 80 23 3B 6D 33 00 00

002:003:000:STREAM             1391447453.955592
 09 80 23 3B 6D 33 00 00

002:003:000:STREAM             1391447453.959578
 09 80 23 3B 6D 33 00 00

002:003:000:STREAM             1391447453.963544
 09 80 23 3B 6D 33 00 00

002:003:000:STREAM             1391447453.967586
 09 80 23 3B 6D 33 00 00

002:003:000:STREAM             1391447453.971563
 09 80 08 3B 87 33 00 00

002:003:000:STREAM             1391447453.975622
 09 80 08 3B 87 33 00 00

002:003:000:STREAM             1391447453.979585
 09 80 08 3B 87 33 00 00

002:003:000:STREAM             1391447453.983586
 09 80 08 3B 87 33 00 00

002:003:000:STREAM             1391447453.987582
 09 80 08 3B 87 33 00 00

002:003:000:STREAM             1391447453.991588
 09 80 08 3B 87 33 00 00

002:003:000:STREAM             1391447453.995568
 09 80 08 3B 87 33 00 00

002:003:000:STREAM             1391447453.999582
 09 80 08 3B 87 33 00 00

002:003:000:STREAM             1391447454.003585
 09 80 08 3B 87 33 00 00

002:003:000:STREAM             1391447454.007565
 09 80 08 3B 87 33 00 00

002:003:000:STREAM             1391447454.011580
 09 80 08 3B 87 33 00 00

002:003:000:STREAM             1391447454.015582
 09 80 08 3B 87 33 00 00

002:003:000:STREAM             1391447454.019581
 09 80 08 3B 87 33 00 00

002:003:000:STREAM             1391447454.023589
 09 80 08 3B 87 33 00 00

002:003:000:STREAM             1391447454.027582
 09 80 08 3B 87 33 00 00

002:003:000:STREAM             1391447454.031563
 09 80 08 3B 87 33 00 00

002:003:000:STREAM             1391447454.035582
 09 80 08 3B 87 33 00 00

002:003:000:STREAM             1391447454.039591
 09 80 08 3B 87 33 00 00

002:003:000:STREAM             1391447454.043585
 09 80 08 3B AC 33 00 00

002:003:000:STREAM             1391447454.047590
 09 80 08 3B AC 33 00 00

002:003:000:STREAM             1391447454.051584
 09 80 08 3B AC 33 00 00

002:003:000:STREAM             1391447454.055591
 09 80 08 3B AC 33 00 00

002:003:000:STREAM             1391447454.059600
 09 80 08 3B AC 33 00 00

002:003:000:STREAM             1391447454.063576
 09 80 08 3B AC 33 00 00

002:003:000:STREAM             1391447454.067589
 09 80 E4 3A AC 33 00 00

002:003:000:STREAM             1391447454.071544
 09 80 E4 3A AC 33 00 00

002:003:000:STREAM             1391447454.075590
 09 80 E4 3A D3 33 00 00

002:003:000:STREAM             1391447454.079590
 09 80 E4 3A D3 33 00 00

002:003:000:STREAM             1391447454.083595
 09 80 E4 3A D3 33 00 00

002:003:000:STREAM             1391447454.087589
 09 80 E4 3A D3 33 00 00

002:003:000:STREAM             1391447454.091590
 09 80 E4 3A D3 33 00 00

002:003:000:STREAM             1391447454.095580
 09 80 E4 3A D3 33 00 00

002:003:000:STREAM             1391447454.099565
 09 80 E4 3A D3 33 00 00

002:003:000:STREAM             1391447454.103554
 09 80 E4 3A D3 33 00 00

002:003:000:STREAM             1391447454.107588
 09 80 E4 3A D3 33 00 00

002:003:000:STREAM             1391447454.111597
 09 80 E4 3A D3 33 00 00

002:003:000:STREAM             1391447454.115555
 09 80 E4 3A D3 33 00 00

002:003:000:STREAM             1391447454.119530
 09 80 E4 3A F5 33 00 00

002:003:000:STREAM             1391447454.123592
 09 80 E4 3A F5 33 00 00

002:003:000:STREAM             1391447454.127592
 09 80 E4 3A F5 33 00 00

002:003:000:STREAM             1391447454.131515
 09 80 E4 3A F5 33 00 00

002:003:000:STREAM             1391447454.135547
 09 80 C2 3A F5 33 00 00

002:003:000:STREAM             1391447454.139586
 09 80 C2 3A F5 33 00 00

002:003:000:STREAM             1391447454.143592
 09 80 C2 3A F5 33 00 00

002:003:000:STREAM             1391447454.147592
 09 80 C2 3A F5 33 00 00

002:003:000:STREAM             1391447454.151588
 09 80 C2 3A F5 33 00 00

002:003:000:STREAM             1391447454.155575
 09 80 C2 3A F5 33 00 00

002:003:000:STREAM             1391447454.159573
 09 80 C2 3A F5 33 00 00

002:003:000:STREAM             1391447454.163591
 09 80 C2 3A F5 33 00 00

002:003:000:STREAM             1391447454.167582
 09 80 C2 3A 1F 34 00 00

002:003:000:STREAM             1391447454.171543
 09 80 C2 3A 1F 34 00 00

002:003:000:STREAM             1391447454.175559
 09 80 C2 3A 47 34 00 00

002:003:000:STREAM             1391447454.179560
 09 80 C2 3A 47 34 00 00

002:003:000:STREAM             1391447454.183579
 09 80 96 3A 47 34 00 00

002:003:000:STREAM             1391447454.187586
 09 80 96 3A 6C 34 00 00

002:003:000:STREAM             1391447454.191584
 09 80 96 3A 6C 34 00 00

002:003:000:STREAM             1391447454.195537
 09 80 96 3A 6C 34 00 00

002:003:000:STREAM             1391447454.199581
 09 80 96 3A 6C 34 00 00

002:003:000:STREAM             1391447454.203590
 09 80 96 3A 6C 34 00 00

002:003:000:STREAM             1391447454.207587
 09 80 96 3A 6C 34 00 00

002:003:000:STREAM             1391447454.211586
 09 80 96 3A 6C 34 00 00

002:003:000:STREAM             1391447454.215560
 09 80 96 3A 6C 34 00 00

002:003:000:STREAM             1391447454.219586
 09 80 96 3A 6C 34 00 00

002:003:000:STREAM             1391447454.223589
 09 80 96 3A 6C 34 00 00

002:003:000:STREAM             1391447454.227578
 09 80 96 3A 6C 34 00 00

002:003:000:STREAM             1391447454.231514
 09 80 96 3A 6C 34 00 00

002:003:000:STREAM             1391447454.235585
 09 80 96 3A 6C 34 00 00

002:003:000:STREAM             1391447454.239596
 09 80 96 3A 6C 34 00 00

002:003:000:STREAM             1391447454.243589
 09 80 96 3A 6C 34 00 00

002:003:000:STREAM             1391447454.247579
 09 80 96 3A 92 34 00 00

002:003:000:STREAM             1391447454.251586
 09 80 72 3A 92 34 00 00

002:003:000:STREAM             1391447454.255594
 09 80 72 3A 92 34 00 00

002:003:000:STREAM             1391447454.259602
 09 80 72 3A 92 34 00 00

002:003:000:STREAM             1391447454.263586
 09 80 72 3A 92 34 00 00

002:003:000:STREAM             1391447454.267586
 09 80 72 3A 92 34 00 00

002:003:000:STREAM             1391447454.271543
 09 80 72 3A 92 34 00 00

002:003:000:STREAM             1391447454.275564
 09 80 72 3A 92 34 00 00

002:003:000:STREAM             1391447454.279585
 09 80 72 3A 92 34 00 00

002:003:000:STREAM             1391447454.283572
 09 80 72 3A 92 34 00 00

002:003:000:STREAM             1391447454.287594
 09 80 72 3A 92 34 00 00

002:003:000:STREAM             1391447454.291589
 09 80 72 3A 92 34 00 00

002:003:000:STREAM             1391447454.295597
 09 80 72 3A 92 34 00 00

002:003:000:STREAM             1391447454.299588
 09 80 95 3A 92 34 00 00

002:003:000:STREAM             1391447454.303591
 09 80 95 3A 92 34 00 00

002:003:000:STREAM             1391447454.307601
 09 80 95 3A 92 34 00 00

002:003:000:STREAM             1391447454.311577
 09 80 95 3A 92 34 00 00

002:003:000:STREAM             1391447454.315603
 09 80 95 3A 92 34 00 00

002:003:000:STREAM             1391447454.319577
 09 80 95 3A 92 34 00 00

002:003:000:STREAM             1391447454.323579
 09 80 70 3A 92 34 00 00

002:003:000:STREAM             1391447454.327604
 09 80 70 3A 92 34 00 00

002:003:000:STREAM             1391447454.331549
 09 80 70 3A 92 34 00 00

002:003:000:STREAM             1391447454.335544
 09 80 70 3A 92 34 00 00

002:003:000:STREAM             1391447454.339609
 09 80 70 3A 92 34 00 00

002:003:000:STREAM             1391447454.343577
 09 80 70 3A 92 34 00 00

002:003:000:STREAM             1391447454.347586
 09 80 70 3A 92 34 00 00

002:003:000:STREAM             1391447454.351561
 09 80 70 3A 92 34 00 00

002:003:000:STREAM             1391447454.355597
 09 80 70 3A 92 34 00 00

002:003:000:STREAM             1391447454.359594
 09 80 70 3A 92 34 00 00

002:003:000:STREAM             1391447454.363592
 09 80 70 3A 92 34 00 00

002:003:000:STREAM             1391447454.367576
 09 80 70 3A 92 34 00 00

002:003:000:STREAM             1391447454.371623
 09 80 70 3A 92 34 00 00

002:003:000:STREAM             1391447454.375586
 09 80 70 3A 92 34 00 00

002:003:000:STREAM             1391447454.379582
 09 80 70 3A 92 34 00 00

002:003:000:STREAM             1391447454.383604
 09 80 70 3A 92 34 00 00

002:003:000:STREAM             1391447454.387550
 09 80 70 3A 92 34 00 00

002:003:000:STREAM             1391447454.391602
 09 80 70 3A 92 34 00 00

002:003:000:STREAM             1391447454.395584
 09 80 70 3A 92 34 00 00

002:003:000:STREAM             1391447454.399597
 09 80 70 3A 92 34 00 00

002:003:000:STREAM             1391447454.403589
 09 80 70 3A 92 34 00 00

002:003:000:STREAM             1391447454.407582
 09 80 70 3A 92 34 00 00

002:003:000:STREAM             1391447454.411535
 09 80 70 3A 92 34 00 00

002:003:000:STREAM             1391447454.415620
 09 80 70 3A 92 34 00 00

002:003:000:STREAM             1391447454.419582
 09 80 70 3A 92 34 00 00

002:003:000:STREAM             1391447454.423562
 09 80 70 3A 92 34 00 00

002:003:000:STREAM             1391447454.427598
 09 80 70 3A 92 34 00 00

002:003:000:STREAM             1391447454.431533
 09 80 70 3A 92 34 00 00

002:003:000:STREAM             1391447454.435600
 09 80 70 3A 92 34 00 00

002:003:000:STREAM             1391447454.439575
 09 80 70 3A 92 34 00 00

002:003:000:STREAM             1391447454.443612
 09 80 70 3A 92 34 00 00

002:003:000:STREAM             1391447454.447561
 09 80 70 3A 92 34 00 00

002:003:000:STREAM             1391447454.451585
 09 80 70 3A 92 34 00 00

002:003:000:STREAM             1391447454.455597
 09 80 70 3A 92 34 00 00

002:003:000:STREAM             1391447454.459630
 09 80 8A 3A 92 34 00 00

002:003:000:STREAM             1391447454.463592
 09 80 8A 3A 92 34 00 00

002:003:000:STREAM             1391447454.467589
 09 80 8A 3A 92 34 00 00

002:003:000:STREAM             1391447454.471544
 09 80 8A 3A 92 34 00 00

002:003:000:STREAM             1391447454.475607
 09 80 8A 3A 92 34 00 00

002:003:000:STREAM             1391447454.479593
 09 80 8A 3A 92 34 00 00

002:003:000:STREAM             1391447454.483583
 09 80 8A 3A 92 34 00 00

002:003:000:STREAM             1391447454.487599
 09 80 8A 3A 92 34 00 00

002:003:000:STREAM             1391447454.491576
 09 80 8A 3A 92 34 00 00

002:003:000:STREAM             1391447454.495588
 09 80 8A 3A 92 34 00 00

002:003:000:STREAM             1391447454.499588
 09 80 8A 3A 92 34 00 00

002:003:000:STREAM             1391447454.503599
 09 80 8A 3A 92 34 00 00

002:003:000:STREAM             1391447454.507590
 09 80 8A 3A 92 34 00 00

002:003:000:STREAM             1391447454.511611
 09 80 8A 3A 92 34 00 00

002:003:000:STREAM             1391447454.515566
 09 80 8A 3A 92 34 00 00

002:003:000:STREAM             1391447454.519547
 09 80 8A 3A 92 34 00 00

002:003:000:STREAM             1391447454.523592
 09 80 8A 3A 92 34 00 00

002:003:000:STREAM             1391447454.527591
 09 80 8A 3A 92 34 00 00

002:003:000:STREAM             1391447454.531548
 09 80 8A 3A 92 34 00 00

002:003:000:STREAM             1391447454.535604
 09 80 8A 3A 92 34 00 00

002:003:000:STREAM             1391447454.539600
 09 80 8A 3A 92 34 00 00

002:003:000:STREAM             1391447454.543595
 09 80 8A 3A 92 34 00 00

002:003:000:STREAM             1391447454.547603
 09 80 8A 3A 92 34 00 00

002:003:000:STREAM             1391447454.551587
 09 80 8A 3A 92 34 00 00

002:003:000:STREAM             1391447454.555594
 09 80 8A 3A 92 34 00 00

002:003:000:STREAM             1391447454.559582
 09 80 8A 3A 92 34 00 00

002:003:000:STREAM             1391447454.563587
 09 80 8A 3A 92 34 00 00

002:003:000:STREAM             1391447454.567597
 09 80 8A 3A 92 34 00 00

002:003:000:STREAM             1391447454.571544
 09 80 8A 3A 92 34 00 00

002:003:000:STREAM             1391447454.575585
 09 80 8A 3A 92 34 00 00

002:003:000:STREAM             1391447454.579564
 09 80 8A 3A 92 34 00 00

002:003:000:STREAM             1391447454.583597
 09 80 8A 3A 92 34 00 00

002:003:000:STREAM             1391447454.587586
 09 80 8A 3A 92 34 00 00

002:003:000:STREAM             1391447454.591568
 09 80 8A 3A 92 34 00 00

002:003:000:STREAM             1391447454.595604
 09 80 8A 3A 92 34 00 00

002:003:000:STREAM             1391447454.599605
 09 80 8A 3A 92 34 00 00

002:003:000:STREAM             1391447454.603601
 09 80 8A 3A 92 34 00 00

002:003:000:STREAM             1391447454.607587
 09 80 8A 3A 92 34 00 00

002:003:000:STREAM             1391447454.611601
 09 80 8A 3A 92 34 00 00

002:003:000:STREAM             1391447454.615597
 09 80 8A 3A 92 34 00 00

002:003:000:STREAM             1391447454.619605
 09 80 8A 3A 92 34 00 00

002:003:000:STREAM             1391447454.623606
 09 80 8A 3A 92 34 00 00

002:003:000:STREAM             1391447454.627600
 09 80 8A 3A 92 34 00 00

002:003:000:STREAM             1391447454.631617
 09 80 8A 3A 92 34 00 00

002:003:000:STREAM             1391447454.635561
 09 80 8A 3A 92 34 00 00

002:003:000:STREAM             1391447454.639607
 09 80 8A 3A 92 34 00 00

002:003:000:STREAM             1391447454.643606
 09 80 8A 3A 92 34 00 00

002:003:000:STREAM             1391447454.647601
 09 80 8A 3A 92 34 00 00

002:003:000:STREAM             1391447454.651587
 09 80 8A 3A 92 34 00 00

002:003:000:STREAM             1391447454.655602
 09 80 8A 3A 92 34 00 00

002:003:000:STREAM             1391447454.659570
 09 80 8A 3A 92 34 00 00

002:003:000:STREAM             1391447454.663617
 09 80 8A 3A 92 34 00 00

002:003:000:STREAM             1391447454.667593
 09 80 8A 3A 92 34 00 00

002:003:000:STREAM             1391447454.671607
 09 80 8A 3A 92 34 00 00

002:003:000:STREAM             1391447454.675582
 09 80 8A 3A 92 34 00 00

002:003:000:STREAM             1391447454.679606
 09 80 8A 3A 92 34 00 00

002:003:000:STREAM             1391447454.683584
 09 80 8A 3A 92 34 00 00

002:003:000:STREAM             1391447454.687597
 09 80 8A 3A 92 34 00 00

002:003:000:STREAM             1391447454.691594
 09 80 8A 3A 92 34 00 00

002:003:000:STREAM             1391447454.695601
 09 80 8A 3A 92 34 00 00

002:003:000:STREAM             1391447454.699575
 09 80 8A 3A 92 34 00 00

002:003:000:STREAM             1391447454.703603
 09 80 8A 3A 92 34 00 00

002:003:000:STREAM             1391447454.707599
 09 80 8A 3A 92 34 00 00

002:003:000:STREAM             1391447454.711635
 09 80 8A 3A 92 34 00 00

002:003:000:STREAM             1391447454.715580
 09 80 8A 3A 92 34 00 00

002:003:000:STREAM             1391447454.719622
 09 80 8A 3A 92 34 00 00

002:003:000:STREAM             1391447454.723579
 09 80 8A 3A 92 34 00 00

002:003:000:STREAM             1391447454.727598
 09 80 8A 3A 92 34 00 00

002:003:000:STREAM             1391447454.731584
 09 80 8A 3A 92 34 00 00

002:003:000:STREAM             1391447454.735581
 09 80 8A 3A 92 34 00 00

002:003:000:STREAM             1391447454.739598
 09 80 8A 3A 92 34 00 00

002:003:000:STREAM             1391447454.743592
 09 80 8A 3A 92 34 00 00

002:003:000:STREAM             1391447454.747605
 09 80 8A 3A 92 34 00 00

002:003:000:STREAM             1391447454.751620
 09 80 8A 3A 92 34 00 00

002:003:000:STREAM             1391447454.755561
 09 80 8A 3A 92 34 00 00

002:003:000:STREAM             1391447454.759594
 09 80 8A 3A 92 34 00 00

002:003:000:STREAM             1391447454.763604
 09 80 8A 3A 92 34 00 00

002:003:000:STREAM             1391447454.767565
 09 80 8A 3A 92 34 00 00

002:003:000:STREAM             1391447454.771621
 09 80 8A 3A 92 34 00 00

002:003:000:STREAM             1391447454.775622
 09 80 8A 3A 92 34 00 00

002:003:000:STREAM             1391447454.779599
 09 80 8A 3A 92 34 00 00

002:003:000:STREAM             1391447454.783592
 09 80 8A 3A 92 34 00 00

002:003:000:STREAM             1391447454.787590
 09 80 8A 3A 92 34 00 00

002:003:000:STREAM             1391447454.791611
 09 80 8A 3A 92 34 00 00

002:003:000:STREAM             1391447454.795610
 09 80 8A 3A 92 34 00 00

002:003:000:STREAM             1391447454.799575
 09 80 8A 3A 92 34 00 00

002:003:000:STREAM             1391447454.803616
 09 80 8A 3A 92 34 00 00

002:003:000:STREAM             1391447454.807639
 09 80 9D 3A 92 34 00 00

002:003:000:STREAM             1391447454.811605
 09 80 9D 3A 92 34 00 00

002:003:000:STREAM             1391447454.815605
 09 80 9D 3A 92 34 00 00

002:003:000:STREAM             1391447454.819597
 09 80 9D 3A 92 34 00 00

002:003:000:STREAM             1391447454.823611
 09 80 9D 3A 92 34 00 00

002:003:000:STREAM             1391447454.827618
 09 80 9D 3A 92 34 00 00

002:003:000:STREAM             1391447454.831573
 09 80 9D 3A 92 34 00 00

002:003:000:STREAM             1391447454.835592
 09 80 9D 3A 92 34 00 00

002:003:000:STREAM             1391447454.839581
 09 80 9D 3A 92 34 00 00

002:003:000:STREAM             1391447454.843614
 09 80 9D 3A 92 34 00 00

002:003:000:STREAM             1391447454.847606
 09 80 9D 3A 92 34 00 00

002:003:000:STREAM             1391447454.851608
 09 80 9D 3A 92 34 00 00

002:003:000:STREAM             1391447454.855613
 09 80 9D 3A 92 34 00 00

002:003:000:STREAM             1391447454.859578
 09 80 9D 3A 92 34 00 00

002:003:000:STREAM             1391447454.863611
 09 80 9D 3A 92 34 00 00

002:003:000:STREAM             1391447454.867583
 09 80 9D 3A A4 34 00 00

002:003:000:STREAM             1391447454.871567
 09 80 B0 3A A4 34 00 00

002:003:000:STREAM             1391447454.875605
 09 80 B0 3A A4 34 00 00

002:003:000:STREAM             1391447454.879613
 09 80 B0 3A A4 34 00 00

002:003:000:STREAM             1391447454.883595
 09 80 B0 3A A4 34 00 00

002:003:000:STREAM             1391447454.887599
 09 80 B0 3A A4 34 00 00

002:003:000:STREAM             1391447454.891572
 09 80 B0 3A A4 34 00 00

002:003:000:STREAM             1391447454.895607
 09 84 B0 3A A4 34 00 00

002:003:000:STREAM             1391447454.899602
 09 84 B0 3A A4 34 00 00

002:003:000:STREAM             1391447454.903597
 09 84 B0 3A AE 34 00 00

002:003:000:STREAM             1391447454.907602
 09 84 B0 3A AE 34 00 00

002:003:000:STREAM             1391447454.911618
 09 84 BF 3A AE 34 00 00

002:003:000:STREAM             1391447454.915593
 09 84 BF 3A B9 34 00 00

002:003:000:STREAM             1391447454.919600
 09 84 BF 3A B9 34 00 00

002:003:000:STREAM             1391447454.923613
 09 84 BF 3A B9 34 00 00

002:003:000:STREAM             1391447454.927614
 09 84 CB 3A B9 34 00 00

002:003:000:STREAM             1391447454.931557
 09 84 CB 3A B9 34 00 00

002:003:000:STREAM             1391447454.935620
 09 84 CB 3A B9 34 00 00

002:003:000:STREAM             1391447454.939621
 09 84 CB 3A B9 34 00 00

002:003:000:STREAM             1391447454.943612
 09 84 CB 3A B9 34 00 00

002:003:000:STREAM             1391447454.947617
 09 84 D7 3A B9 34 00 00

002:003:000:STREAM             1391447454.951555
 09 84 D7 3A C3 34 00 00

002:003:000:STREAM             1391447454.955616
 09 84 D7 3A C3 34 00 00

002:003:000:STREAM             1391447454.963553
 09 84 D7 3A C3 34 00 00

002:003:000:STREAM             1391447454.967582
 09 84 D7 3A C3 34 00 00

002:003:000:STREAM             1391447454.971585
 09 84 E2 3A C3 34 00 00

002:003:000:STREAM             1391447454.975581
 09 84 E2 3A C3 34 00 00

002:003:000:STREAM             1391447454.979595
 09 84 E2 3A C3 34 00 00

002:003:000:STREAM             1391447454.983604
 09 84 EC 3A C3 34 00 00

002:003:000:STREAM             1391447454.987602
 09 84 EC 3A C3 34 00 00

002:003:000:STREAM             1391447454.991617
 09 84 EC 3A C3 34 00 00

002:003:000:STREAM             1391447454.995605
 09 84 EC 3A C3 34 00 00

002:003:000:STREAM             1391447454.999604
 09 84 EC 3A C3 34 00 00

002:003:000:STREAM             1391447455.003603
 09 84 EC 3A C3 34 00 00

002:003:000:STREAM             1391447455.011610
 09 84 EC 3A C3 34 00 00

002:003:000:STREAM             1391447455.015599
 09 84 EC 3A C3 34 00 00

002:003:000:STREAM             1391447455.019616
 09 84 EC 3A C3 34 00 00

002:003:000:STREAM             1391447455.023625
 09 84 EC 3A C3 34 00 00

002:003:000:STREAM             1391447455.027588
 09 84 E1 3A C3 34 00 00

002:003:000:STREAM             1391447455.031586
 09 84 E1 3A C3 34 00 00

002:003:000:STREAM             1391447455.035583
 09 84 E1 3A C3 34 00 00

002:003:000:STREAM             1391447455.039617
 09 84 E1 3A C3 34 00 00

002:003:000:STREAM             1391447455.043621
 09 84 E1 3A C3 34 00 00

002:003:000:STREAM             1391447455.047633
 09 84 E1 3A C3 34 00 00

002:003:000:STREAM             1391447455.051618
 09 84 E1 3A B8 34 00 00

002:003:000:STREAM             1391447455.055616
 09 84 E1 3A B8 34 00 00

002:003:000:STREAM             1391447455.063626
 09 84 D7 3A B8 34 00 00

002:003:000:STREAM             1391447455.067599
 09 84 D7 3A B8 34 00 00

002:003:000:STREAM             1391447455.071624
 09 84 D7 3A B8 34 00 00

002:003:000:STREAM             1391447455.075618
 09 80 D7 3A B8 34 00 00

002:003:000:STREAM             1391447455.079629
 09 80 D7 3A B8 34 00 00

002:003:000:STREAM             1391447455.083617
 09 84 D7 3A B8 34 00 00

002:003:000:STREAM             1391447455.087561
 09 84 D7 3A B8 34 00 00

002:003:000:STREAM             1391447455.091615
 09 80 D7 3A B8 34 00 00

002:003:000:STREAM             1391447455.095621
 09 84 D7 3A B8 34 00 00

002:003:000:STREAM             1391447455.099621
 09 84 D7 3A B8 34 00 00

002:003:000:STREAM             1391447455.103607
 09 80 D7 3A B8 34 00 00

002:003:000:STREAM             1391447455.107619
 09 80 D7 3A B8 34 00 00

002:003:000:STREAM             1391447455.111620
 09 80 D7 3A B8 34 00 00

002:003:000:STREAM             1391447455.115607
 09 80 D7 3A B8 34 00 00

002:003:000:STREAM             1391447455.119619
 09 80 D7 3A A4 34 00 00

002:003:000:STREAM             1391447455.123630
 09 80 D7 3A A4 34 00 00

002:003:000:STREAM             1391447455.127619
 09 80 D7 3A A4 34 00 00

002:003:000:STREAM             1391447455.131582
 09 80 BA 3A A4 34 00 00

002:003:000:STREAM             1391447455.135616
 09 80 BA 3A A4 34 00 00

002:003:000:STREAM             1391447455.139620
 09 80 BA 3A A4 34 00 00

002:003:000:STREAM             1391447455.143628
 09 80 BA 3A A4 34 00 00

002:003:000:STREAM             1391447455.147619
 09 80 BA 3A A4 34 00 00

002:003:000:STREAM             1391447455.151620
 09 80 BA 3A A4 34 00 00

002:003:000:STREAM             1391447455.155596
 09 80 BA 3A A4 34 00 00

002:003:000:STREAM             1391447455.163618
 09 80 BA 3A A4 34 00 00

002:003:000:STREAM             1391447455.167613
 09 80 BA 3A A4 34 00 00

002:003:000:STREAM             1391447455.171585
 09 80 BA 3A A4 34 00 00

002:003:000:STREAM             1391447455.175613
 09 80 BA 3A A4 34 00 00

002:003:000:STREAM             1391447455.179562
 09 80 BA 3A A4 34 00 00

002:003:000:STREAM             1391447455.183644
 09 80 BA 3A A4 34 00 00

002:003:000:STREAM             1391447455.187549
 09 80 BA 3A A4 34 00 00

002:003:000:STREAM             1391447455.191596
 09 80 BA 3A A4 34 00 00

002:003:000:STREAM             1391447455.195582
 09 80 BA 3A A4 34 00 00

002:003:000:STREAM             1391447455.199589
 09 80 BA 3A A4 34 00 00

002:003:000:STREAM             1391447455.203613
 09 80 BA 3A A4 34 00 00

002:003:000:STREAM             1391447455.207613
 09 80 BA 3A A4 34 00 00

002:003:000:STREAM             1391447455.211616
 09 80 BA 3A A4 34 00 00

002:003:000:STREAM             1391447455.215597
 09 80 BA 3A A4 34 00 00

002:003:000:STREAM             1391447455.219617
 09 80 BA 3A A4 34 00 00

002:003:000:STREAM             1391447455.223623
 09 80 BA 3A A4 34 00 00

002:003:000:STREAM             1391447455.227623
 09 80 BA 3A A4 34 00 00

002:003:000:STREAM             1391447455.231582
 09 80 BA 3A A4 34 00 00

002:003:000:STREAM             1391447455.235614
 09 80 BA 3A A4 34 00 00

002:003:000:STREAM             1391447455.239614
 09 80 BA 3A A4 34 00 00

002:003:000:STREAM             1391447455.243594
 09 80 A0 3A A4 34 00 00

002:003:000:STREAM             1391447455.247609
 09 80 A0 3A A4 34 00 00

002:003:000:STREAM             1391447455.251594
 09 80 A0 3A A4 34 00 00

002:003:000:STREAM             1391447455.255610
 09 80 A0 3A A4 34 00 00

002:003:000:STREAM             1391447455.259620
 09 80 A0 3A A4 34 00 00

002:003:000:STREAM             1391447455.263557
 09 80 A0 3A A4 34 00 00

002:003:000:STREAM             1391447455.267626
 09 80 A0 3A A4 34 00 00

002:003:000:STREAM             1391447455.271574
 09 80 A0 3A A4 34 00 00

002:003:000:STREAM             1391447455.275625
 09 80 A0 3A A4 34 00 00

002:003:000:STREAM             1391447455.279616
 09 80 A0 3A A4 34 00 00

002:003:000:STREAM             1391447455.283624
 09 80 A0 3A A4 34 00 00

002:003:000:STREAM             1391447455.287617
 09 80 A0 3A A4 34 00 00

002:003:000:STREAM             1391447455.291590
 09 80 A0 3A A4 34 00 00

002:003:000:STREAM             1391447455.295624
 09 80 A0 3A A4 34 00 00

002:003:000:STREAM             1391447455.299585
 09 80 A0 3A A4 34 00 00

002:003:000:STREAM             1391447455.303614
 09 80 A0 3A A4 34 00 00

002:003:000:STREAM             1391447455.307624
 09 80 A0 3A A4 34 00 00

002:003:000:STREAM             1391447455.311605
 09 80 85 3A BF 34 00 00

002:003:000:STREAM             1391447455.315602
 09 80 85 3A BF 34 00 00

002:003:000:STREAM             1391447455.319567
 09 80 85 3A BF 34 00 00

002:003:000:STREAM             1391447455.323629
 09 80 85 3A BF 34 00 00

002:003:000:STREAM             1391447455.327626
 09 80 85 3A BF 34 00 00

002:003:000:STREAM             1391447455.331567
 09 80 85 3A BF 34 00 00

002:003:000:STREAM             1391447455.335572
 09 80 85 3A BF 34 00 00

002:003:000:STREAM             1391447455.339625
 09 80 85 3A DB 34 00 00

002:003:000:STREAM             1391447455.343620
 09 80 85 3A DB 34 00 00

002:003:000:STREAM             1391447455.347616
 09 80 85 3A DB 34 00 00

002:003:000:STREAM             1391447455.351613
 09 80 85 3A DB 34 00 00

002:003:000:STREAM             1391447455.355630
 09 80 85 3A DB 34 00 00

002:003:000:STREAM             1391447455.359593
 09 80 85 3A DB 34 00 00

002:003:000:STREAM             1391447455.363614
 09 80 85 3A DB 34 00 00

002:003:000:STREAM             1391447455.367620
 09 80 85 3A DB 34 00 00

002:003:000:STREAM             1391447455.371552
 09 80 85 3A DB 34 00 00

002:003:000:STREAM             1391447455.375608
 09 80 85 3A DB 34 00 00

002:003:000:STREAM             1391447455.379593
 09 80 85 3A DB 34 00 00

002:003:000:STREAM             1391447455.383585
 09 80 6A 3A DB 34 00 00

002:003:000:STREAM             1391447455.387612
 09 80 6A 3A DB 34 00 00

002:003:000:STREAM             1391447455.391625
 09 80 6A 3A DB 34 00 00

002:003:000:STREAM             1391447455.395623
 09 80 6A 3A DB 34 00 00

002:003:000:STREAM             1391447455.399593
 09 80 6A 3A DB 34 00 00

002:003:000:STREAM             1391447455.403608
 09 80 6A 3A DB 34 00 00

002:003:000:STREAM             1391447455.407632
 09 80 6A 3A DB 34 00 00

002:003:000:STREAM             1391447455.411640
 09 80 6A 3A DB 34 00 00

002:003:000:STREAM             1391447455.415617
 09 80 6A 3A DB 34 00 00

002:003:000:STREAM             1391447455.419632
 09 80 6A 3A DB 34 00 00

002:003:000:STREAM             1391447455.423599
 09 80 4D 3A DB 34 00 00

002:003:000:STREAM             1391447455.427622
 09 80 4D 3A DB 34 00 00

002:003:000:STREAM             1391447455.431590
 09 80 4D 3A DB 34 00 00

002:003:000:STREAM             1391447455.435590
 09 80 4D 3A DB 34 00 00

002:003:000:STREAM             1391447455.439616
 09 80 4D 3A DB 34 00 00

002:003:000:STREAM             1391447455.443623
 09 80 4D 3A DB 34 00 00

002:003:000:STREAM             1391447455.447628
 09 80 4D 3A DB 34 00 00

002:003:000:STREAM             1391447455.451608
 09 80 4D 3A DB 34 00 00

002:003:000:STREAM             1391447455.455624
 09 80 4D 3A DB 34 00 00

002:003:000:STREAM             1391447455.459628
 09 80 4D 3A DB 34 00 00

002:003:000:STREAM             1391447455.463609
 09 80 4D 3A DB 34 00 00

002:003:000:STREAM             1391447455.467600
 09 80 4D 3A DB 34 00 00

002:003:000:STREAM             1391447455.471631
 09 80 32 3A DB 34 00 00

002:003:000:STREAM             1391447455.475623
 09 80 32 3A DB 34 00 00

002:003:000:STREAM             1391447455.479629
 09 80 32 3A DB 34 00 00

002:003:000:STREAM             1391447455.483633
 09 80 32 3A DB 34 00 00

002:003:000:STREAM             1391447455.487626
 09 80 32 3A DB 34 00 00

002:003:000:STREAM             1391447455.491630
 09 80 32 3A DB 34 00 00

002:003:000:STREAM             1391447455.495634
 09 80 32 3A DB 34 00 00

002:003:000:STREAM             1391447455.499614
 09 80 32 3A DB 34 00 00

002:003:000:STREAM             1391447455.503611
 09 80 32 3A DB 34 00 00

002:003:000:STREAM             1391447455.507629
 09 80 32 3A DB 34 00 00

002:003:000:STREAM             1391447455.511626
 09 80 32 3A DB 34 00 00

002:003:000:STREAM             1391447455.515601
 09 80 32 3A DB 34 00 00

002:003:000:STREAM             1391447455.519569
 09 80 32 3A DB 34 00 00

002:003:000:STREAM             1391447455.523623
 09 80 32 3A DB 34 00 00

002:003:000:STREAM             1391447455.527630
 09 80 32 3A DB 34 00 00

002:003:000:STREAM             1391447455.531609
 09 80 32 3A DB 34 00 00

002:003:000:STREAM             1391447455.535563
 09 80 32 3A DB 34 00 00

002:003:000:STREAM             1391447455.539641
 09 80 32 3A DB 34 00 00

002:003:000:STREAM             1391447455.543632
 09 80 32 3A DB 34 00 00

002:003:000:STREAM             1391447455.547572
 09 80 32 3A DB 34 00 00

002:003:000:STREAM             1391447455.551633
 09 80 32 3A DB 34 00 00

002:003:000:STREAM             1391447455.555596
 09 80 32 3A DB 34 00 00

002:003:000:STREAM             1391447455.559625
 09 80 32 3A DB 34 00 00

002:003:000:STREAM             1391447455.563620
 09 80 32 3A DB 34 00 00

002:003:000:STREAM             1391447455.567656
 09 80 32 3A DB 34 00 00

002:003:000:STREAM             1391447455.571632
 09 80 32 3A DB 34 00 00

002:003:000:STREAM             1391447455.575662
 09 80 32 3A DB 34 00 00

002:003:000:STREAM             1391447455.579614
 09 80 32 3A DB 34 00 00

002:003:000:STREAM             1391447455.583617
 09 80 32 3A DB 34 00 00

002:003:000:STREAM             1391447455.587636
 09 80 32 3A DB 34 00 00

002:003:000:STREAM             1391447455.591602
 09 80 32 3A DB 34 00 00

002:003:000:STREAM             1391447455.595618
 09 80 32 3A DB 34 00 00

002:003:000:STREAM             1391447455.599619
 09 80 32 3A DB 34 00 00

002:003:000:STREAM             1391447455.603613
 09 80 32 3A DB 34 00 00

002:003:000:STREAM             1391447455.607609
 09 80 32 3A DB 34 00 00

002:003:000:STREAM             1391447455.611639
 09 80 32 3A DB 34 00 00

002:003:000:STREAM             1391447455.615618
 09 80 32 3A DB 34 00 00

002:003:000:STREAM             1391447455.619614
 09 80 32 3A DB 34 00 00

002:003:000:STREAM             1391447455.623615
 09 80 32 3A F6 34 00 00

002:003:000:STREAM             1391447455.627639
 09 80 32 3A F6 34 00 00

002:003:000:STREAM             1391447455.631585
 09 80 32 3A F6 34 00 00

002:003:000:STREAM             1391447455.635633
 09 80 32 3A F6 34 00 00

002:003:000:STREAM             1391447455.639632
 09 80 32 3A F6 34 00 00

002:003:000:STREAM             1391447455.643636
 09 80 32 3A F6 34 00 00

002:003:000:STREAM             1391447455.647640
 09 80 32 3A F6 34 00 00

002:003:000:STREAM             1391447455.651621
 09 80 32 3A F6 34 00 00

002:003:000:STREAM             1391447455.655639
 09 80 32 3A F6 34 00 00

002:003:000:STREAM             1391447455.659640
 09 80 32 3A F6 34 00 00

002:003:000:STREAM             1391447455.663647
 09 80 32 3A F6 34 00 00

002:003:000:STREAM             1391447455.667596
 09 80 32 3A F6 34 00 00

002:003:000:STREAM             1391447455.671604
 09 80 32 3A F6 34 00 00

002:003:000:STREAM             1391447455.675630
 09 80 32 3A 13 35 00 00

002:003:000:STREAM             1391447455.679630
 09 80 32 3A 13 35 00 00

002:003:000:STREAM             1391447455.683636
 09 80 32 3A 13 35 00 00

002:003:000:STREAM             1391447455.687636
 09 80 32 3A 13 35 00 00

002:003:000:STREAM             1391447455.691631
 09 80 32 3A 13 35 00 00

002:003:000:STREAM             1391447455.695632
 09 80 32 3A 13 35 00 00

002:003:000:STREAM             1391447455.699634
 09 80 32 3A 13 35 00 00

002:003:000:STREAM             1391447455.703647
 09 80 32 3A 13 35 00 00

002:003:000:STREAM             1391447455.707636
 09 80 32 3A 13 35 00 00

002:003:000:STREAM             1391447455.711630
 09 80 32 3A 13 35 00 00

002:003:000:STREAM             1391447455.715611
 09 80 32 3A 13 35 00 00

002:003:000:STREAM             1391447455.719630
 09 80 32 3A 13 35 00 00

002:003:000:STREAM             1391447455.723618
 09 80 32 3A 13 35 00 00

002:003:000:STREAM             1391447455.727635
 09 80 32 3A 13 35 00 00

002:003:000:STREAM             1391447455.731576
 09 80 32 3A 13 35 00 00

002:003:000:STREAM             1391447455.735625
 09 80 32 3A 13 35 00 00

002:003:000:STREAM             1391447455.739605
 09 80 32 3A 13 35 00 00

002:003:000:STREAM             1391447455.743638
 09 80 32 3A 13 35 00 00

002:003:000:STREAM             1391447455.747637
 09 80 32 3A 13 35 00 00

002:003:000:STREAM             1391447455.751629
 09 80 32 3A 13 35 00 00

002:003:000:STREAM             1391447455.755625
 09 80 32 3A 13 35 00 00

002:003:000:STREAM             1391447455.759639
 09 80 32 3A 13 35 00 00

002:003:000:STREAM             1391447455.763633
 09 80 32 3A 13 35 00 00

002:003:000:STREAM             1391447455.767634
 09 80 32 3A 13 35 00 00

002:003:000:STREAM             1391447455.771639
 09 80 32 3A 13 35 00 00

002:003:000:STREAM             1391447455.775624
 09 80 32 3A 13 35 00 00

002:003:000:STREAM             1391447455.779630
 09 80 32 3A 13 35 00 00

002:003:000:STREAM             1391447455.783665
 09 80 32 3A 13 35 00 00

002:003:000:STREAM             1391447455.787638
 09 80 32 3A 13 35 00 00

002:003:000:STREAM             1391447455.791643
 09 80 32 3A 13 35 00 00

002:003:000:STREAM             1391447455.795639
 09 80 32 3A 13 35 00 00

002:003:000:STREAM             1391447455.799629
 09 80 32 3A 13 35 00 00

002:003:000:STREAM             1391447455.803624
 09 80 32 3A 13 35 00 00

002:003:000:STREAM             1391447455.807632
 09 80 32 3A 13 35 00 00

002:003:000:STREAM             1391447455.811607
 09 80 32 3A 13 35 00 00

002:003:000:STREAM             1391447455.815625
 09 80 32 3A 13 35 00 00

002:003:000:STREAM             1391447455.819605
 09 80 32 3A 13 35 00 00

002:003:000:STREAM             1391447455.823579
 09 80 32 3A 13 35 00 00

002:003:000:STREAM             1391447455.827640
 09 80 32 3A 13 35 00 00

002:003:000:STREAM             1391447455.831615
 09 80 32 3A 13 35 00 00

002:003:000:STREAM             1391447455.835631
 09 80 32 3A 13 35 00 00

002:003:000:STREAM             1391447455.839641
 09 80 32 3A 13 35 00 00

002:003:000:STREAM             1391447455.843641
 09 80 32 3A 13 35 00 00

002:003:000:STREAM             1391447455.847603
 09 80 32 3A 13 35 00 00

002:003:000:STREAM             1391447455.851640
 09 80 32 3A 13 35 00 00

002:003:000:STREAM             1391447455.855596
 09 80 32 3A 13 35 00 00

002:003:000:STREAM             1391447455.859645
 09 80 18 3A 13 35 00 00

002:003:000:STREAM             1391447455.863624
 09 80 18 3A 13 35 00 00

002:003:000:STREAM             1391447455.867571
 09 80 18 3A 13 35 00 00

002:003:000:STREAM             1391447455.871641
 09 80 18 3A 13 35 00 00

002:003:000:STREAM             1391447455.875620
 09 80 18 3A 13 35 00 00

002:003:000:STREAM             1391447455.879622
 09 80 18 3A 13 35 00 00

002:003:000:STREAM             1391447455.883626
 09 80 18 3A 13 35 00 00

002:003:000:STREAM             1391447455.887569
 09 80 18 3A 13 35 00 00

002:003:000:STREAM             1391447455.891622
 09 80 18 3A 13 35 00 00

002:003:000:STREAM             1391447455.895647
 09 80 18 3A 13 35 00 00

002:003:000:STREAM             1391447455.899605
 09 80 18 3A 13 35 00 00

002:003:000:STREAM             1391447455.903638
 09 80 18 3A 13 35 00 00

002:003:000:STREAM             1391447455.907642
 09 80 18 3A 13 35 00 00

002:003:000:STREAM             1391447455.911623
 09 80 18 3A 13 35 00 00

002:003:000:STREAM             1391447455.915628
 09 80 18 3A 13 35 00 00

002:003:000:STREAM             1391447455.919645
 09 80 18 3A 13 35 00 00

002:003:000:STREAM             1391447455.923643
 09 80 18 3A 13 35 00 00

002:003:000:STREAM             1391447455.927636
 09 80 18 3A 13 35 00 00

002:003:000:STREAM             1391447455.931618
 09 80 18 3A 13 35 00 00

002:003:000:STREAM             1391447455.935596
 09 80 18 3A 13 35 00 00

002:003:000:STREAM             1391447455.939643
 09 80 18 3A 13 35 00 00

002:003:000:STREAM             1391447455.943632
 09 80 18 3A 13 35 00 00

002:003:000:STREAM             1391447455.947627
 09 80 18 3A 13 35 00 00

002:003:000:STREAM             1391447455.951647
 09 80 18 3A 13 35 00 00

002:003:000:STREAM             1391447455.955638
 09 80 18 3A 13 35 00 00

002:003:000:STREAM             1391447455.959605
 09 80 18 3A 13 35 00 00

002:003:000:STREAM             1391447455.963634
 09 80 18 3A 13 35 00 00

002:003:000:STREAM             1391447455.967606
 09 80 18 3A 13 35 00 00

002:003:000:STREAM             1391447455.971656
 09 80 18 3A 13 35 00 00

002:003:000:STREAM             1391447455.975674
 09 80 18 3A 13 35 00 00

002:003:000:STREAM             1391447455.979629
 09 80 18 3A 13 35 00 00

002:003:000:STREAM             1391447455.983643
 09 80 18 3A 13 35 00 00

002:003:000:STREAM             1391447455.987660
 09 80 18 3A 13 35 00 00

002:003:000:STREAM             1391447455.991608
 09 80 18 3A 13 35 00 00

002:003:000:STREAM             1391447455.995650
 09 80 18 3A 13 35 00 00

002:003:000:STREAM             1391447455.999643
 09 80 18 3A 13 35 00 00

002:003:000:STREAM             1391447456.003639
 09 80 18 3A 13 35 00 00

002:003:000:STREAM             1391447456.007642
 09 80 18 3A 13 35 00 00

002:003:000:STREAM             1391447456.011643
 09 80 18 3A 13 35 00 00

002:003:000:STREAM             1391447456.015619
 09 80 18 3A 13 35 00 00

002:003:000:STREAM             1391447456.019638
 09 80 18 3A 13 35 00 00

002:003:000:STREAM             1391447456.023645
 09 80 18 3A 13 35 00 00

002:003:000:STREAM             1391447456.027625
 09 80 F1 39 13 35 00 00

002:003:000:STREAM             1391447456.031566
 09 80 F1 39 13 35 00 00

002:003:000:STREAM             1391447456.035644
 09 80 F1 39 13 35 00 00

002:003:000:STREAM             1391447456.039640
 09 80 F1 39 13 35 00 00

002:003:000:STREAM             1391447456.043626
 09 80 F1 39 38 35 00 00

002:003:000:STREAM             1391447456.047612
 09 80 F1 39 38 35 00 00

002:003:000:STREAM             1391447456.051587
 09 80 F1 39 38 35 00 00

002:003:000:STREAM             1391447456.055636
 09 80 F1 39 38 35 00 00

002:003:000:STREAM             1391447456.059640
 09 80 F1 39 38 35 00 00

002:003:000:STREAM             1391447456.063642
 09 80 F1 39 38 35 00 00

002:003:000:STREAM             1391447456.067645
 09 80 F1 39 38 35 00 00

002:003:000:STREAM             1391447456.071593
 09 80 F1 39 38 35 00 00

002:003:000:STREAM             1391447456.075640
 09 80 F1 39 38 35 00 00

002:003:000:STREAM             1391447456.079646
 09 80 F1 39 38 35 00 00

002:003:000:STREAM             1391447456.083634
 09 80 F1 39 38 35 00 00

002:003:000:STREAM             1391447456.087647
 09 80 F1 39 38 35 00 00

002:003:000:STREAM             1391447456.091646
 09 80 F1 39 38 35 00 00

002:003:000:STREAM             1391447456.095651
 09 80 F1 39 38 35 00 00

002:003:000:STREAM             1391447456.099652
 09 80 F1 39 38 35 00 00

002:003:000:STREAM             1391447456.103657
 09 80 F1 39 38 35 00 00

002:003:000:STREAM             1391447456.107647
 09 80 F1 39 38 35 00 00

002:003:000:STREAM             1391447456.111627
 09 80 F1 39 38 35 00 00

002:003:000:STREAM             1391447456.115613
 09 80 F1 39 38 35 00 00

002:003:000:STREAM             1391447456.119632
 09 80 F1 39 38 35 00 00

002:003:000:STREAM             1391447456.123685
 09 80 F1 39 38 35 00 00

002:003:000:STREAM             1391447456.127658
 09 80 18 3A 38 35 00 00

002:003:000:STREAM             1391447456.131587
 09 80 18 3A 38 35 00 00

002:003:000:STREAM             1391447456.135647
 09 80 18 3A 38 35 00 00

002:003:000:STREAM             1391447456.139652
 09 80 18 3A 14 35 00 00

002:003:000:STREAM             1391447456.143623
 09 80 18 3A 14 35 00 00

002:003:000:STREAM             1391447456.147645
 09 80 18 3A 14 35 00 00

002:003:000:STREAM             1391447456.151646
 09 80 18 3A 14 35 00 00

002:003:000:STREAM             1391447456.155643
 09 80 18 3A 14 35 00 00

002:003:000:STREAM             1391447456.159615
 09 80 18 3A 14 35 00 00

002:003:000:STREAM             1391447456.163670
 09 80 18 3A 14 35 00 00

002:003:000:STREAM             1391447456.167649
 09 80 18 3A 14 35 00 00

002:003:000:STREAM             1391447456.171629
 09 80 18 3A 14 35 00 00

002:003:000:STREAM             1391447456.175652
 09 80 18 3A 14 35 00 00

002:003:000:STREAM             1391447456.179642
 09 80 18 3A 14 35 00 00

002:003:000:STREAM             1391447456.183642
 09 80 18 3A 14 35 00 00

002:003:000:STREAM             1391447456.187636
 09 80 18 3A 14 35 00 00

002:003:000:STREAM             1391447456.191621
 09 80 F3 39 14 35 00 00

002:003:000:STREAM             1391447456.195650
 09 80 F3 39 14 35 00 00

002:003:000:STREAM             1391447456.199625
 09 80 F3 39 14 35 00 00

002:003:000:STREAM             1391447456.203651
 09 80 F3 39 14 35 00 00

002:003:000:STREAM             1391447456.207648
 09 80 F3 39 14 35 00 00

002:003:000:STREAM             1391447456.211649
 09 80 F3 39 14 35 00 00

002:003:000:STREAM             1391447456.215617
 09 80 CF 39 14 35 00 00

002:003:000:STREAM             1391447456.219637
 09 80 CF 39 14 35 00 00

002:003:000:STREAM             1391447456.223643
 09 80 CF 39 14 35 00 00

002:003:000:STREAM             1391447456.227650
 09 80 CF 39 14 35 00 00

002:003:000:STREAM             1391447456.231660
 09 80 CF 39 14 35 00 00

002:003:000:STREAM             1391447456.235625
 09 80 CF 39 14 35 00 00

002:003:000:STREAM             1391447456.239632
 09 80 AD 39 14 35 00 00

002:003:000:STREAM             1391447456.243650
 09 80 AD 39 14 35 00 00

002:003:000:STREAM             1391447456.247635
 09 80 AD 39 14 35 00 00

002:003:000:STREAM             1391447456.251641
 09 80 AD 39 14 35 00 00

002:003:000:STREAM             1391447456.255635
 09 80 AD 39 14 35 00 00

002:003:000:STREAM             1391447456.259652
 09 80 AD 39 14 35 00 00

002:003:000:STREAM             1391447456.263616
 09 80 AD 39 14 35 00 00

002:003:000:STREAM             1391447456.267644
 09 80 AD 39 14 35 00 00

002:003:000:STREAM             1391447456.271639
 09 80 AD 39 14 35 00 00

002:003:000:STREAM             1391447456.275640
 09 80 AD 39 14 35 00 00

002:003:000:STREAM             1391447456.279633
 09 80 AD 39 14 35 00 00

002:003:000:STREAM             1391447456.283651
 09 80 AD 39 14 35 00 00

002:003:000:STREAM             1391447456.287646
 09 80 AD 39 14 35 00 00

002:003:000:STREAM             1391447456.291641
 09 80 AD 39 14 35 00 00

002:003:000:STREAM             1391447456.295643
 09 80 64 39 14 35 00 00

002:003:000:STREAM             1391447456.299653
 09 80 64 39 14 35 00 00

002:003:000:STREAM             1391447456.303646
 09 80 64 39 14 35 00 00

002:003:000:STREAM             1391447456.307659
 09 80 64 39 14 35 00 00

002:003:000:STREAM             1391447456.311654
 09 80 64 39 14 35 00 00

002:003:000:STREAM             1391447456.315637
 09 80 F8 38 14 35 00 00

002:003:000:STREAM             1391447456.319637
 09 80 AA 38 6D 35 00 00

002:003:000:STREAM             1391447456.323643
 09 80 AA 38 6D 35 00 00

002:003:000:STREAM             1391447456.327642
 09 80 AA 38 6D 35 00 00

002:003:000:STREAM             1391447456.331648
 09 80 33 38 6D 35 00 00

002:003:000:STREAM             1391447456.335644
 09 80 33 38 6D 35 00 00

002:003:000:STREAM             1391447456.339649
 09 80 33 38 6D 35 00 00

002:003:000:STREAM             1391447456.343635
 09 80 B2 37 6D 35 00 00

002:003:000:STREAM             1391447456.347611
 09 80 B2 37 EB 35 00 00

002:003:000:STREAM             1391447456.351644
 09 80 B2 37 EB 35 00 00

002:003:000:STREAM             1391447456.355618
 09 80 10 37 EB 35 00 00

002:003:000:STREAM             1391447456.359630
 09 80 9F 36 68 36 00 00

002:003:000:STREAM             1391447456.363649
 09 80 9F 36 68 36 00 00

002:003:000:STREAM             1391447456.367619
 09 00 9F 36 68 36 00 00

