005:002:001:STREAM             1526449764.688920
 06 01 00 00 00

005:002:001:STREAM             1526449766.324921
 06 00 00 00 00

005:002:001:STREAM             1526449768.028904
 06 02 00 00 00

005:002:001:STREAM             1526449769.704942
 06 00 00 00 00

005:002:001:STREAM             1526449771.010951
 06 04 00 00 00

005:002:001:STREAM             1526449772.610938
 06 00 00 00 00

005:002:001:STREAM             1526449773.984938
 06 08 00 00 00

005:002:001:STREAM             1526449775.484943
 06 00 00 00 00

005:002:001:STREAM             1526449776.644930
 06 10 00 00 00

005:002:001:STREAM             1526449778.346894
 06 00 00 00 00

005:002:001:STREAM             1526449779.536925
 06 20 00 00 00

005:002:001:STREAM             1526449781.086889
 06 00 00 00 00

