001:008:000:STREAM             1507058467.905419
 08 E0 01 01 01 00 00 00 00 00 00 00

001:008:000:STREAM             1507058468.067397
 08 E0 01 01 00 00 00 00 00 00 00 00

001:008:000:STREAM             1507058469.563409
 08 E0 01 01 02 00 00 00 00 00 00 00

001:008:000:STREAM             1507058469.717430
 08 E0 01 01 00 00 00 00 00 00 00 00

001:008:000:STREAM             1507058472.117425
 08 E0 01 01 04 00 00 00 00 00 00 00

001:008:000:STREAM             1507058472.287419
 08 E0 01 01 00 00 00 00 00 00 00 00

001:008:000:STREAM             1507058472.889425
 08 E0 01 01 08 00 00 00 00 00 00 00

001:008:000:STREAM             1507058473.089429
 08 E0 01 01 00 00 00 00 00 00 00 00

001:008:000:STREAM             1507058473.595429
 08 E0 01 01 10 00 00 00 00 00 00 00

001:008:000:STREAM             1507058473.759442
 08 E0 01 01 00 00 00 00 00 00 00 00

001:008:000:STREAM             1507058474.153446
 08 E0 01 01 20 00 00 00 00 00 00 00

001:008:000:STREAM             1507058474.319443
 08 E0 01 01 00 00 00 00 00 00 00 00

001:008:000:STREAM             1507058475.031451
 08 E0 01 01 40 00 00 00 00 00 00 00

001:008:000:STREAM             1507058475.193439
 08 E0 01 01 00 00 00 00 00 00 00 00

001:008:000:STREAM             1507058475.557448
 08 E0 01 01 80 00 00 00 00 00 00 00

001:008:000:STREAM             1507058475.687455
 08 E0 01 01 00 00 00 00 00 00 00 00

001:008:000:STREAM             1507058476.181451
 08 E0 01 01 00 01 00 00 00 00 00 00

001:008:000:STREAM             1507058476.347449
 08 E0 01 01 00 00 00 00 00 00 00 00

001:008:000:STREAM             1507058476.705450
 08 E0 01 01 00 02 00 00 00 00 00 00

001:008:000:STREAM             1507058476.825450
 08 E0 01 01 00 00 00 00 00 00 00 00

001:008:000:STREAM             1507058477.259454
 08 E0 01 01 00 04 00 00 00 00 00 00

001:008:000:STREAM             1507058477.403457
 08 E0 01 01 00 00 00 00 00 00 00 00

001:008:000:STREAM             1507058477.707453
 08 E0 01 01 00 08 00 00 00 00 00 00

001:008:000:STREAM             1507058477.811455
 08 E0 01 01 00 00 00 00 00 00 00 00

