M 48 00 55 00 49 00 4F 00 4E 00
P 48 00 75 00 69 00 6F 00 6E 00 20 00 54 00 61 00 62 00 6C 00 65 00 74 00 5F 00 48 00 35 00 38 00 30 00 58 00
S 64 C8 0E 00 20 65 01 00 08 FD 08 00 08 F5 08 00 08 F9 08 00 08 03 02 00 08 15 0A 00 08 00 00 00 00 00 00 00 00 00 00 00 00 00 00 00 00 01 09 00 08 5D 08 00 08 00 00 00 00 FF 08 00 08 03 09 00 08 7F 01 00 08 7F 01 00 08 7F 01 00 08 7F 01 00 08 7F 01 00 08 7F 01 00 08 7F 01 00 08 7F 01 00 08 7F 01 00 08 7F 01 00 08 7F 01 00 08 7F 01 00 08 7F 01 00 08 C9 09 00 08 7F 01 00 08 7F 01 00 08 7F 01 00 08 7F 01 00 08 00 00 00 00 7F 01 00 08 7F 01 00 08 7F 01 00 08 7F 01 00 08 7F 01 00 08 7F 01 00 08 7F 01 00 08 7F 01 00 08 7F 01 00 08 7F 01 00 08 00 00 00 00 7F 01 00 08 00 00 00 00 7F 01 00 08 00 00 00 00
S 65 C8 0E 00 20 65 01 00 08 FD 08 00 08 F5 08 00 08 F9 08 00 08 03 02 00 08 15 0A 00 08 00 00 00 00 00 00 00 00 00 00 00 00 00 00 00 00 01 09 00 08 5D 08 00 08 00 00 00 00 FF 08 00 08 03 09 00 08 7F 01 00 08 7F 01 00 08 7F 01 00 08 7F 01 00 08 7F 01 00 08 7F 01 00 08 7F 01 00 08 7F 01 00 08 7F 01 00 08 7F 01 00 08 7F 01 00 08 7F 01 00 08 7F 01 00 08 C9 09 00 08 7F 01 00 08 7F 01 00 08 7F 01 00 08 7F 01 00 08 00 00 00 00 7F 01 00 08 7F 01 00 08 7F 01 00 08 7F 01 00 08 7F 01 00 08 7F 01 00 08 7F 01 00 08 7F 01 00 08 7F 01 00 08 7F 01 00 08 00 00 00 00 7F 01 00 08 00 00 00 00 7F 01 00 08 00 00 00 00
S 6E C8 0E 00 20 65 01 00 08 FD 08 00 08 F5 08 00 08 F9 08 00 08 03 02 00 08 15 0A 00 08 00 00 00 00 00 00 00 00 00 00 00 00 00 00 00 00 01 09 00 08 5D 08 00 08 00 00 00 00 FF 08 00 08 03 09 00 08 7F 01 00 08 7F 01 00 08 7F 01 00 08 7F 01 00 08 7F 01 00 08 7F 01 00 08 7F 01 00 08 7F 01 00 08 7F 01 00 08 7F 01 00 08 7F 01 00 08 7F 01 00 08 7F 01 00 08 C9 09 00 08 7F 01 00 08 7F 01 00 08 7F 01 00 08 7F 01 00 08 00 00 00 00 7F 01 00 08 7F 01 00 08 7F 01 00 08 7F 01 00 08 7F 01 00 08 7F 01 00 08 7F 01 00 08 7F 01 00 08 7F 01 00 08 7F 01 00 08 00 00 00 00 7F 01 00 08 00 00 00 00 7F 01 00 08 00 00 00 00
S 79 C8 0E 00 20 65 01 00 08 FD 08 00 08 F5 08 00 08 F9 08 00 08 03 02 00 08 15 0A 00 08 00 00 00 00 00 00 00 00 00 00 00 00 00 00 00 00 01 09 00 08 5D 08 00 08 00 00 00 00 FF 08 00 08 03 09 00 08 7F 01 00 08 7F 01 00 08 7F 01 00 08 7F 01 00 08 7F 01 00 08 7F 01 00 08 7F 01 00 08 7F 01 00 08 7F 01 00 08 7F 01 00 08 7F 01 00 08 7F 01 00 08 7F 01 00 08 C9 09 00 08 7F 01 00 08 7F 01 00 08 7F 01 00 08 7F 01 00 08 00 00 00 00 7F 01 00 08 7F 01 00 08 7F 01 00 08 7F 01 00 08 7F 01 00 08 7F 01 00 08 7F 01 00 08 7F 01 00 08 7F 01 00 08 7F 01 00 08 00 00 00 00 7F 01 00 08 00 00 00 00 7F 01 00 08 00 00 00 00
S 7A C8 0E 00 20 65 01 00 08 FD 08 00 08 F5 08 00 08 F9 08 00 08 03 02 00 08 15 0A 00 08 00 00 00 00 00 00 00 00 00 00 00 00 00 00 00 00 01 09 00 08 5D 08 00 08 00 00 00 00 FF 08 00 08 03 09 00 08 7F 01 00 08 7F 01 00 08 7F 01 00 08 7F 01 00 08 7F 01 00 08 7F 01 00 08 7F 01 00 08 7F 01 00 08 7F 01 00 08 7F 01 00 08 7F 01 00 08 7F 01 00 08 7F 01 00 08 C9 09 00 08 7F 01 00 08 7F 01 00 08 7F 01 00 08 7F 01 00 08 00 00 00 00 7F 01 00 08 7F 01 00 08 7F 01 00 08 7F 01 00 08 7F 01 00 08 7F 01 00 08 7F 01 00 08 7F 01 00 08 7F 01 00 08 7F 01 00 08 00 00 00 00 7F 01 00 08 00 00 00 00 7F 01 00 08 00 00 00 00
S 7B C8 0E 00 20 65 01 00 08 FD 08 00 08 F5 08 00 08 F9 08 00 08 03 02 00 08 15 0A 00 08 00 00 00 00 00 00 00 00 00 00 00 00 00 00 00 00 01 09 00 08 5D 08 00 08 00 00 00 00 FF 08 00 08 03 09 00 08 7F 01 00 08 7F 01 00 08 7F 01 00 08 7F 01 00 08 7F 01 00 08 7F 01 00 08 7F 01 00 08 7F 01 00 08 7F 01 00 08 7F 01 00 08 7F 01 00 08 7F 01 00 08 7F 01 00 08 C9 09 00 08 7F 01 00 08 7F 01 00 08 7F 01 00 08 7F 01 00 08 00 00 00 00 7F 01 00 08 7F 01 00 08 7F 01 00 08 7F 01 00 08 7F 01 00 08 7F 01 00 08 7F 01 00 08 7F 01 00 08 7F 01 00 08 7F 01 00 08 00 00 00 00 7F 01 00 08 00 00 00 00 7F 01 00 08 00 00 00 00
S C8 13 03 C0 9E 00 38 63 00 FF 1F D8 13 03 08 00 00 04 00 3E
S C9 24 03 48 00 55 00 49 00 4F 00 4E 00 5F 00 54 00 32 00 31 00 31 00 5F 00 32 00 31 00 30 00 36 00 31 00 36 00
S CA 46 03 48 00 55 00 49 00 4F 00 4E 00 20 00 41 00 6E 00 69 00 6D 00 61 00 74 00 69 00 6F 00 6E 00 20 00 54 00 65 00 63 00 68 00 6E 00 6F 00 6C 00 6F 00 67 00 79 00 20 00 43 00 6F 00 2E 00 2C 00 6C 00 74 00 64 00
