004:007:000:STREAM             1404869280.517229
 09 00 78 03 1F 03 00 00

004:007:000:STREAM             1404869280.819277
 09 00 78 03 20 03 00 00

004:007:000:STREAM             1404869281.081280
 09 00 78 03 1E 03 00 00

004:007:000:STREAM             1404869281.103269
 09 00 78 03 1D 03 00 00

004:007:000:STREAM             1404869281.137266
 09 00 78 03 1B 03 00 00

004:007:000:STREAM             1404869281.211275
 09 00 78 03 1B 03 00 00

004:007:000:STREAM             1404869281.227271
 09 04 78 03 1D 03 00 00

004:007:000:STREAM             1404869281.239224
 09 04 78 03 1F 03 00 00

004:007:000:STREAM             1404869281.265247
 09 04 78 03 21 03 00 00

004:007:000:STREAM             1404869281.291235
 09 04 77 03 21 03 00 00

004:007:000:STREAM             1404869281.295184
 09 04 77 03 23 03 00 00

004:007:000:STREAM             1404869281.307190
 09 04 76 03 23 03 00 00

004:007:000:STREAM             1404869281.341207
 09 04 74 03 23 03 00 00

004:007:000:STREAM             1404869281.363255
 09 04 73 03 23 03 00 00

004:007:000:STREAM             1404869281.385271
 09 04 72 03 23 03 00 00

004:007:000:STREAM             1404869281.401265
 09 04 72 03 25 03 00 00

004:007:000:STREAM             1404869281.427261
 09 04 72 03 27 03 00 00

004:007:000:STREAM             1404869281.447264
 09 04 72 03 29 03 00 00

004:007:000:STREAM             1404869281.469267
 09 04 72 03 2A 03 00 00

004:007:000:STREAM             1404869281.485249
 09 04 72 03 2C 03 00 00

004:007:000:STREAM             1404869281.489228
 09 04 71 03 2C 03 00 00

004:007:000:STREAM             1404869281.519225
 09 04 71 03 2E 03 00 00

004:007:000:STREAM             1404869281.543242
 09 04 70 03 2E 03 00 00

004:007:000:STREAM             1404869281.597267
 09 04 70 03 2D 03 00 00

004:007:000:STREAM             1404869281.617281
 09 04 70 03 2B 03 00 00

004:007:000:STREAM             1404869281.641257
 09 04 70 03 29 03 00 00

004:007:000:STREAM             1404869281.693270
 09 00 70 03 29 03 00 00

004:007:000:STREAM             1404869281.723188
 09 00 71 03 2B 03 00 00

004:007:000:STREAM             1404869281.739264
 09 00 72 03 2D 03 00 00

004:007:000:STREAM             1404869281.749199
 09 00 72 03 2F 03 00 00

004:007:000:STREAM             1404869281.757233
 09 00 73 03 2F 03 00 00

004:007:000:STREAM             1404869281.761219
 09 00 73 03 30 03 00 00

004:007:000:STREAM             1404869281.777219
 09 00 73 03 32 03 00 00

004:007:000:STREAM             1404869281.791269
 09 00 73 03 34 03 00 00

004:007:000:STREAM             1404869281.803250
 09 00 74 03 34 03 00 00

004:007:000:STREAM             1404869281.807216
 09 00 74 03 36 03 00 00

004:007:000:STREAM             1404869281.819259
 09 00 74 03 38 03 00 00

004:007:000:STREAM             1404869281.833256
 09 00 74 03 39 03 00 00

004:007:000:STREAM             1404869281.915274
 09 00 75 03 39 03 00 00

004:007:000:STREAM             1404869282.095275
 09 00 76 03 39 03 00 00

004:007:000:STREAM             1404869282.145204
 09 00 76 03 38 03 00 00

004:007:000:STREAM             1404869282.177256
 09 00 76 03 36 03 00 00

004:007:000:STREAM             1404869282.385252
 09 00 76 03 35 03 00 00

004:007:000:STREAM             1404869282.531239
 09 00 76 03 33 03 00 00

004:007:000:STREAM             1404869282.631272
 09 00 77 03 33 03 00 00

004:007:000:STREAM             1404869282.689282
 09 00 78 03 33 03 00 00

004:007:000:STREAM             1404869282.769276
 09 00 79 03 33 03 00 00

004:007:000:STREAM             1404869282.803257
 09 00 79 03 32 03 00 00

004:007:000:STREAM             1404869282.831272
 09 00 79 03 30 03 00 00

004:007:000:STREAM             1404869282.891273
 09 00 79 03 32 03 00 00

004:007:000:STREAM             1404869282.899215
 09 00 79 03 34 03 00 00

004:007:000:STREAM             1404869282.907255
 09 00 79 03 36 03 00 00

004:007:000:STREAM             1404869282.919211
 09 00 79 03 38 03 00 00

004:007:000:STREAM             1404869282.931201
 09 00 79 03 39 03 00 00

004:007:000:STREAM             1404869282.953269
 09 00 79 03 3B 03 00 00

004:007:000:STREAM             1404869283.217275
 09 00 79 03 3A 03 00 00

004:007:000:STREAM             1404869283.291219
 09 00 79 03 38 03 00 00

004:007:000:STREAM             1404869283.503214
 09 00 79 03 3A 03 00 00

004:007:000:STREAM             1404869284.045262
 09 00 7A 03 3A 03 00 00

004:007:000:STREAM             1404869284.061194
 09 00 7A 03 3B 03 00 00

004:007:000:STREAM             1404869284.077198
 09 00 7A 03 3D 03 00 00

004:007:000:STREAM             1404869284.093255
 09 00 7A 03 3D 03 00 00

004:007:000:STREAM             1404869284.101254
 09 00 7A 03 3E 03 00 00

004:007:000:STREAM             1404869284.141249
 09 04 7A 03 40 03 00 00

004:007:000:STREAM             1404869284.381270
 09 04 7B 03 40 03 00 00

004:007:000:STREAM             1404869284.385252
 09 04 7B 03 41 03 00 00

004:007:000:STREAM             1404869284.445274
 09 04 7C 03 41 03 00 00

004:007:000:STREAM             1404869284.489240
 09 00 7C 03 41 03 00 00

004:007:000:STREAM             1404869284.517226
 09 00 7D 03 41 03 00 00

004:007:000:STREAM             1404869284.599272
 09 00 7E 03 41 03 00 00

004:007:000:STREAM             1404869284.693277
 09 00 7E 03 43 03 00 00

004:007:000:STREAM             1404869284.801313
 09 00 7F 03 43 03 00 00

004:007:000:STREAM             1404869284.845263
 09 00 7F 03 44 03 00 00

004:007:000:STREAM             1404869284.871263
 09 00 7F 03 46 03 00 00

004:007:000:STREAM             1404869285.007271
 09 00 80 03 46 03 00 00

004:007:000:STREAM             1404869285.253276
 09 00 81 03 46 03 00 00

004:007:000:STREAM             1404869285.415237
 09 00 81 03 47 03 00 00

004:007:000:STREAM             1404869285.457273
 09 00 82 03 47 03 00 00

004:007:000:STREAM             1404869286.045233
 09 00 82 03 46 03 00 00

004:007:000:STREAM             1404869286.133236
 09 00 82 03 44 03 00 00

004:007:000:STREAM             1404869286.145268
 09 00 81 03 44 03 00 00

004:007:000:STREAM             1404869286.155220
 09 00 81 03 42 03 00 00

004:007:000:STREAM             1404869286.159250
 09 00 7F 03 42 03 00 00

004:007:000:STREAM             1404869286.167213
 09 00 7E 03 42 03 00 00

004:007:000:STREAM             1404869286.179254
 09 04 7D 03 42 03 00 00

004:007:000:STREAM             1404869286.183251
 09 04 7D 03 40 03 00 00

004:007:000:STREAM             1404869286.195272
 09 04 7C 03 40 03 00 00

004:007:000:STREAM             1404869286.211251
 09 04 7C 03 3E 03 00 00

004:007:000:STREAM             1404869286.233257
 09 04 7B 03 3E 03 00 00

004:007:000:STREAM             1404869286.293271
 09 04 7B 03 40 03 00 00

004:007:000:STREAM             1404869286.329204
 09 04 7B 03 42 03 00 00

004:007:000:STREAM             1404869286.359228
 09 04 7B 03 44 03 00 00

004:007:000:STREAM             1404869286.391236
 09 04 7C 03 46 03 00 00

004:007:000:STREAM             1404869286.421258
 09 04 7C 03 47 03 00 00

004:007:000:STREAM             1404869286.425251
 09 00 7C 03 47 03 00 00

004:007:000:STREAM             1404869286.429216
 09 00 7D 03 47 03 00 00

004:007:000:STREAM             1404869286.451229
 09 00 7E 03 49 03 00 00

004:007:000:STREAM             1404869286.475243
 09 00 7F 03 49 03 00 00

004:007:000:STREAM             1404869286.487236
 09 00 7F 03 4B 03 00 00

004:007:000:STREAM             1404869286.501229
 09 00 80 03 4B 03 00 00

004:007:000:STREAM             1404869286.517224
 09 00 80 03 4C 03 00 00

004:007:000:STREAM             1404869286.577271
 09 00 80 03 4E 03 00 00

004:007:000:STREAM             1404869286.613273
 09 00 80 03 50 03 00 00

004:007:000:STREAM             1404869286.723231
 09 00 80 03 51 03 00 00

004:007:000:STREAM             1404869286.973250
 09 00 81 03 51 03 00 00

004:007:000:STREAM             1404869287.095253
 09 00 81 03 53 03 00 00

004:007:000:STREAM             1404869287.115202
 09 00 81 03 55 03 00 00

004:007:000:STREAM             1404869287.135265
 09 00 81 03 57 03 00 00

004:007:000:STREAM             1404869287.215277
 09 00 82 03 57 03 00 00

004:007:000:STREAM             1404869287.397274
 09 00 82 03 55 03 00 00

004:007:000:STREAM             1404869287.417236
 09 00 83 03 55 03 00 00

004:007:000:STREAM             1404869287.485280
 09 00 84 03 55 03 00 00

004:007:000:STREAM             1404869287.625271
 09 00 84 03 57 03 00 00

004:007:000:STREAM             1404869288.237271
 09 00 85 03 57 03 00 00

004:007:000:STREAM             1404869288.273236
 09 00 86 03 58 03 00 00

004:007:000:STREAM             1404869288.383279
 09 00 85 03 58 03 00 00

004:007:000:STREAM             1404869288.405265
 09 00 84 03 58 03 00 00

004:007:000:STREAM             1404869288.427267
 09 00 83 03 58 03 00 00

004:007:000:STREAM             1404869288.469268
 09 00 83 03 5A 03 00 00

004:007:000:STREAM             1404869288.591275
 09 00 83 03 5C 03 00 00

004:007:000:STREAM             1404869288.617190
 09 00 83 03 5E 03 00 00

004:007:000:STREAM             1404869288.633253
 09 00 84 03 5E 03 00 00

004:007:000:STREAM             1404869288.635248
 09 00 84 03 60 03 00 00

004:007:000:STREAM             1404869288.661330
 09 00 85 03 62 03 00 00

004:007:000:STREAM             1404869288.717199
 09 00 86 03 62 03 00 00

004:007:000:STREAM             1404869288.803192
 09 00 86 03 60 03 00 00

004:007:000:STREAM             1404869288.861268
 09 00 86 03 5E 03 00 00

004:007:000:STREAM             1404869289.059277
 09 00 86 03 5E 03 00 00

004:007:000:STREAM             1404869289.063215
 09 00 86 03 5E 03 00 00

004:007:000:STREAM             1404869289.067217
 09 00 85 03 5E 03 00 00

004:007:000:STREAM             1404869289.089271
 09 04 84 03 5E 03 00 00

004:007:000:STREAM             1404869289.121206
 09 04 83 03 5E 03 00 00

004:007:000:STREAM             1404869289.205276
 09 04 83 03 60 03 00 00

004:007:000:STREAM             1404869289.223250
 09 04 83 03 62 03 00 00

004:007:000:STREAM             1404869289.239222
 09 04 83 03 64 03 00 00

004:007:000:STREAM             1404869289.261225
 09 04 83 03 66 03 00 00

004:007:000:STREAM             1404869289.285265
 09 04 83 03 67 03 00 00

004:007:000:STREAM             1404869289.347272
 09 04 83 03 69 03 00 00

004:007:000:STREAM             1404869289.351234
 09 00 83 03 69 03 00 00

004:007:000:STREAM             1404869289.355244
 09 00 83 03 69 03 00 00

004:007:000:STREAM             1404869289.377265
 09 00 84 03 69 03 00 00

004:007:000:STREAM             1404869289.381211
 09 00 84 03 6B 03 00 00

004:007:000:STREAM             1404869289.423269
 09 00 84 03 6D 03 00 00

004:007:000:STREAM             1404869289.445256
 09 00 85 03 6D 03 00 00

004:007:000:STREAM             1404869289.505273
 09 00 85 03 6E 03 00 00

004:007:000:STREAM             1404869289.535266
 09 00 85 03 70 03 00 00

004:007:000:STREAM             1404869289.737225
 09 00 85 03 72 03 00 00

004:007:000:STREAM             1404869289.893261
 09 00 85 03 74 03 00 00

004:007:000:STREAM             1404869290.107271
 09 00 85 03 72 03 00 00

004:007:000:STREAM             1404869290.133259
 09 00 85 03 70 03 00 00

004:007:000:STREAM             1404869290.157264
 09 00 83 03 6F 03 00 00

004:007:000:STREAM             1404869290.161225
 09 00 83 03 6F 03 00 00

004:007:000:STREAM             1404869290.223205
 09 04 83 03 70 03 00 00

004:007:000:STREAM             1404869290.243268
 09 04 83 03 72 03 00 00

004:007:000:STREAM             1404869290.261301
 09 04 83 03 74 03 00 00

004:007:000:STREAM             1404869290.297272
 09 04 84 03 75 03 00 00

004:007:000:STREAM             1404869290.327194
 09 04 85 03 75 03 00 00

004:007:000:STREAM             1404869290.355248
 09 04 85 03 77 03 00 00

004:007:000:STREAM             1404869290.373184
 09 04 86 03 77 03 00 00

004:007:000:STREAM             1404869290.401268
 09 00 86 03 77 03 00 00

004:007:000:STREAM             1404869290.439268
 09 00 87 03 77 03 00 00

004:007:000:STREAM             1404869290.453221
 09 00 87 03 79 03 00 00

004:007:000:STREAM             1404869290.503268
 09 00 88 03 79 03 00 00

004:007:000:STREAM             1404869290.755253
 09 00 88 03 7B 03 00 00

004:007:000:STREAM             1404869291.319276
 09 00 89 03 7B 03 00 00

004:007:000:STREAM             1404869291.419274
 09 00 8A 03 7B 03 00 00

004:007:000:STREAM             1404869291.527238
 09 00 8A 03 7B 03 00 00

004:007:000:STREAM             1404869291.565253
 09 04 89 03 7B 03 00 00

004:007:000:STREAM             1404869291.577250
 09 04 88 03 7B 03 00 00

004:007:000:STREAM             1404869291.597217
 09 04 87 03 7B 03 00 00

004:007:000:STREAM             1404869291.615239
 09 04 86 03 7B 03 00 00

004:007:000:STREAM             1404869291.639262
 09 04 85 03 7B 03 00 00

004:007:000:STREAM             1404869291.725250
 09 04 85 03 7C 03 00 00

004:007:000:STREAM             1404869291.729207
 09 00 85 03 7C 03 00 00

004:007:000:STREAM             1404869291.733246
 09 00 85 03 7C 03 00 00

004:007:000:STREAM             1404869291.745262
 09 00 85 03 7E 03 00 00

004:007:000:STREAM             1404869291.771262
 09 00 85 03 80 03 00 00

004:007:000:STREAM             1404869291.785234
 09 00 85 03 82 03 00 00

004:007:000:STREAM             1404869291.807260
 09 00 86 03 82 03 00 00

004:007:000:STREAM             1404869291.821252
 09 00 87 03 84 03 00 00

004:007:000:STREAM             1404869291.873262
 09 00 87 03 86 03 00 00

004:007:000:STREAM             1404869292.099224
 09 00 87 03 88 03 00 00

004:007:000:STREAM             1404869292.197271
 09 00 87 03 8A 03 00 00

004:007:000:STREAM             1404869292.233263
 09 00 87 03 8C 03 00 00

004:007:000:STREAM             1404869292.777199
 09 00 87 03 8E 03 00 00

004:007:000:STREAM             1404869292.843272
 09 00 87 03 90 03 00 00

004:007:000:STREAM             1404869292.987233
 09 00 87 03 8E 03 00 00

004:007:000:STREAM             1404869293.059270
 09 00 87 03 90 03 00 00

004:007:000:STREAM             1404869293.103273
 09 00 86 03 90 03 00 00

004:007:000:STREAM             1404869293.181268
 09 00 86 03 8E 03 00 00

004:007:000:STREAM             1404869293.191266
 09 00 86 03 8C 03 00 00

004:007:000:STREAM             1404869293.201258
 09 00 86 03 89 03 00 00

004:007:000:STREAM             1404869293.213255
 09 00 86 03 87 03 00 00

004:007:000:STREAM             1404869293.223188
 09 00 86 03 85 03 00 00

004:007:000:STREAM             1404869293.237251
 09 00 86 03 83 03 00 00

004:007:000:STREAM             1404869293.255254
 09 00 86 03 81 03 00 00

004:007:000:STREAM             1404869293.273239
 09 00 86 03 7F 03 00 00

004:007:000:STREAM             1404869293.295194
 09 00 86 03 7D 03 00 00

004:007:000:STREAM             1404869293.343215
 09 00 84 03 7D 03 00 00

004:007:000:STREAM             1404869293.379298
 09 00 83 03 7D 03 00 00

004:007:000:STREAM             1404869293.461248
 09 00 82 03 7D 03 00 00

004:007:000:STREAM             1404869293.519235
 09 00 82 03 7B 03 00 00

004:007:000:STREAM             1404869293.595272
 09 00 82 03 7B 03 00 00

