004:007:001:STREAM             1429469273.224154
 06 00 00 00 40

004:007:001:STREAM             1429469273.228131
 06 00 00 00 C0

004:007:001:STREAM             1429469273.251908
 06 00 00 00 80

004:007:001:STREAM             1429469273.260159
 06 00 00 00 00

004:007:001:STREAM             1429469273.292172
 06 00 00 00 40

004:007:001:STREAM             1429469273.304178
 06 00 00 00 C0

004:007:001:STREAM             1429469273.324166
 06 00 00 00 80

004:007:001:STREAM             1429469273.340170
 06 00 00 00 00

004:007:001:STREAM             1429469273.388141
 06 00 00 00 40

004:007:001:STREAM             1429469273.416178
 06 00 00 00 C0

004:007:001:STREAM             1429469273.440162
 06 00 00 00 80

004:007:001:STREAM             1429469273.460144
 06 00 00 00 00

004:007:001:STREAM             1429469273.484180
 06 00 00 00 40

004:007:001:STREAM             1429469273.504174
 06 00 00 00 C0

004:007:001:STREAM             1429469273.520164
 06 00 00 00 80

004:007:001:STREAM             1429469273.532172
 06 00 00 00 00

004:007:001:STREAM             1429469273.568179
 06 00 00 00 40

004:007:001:STREAM             1429469273.588311
 06 00 00 00 C0

004:007:001:STREAM             1429469273.612148
 06 00 00 00 80

004:007:001:STREAM             1429469273.624164
 06 00 00 00 00

004:007:001:STREAM             1429469273.656151
 06 00 00 00 40

004:007:001:STREAM             1429469273.668182
 06 00 00 00 C0

004:007:001:STREAM             1429469273.688168
 06 00 00 00 80

004:007:001:STREAM             1429469273.700177
 06 00 00 00 00

004:007:001:STREAM             1429469273.732166
 06 00 00 00 40

004:007:001:STREAM             1429469273.948141
 06 00 00 00 C0

004:007:001:STREAM             1429469273.968143
 06 00 00 00 80

004:007:001:STREAM             1429469273.980188
 06 00 00 00 00

004:007:001:STREAM             1429469274.072149
 06 00 00 00 40

004:007:001:STREAM             1429469274.096145
 06 00 00 00 C0

004:007:001:STREAM             1429469274.112149
 06 00 00 00 80

004:007:001:STREAM             1429469274.136182
 06 00 00 00 00

004:007:001:STREAM             1429469274.180145
 06 00 00 00 40

004:007:001:STREAM             1429469274.208141
 06 00 00 00 C0

004:007:001:STREAM             1429469274.243935
 06 00 00 00 80

004:007:001:STREAM             1429469274.272179
 06 00 00 00 00

004:007:001:STREAM             1429469274.412142
 06 00 00 00 40

004:007:001:STREAM             1429469274.448141
 06 00 00 00 C0

004:007:001:STREAM             1429469274.476147
 06 00 00 00 80

004:007:001:STREAM             1429469274.500141
 06 00 00 00 00

004:007:001:STREAM             1429469274.544149
 06 00 00 00 40

004:007:001:STREAM             1429469274.572161
 06 00 00 00 C0

004:007:001:STREAM             1429469274.588173
 06 00 00 00 80

004:007:001:STREAM             1429469274.608178
 06 00 00 00 00

004:007:001:STREAM             1429469274.660158
 06 00 00 00 40

004:007:001:STREAM             1429469274.672168
 06 00 00 00 C0

004:007:001:STREAM             1429469274.696144
 06 00 00 00 80

004:007:001:STREAM             1429469274.712144
 06 00 00 00 00

004:007:001:STREAM             1429469274.768144
 06 00 00 00 40

004:007:001:STREAM             1429469274.780164
 06 00 00 00 C0

004:007:001:STREAM             1429469274.808149
 06 00 00 00 80

004:007:001:STREAM             1429469274.832150
 06 00 00 00 00

004:007:001:STREAM             1429469274.912150
 06 00 00 00 40

004:007:001:STREAM             1429469274.952170
 06 00 00 00 C0

004:007:001:STREAM             1429469275.072164
 06 00 00 00 80

004:007:001:STREAM             1429469275.160146
 06 00 00 00 00

004:007:001:STREAM             1429469275.452145
 06 00 00 00 40

004:007:001:STREAM             1429469275.468174
 06 00 00 00 C0

004:007:001:STREAM             1429469275.504149
 06 00 00 00 80

004:007:001:STREAM             1429469275.536162
 06 00 00 00 00

004:007:001:STREAM             1429469275.568140
 06 00 00 00 40

004:007:001:STREAM             1429469275.584163
 06 00 00 00 C0

004:007:001:STREAM             1429469275.604148
 06 00 00 00 80

004:007:001:STREAM             1429469275.628144
 06 00 00 00 00

004:007:001:STREAM             1429469275.960151
 06 00 00 00 80

004:007:001:STREAM             1429469275.996146
 06 00 00 00 C0

004:007:001:STREAM             1429469276.020165
 06 00 00 00 40

004:007:001:STREAM             1429469276.044162
 06 00 00 00 00

004:007:001:STREAM             1429469276.100173
 06 00 00 00 80

004:007:001:STREAM             1429469276.124147
 06 00 00 00 C0

004:007:001:STREAM             1429469276.148171
 06 00 00 00 40

004:007:001:STREAM             1429469276.164148
 06 00 00 00 00

004:007:001:STREAM             1429469276.244147
 06 00 00 00 80

004:007:001:STREAM             1429469276.284175
 06 00 00 00 C0

004:007:001:STREAM             1429469276.320160
 06 00 00 00 40

004:007:001:STREAM             1429469276.340182
 06 00 00 00 00

004:007:001:STREAM             1429469276.388165
 06 00 00 00 80

004:007:001:STREAM             1429469276.404177
 06 00 00 00 C0

004:007:001:STREAM             1429469276.432317
 06 00 00 00 40

004:007:001:STREAM             1429469276.452181
 06 00 00 00 00

004:007:001:STREAM             1429469276.564137
 06 00 00 00 80

004:007:001:STREAM             1429469276.604170
 06 00 00 00 C0

004:007:001:STREAM             1429469276.640167
 06 00 00 00 40

004:007:001:STREAM             1429469276.676157
 06 00 00 00 00

004:007:001:STREAM             1429469276.732146
 06 00 00 00 80

004:007:001:STREAM             1429469276.756145
 06 00 00 00 C0

004:007:001:STREAM             1429469276.796146
 06 00 00 00 40

004:007:001:STREAM             1429469276.844166
 06 00 00 00 00

004:007:001:STREAM             1429469276.976138
 06 00 00 00 80

004:007:001:STREAM             1429469277.048145
 06 00 00 00 C0

004:007:001:STREAM             1429469277.108145
 06 00 00 00 00

004:007:001:STREAM             1429469277.116140
 06 00 00 00 80

004:007:001:STREAM             1429469277.128143
 06 00 00 00 C0

004:007:001:STREAM             1429469277.236141
 06 00 00 00 40

004:007:001:STREAM             1429469277.252178
 06 00 00 00 00

004:007:001:STREAM             1429469277.336175
 06 00 00 00 80

004:007:001:STREAM             1429469277.352158
 06 00 00 00 C0

004:007:001:STREAM             1429469277.368182
 06 00 00 00 40

004:007:001:STREAM             1429469277.404196
 06 00 00 00 00

004:007:001:STREAM             1429469277.444166
 06 00 00 00 80

004:007:001:STREAM             1429469277.460161
 06 00 00 00 C0

004:007:001:STREAM             1429469277.480140
 06 00 00 00 40

004:007:001:STREAM             1429469277.500163
 06 00 00 00 00

004:007:001:STREAM             1429469277.560147
 06 00 00 00 80

004:007:001:STREAM             1429469277.584141
 06 00 00 00 C0

004:007:001:STREAM             1429469277.604148
 06 00 00 00 40

004:007:001:STREAM             1429469277.624174
 06 00 00 00 00

004:007:001:STREAM             1429469277.688147
 06 00 00 00 80

004:007:001:STREAM             1429469277.744148
 06 00 00 00 C0

004:007:001:STREAM             1429469277.984147
 06 00 00 00 40

004:007:001:STREAM             1429469278.004145
 06 00 00 00 00

004:007:001:STREAM             1429469278.048146
 06 00 00 00 80

004:007:001:STREAM             1429469278.076173
 06 00 00 00 C0

004:007:001:STREAM             1429469278.096164
 06 00 00 00 40

004:007:001:STREAM             1429469278.104142
 06 00 00 00 00

004:007:001:STREAM             1429469278.144170
 06 00 00 00 80

004:007:001:STREAM             1429469278.148139
 06 00 00 00 C0

004:007:001:STREAM             1429469278.160173
 06 00 00 00 40

004:007:001:STREAM             1429469278.168157
 06 00 00 00 00

004:007:001:STREAM             1429469278.208144
 06 00 00 00 80

004:007:001:STREAM             1429469278.284198
 06 00 00 00 C0

004:007:001:STREAM             1429469278.352240
 06 00 00 00 40

004:007:001:STREAM             1429469278.396142
 06 00 00 00 00

004:007:001:STREAM             1429469278.796150
 06 00 00 00 80

004:007:001:STREAM             1429469278.955887
 06 00 00 00 C0

004:007:001:STREAM             1429469279.084153
 06 00 00 00 40

004:007:001:STREAM             1429469279.092140
 06 00 00 00 00

004:007:001:STREAM             1429469279.112927
 06 00 00 00 80

004:007:001:STREAM             1429469279.116152
 06 00 00 00 C0

004:007:001:STREAM             1429469279.132156
 06 00 00 00 40

004:007:001:STREAM             1429469279.140133
 06 00 00 00 00

004:007:001:STREAM             1429469279.160148
 06 00 00 00 80

004:007:001:STREAM             1429469279.188144
 06 00 00 00 C0

004:007:001:STREAM             1429469279.196162
 06 00 00 00 40

004:007:001:STREAM             1429469279.212162
 06 00 00 00 00

004:007:001:STREAM             1429469279.272136
 06 00 00 00 80

004:007:001:STREAM             1429469279.308194
 06 00 00 00 C0

004:007:001:STREAM             1429469279.328245
 06 00 00 00 40

004:007:001:STREAM             1429469279.344157
 06 00 00 00 00

004:007:001:STREAM             1429469279.384181
 06 00 00 00 80

004:007:001:STREAM             1429469279.396139
 06 00 00 00 C0

004:007:001:STREAM             1429469279.428190
 06 00 00 00 40

004:007:001:STREAM             1429469279.444174
 06 00 00 00 00

004:007:001:STREAM             1429469279.496146
 06 00 00 00 80

004:007:001:STREAM             1429469279.516145
 06 00 00 00 C0

004:007:001:STREAM             1429469279.540145
 06 00 00 00 40

004:007:001:STREAM             1429469279.560191
 06 00 00 00 00

004:007:001:STREAM             1429469279.636157
 06 00 00 00 80

004:007:001:STREAM             1429469279.764168
 06 00 00 00 C0

004:007:001:STREAM             1429469279.800139
 06 00 00 00 40

004:007:001:STREAM             1429469279.840165
 06 00 00 00 00

004:007:001:STREAM             1429469279.892143
 06 00 00 00 C0

004:007:001:STREAM             1429469279.904155
 06 00 00 00 40

004:007:001:STREAM             1429469279.912148
 06 00 00 00 00

004:007:001:STREAM             1429469279.952142
 06 00 00 00 80

004:007:001:STREAM             1429469280.036148
 06 00 00 00 C0

004:007:001:STREAM             1429469280.112148
 06 00 00 00 40

004:007:001:STREAM             1429469280.152160
 06 00 00 00 00

004:007:001:STREAM             1429469280.456150
 06 00 00 00 40

004:007:001:STREAM             1429469280.480144
 06 00 00 00 C0

004:007:001:STREAM             1429469280.528152
 06 00 00 00 80

004:007:001:STREAM             1429469280.572160
 06 00 00 00 00

004:007:001:STREAM             1429469280.808142
 06 00 00 00 40

004:007:001:STREAM             1429469280.832149
 06 00 00 00 C0

004:007:001:STREAM             1429469280.852165
 06 00 00 00 80

004:007:001:STREAM             1429469280.876168
 06 00 00 00 00

004:007:001:STREAM             1429469280.956154
 06 00 00 00 40

004:007:001:STREAM             1429469280.972166
 06 00 00 00 C0

004:007:001:STREAM             1429469281.000141
 06 00 00 00 80

004:007:001:STREAM             1429469281.024208
 06 00 00 00 00

004:007:001:STREAM             1429469281.104159
 06 00 00 00 40

004:007:001:STREAM             1429469281.136164
 06 00 00 00 C0

004:007:001:STREAM             1429469281.160153
 06 00 00 00 80

004:007:001:STREAM             1429469281.184157
 06 00 00 00 00

004:007:001:STREAM             1429469281.240148
 06 00 00 00 40

004:007:001:STREAM             1429469281.264150
 06 00 00 00 C0

004:007:001:STREAM             1429469281.284174
 06 00 00 00 80

004:007:001:STREAM             1429469281.296153
 06 00 00 00 00

004:007:001:STREAM             1429469281.312152
 06 00 00 00 40

004:007:001:STREAM             1429469281.356184
 06 00 00 00 C0

004:007:001:STREAM             1429469281.384214
 06 00 00 00 80

004:007:001:STREAM             1429469281.392159
 06 00 00 00 00

004:007:001:STREAM             1429469281.424168
 06 00 00 00 40

004:007:001:STREAM             1429469281.435921
 06 00 00 00 C0

004:007:001:STREAM             1429469281.444171
 06 00 00 00 80

004:007:001:STREAM             1429469281.468169
 06 00 00 00 00

004:007:001:STREAM             1429469281.496179
 06 00 00 00 40

004:007:001:STREAM             1429469281.508152
 06 00 00 00 C0

004:007:001:STREAM             1429469281.516145
 06 00 00 00 80

004:007:001:STREAM             1429469281.528148
 06 00 00 00 00

004:007:001:STREAM             1429469281.588147
 06 00 00 00 40

004:007:001:STREAM             1429469281.600170
 06 00 00 00 C0

004:007:001:STREAM             1429469281.620170
 06 00 00 00 80

004:007:001:STREAM             1429469281.628245
 06 00 00 00 00

004:007:001:STREAM             1429469281.692195
 06 00 00 00 40

004:007:001:STREAM             1429469281.712169
 06 00 00 00 C0

004:007:001:STREAM             1429469281.748160
 06 00 00 00 80

004:007:001:STREAM             1429469281.764170
 06 00 00 00 00

004:007:001:STREAM             1429469281.812163
 06 00 00 00 40

004:007:001:STREAM             1429469281.832148
 06 00 00 00 C0

004:007:001:STREAM             1429469281.860161
 06 00 00 00 80

004:007:001:STREAM             1429469281.864137
 06 00 00 00 00

004:007:001:STREAM             1429469281.924165
 06 00 00 00 40

004:007:001:STREAM             1429469281.956167
 06 00 00 00 C0

004:007:001:STREAM             1429469282.048151
 06 00 00 00 80

004:007:001:STREAM             1429469282.112144
 06 00 00 00 00

004:007:001:STREAM             1429469282.224145
 06 00 00 00 40

004:007:001:STREAM             1429469282.264176
 06 00 00 00 C0

004:007:001:STREAM             1429469282.284170
 06 00 00 00 80

004:007:001:STREAM             1429469282.320152
 06 00 00 00 00

004:007:001:STREAM             1429469282.420154
 06 00 00 00 40

004:007:001:STREAM             1429469282.452170
 06 00 00 00 C0

004:007:001:STREAM             1429469282.500150
 06 00 00 00 80

004:007:001:STREAM             1429469282.516157
 06 00 00 00 00

004:007:001:STREAM             1429469282.560172
 06 00 00 00 40

004:007:001:STREAM             1429469282.584174
 06 00 00 00 C0

004:007:001:STREAM             1429469282.616149
 06 00 00 00 80

004:007:001:STREAM             1429469282.624157
 06 00 00 00 00

004:007:001:STREAM             1429469282.672168
 06 00 00 00 40

004:007:001:STREAM             1429469282.696147
 06 00 00 00 C0

004:007:001:STREAM             1429469282.716189
 06 00 00 00 80

004:007:001:STREAM             1429469282.736161
 06 00 00 00 00

004:007:001:STREAM             1429469282.760152
 06 00 00 00 40

004:007:001:STREAM             1429469282.784180
 06 00 00 00 C0

004:007:001:STREAM             1429469282.828172
 06 00 00 00 80

004:007:001:STREAM             1429469282.852153
 06 00 00 00 00

004:007:001:STREAM             1429469282.876168
 06 00 00 00 40

004:007:001:STREAM             1429469282.884143
 06 00 00 00 C0

004:007:001:STREAM             1429469282.896190
 06 00 00 00 80

004:007:001:STREAM             1429469282.912153
 06 00 00 00 00

004:007:001:STREAM             1429469282.960149
 06 00 00 00 40

004:007:001:STREAM             1429469282.984148
 06 00 00 00 C0

004:007:001:STREAM             1429469283.008176
 06 00 00 00 80

004:007:001:STREAM             1429469283.029260
 06 00 00 00 00

004:007:001:STREAM             1429469283.052164
 06 00 00 00 40

004:007:001:STREAM             1429469283.072164
 06 00 00 00 C0

004:007:001:STREAM             1429469283.088179
 06 00 00 00 80

004:007:001:STREAM             1429469283.100166
 06 00 00 00 00

004:007:001:STREAM             1429469283.156143
 06 00 00 00 40

004:007:001:STREAM             1429469283.176173
 06 00 00 00 C0

004:007:001:STREAM             1429469283.196153
 06 00 00 00 80

004:007:001:STREAM             1429469283.212155
 06 00 00 00 00

004:007:001:STREAM             1429469283.284150
 06 00 00 00 40

004:007:001:STREAM             1429469283.304145
 06 00 00 00 C0

004:007:001:STREAM             1429469283.348149
 06 00 00 00 80

004:007:001:STREAM             1429469283.368153
 06 00 00 00 00

004:007:001:STREAM             1429469283.968145
 06 00 00 00 80

004:007:001:STREAM             1429469283.988150
 06 00 00 00 C0

004:007:001:STREAM             1429469284.020168
 06 00 00 00 00

004:007:001:STREAM             1429469284.052156
 06 00 00 00 C0

004:007:001:STREAM             1429469284.072175
 06 00 00 00 40

004:007:001:STREAM             1429469284.080141
 06 00 00 00 00

004:007:001:STREAM             1429469284.128147
 06 00 00 00 80

004:007:001:STREAM             1429469284.248152
 06 00 00 00 00

004:007:001:STREAM             1429469284.336147
 06 00 00 00 80

004:007:001:STREAM             1429469284.356149
 06 00 00 00 C0

004:007:001:STREAM             1429469284.364165
 06 00 00 00 40

004:007:001:STREAM             1429469284.384166
 06 00 00 00 00

004:007:001:STREAM             1429469284.452146
 06 00 00 00 80

004:007:001:STREAM             1429469284.488145
 06 00 00 00 C0

004:007:001:STREAM             1429469284.516209
 06 00 00 00 40

004:007:001:STREAM             1429469284.532147
 06 00 00 00 00

004:007:001:STREAM             1429469284.568161
 06 00 00 00 80

004:007:001:STREAM             1429469284.600161
 06 00 00 00 C0

004:007:001:STREAM             1429469284.624171
 06 00 00 00 40

004:007:001:STREAM             1429469284.644183
 06 00 00 00 00

004:007:001:STREAM             1429469284.688172
 06 00 00 00 80

004:007:001:STREAM             1429469284.696445
 06 00 00 00 C0

004:007:001:STREAM             1429469284.708178
 06 00 00 00 40

004:007:001:STREAM             1429469284.724151
 06 00 00 00 00

004:007:001:STREAM             1429469284.940161
 06 00 00 00 C0

004:007:001:STREAM             1429469284.948144
 06 00 00 00 40

004:007:001:STREAM             1429469284.972170
 06 00 00 00 00

004:007:001:STREAM             1429469285.128136
 06 00 00 00 80

004:007:001:STREAM             1429469285.144535
 06 00 00 00 C0

004:007:001:STREAM             1429469285.164162
 06 00 00 00 40

004:007:001:STREAM             1429469285.184174
 06 00 00 00 00

004:007:001:STREAM             1429469285.252150
 06 00 00 00 80

004:007:001:STREAM             1429469285.288153
 06 00 00 00 C0

004:007:001:STREAM             1429469285.320152
 06 00 00 00 40

004:007:001:STREAM             1429469285.344182
 06 00 00 00 00

004:007:001:STREAM             1429469285.376189
 06 00 00 00 80

004:007:001:STREAM             1429469285.403907
 06 00 00 00 C0

004:007:001:STREAM             1429469285.448155
 06 00 00 00 40

004:007:001:STREAM             1429469285.468189
 06 00 00 00 00

004:007:001:STREAM             1429469285.496179
 06 00 00 00 80

004:007:001:STREAM             1429469285.576152
 06 00 00 00 C0

004:007:001:STREAM             1429469285.612143
 06 00 00 00 40

004:007:001:STREAM             1429469285.651884
 06 00 00 00 00

004:007:001:STREAM             1429469285.688168
 06 00 00 00 80

004:007:001:STREAM             1429469285.696174
 06 00 00 00 C0

004:007:001:STREAM             1429469285.704170
 06 00 00 00 40

004:007:001:STREAM             1429469285.716176
 06 00 00 00 00

004:007:001:STREAM             1429469285.752174
 06 00 00 00 80

004:007:001:STREAM             1429469285.772168
 06 00 00 00 C0

004:007:001:STREAM             1429469285.792174
 06 00 00 00 40

004:007:001:STREAM             1429469285.804176
 06 00 00 00 00

004:007:001:STREAM             1429469285.836202
 06 00 00 00 80

004:007:001:STREAM             1429469285.860161
 06 00 00 00 C0

004:007:001:STREAM             1429469285.876178
 06 00 00 00 40

004:007:001:STREAM             1429469285.888177
 06 00 00 00 00

004:007:001:STREAM             1429469285.932189
 06 00 00 00 80

004:007:001:STREAM             1429469285.944164
 06 00 00 00 C0

004:007:001:STREAM             1429469285.976166
 06 00 00 00 40

004:007:001:STREAM             1429469285.984717
 06 00 00 00 00

004:007:001:STREAM             1429469286.044150
 06 00 00 00 80

004:007:001:STREAM             1429469286.072192
 06 00 00 00 C0

004:007:001:STREAM             1429469286.096165
 06 00 00 00 40

004:007:001:STREAM             1429469286.128163
 06 00 00 00 00

004:007:001:STREAM             1429469286.184181
 06 00 00 00 80

004:007:001:STREAM             1429469286.216194
 06 00 00 00 C0

004:007:001:STREAM             1429469286.248160
 06 00 00 00 00

004:007:001:STREAM             1429469286.296165
 06 00 00 00 80

004:007:001:STREAM             1429469286.336149
 06 00 00 00 C0

004:007:001:STREAM             1429469286.352812
 06 00 00 00 40

004:007:001:STREAM             1429469286.372177
 06 00 00 00 00

004:007:001:STREAM             1429469286.408176
 06 00 00 00 80

004:007:001:STREAM             1429469286.424154
 06 00 00 00 C0

004:007:001:STREAM             1429469286.448179
 06 00 00 00 40

004:007:001:STREAM             1429469286.476146
 06 00 00 00 00

004:007:001:STREAM             1429469286.544148
 06 00 00 00 80

004:007:001:STREAM             1429469286.564149
 06 00 00 00 C0

004:007:001:STREAM             1429469286.596150
 06 00 00 00 40

004:007:001:STREAM             1429469286.616172
 06 00 00 00 00

004:007:001:STREAM             1429469286.688146
 06 00 00 00 80

004:007:001:STREAM             1429469286.732162
 06 00 00 00 C0

004:007:001:STREAM             1429469286.744154
 06 00 00 00 40

004:007:001:STREAM             1429469286.756164
 06 00 00 00 00

