004:007:001:STREAM             1429473111.422264
 06 01 00 00 00

004:007:001:STREAM             1429473111.646258
 06 00 00 00 00

004:007:001:STREAM             1429473112.022253
 06 02 00 00 00

004:007:001:STREAM             1429473112.222277
 06 00 00 00 00

004:007:001:STREAM             1429473112.590269
 06 04 00 00 00

004:007:001:STREAM             1429473112.774270
 06 00 00 00 00

004:007:001:STREAM             1429473113.274262
 06 08 00 00 00

004:007:001:STREAM             1429473113.474262
 06 00 00 00 00

004:007:001:STREAM             1429473113.762253
 06 10 00 00 00

004:007:001:STREAM             1429473113.950253
 06 00 00 00 00

004:007:001:STREAM             1429473114.362261
 06 20 00 00 00

004:007:001:STREAM             1429473114.498250
 06 00 00 00 00

004:007:001:STREAM             1429473115.478258
 06 01 00 00 00

004:007:001:STREAM             1429473115.618271
 06 00 00 00 00

004:007:001:STREAM             1429473115.890253
 06 02 00 00 00

004:007:001:STREAM             1429473116.062287
 06 00 00 00 00

004:007:001:STREAM             1429473116.318261
 06 04 00 00 00

004:007:001:STREAM             1429473116.498312
 06 00 00 00 00

004:007:001:STREAM             1429473116.962258
 06 08 00 00 00

004:007:001:STREAM             1429473117.154253
 06 00 00 00 00

004:007:001:STREAM             1429473117.418258
 06 10 00 00 00

004:007:001:STREAM             1429473117.594258
 06 00 00 00 00

004:007:001:STREAM             1429473117.862254
 06 20 00 00 00

004:007:001:STREAM             1429473118.014258
 06 00 00 00 00

004:007:001:STREAM             1429473119.002268
 06 01 00 00 00

004:007:001:STREAM             1429473119.114252
 06 00 00 00 00

004:007:001:STREAM             1429473119.402257
 06 02 00 00 00

004:007:001:STREAM             1429473119.578256
 06 00 00 00 00

004:007:001:STREAM             1429473119.826261
 06 04 00 00 00

004:007:001:STREAM             1429473120.014260
 06 00 00 00 00

004:007:001:STREAM             1429473120.494260
 06 08 00 00 00

004:007:001:STREAM             1429473120.710257
 06 00 00 00 00

004:007:001:STREAM             1429473121.014259
 06 10 00 00 00

004:007:001:STREAM             1429473121.198316
 06 00 00 00 00

004:007:001:STREAM             1429473121.482257
 06 20 00 00 00

004:007:001:STREAM             1429473121.682259
 06 00 00 00 00

004:007:001:STREAM             1429473122.810300
 06 01 00 00 00

004:007:001:STREAM             1429473122.946262
 06 00 00 00 00

004:007:001:STREAM             1429473123.242262
 06 02 00 00 00

004:007:001:STREAM             1429473123.410257
 06 00 00 00 00

004:007:001:STREAM             1429473123.666259
 06 04 00 00 00

004:007:001:STREAM             1429473123.858285
 06 00 00 00 00

004:007:001:STREAM             1429473124.370260
 06 08 00 00 00

004:007:001:STREAM             1429473124.538259
 06 00 00 00 00

004:007:001:STREAM             1429473124.766257
 06 10 00 00 00

004:007:001:STREAM             1429473124.982262
 06 00 00 00 00

004:007:001:STREAM             1429473125.426260
 06 20 00 00 00

004:007:001:STREAM             1429473125.634259
 06 00 00 00 00

004:007:001:STREAM             1429473126.858273
 06 01 00 00 00

004:007:001:STREAM             1429473127.010260
 06 00 00 00 00

004:007:001:STREAM             1429473127.306263
 06 02 00 00 00

004:007:001:STREAM             1429473127.482264
 06 00 00 00 00

004:007:001:STREAM             1429473127.726265
 06 04 00 00 00

004:007:001:STREAM             1429473127.910274
 06 00 00 00 00

004:007:001:STREAM             1429473128.442282
 06 08 00 00 00

004:007:001:STREAM             1429473128.622258
 06 00 00 00 00

004:007:001:STREAM             1429473128.862256
 06 10 00 00 00

004:007:001:STREAM             1429473129.074261
 06 00 00 00 00

004:007:001:STREAM             1429473129.306261
 06 20 00 00 00

004:007:001:STREAM             1429473129.510260
 06 00 00 00 00

004:007:001:STREAM             1429473130.342260
 06 01 00 00 00

004:007:001:STREAM             1429473130.474261
 06 00 00 00 00

004:007:001:STREAM             1429473130.730289
 06 02 00 00 00

004:007:001:STREAM             1429473130.910329
 06 00 00 00 00

004:007:001:STREAM             1429473131.162265
 06 04 00 00 00

004:007:001:STREAM             1429473131.358266
 06 00 00 00 00

004:007:001:STREAM             1429473131.870266
 06 08 00 00 00

004:007:001:STREAM             1429473132.066261
 06 00 00 00 00

004:007:001:STREAM             1429473132.282266
 06 10 00 00 00

004:007:001:STREAM             1429473132.478279
 06 00 00 00 00

004:007:001:STREAM             1429473132.742266
 06 20 00 00 00

004:007:001:STREAM             1429473132.942267
 06 00 00 00 00

004:007:001:STREAM             1429473134.466266
 06 01 00 00 00

004:007:001:STREAM             1429473134.534257
 06 00 00 00 00

004:007:001:STREAM             1429473134.850266
 06 02 00 00 00

004:007:001:STREAM             1429473135.010268
 06 00 00 00 00

004:007:001:STREAM             1429473135.282271
 06 04 00 00 00

004:007:001:STREAM             1429473135.454267
 06 00 00 00 00

004:007:001:STREAM             1429473136.066264
 06 08 00 00 00

004:007:001:STREAM             1429473136.230264
 06 00 00 00 00

004:007:001:STREAM             1429473136.474266
 06 10 00 00 00

004:007:001:STREAM             1429473136.658268
 06 00 00 00 00

004:007:001:STREAM             1429473136.914267
 06 20 00 00 00

004:007:001:STREAM             1429473137.178263
 06 00 00 00 00

004:007:001:STREAM             1429473138.382266
 06 01 00 00 00

004:007:001:STREAM             1429473138.558266
 06 00 00 00 00

004:007:001:STREAM             1429473138.850271
 06 02 00 00 00

004:007:001:STREAM             1429473139.022313
 06 00 00 00 00

004:007:001:STREAM             1429473139.338272
 06 04 00 00 00

004:007:001:STREAM             1429473139.518265
 06 00 00 00 00

004:007:001:STREAM             1429473140.130314
 06 08 00 00 00

004:007:001:STREAM             1429473140.294301
 06 00 00 00 00

004:007:001:STREAM             1429473140.550270
 06 10 00 00 00

004:007:001:STREAM             1429473140.706266
 06 00 00 00 00

004:007:001:STREAM             1429473141.006267
 06 20 00 00 00

004:007:001:STREAM             1429473141.158264
 06 00 00 00 00

004:007:001:STREAM             1429473142.110270
 06 01 00 00 00

004:007:001:STREAM             1429473142.314291
 06 00 00 00 00

004:007:001:STREAM             1429473142.590266
 06 02 00 00 00

004:007:001:STREAM             1429473142.762266
 06 00 00 00 00

004:007:001:STREAM             1429473143.022269
 06 04 00 00 00

004:007:001:STREAM             1429473143.222276
 06 00 00 00 00

004:007:001:STREAM             1429473143.734288
 06 08 00 00 00

004:007:001:STREAM             1429473143.922271
 06 00 00 00 00

004:007:001:STREAM             1429473144.142287
 06 10 00 00 00

004:007:001:STREAM             1429473144.338276
 06 00 00 00 00

004:007:001:STREAM             1429473144.614282
 06 20 00 00 00

004:007:001:STREAM             1429473144.774268
 06 00 00 00 00

