002:008:000:STREAM             1377257891.977339
 08 00 00 00 00 00

002:008:000:STREAM             1377257891.981143
 08 00 00 00 00 00

002:008:000:STREAM             1377257891.985143
 08 00 00 00 00 00

002:008:000:STREAM             1377257891.991138
 08 00 00 00 00 00

002:008:000:STREAM             1377257891.995141
 08 00 00 00 00 00

002:008:000:STREAM             1377257892.001144
 08 00 00 00 00 00

002:008:000:STREAM             1377257892.005135
 08 00 00 FF 00 00

002:008:000:STREAM             1377257892.011143
 08 00 00 00 00 00

002:008:000:STREAM             1377257892.015142
 08 00 00 FF 00 00

002:008:000:STREAM             1377257892.021139
 08 00 00 00 00 00

002:008:000:STREAM             1377257892.025142
 08 00 00 00 00 00

002:008:000:STREAM             1377257892.031141
 08 00 00 00 00 00

002:008:000:STREAM             1377257892.035141
 08 00 00 FF 00 00

002:008:000:STREAM             1377257892.041140
 08 00 00 00 00 00

002:008:000:STREAM             1377257892.045142
 08 00 00 FF 00 00

002:008:000:STREAM             1377257892.049137
 08 00 00 00 00 00

002:008:000:STREAM             1377257892.055141
 08 00 00 FE 00 00

002:008:000:STREAM             1377257892.059142
 08 00 00 00 00 00

002:008:000:STREAM             1377257892.065141
 08 00 00 FE 00 00

002:008:000:STREAM             1377257892.069141
 08 00 00 00 00 00

002:008:000:STREAM             1377257892.075139
 08 00 FF FE 00 00

002:008:000:STREAM             1377257892.079143
 08 00 00 00 00 00

002:008:000:STREAM             1377257892.085144
 08 00 00 FF 00 00

002:008:000:STREAM             1377257892.089141
 08 00 00 FF 00 00

002:008:000:STREAM             1377257892.095143
 08 00 00 FF 00 00

002:008:000:STREAM             1377257892.099137
 08 00 00 FF 00 00

002:008:000:STREAM             1377257892.105139
 08 00 00 FF 00 00

002:008:000:STREAM             1377257892.109142
 08 00 00 00 00 00

002:008:000:STREAM             1377257892.113137
 08 00 00 FE 00 00

002:008:000:STREAM             1377257892.119136
 08 00 00 FE 00 00

002:008:000:STREAM             1377257892.123137
 08 00 00 FF 00 00

002:008:000:STREAM             1377257892.129109
 08 00 00 FE 00 00

002:008:000:STREAM             1377257892.133106
 08 00 00 FF 00 00

002:008:000:STREAM             1377257892.139110
 08 00 00 FE 00 00

002:008:000:STREAM             1377257892.143110
 08 00 00 FF 00 00

002:008:000:STREAM             1377257892.149104
 08 00 FF FE 00 00

002:008:000:STREAM             1377257892.153103
 08 00 00 FF 00 00

002:008:000:STREAM             1377257892.159106
 08 00 00 FE 00 00

002:008:000:STREAM             1377257892.163107
 08 00 00 FE 00 00

002:008:000:STREAM             1377257892.169104
 08 00 FF FE 00 00

002:008:000:STREAM             1377257892.173111
 08 00 00 FE 00 00

002:008:000:STREAM             1377257892.179105
 08 00 FF FD 00 00

002:008:000:STREAM             1377257892.183109
 08 00 00 FD 00 00

002:008:000:STREAM             1377257892.187109
 08 00 FE FD 00 00

002:008:000:STREAM             1377257892.193110
 08 00 00 FD 00 00

002:008:000:STREAM             1377257892.197106
 08 00 FF FD 00 00

002:008:000:STREAM             1377257892.203110
 08 00 FF FD 00 00

002:008:000:STREAM             1377257892.207107
 08 00 00 FC 00 00

002:008:000:STREAM             1377257892.213110
 08 00 00 FD 00 00

002:008:000:STREAM             1377257892.217110
 08 00 FF FC 00 00

002:008:000:STREAM             1377257892.223107
 08 00 00 FC 00 00

002:008:000:STREAM             1377257892.227106
 08 00 00 FD 00 00

002:008:000:STREAM             1377257892.233111
 08 00 FF FC 00 00

002:008:000:STREAM             1377257892.237106
 08 00 00 FC 00 00

002:008:000:STREAM             1377257892.243107
 08 00 00 FB 00 00

002:008:000:STREAM             1377257892.247110
 08 00 FF FC 00 00

002:008:000:STREAM             1377257892.251107
 08 00 00 FC 00 00

002:008:000:STREAM             1377257892.257104
 08 00 FF FB 00 00

002:008:000:STREAM             1377257892.261103
 08 00 00 FC 00 00

002:008:000:STREAM             1377257892.267107
 08 00 00 FB 00 00

002:008:000:STREAM             1377257892.271106
 08 00 FF FB 00 00

002:008:000:STREAM             1377257892.277109
 08 00 00 FB 00 00

002:008:000:STREAM             1377257892.281111
 08 00 00 FA 00 00

002:008:000:STREAM             1377257892.287109
 08 00 00 FB 00 00

002:008:000:STREAM             1377257892.291111
 08 00 00 FA 00 00

002:008:000:STREAM             1377257892.297112
 08 00 00 FA 00 00

002:008:000:STREAM             1377257892.301107
 08 00 00 FA 00 00

002:008:000:STREAM             1377257892.307111
 08 00 00 FA 00 00

002:008:000:STREAM             1377257892.311111
 08 00 FF F9 00 00

002:008:000:STREAM             1377257892.315104
 08 00 00 FA 00 00

002:008:000:STREAM             1377257892.321110
 08 00 00 F9 00 00

002:008:000:STREAM             1377257892.325111
 08 00 FF FA 00 00

002:008:000:STREAM             1377257892.331109
 08 00 FF F9 00 00

002:008:000:STREAM             1377257892.335109
 08 00 00 F9 00 00

002:008:000:STREAM             1377257892.341109
 08 00 00 FA 00 00

002:008:000:STREAM             1377257892.345110
 08 00 FF F8 00 00

002:008:000:STREAM             1377257892.351107
 08 00 00 F9 00 00

002:008:000:STREAM             1377257892.355108
 08 00 00 F8 00 00

002:008:000:STREAM             1377257892.361106
 08 00 00 F9 00 00

002:008:000:STREAM             1377257892.365110
 08 00 FF F7 00 00

002:008:000:STREAM             1377257892.371107
 08 00 00 F8 00 00

002:008:000:STREAM             1377257892.375140
 08 00 FF F7 00 00

002:008:000:STREAM             1377257892.379138
 08 00 FF F7 00 00

002:008:000:STREAM             1377257892.385134
 08 00 FF F6 00 00

002:008:000:STREAM             1377257892.389132
 08 00 FF F6 00 00

002:008:000:STREAM             1377257892.395139
 08 00 00 F5 00 00

002:008:000:STREAM             1377257892.399133
 08 00 FF F5 00 00

002:008:000:STREAM             1377257892.405139
 08 00 FF F5 00 00

002:008:000:STREAM             1377257892.409138
 08 00 00 F4 00 00

002:008:000:STREAM             1377257892.415138
 08 00 FF F4 00 00

002:008:000:STREAM             1377257892.419138
 08 00 00 F5 00 00

002:008:000:STREAM             1377257892.425133
 08 00 FF F4 00 00

002:008:000:STREAM             1377257892.429136
 08 00 FF F4 00 00

002:008:000:STREAM             1377257892.435139
 08 00 FF F3 00 00

002:008:000:STREAM             1377257892.439142
 08 00 FF F4 00 00

002:008:000:STREAM             1377257892.443138
 08 00 00 F4 00 00

002:008:000:STREAM             1377257892.449135
 08 00 FE F3 00 00

002:008:000:STREAM             1377257892.453138
 08 00 FF F2 00 00

002:008:000:STREAM             1377257892.459139
 08 00 FF F3 00 00

002:008:000:STREAM             1377257892.463139
 08 00 FF F2 00 00

002:008:000:STREAM             1377257892.469140
 08 00 00 F2 00 00

002:008:000:STREAM             1377257892.473141
 08 00 FE F2 00 00

002:008:000:STREAM             1377257892.479137
 08 00 FE F2 00 00

002:008:000:STREAM             1377257892.483142
 08 00 00 F1 00 00

002:008:000:STREAM             1377257892.489139
 08 00 FE F1 00 00

002:008:000:STREAM             1377257892.493141
 08 00 FF F1 00 00

002:008:000:STREAM             1377257892.499143
 08 00 FE F0 00 00

002:008:000:STREAM             1377257892.503142
 08 00 00 F0 00 00

002:008:000:STREAM             1377257892.509139
 08 00 FF F0 00 00

002:008:000:STREAM             1377257892.513142
 08 00 FF F0 00 00

002:008:000:STREAM             1377257892.517140
 08 00 FE F0 00 00

002:008:000:STREAM             1377257892.523140
 08 00 00 EF 00 00

002:008:000:STREAM             1377257892.527141
 08 00 FE F0 00 00

002:008:000:STREAM             1377257892.533106
 08 00 00 EF 00 00

002:008:000:STREAM             1377257892.537103
 08 00 FE F0 00 00

002:008:000:STREAM             1377257892.543108
 08 00 FE F0 00 00

002:008:000:STREAM             1377257892.547109
 08 00 00 EF 00 00

002:008:000:STREAM             1377257892.553104
 08 00 FE F0 00 00

002:008:000:STREAM             1377257892.557106
 08 00 00 F0 00 00

002:008:000:STREAM             1377257892.563111
 08 00 FF EF 00 00

002:008:000:STREAM             1377257892.567104
 08 00 FE F0 00 00

002:008:000:STREAM             1377257892.573105
 08 00 00 EF 00 00

002:008:000:STREAM             1377257892.577107
 08 00 FF EF 00 00

002:008:000:STREAM             1377257892.581105
 08 00 FF EE 00 00

002:008:000:STREAM             1377257892.587108
 08 00 00 EF 00 00

002:008:000:STREAM             1377257892.591105
 08 00 FF EE 00 00

002:008:000:STREAM             1377257892.597105
 08 00 FF EE 00 00

002:008:000:STREAM             1377257892.601104
 08 00 00 ED 00 00

002:008:000:STREAM             1377257892.607111
 08 00 00 EE 00 00

002:008:000:STREAM             1377257892.611106
 08 00 00 ED 00 00

002:008:000:STREAM             1377257892.617105
 08 00 00 ED 00 00

002:008:000:STREAM             1377257892.621108
 08 00 00 EC 00 00

002:008:000:STREAM             1377257892.627105
 08 00 FF ED 00 00

002:008:000:STREAM             1377257892.631108
 08 00 00 EC 00 00

002:008:000:STREAM             1377257892.637112
 08 00 00 EC 00 00

002:008:000:STREAM             1377257892.641108
 08 00 00 ED 00 00

002:008:000:STREAM             1377257892.645106
 08 00 00 EC 00 00

002:008:000:STREAM             1377257892.651098
 08 00 00 EC 00 00

002:008:000:STREAM             1377257892.655102
 08 00 00 ED 00 00

002:008:000:STREAM             1377257892.661113
 08 00 00 EC 00 00

002:008:000:STREAM             1377257892.665114
 08 00 00 ED 00 00

002:008:000:STREAM             1377257892.671105
 08 00 FF EC 00 00

002:008:000:STREAM             1377257892.675106
 08 00 00 ED 00 00

002:008:000:STREAM             1377257892.681107
 08 00 00 EC 00 00

002:008:000:STREAM             1377257892.685105
 08 00 00 EC 00 00

002:008:000:STREAM             1377257892.691105
 08 00 00 EC 00 00

002:008:000:STREAM             1377257892.695106
 08 00 00 EC 00 00

002:008:000:STREAM             1377257892.701106
 08 00 00 EC 00 00

002:008:000:STREAM             1377257892.705106
 08 00 00 EB 00 00

002:008:000:STREAM             1377257892.711107
 08 00 00 EB 00 00

002:008:000:STREAM             1377257892.715102
 08 00 00 EB 00 00

002:008:000:STREAM             1377257892.719110
 08 00 00 EA 00 00

002:008:000:STREAM             1377257892.725112
 08 00 00 EB 00 00

002:008:000:STREAM             1377257892.729105
 08 00 00 E9 00 00

002:008:000:STREAM             1377257892.735109
 08 00 00 EA 00 00

002:008:000:STREAM             1377257892.739111
 08 00 00 E9 00 00

002:008:000:STREAM             1377257892.745105
 08 00 01 EA 00 00

002:008:000:STREAM             1377257892.749109
 08 00 00 E9 00 00

002:008:000:STREAM             1377257892.755110
 08 00 01 E9 00 00

002:008:000:STREAM             1377257892.759108
 08 00 00 E9 00 00

002:008:000:STREAM             1377257892.765107
 08 00 00 E9 00 00

002:008:000:STREAM             1377257892.769132
 08 00 00 E8 00 00

002:008:000:STREAM             1377257892.775111
 08 00 00 E9 00 00

002:008:000:STREAM             1377257892.779109
 08 00 00 E8 00 00

002:008:000:STREAM             1377257892.783108
 08 00 01 E8 00 00

002:008:000:STREAM             1377257892.789106
 08 00 00 E9 00 00

002:008:000:STREAM             1377257892.793110
 08 00 00 E8 00 00

002:008:000:STREAM             1377257892.799111
 08 00 01 E8 00 00

002:008:000:STREAM             1377257892.803110
 08 00 01 E8 00 00

002:008:000:STREAM             1377257892.809109
 08 00 00 E8 00 00

002:008:000:STREAM             1377257892.813107
 08 00 01 E7 00 00

002:008:000:STREAM             1377257892.819109
 08 00 01 E8 00 00

002:008:000:STREAM             1377257892.823108
 08 00 01 E7 00 00

002:008:000:STREAM             1377257892.829108
 08 00 02 E7 00 00

002:008:000:STREAM             1377257892.833105
 08 00 01 E7 00 00

002:008:000:STREAM             1377257892.839107
 08 00 02 E7 00 00

002:008:000:STREAM             1377257892.843109
 08 00 01 E6 00 00

002:008:000:STREAM             1377257892.847108
 08 00 02 E7 00 00

002:008:000:STREAM             1377257892.853111
 08 00 01 E7 00 00

002:008:000:STREAM             1377257892.857107
 08 00 02 E7 00 00

002:008:000:STREAM             1377257892.863110
 08 00 01 E7 00 00

002:008:000:STREAM             1377257892.867109
 08 00 02 E8 00 00

002:008:000:STREAM             1377257892.873111
 08 00 02 E7 00 00

002:008:000:STREAM             1377257892.877104
 08 00 01 E8 00 00

002:008:000:STREAM             1377257892.883108
 08 00 01 E8 00 00

002:008:000:STREAM             1377257892.887107
 08 00 01 E9 00 00

002:008:000:STREAM             1377257892.893112
 08 00 02 EB 00 00

002:008:000:STREAM             1377257892.897105
 08 00 01 EE 00 00

002:008:000:STREAM             1377257892.903115
 08 00 02 F0 00 00

002:008:000:STREAM             1377257892.907113
 08 00 01 F2 00 00

002:008:000:STREAM             1377257892.911111
 08 00 00 F6 00 00

002:008:000:STREAM             1377257892.917107
 08 00 01 00 00 00

002:008:000:STREAM             1377257892.921105
 08 00 00 00 00 00

002:008:000:STREAM             1377257892.927106
 08 00 00 00 00 00

002:008:000:STREAM             1377257892.945116
 08 00 00 00 00 00

002:008:000:STREAM             1377257894.451503
 08 00 04 00 00 00

002:008:000:STREAM             1377257894.455141
 08 00 04 00 00 00

002:008:000:STREAM             1377257894.461140
 08 00 05 00 00 00

002:008:000:STREAM             1377257894.465141
 08 00 05 00 00 00

002:008:000:STREAM             1377257894.471141
 08 00 06 02 00 00

002:008:000:STREAM             1377257894.475140
 08 00 07 00 00 00

002:008:000:STREAM             1377257894.481138
 08 00 07 02 00 00

002:008:000:STREAM             1377257894.485141
 08 00 07 00 00 00

002:008:000:STREAM             1377257894.491139
 08 00 09 01 00 00

002:008:000:STREAM             1377257894.495136
 08 00 08 01 00 00

002:008:000:STREAM             1377257894.499140
 08 00 0A 02 00 00

002:008:000:STREAM             1377257894.505142
 08 00 09 01 00 00

002:008:000:STREAM             1377257894.509139
 08 00 0B 02 00 00

002:008:000:STREAM             1377257894.515142
 08 00 0B 00 00 00

002:008:000:STREAM             1377257894.519132
 08 00 0B 02 00 00

002:008:000:STREAM             1377257894.525136
 08 00 0C 02 00 00

002:008:000:STREAM             1377257894.529137
 08 00 0D 01 00 00

002:008:000:STREAM             1377257894.535142
 08 00 0D 01 00 00

002:008:000:STREAM             1377257894.539140
 08 00 0D 01 00 00

002:008:000:STREAM             1377257894.545136
 08 00 0E 02 00 00

002:008:000:STREAM             1377257894.549139
 08 00 0E 00 00 00

002:008:000:STREAM             1377257894.555137
 08 00 0E 02 00 00

002:008:000:STREAM             1377257894.559139
 08 00 0F 02 00 00

002:008:000:STREAM             1377257894.563140
 08 00 0F 01 00 00

002:008:000:STREAM             1377257894.569140
 08 00 10 02 00 00

002:008:000:STREAM             1377257894.573137
 08 00 10 02 00 00

002:008:000:STREAM             1377257894.579141
 08 00 10 01 00 00

002:008:000:STREAM             1377257894.583138
 08 00 10 02 00 00

002:008:000:STREAM             1377257894.589137
 08 00 11 02 00 00

002:008:000:STREAM             1377257894.593140
 08 00 11 02 00 00

002:008:000:STREAM             1377257894.599143
 08 00 11 02 00 00

002:008:000:STREAM             1377257894.603135
 08 00 12 02 00 00

002:008:000:STREAM             1377257894.609135
 08 00 12 02 00 00

002:008:000:STREAM             1377257894.613138
 08 00 12 02 00 00

002:008:000:STREAM             1377257894.619139
 08 00 13 02 00 00

002:008:000:STREAM             1377257894.623140
 08 00 13 02 00 00

002:008:000:STREAM             1377257894.627135
 08 00 13 02 00 00

002:008:000:STREAM             1377257894.633138
 08 00 13 02 00 00

002:008:000:STREAM             1377257894.637141
 08 00 13 03 00 00

002:008:000:STREAM             1377257894.643139
 08 00 13 02 00 00

002:008:000:STREAM             1377257894.647142
 08 00 14 02 00 00

002:008:000:STREAM             1377257894.653140
 08 00 13 02 00 00

002:008:000:STREAM             1377257894.657137
 08 00 14 02 00 00

002:008:000:STREAM             1377257894.663140
 08 00 14 02 00 00

002:008:000:STREAM             1377257894.667136
 08 00 13 02 00 00

002:008:000:STREAM             1377257894.673140
 08 00 14 01 00 00

002:008:000:STREAM             1377257894.677139
 08 00 14 02 00 00

002:008:000:STREAM             1377257894.683143
 08 00 15 03 00 00

002:008:000:STREAM             1377257894.687138
 08 00 14 02 00 00

002:008:000:STREAM             1377257894.693139
 08 00 14 02 00 00

002:008:000:STREAM             1377257894.697190
 08 00 14 02 00 00

002:008:000:STREAM             1377257894.701141
 08 00 15 02 00 00

002:008:000:STREAM             1377257894.707139
 08 00 15 02 00 00

002:008:000:STREAM             1377257894.711141
 08 00 14 01 00 00

002:008:000:STREAM             1377257894.717139
 08 00 15 02 00 00

002:008:000:STREAM             1377257894.721140
 08 00 15 01 00 00

002:008:000:STREAM             1377257894.727138
 08 00 15 02 00 00

002:008:000:STREAM             1377257894.731136
 08 00 15 02 00 00

002:008:000:STREAM             1377257894.737140
 08 00 16 01 00 00

002:008:000:STREAM             1377257894.741137
 08 00 15 02 00 00

002:008:000:STREAM             1377257894.747143
 08 00 15 02 00 00

002:008:000:STREAM             1377257894.751136
 08 00 14 01 00 00

002:008:000:STREAM             1377257894.757139
 08 00 15 02 00 00

002:008:000:STREAM             1377257894.761141
 08 00 14 02 00 00

002:008:000:STREAM             1377257894.765139
 08 00 14 01 00 00

002:008:000:STREAM             1377257894.771141
 08 00 14 02 00 00

002:008:000:STREAM             1377257894.775139
 08 00 14 02 00 00

002:008:000:STREAM             1377257894.781139
 08 00 14 02 00 00

002:008:000:STREAM             1377257894.785135
 08 00 14 01 00 00

002:008:000:STREAM             1377257894.791104
 08 00 14 02 00 00

002:008:000:STREAM             1377257894.795110
 08 00 13 01 00 00

002:008:000:STREAM             1377257894.801107
 08 00 14 02 00 00

002:008:000:STREAM             1377257894.805106
 08 00 14 02 00 00

002:008:000:STREAM             1377257894.811106
 08 00 14 00 00 00

002:008:000:STREAM             1377257894.815108
 08 00 13 01 00 00

002:008:000:STREAM             1377257894.821108
 08 00 14 01 00 00

002:008:000:STREAM             1377257894.825108
 08 00 14 01 00 00

002:008:000:STREAM             1377257894.829105
 08 00 15 01 00 00

002:008:000:STREAM             1377257894.835104
 08 00 14 00 00 00

002:008:000:STREAM             1377257894.839110
 08 00 15 01 00 00

002:008:000:STREAM             1377257894.845097
 08 00 14 01 00 00

002:008:000:STREAM             1377257894.849103
 08 00 14 00 00 00

002:008:000:STREAM             1377257894.855110
 08 00 14 01 00 00

002:008:000:STREAM             1377257894.859110
 08 00 15 00 00 00

002:008:000:STREAM             1377257894.865105
 08 00 14 02 00 00

002:008:000:STREAM             1377257894.869104
 08 00 15 00 00 00

002:008:000:STREAM             1377257894.875105
 08 00 14 00 00 00

002:008:000:STREAM             1377257894.879109
 08 00 14 01 00 00

002:008:000:STREAM             1377257894.885103
 08 00 15 00 00 00

002:008:000:STREAM             1377257894.889109
 08 00 14 01 00 00

002:008:000:STREAM             1377257894.893107
 08 00 14 00 00 00

002:008:000:STREAM             1377257894.899107
 08 00 15 01 00 00

002:008:000:STREAM             1377257894.903104
 08 00 14 01 00 00

002:008:000:STREAM             1377257894.909103
 08 00 14 00 00 00

002:008:000:STREAM             1377257894.913107
 08 00 14 01 00 00

002:008:000:STREAM             1377257894.919107
 08 00 14 01 00 00

002:008:000:STREAM             1377257894.923110
 08 00 15 00 00 00

002:008:000:STREAM             1377257894.929106
 08 00 15 01 00 00

002:008:000:STREAM             1377257894.933104
 08 00 15 02 00 00

002:008:000:STREAM             1377257894.939107
 08 00 15 00 00 00

002:008:000:STREAM             1377257894.943106
 08 00 15 01 00 00

002:008:000:STREAM             1377257894.949108
 08 00 15 00 00 00

002:008:000:STREAM             1377257894.953106
 08 00 15 01 00 00

002:008:000:STREAM             1377257894.959104
 08 00 16 01 00 00

002:008:000:STREAM             1377257894.963110
 08 00 15 01 00 00

002:008:000:STREAM             1377257894.967104
 08 00 15 01 00 00

002:008:000:STREAM             1377257894.973103
 08 00 15 01 00 00

002:008:000:STREAM             1377257894.977105
 08 00 16 01 00 00

002:008:000:STREAM             1377257894.983106
 08 00 15 01 00 00

002:008:000:STREAM             1377257894.987108
 08 00 16 01 00 00

002:008:000:STREAM             1377257894.993109
 08 00 15 01 00 00

002:008:000:STREAM             1377257894.997112
 08 00 16 01 00 00

002:008:000:STREAM             1377257895.003101
 08 00 15 01 00 00

002:008:000:STREAM             1377257895.007101
 08 00 15 01 00 00

002:008:000:STREAM             1377257895.013107
 08 00 16 00 00 00

002:008:000:STREAM             1377257895.017105
 08 00 16 01 00 00

002:008:000:STREAM             1377257895.023106
 08 00 16 01 00 00

002:008:000:STREAM             1377257895.027081
 08 00 16 00 00 00

002:008:000:STREAM             1377257895.031139
 08 00 15 01 00 00

002:008:000:STREAM             1377257895.037105
 08 00 16 01 00 00

002:008:000:STREAM             1377257895.041137
 08 00 15 01 00 00

002:008:000:STREAM             1377257895.047136
 08 00 16 00 00 00

002:008:000:STREAM             1377257895.051139
 08 00 16 01 00 00

002:008:000:STREAM             1377257895.057135
 08 00 15 01 00 00

002:008:000:STREAM             1377257895.061128
 08 00 15 01 00 00

002:008:000:STREAM             1377257895.067135
 08 00 16 01 00 00

002:008:000:STREAM             1377257895.071133
 08 00 16 01 00 00

002:008:000:STREAM             1377257895.077133
 08 00 16 00 00 00

002:008:000:STREAM             1377257895.081135
 08 00 15 02 00 00

002:008:000:STREAM             1377257895.087137
 08 00 16 00 00 00

002:008:000:STREAM             1377257895.091135
 08 00 16 01 00 00

002:008:000:STREAM             1377257895.095136
 08 00 16 02 00 00

002:008:000:STREAM             1377257895.101116
 08 00 16 00 00 00

002:008:000:STREAM             1377257895.105136
 08 00 17 02 00 00

002:008:000:STREAM             1377257895.111135
 08 00 16 01 00 00

002:008:000:STREAM             1377257895.115141
 08 00 17 01 00 00

002:008:000:STREAM             1377257895.121129
 08 00 17 02 00 00

002:008:000:STREAM             1377257895.125138
 08 00 18 01 00 00

002:008:000:STREAM             1377257895.131142
 08 00 17 01 00 00

002:008:000:STREAM             1377257895.135140
 08 00 18 02 00 00

002:008:000:STREAM             1377257895.141139
 08 00 18 01 00 00

002:008:000:STREAM             1377257895.145140
 08 00 18 02 00 00

002:008:000:STREAM             1377257895.151141
 08 00 19 01 00 00

002:008:000:STREAM             1377257895.155140
 08 00 19 00 00 00

002:008:000:STREAM             1377257895.159136
 08 00 18 01 00 00

002:008:000:STREAM             1377257895.165137
 08 00 16 00 00 00

002:008:000:STREAM             1377257895.169135
 08 00 15 00 00 00

002:008:000:STREAM             1377257895.175137
 08 00 11 00 00 00

002:008:000:STREAM             1377257895.179141
 08 00 0F 01 00 00

002:008:000:STREAM             1377257895.185141
 08 00 0D 00 00 00

002:008:000:STREAM             1377257895.189134
 08 00 0D 00 00 00

002:008:000:STREAM             1377257896.575182
 08 00 00 03 00 00

002:008:000:STREAM             1377257896.581138
 08 00 00 05 00 00

002:008:000:STREAM             1377257896.585139
 08 00 00 05 00 00

002:008:000:STREAM             1377257896.591137
 08 00 00 05 00 00

002:008:000:STREAM             1377257896.595138
 08 00 00 07 00 00

002:008:000:STREAM             1377257896.599140
 08 00 00 07 00 00

002:008:000:STREAM             1377257896.605134
 08 00 00 08 00 00

002:008:000:STREAM             1377257896.609137
 08 00 00 08 00 00

002:008:000:STREAM             1377257896.615140
 08 00 00 0A 00 00

002:008:000:STREAM             1377257896.619137
 08 00 00 0A 00 00

002:008:000:STREAM             1377257896.625139
 08 00 00 0B 00 00

002:008:000:STREAM             1377257896.629138
 08 00 00 0B 00 00

002:008:000:STREAM             1377257896.635136
 08 00 00 0C 00 00

002:008:000:STREAM             1377257896.639134
 08 00 00 0D 00 00

002:008:000:STREAM             1377257896.645141
 08 00 00 0E 00 00

002:008:000:STREAM             1377257896.649138
 08 00 00 0E 00 00

002:008:000:STREAM             1377257896.655139
 08 00 FF 0F 00 00

002:008:000:STREAM             1377257896.659141
 08 00 FF 10 00 00

002:008:000:STREAM             1377257896.663140
 08 00 FF 10 00 00

002:008:000:STREAM             1377257896.669137
 08 00 FE 10 00 00

002:008:000:STREAM             1377257896.673140
 08 00 FF 11 00 00

002:008:000:STREAM             1377257896.679136
 08 00 FE 12 00 00

002:008:000:STREAM             1377257896.683139
 08 00 FE 12 00 00

002:008:000:STREAM             1377257896.689140
 08 00 FF 12 00 00

002:008:000:STREAM             1377257896.693138
 08 00 FE 13 00 00

002:008:000:STREAM             1377257896.699138
 08 00 FE 14 00 00

002:008:000:STREAM             1377257896.703134
 08 00 FE 14 00 00

002:008:000:STREAM             1377257896.709138
 08 00 FE 14 00 00

002:008:000:STREAM             1377257896.713134
 08 00 FF 15 00 00

002:008:000:STREAM             1377257896.719137
 08 00 FE 15 00 00

002:008:000:STREAM             1377257896.723141
 08 00 FE 16 00 00

002:008:000:STREAM             1377257896.727112
 08 00 FF 16 00 00

002:008:000:STREAM             1377257896.733103
 08 00 FE 16 00 00

002:008:000:STREAM             1377257896.737102
 08 00 FF 17 00 00

002:008:000:STREAM             1377257896.743107
 08 00 FE 17 00 00

002:008:000:STREAM             1377257896.747107
 08 00 FF 17 00 00

002:008:000:STREAM             1377257896.753103
 08 00 FF 18 00 00

002:008:000:STREAM             1377257896.757102
 08 00 FE 17 00 00

002:008:000:STREAM             1377257896.763109
 08 00 FF 18 00 00

002:008:000:STREAM             1377257896.767106
 08 00 FE 19 00 00

002:008:000:STREAM             1377257896.773106
 08 00 FF 18 00 00

002:008:000:STREAM             1377257896.777102
 08 00 FF 19 00 00

002:008:000:STREAM             1377257896.783108
 08 00 FE 19 00 00

002:008:000:STREAM             1377257896.787109
 08 00 FF 19 00 00

002:008:000:STREAM             1377257896.791107
 08 00 FF 19 00 00

002:008:000:STREAM             1377257896.797105
 08 00 FF 1A 00 00

002:008:000:STREAM             1377257896.801104
 08 00 FF 1A 00 00

002:008:000:STREAM             1377257896.807109
 08 00 FE 1A 00 00

002:008:000:STREAM             1377257896.811108
 08 00 FE 1B 00 00

002:008:000:STREAM             1377257896.817107
 08 00 FF 1A 00 00

002:008:000:STREAM             1377257896.821109
 08 00 00 1B 00 00

002:008:000:STREAM             1377257896.827102
 08 00 FE 1B 00 00

002:008:000:STREAM             1377257896.831102
 08 00 FE 1B 00 00

002:008:000:STREAM             1377257896.837105
 08 00 00 1B 00 00

002:008:000:STREAM             1377257896.841103
 08 00 FE 1B 00 00

002:008:000:STREAM             1377257896.847107
 08 00 FF 1B 00 00

002:008:000:STREAM             1377257896.851105
 08 00 FF 1C 00 00

002:008:000:STREAM             1377257896.855107
 08 00 FE 1B 00 00

002:008:000:STREAM             1377257896.861106
 08 00 00 1C 00 00

002:008:000:STREAM             1377257896.865105
 08 00 FE 1C 00 00

002:008:000:STREAM             1377257896.871110
 08 00 FF 1C 00 00

002:008:000:STREAM             1377257896.875107
 08 00 FF 1D 00 00

002:008:000:STREAM             1377257896.881108
 08 00 FF 1C 00 00

002:008:000:STREAM             1377257896.885105
 08 00 00 1D 00 00

002:008:000:STREAM             1377257896.891106
 08 00 00 1C 00 00

002:008:000:STREAM             1377257896.895106
 08 00 FF 1C 00 00

002:008:000:STREAM             1377257896.901109
 08 00 00 1D 00 00

002:008:000:STREAM             1377257896.905107
 08 00 FF 1D 00 00

002:008:000:STREAM             1377257896.911105
 08 00 00 1C 00 00

002:008:000:STREAM             1377257896.915105
 08 00 FF 1D 00 00

002:008:000:STREAM             1377257896.919103
 08 00 FE 1C 00 00

002:008:000:STREAM             1377257896.925109
 08 00 00 1C 00 00

002:008:000:STREAM             1377257896.929104
 08 00 FF 1C 00 00

002:008:000:STREAM             1377257896.935105
 08 00 FE 1D 00 00

002:008:000:STREAM             1377257896.939103
 08 00 FF 1B 00 00

002:008:000:STREAM             1377257896.945106
 08 00 FE 1C 00 00

002:008:000:STREAM             1377257896.949107
 08 00 00 1C 00 00

002:008:000:STREAM             1377257896.955106
 08 00 FE 1B 00 00

002:008:000:STREAM             1377257896.959109
 08 00 00 1C 00 00

002:008:000:STREAM             1377257896.965107
 08 00 FE 1B 00 00

002:008:000:STREAM             1377257896.969102
 08 00 FF 1B 00 00

002:008:000:STREAM             1377257896.975109
 08 00 FF 1B 00 00

002:008:000:STREAM             1377257896.979117
 08 00 FF 1B 00 00

002:008:000:STREAM             1377257896.985113
 08 00 FE 1A 00 00

002:008:000:STREAM             1377257896.989104
 08 00 FF 1B 00 00

002:008:000:STREAM             1377257896.993107
 08 00 FE 1B 00 00

002:008:000:STREAM             1377257896.999107
 08 00 FF 1A 00 00

002:008:000:STREAM             1377257897.003102
 08 00 FE 1B 00 00

002:008:000:STREAM             1377257897.009103
 08 00 FE 1A 00 00

002:008:000:STREAM             1377257897.013108
 08 00 FF 1A 00 00

002:008:000:STREAM             1377257897.019109
 08 00 FE 1A 00 00

002:008:000:STREAM             1377257897.023102
 08 00 FE 1A 00 00

002:008:000:STREAM             1377257897.029107
 08 00 FE 1A 00 00

002:008:000:STREAM             1377257897.033107
 08 00 FF 19 00 00

002:008:000:STREAM             1377257897.039103
 08 00 FE 19 00 00

002:008:000:STREAM             1377257897.043106
 08 00 FE 19 00 00

002:008:000:STREAM             1377257897.047109
 08 00 FE 19 00 00

002:008:000:STREAM             1377257897.053108
 08 00 FE 17 00 00

002:008:000:STREAM             1377257897.057108
 08 00 FE 15 00 00

002:008:000:STREAM             1377257897.063105
 08 00 FE 12 00 00

002:008:000:STREAM             1377257897.067107
 08 00 FF 11 00 00

002:008:000:STREAM             1377257897.073108
 08 00 FE 0D 00 00

002:008:000:STREAM             1377257897.077109
 08 00 FF 0B 00 00

002:008:000:STREAM             1377257897.083108
 08 00 FF 00 00 00

002:008:000:STREAM             1377257897.087108
 08 00 00 00 00 00

002:008:000:STREAM             1377257897.093107
 08 00 FF 00 00 00

002:008:000:STREAM             1377257897.097105
 08 00 00 00 00 00

002:008:000:STREAM             1377257897.103109
 08 00 00 00 00 00

002:008:000:STREAM             1377257897.107107
 08 00 00 00 00 00

002:008:000:STREAM             1377257897.111104
 08 00 00 00 00 00

002:008:000:STREAM             1377257897.117110
 08 00 00 00 00 00

002:008:000:STREAM             1377257898.669183
 08 00 FA 00 00 00

002:008:000:STREAM             1377257898.673107
 08 00 F9 00 00 00

002:008:000:STREAM             1377257898.679106
 08 00 F9 00 00 00

002:008:000:STREAM             1377257898.683108
 08 00 F8 00 00 00

002:008:000:STREAM             1377257898.689103
 08 00 F7 00 00 00

002:008:000:STREAM             1377257898.693110
 08 00 F7 00 00 00

002:008:000:STREAM             1377257898.699108
 08 00 F6 00 00 00

002:008:000:STREAM             1377257898.703108
 08 00 F5 00 00 00

002:008:000:STREAM             1377257898.709103
 08 00 F4 00 00 00

002:008:000:STREAM             1377257898.713105
 08 00 F3 00 00 00

002:008:000:STREAM             1377257898.717105
 08 00 F2 00 00 00

002:008:000:STREAM             1377257898.723109
 08 00 F1 00 00 00

002:008:000:STREAM             1377257898.727106
 08 00 F0 00 00 00

002:008:000:STREAM             1377257898.733103
 08 00 EF 00 00 00

002:008:000:STREAM             1377257898.737107
 08 00 EE 00 00 00

002:008:000:STREAM             1377257898.743110
 08 00 ED 00 00 00

002:008:000:STREAM             1377257898.747103
 08 00 EC 00 00 00

002:008:000:STREAM             1377257898.753108
 08 00 EB 00 00 00

002:008:000:STREAM             1377257898.757106
 08 00 EA 01 00 00

002:008:000:STREAM             1377257898.763106
 08 00 E9 01 00 00

002:008:000:STREAM             1377257898.767105
 08 00 E9 00 00 00

002:008:000:STREAM             1377257898.773109
 08 00 E8 01 00 00

002:008:000:STREAM             1377257898.777107
 08 00 E7 00 00 00

002:008:000:STREAM             1377257898.781109
 08 00 E7 01 00 00

002:008:000:STREAM             1377257898.787103
 08 00 E5 00 00 00

002:008:000:STREAM             1377257898.791107
 08 00 E6 02 00 00

002:008:000:STREAM             1377257898.797108
 08 00 E4 00 00 00

002:008:000:STREAM             1377257898.801105
 08 00 E4 01 00 00

002:008:000:STREAM             1377257898.807107
 08 00 E3 02 00 00

002:008:000:STREAM             1377257898.811104
 08 00 E2 01 00 00

002:008:000:STREAM             1377257898.817107
 08 00 E2 01 00 00

002:008:000:STREAM             1377257898.821105
 08 00 E2 02 00 00

002:008:000:STREAM             1377257898.827108
 08 00 E1 01 00 00

002:008:000:STREAM             1377257898.831102
 08 00 E0 01 00 00

002:008:000:STREAM             1377257898.837108
 08 00 E0 01 00 00

002:008:000:STREAM             1377257898.841107
 08 00 E0 02 00 00

002:008:000:STREAM             1377257898.845110
 08 00 E0 00 00 00

002:008:000:STREAM             1377257898.851109
 08 00 DF 02 00 00

002:008:000:STREAM             1377257898.855106
 08 00 DF 02 00 00

002:008:000:STREAM             1377257898.861104
 08 00 DF 01 00 00

002:008:000:STREAM             1377257898.865108
 08 00 DF 02 00 00

002:008:000:STREAM             1377257898.871109
 08 00 DE 01 00 00

002:008:000:STREAM             1377257898.875103
 08 00 DF 01 00 00

002:008:000:STREAM             1377257898.881108
 08 00 DE 01 00 00

002:008:000:STREAM             1377257898.885106
 08 00 DE 00 00 00

002:008:000:STREAM             1377257898.891106
 08 00 DE 02 00 00

002:008:000:STREAM             1377257898.895109
 08 00 DF 00 00 00

002:008:000:STREAM             1377257898.901107
 08 00 DD 01 00 00

002:008:000:STREAM             1377257898.905103
 08 00 DE 00 00 00

002:008:000:STREAM             1377257898.911103
 08 00 DF 01 00 00

002:008:000:STREAM             1377257898.915102
 08 00 DE 01 00 00

002:008:000:STREAM             1377257898.919102
 08 00 DE 02 00 00

002:008:000:STREAM             1377257898.925104
 08 00 DE 00 00 00

002:008:000:STREAM             1377257898.929108
 08 00 DE 01 00 00

002:008:000:STREAM             1377257898.935106
 08 00 DE 01 00 00

002:008:000:STREAM             1377257898.939108
 08 00 DF 01 00 00

002:008:000:STREAM             1377257898.945102
 08 00 DE 01 00 00

002:008:000:STREAM             1377257898.949105
 08 00 DF 00 00 00

002:008:000:STREAM             1377257898.955109
 08 00 DE 00 00 00

002:008:000:STREAM             1377257898.959105
 08 00 DF 01 00 00

002:008:000:STREAM             1377257898.965106
 08 00 DF 00 00 00

002:008:000:STREAM             1377257898.969105
 08 00 DF 00 00 00

002:008:000:STREAM             1377257898.975110
 08 00 DF 01 00 00

002:008:000:STREAM             1377257898.979111
 08 00 DF 00 00 00

002:008:000:STREAM             1377257898.983105
 08 00 DF 00 00 00

002:008:000:STREAM             1377257898.989105
 08 00 DF 01 00 00

002:008:000:STREAM             1377257898.993109
 08 00 DF 01 00 00

002:008:000:STREAM             1377257898.999110
 08 00 DE 00 00 00

002:008:000:STREAM             1377257899.003107
 08 00 DF 01 00 00

002:008:000:STREAM             1377257899.009104
 08 00 DE 00 00 00

002:008:000:STREAM             1377257899.013109
 08 00 DF 00 00 00

002:008:000:STREAM             1377257899.019109
 08 00 DF 01 00 00

002:008:000:STREAM             1377257899.023109
 08 00 DE 00 00 00

002:008:000:STREAM             1377257899.029107
 08 00 DE 00 00 00

002:008:000:STREAM             1377257899.033104
 08 00 DF 00 00 00

002:008:000:STREAM             1377257899.039110
 08 00 DE 00 00 00

002:008:000:STREAM             1377257899.043103
 08 00 DE 01 00 00

002:008:000:STREAM             1377257899.047103
 08 00 DE 00 00 00

002:008:000:STREAM             1377257899.053106
 08 00 DD 01 00 00

002:008:000:STREAM             1377257899.057108
 08 00 DE 00 00 00

002:008:000:STREAM             1377257899.063104
 08 00 DE 00 00 00

002:008:000:STREAM             1377257899.067108
 08 00 DE 01 00 00

002:008:000:STREAM             1377257899.073102
 08 00 DE 00 00 00

002:008:000:STREAM             1377257899.077104
 08 00 DE 00 00 00

002:008:000:STREAM             1377257899.083108
 08 00 DD 00 00 00

002:008:000:STREAM             1377257899.087105
 08 00 DE 00 00 00

002:008:000:STREAM             1377257899.093104
 08 00 DE 01 00 00

002:008:000:STREAM             1377257899.097101
 08 00 DE 00 00 00

002:008:000:STREAM             1377257899.103107
 08 00 DD 00 00 00

002:008:000:STREAM             1377257899.107107
 08 00 DD 01 00 00

002:008:000:STREAM             1377257899.111108
 08 00 DD 00 00 00

002:008:000:STREAM             1377257899.117108
 08 00 DE 00 00 00

002:008:000:STREAM             1377257899.121102
 08 00 DD 00 00 00

002:008:000:STREAM             1377257899.127109
 08 00 DD 00 00 00

002:008:000:STREAM             1377257899.131101
 08 00 DD 01 00 00

002:008:000:STREAM             1377257899.137104
 08 00 DD 00 00 00

002:008:000:STREAM             1377257899.141109
 08 00 DE 01 00 00

002:008:000:STREAM             1377257899.147103
 08 00 DD 00 00 00

002:008:000:STREAM             1377257899.151108
 08 00 DE 01 00 00

002:008:000:STREAM             1377257899.157107
 08 00 DD 00 00 00

002:008:000:STREAM             1377257899.161137
 08 00 DE 00 00 00

002:008:000:STREAM             1377257899.167140
 08 00 DD 00 00 00

002:008:000:STREAM             1377257899.171140
 08 00 DE 00 00 00

002:008:000:STREAM             1377257899.175136
 08 00 DD 00 00 00

002:008:000:STREAM             1377257899.181140
 08 00 DD 00 00 00

002:008:000:STREAM             1377257899.185138
 08 00 DD 00 00 00

002:008:000:STREAM             1377257899.191141
 08 00 DD 00 00 00

002:008:000:STREAM             1377257899.195137
 08 00 DD 00 00 00

002:008:000:STREAM             1377257899.201138
 08 00 DD 01 00 00

002:008:000:STREAM             1377257899.205137
 08 00 DD 00 00 00

002:008:000:STREAM             1377257899.211146
 08 00 DE 00 00 00

002:008:000:STREAM             1377257899.215136
 08 00 DD 01 00 00

002:008:000:STREAM             1377257899.221136
 08 00 DE 00 00 00

002:008:000:STREAM             1377257899.225138
 08 00 DD 00 00 00

002:008:000:STREAM             1377257899.231140
 08 00 DE 00 00 00

002:008:000:STREAM             1377257899.235136
 08 00 DE 00 00 00

002:008:000:STREAM             1377257899.239138
 08 00 DD 00 00 00

002:008:000:STREAM             1377257899.245135
 08 00 DE FF 00 00

002:008:000:STREAM             1377257899.249134
 08 00 DD 00 00 00

002:008:000:STREAM             1377257899.255137
 08 00 DF 00 00 00

002:008:000:STREAM             1377257899.259137
 08 00 E2 00 00 00

002:008:000:STREAM             1377257899.265136
 08 00 E5 FF 00 00

002:008:000:STREAM             1377257899.269139
 08 00 E8 FF 00 00

002:008:000:STREAM             1377257899.275139
 08 00 EC FE 00 00

002:008:000:STREAM             1377257899.279135
 08 00 EC FE 00 00

