002:008:000:STREAM             1377257934.549163
 08 01 00 00 00 00

002:008:000:STREAM             1377257934.555126
 08 01 00 00 00 00

002:008:000:STREAM             1377257934.559118
 08 01 00 00 00 00

002:008:000:STREAM             1377257934.565125
 08 01 00 00 00 00

002:008:000:STREAM             1377257934.569120
 08 01 00 00 00 00

002:008:000:STREAM             1377257934.575121
 08 01 00 00 00 00

002:008:000:STREAM             1377257934.579125
 08 01 00 00 00 00

002:008:000:STREAM             1377257934.585124
 08 01 00 00 00 00

002:008:000:STREAM             1377257934.589123
 08 01 00 00 00 00

002:008:000:STREAM             1377257934.595126
 08 01 00 00 00 00

002:008:000:STREAM             1377257934.599124
 08 01 00 00 00 00

002:008:000:STREAM             1377257934.603120
 08 01 00 00 00 00

002:008:000:STREAM             1377257934.609122
 08 01 00 00 00 00

002:008:000:STREAM             1377257934.613120
 08 01 00 00 00 00

002:008:000:STREAM             1377257934.619124
 08 01 00 00 00 00

002:008:000:STREAM             1377257934.623122
 08 01 00 00 00 00

002:008:000:STREAM             1377257934.629119
 08 01 00 00 00 00

002:008:000:STREAM             1377257934.633120
 08 01 00 00 00 00

002:008:000:STREAM             1377257934.639123
 08 01 00 00 00 00

002:008:000:STREAM             1377257934.643121
 08 01 00 00 00 00

002:008:000:STREAM             1377257934.649120
 08 01 00 00 00 00

002:008:000:STREAM             1377257934.653119
 08 01 00 00 00 00

002:008:000:STREAM             1377257934.659125
 08 01 00 00 00 00

002:008:000:STREAM             1377257934.663120
 08 01 00 00 00 00

002:008:000:STREAM             1377257934.667120
 08 01 00 00 00 00

002:008:000:STREAM             1377257934.673121
 08 01 00 00 00 00

002:008:000:STREAM             1377257934.677116
 08 01 00 00 00 00

002:008:000:STREAM             1377257934.683116
 08 01 00 00 00 00

002:008:000:STREAM             1377257934.687121
 08 01 00 00 00 00

002:008:000:STREAM             1377257934.693125
 08 01 00 00 00 00

002:008:000:STREAM             1377257934.697118
 08 01 00 00 00 00

002:008:000:STREAM             1377257934.703098
 08 01 00 00 00 00

002:008:000:STREAM             1377257934.707091
 08 01 00 00 00 00

002:008:000:STREAM             1377257934.713091
 08 01 00 00 00 00

002:008:000:STREAM             1377257934.717089
 08 01 00 00 00 00

002:008:000:STREAM             1377257934.723092
 08 01 00 FF 00 00

002:008:000:STREAM             1377257934.727085
 08 01 00 00 00 00

002:008:000:STREAM             1377257934.731088
 08 01 00 00 00 00

002:008:000:STREAM             1377257934.737087
 08 01 00 00 00 00

002:008:000:STREAM             1377257934.741093
 08 01 00 00 00 00

002:008:000:STREAM             1377257934.747092
 08 01 00 00 00 00

002:008:000:STREAM             1377257934.751088
 08 01 00 00 00 00

002:008:000:STREAM             1377257934.757092
 08 01 00 00 00 00

002:008:000:STREAM             1377257934.761086
 08 01 00 00 00 00

002:008:000:STREAM             1377257934.767092
 08 01 00 00 00 00

002:008:000:STREAM             1377257934.771089
 08 01 00 00 00 00

002:008:000:STREAM             1377257934.777090
 08 01 00 00 00 00

002:008:000:STREAM             1377257934.781088
 08 01 00 00 00 00

002:008:000:STREAM             1377257934.787094
 08 01 00 00 00 00

002:008:000:STREAM             1377257934.791092
 08 01 00 00 00 00

002:008:000:STREAM             1377257934.795090
 08 01 00 00 00 00

002:008:000:STREAM             1377257934.801093
 08 01 00 00 00 00

002:008:000:STREAM             1377257934.805090
 08 01 00 00 00 00

002:008:000:STREAM             1377257934.811087
 08 01 00 00 00 00

002:008:000:STREAM             1377257934.815089
 08 01 00 00 00 00

002:008:000:STREAM             1377257934.821093
 08 01 00 00 00 00

002:008:000:STREAM             1377257934.825085
 08 01 00 00 00 00

002:008:000:STREAM             1377257934.831086
 08 01 00 00 00 00

002:008:000:STREAM             1377257934.835092
 08 01 00 00 00 00

002:008:000:STREAM             1377257934.841086
 08 01 00 00 00 00

002:008:000:STREAM             1377257934.845091
 08 01 00 00 00 00

002:008:000:STREAM             1377257934.851088
 08 01 00 00 00 00

002:008:000:STREAM             1377257934.855092
 08 01 00 00 00 00

002:008:000:STREAM             1377257934.859090
 08 01 00 00 00 00

002:008:000:STREAM             1377257934.865092
 08 01 00 00 00 00

002:008:000:STREAM             1377257934.869094
 08 01 00 00 00 00

002:008:000:STREAM             1377257934.875088
 08 01 00 00 00 00

002:008:000:STREAM             1377257934.879089
 08 01 00 00 00 00

002:008:000:STREAM             1377257934.885093
 08 01 00 00 00 00

002:008:000:STREAM             1377257934.889085
 08 01 00 00 00 00

002:008:000:STREAM             1377257934.895092
 08 01 00 00 00 00

002:008:000:STREAM             1377257934.899090
 08 00 00 00 00 00

002:008:000:STREAM             1377257934.905092
 08 00 00 00 00 00

002:008:000:STREAM             1377257934.909091
 08 00 00 00 00 00

002:008:000:STREAM             1377257934.915092
 08 00 00 00 00 00

002:008:000:STREAM             1377257934.919090
 08 00 00 00 00 00

002:008:000:STREAM             1377257934.923091
 08 00 00 00 00 00

002:008:000:STREAM             1377257934.929092
 08 00 00 00 00 00

002:008:000:STREAM             1377257934.933088
 08 00 00 00 00 00

002:008:000:STREAM             1377257934.939087
 08 00 00 00 00 00

002:008:000:STREAM             1377257934.943092
 08 00 00 00 00 00

002:008:000:STREAM             1377257934.949090
 08 00 00 00 00 00

002:008:000:STREAM             1377257934.953091
 08 00 00 00 00 00

002:008:000:STREAM             1377257934.959088
 08 00 00 00 00 00

002:008:000:STREAM             1377257934.963091
 08 00 00 00 00 00

002:008:000:STREAM             1377257934.969091
 08 00 00 00 00 00

002:008:000:STREAM             1377257934.973093
 08 00 00 00 00 00

002:008:000:STREAM             1377257934.979090
 08 00 00 00 00 00

002:008:000:STREAM             1377257934.983089
 08 00 00 00 00 00

002:008:000:STREAM             1377257934.987089
 08 00 00 00 00 00

002:008:000:STREAM             1377257934.993089
 08 00 00 00 00 00

002:008:000:STREAM             1377257934.997087
 08 00 00 00 00 00

002:008:000:STREAM             1377257935.003088
 08 00 00 00 00 00

002:008:000:STREAM             1377257935.007086
 08 00 00 00 00 00

002:008:000:STREAM             1377257935.013088
 08 00 00 00 00 00

002:008:000:STREAM             1377257935.017089
 08 00 00 00 00 00

002:008:000:STREAM             1377257935.023093
 08 00 00 00 00 00

002:008:000:STREAM             1377257935.027090
 08 00 00 00 00 00

002:008:000:STREAM             1377257935.033087
 08 00 00 00 00 00

002:008:000:STREAM             1377257935.037089
 08 00 00 00 00 00

002:008:000:STREAM             1377257935.043089
 08 00 00 00 00 00

002:008:000:STREAM             1377257935.047091
 08 00 00 00 00 00

002:008:000:STREAM             1377257935.051092
 08 00 00 00 00 00

002:008:000:STREAM             1377257935.057091
 08 00 00 00 00 00

002:008:000:STREAM             1377257935.061087
 08 00 00 00 00 00

002:008:000:STREAM             1377257935.067087
 08 00 00 00 00 00

002:008:000:STREAM             1377257935.071094
 08 00 00 00 00 00

002:008:000:STREAM             1377257935.077090
 08 00 00 00 00 00

002:008:000:STREAM             1377257935.081089
 08 00 00 00 00 00

002:008:000:STREAM             1377257935.087087
 08 00 00 00 00 00

002:008:000:STREAM             1377257935.091089
 08 00 00 00 00 00

002:008:000:STREAM             1377257935.097093
 08 00 00 00 00 00

002:008:000:STREAM             1377257935.101091
 08 00 00 00 00 00

002:008:000:STREAM             1377257935.107088
 08 00 00 00 00 00

002:008:000:STREAM             1377257935.111090
 08 00 00 00 00 00

002:008:000:STREAM             1377257935.115088
 08 00 00 00 00 00

002:008:000:STREAM             1377257935.121087
 08 00 00 00 00 00

002:008:000:STREAM             1377257935.125092
 08 00 00 00 00 00

002:008:000:STREAM             1377257935.131088
 08 00 00 00 00 00

002:008:000:STREAM             1377257935.135091
 08 00 00 00 00 00

002:008:000:STREAM             1377257935.141091
 08 00 00 00 00 00

002:008:000:STREAM             1377257935.145092
 08 00 00 00 00 00

002:008:000:STREAM             1377257935.151093
 08 00 00 00 00 00

002:008:000:STREAM             1377257935.155087
 08 00 00 00 00 00

002:008:000:STREAM             1377257935.161119
 08 00 00 00 00 00

002:008:000:STREAM             1377257935.165122
 08 00 00 00 00 00

002:008:000:STREAM             1377257935.171119
 08 00 00 00 00 00

002:008:000:STREAM             1377257935.175119
 08 00 00 00 00 00

002:008:000:STREAM             1377257935.179122
 08 00 00 00 00 00

002:008:000:STREAM             1377257935.185123
 08 00 00 00 00 00

002:008:000:STREAM             1377257935.189118
 08 00 00 00 00 00

002:008:000:STREAM             1377257935.195124
 08 00 00 00 00 00

002:008:000:STREAM             1377257935.199118
 08 00 00 00 00 00

002:008:000:STREAM             1377257935.205125
 08 00 00 00 00 00

002:008:000:STREAM             1377257935.209120
 08 00 00 00 00 00

002:008:000:STREAM             1377257935.215123
 08 00 00 00 00 00

002:008:000:STREAM             1377257935.219121
 08 00 00 00 00 00

002:008:000:STREAM             1377257935.225118
 08 00 00 00 00 00

002:008:000:STREAM             1377257935.229122
 08 00 00 00 00 00

002:008:000:STREAM             1377257935.235121
 08 00 00 00 00 00

002:008:000:STREAM             1377257935.239119
 08 00 00 00 00 00

002:008:000:STREAM             1377257935.243123
 08 00 00 00 00 00

002:008:000:STREAM             1377257935.249122
 08 00 00 00 00 00

002:008:000:STREAM             1377257935.253120
 08 00 00 00 00 00

002:008:000:STREAM             1377257935.259123
 08 00 00 00 00 00

002:008:000:STREAM             1377257935.263120
 08 00 00 00 00 00

002:008:000:STREAM             1377257935.269121
 08 00 00 00 00 00

002:008:000:STREAM             1377257935.273121
 08 00 00 00 00 00

002:008:000:STREAM             1377257935.279125
 08 00 00 00 00 00

002:008:000:STREAM             1377257935.283123
 08 00 00 00 00 00

002:008:000:STREAM             1377257935.289122
 08 00 00 00 00 00

002:008:000:STREAM             1377257935.293123
 08 00 00 00 00 00

002:008:000:STREAM             1377257935.299125
 08 00 00 00 00 00

002:008:000:STREAM             1377257935.303122
 08 00 00 00 00 00

002:008:000:STREAM             1377257935.307121
 08 00 00 00 00 00

002:008:000:STREAM             1377257935.313094
 08 00 00 00 00 00

002:008:000:STREAM             1377257935.317089
 08 00 00 00 00 00

002:008:000:STREAM             1377257935.323092
 08 00 00 00 00 00

002:008:000:STREAM             1377257935.327091
 08 00 00 00 00 00

002:008:000:STREAM             1377257935.333089
 08 00 00 00 00 00

002:008:000:STREAM             1377257935.337086
 08 00 00 00 00 00

002:008:000:STREAM             1377257935.343093
 08 00 00 00 00 00

002:008:000:STREAM             1377257935.347093
 08 00 00 00 00 00

002:008:000:STREAM             1377257935.353090
 08 00 00 00 00 00

002:008:000:STREAM             1377257935.357093
 08 00 00 00 00 00

002:008:000:STREAM             1377257935.363092
 08 00 00 00 00 00

002:008:000:STREAM             1377257935.367091
 08 00 00 00 00 00

002:008:000:STREAM             1377257935.371094
 08 00 00 00 00 00

002:008:000:STREAM             1377257935.377094
 08 00 00 00 00 00

002:008:000:STREAM             1377257935.381092
 08 00 00 00 00 00

002:008:000:STREAM             1377257935.387093
 08 00 00 00 00 00

002:008:000:STREAM             1377257935.391089
 08 00 00 00 00 00

002:008:000:STREAM             1377257935.397092
 08 00 00 00 00 00

002:008:000:STREAM             1377257935.401088
 08 00 00 00 00 00

002:008:000:STREAM             1377257935.407088
 08 00 00 00 00 00

002:008:000:STREAM             1377257935.411093
 08 00 00 00 00 00

002:008:000:STREAM             1377257935.417093
 08 00 00 00 00 00

002:008:000:STREAM             1377257935.421088
 08 00 00 00 00 00

002:008:000:STREAM             1377257935.427090
 08 00 00 00 00 00

002:008:000:STREAM             1377257935.431087
 08 00 00 00 00 00

002:008:000:STREAM             1377257935.435089
 08 00 00 00 00 00

002:008:000:STREAM             1377257935.441091
 08 00 00 00 00 00

002:008:000:STREAM             1377257935.445087
 08 00 00 00 00 00

002:008:000:STREAM             1377257935.451093
 08 00 00 00 00 00

002:008:000:STREAM             1377257935.455092
 08 00 00 00 00 00

002:008:000:STREAM             1377257935.461094
 08 00 00 00 00 00

002:008:000:STREAM             1377257935.465091
 08 00 00 00 00 00

002:008:000:STREAM             1377257935.471090
 08 00 00 00 00 00

002:008:000:STREAM             1377257935.475093
 08 00 00 00 00 00

002:008:000:STREAM             1377257935.481090
 08 00 00 00 00 00

002:008:000:STREAM             1377257935.485087
 08 00 00 00 00 00

002:008:000:STREAM             1377257935.491094
 08 00 00 00 00 00

002:008:000:STREAM             1377257935.495092
 08 00 00 00 00 00

002:008:000:STREAM             1377257935.501087
 08 00 00 00 00 00

002:008:000:STREAM             1377257935.505091
 08 00 00 00 00 00

002:008:000:STREAM             1377257935.509089
 08 00 00 00 00 00

002:008:000:STREAM             1377257935.515094
 08 00 00 00 00 00

002:008:000:STREAM             1377257935.519089
 08 00 00 00 00 00

002:008:000:STREAM             1377257935.525093
 08 00 00 00 00 00

002:008:000:STREAM             1377257935.529089
 08 00 00 00 00 00

002:008:000:STREAM             1377257935.535087
 08 00 00 00 00 00

002:008:000:STREAM             1377257935.539088
 08 00 00 00 00 00

002:008:000:STREAM             1377257935.545092
 08 00 00 00 00 00

002:008:000:STREAM             1377257935.549093
 08 00 00 00 00 00

002:008:000:STREAM             1377257935.555087
 08 00 00 00 00 00

002:008:000:STREAM             1377257935.559089
 08 00 00 00 00 00

002:008:000:STREAM             1377257935.565090
 08 00 00 00 00 00

002:008:000:STREAM             1377257935.569093
 08 00 00 00 00 00

002:008:000:STREAM             1377257935.573089
 08 00 00 00 00 00

002:008:000:STREAM             1377257935.579093
 08 00 00 00 00 00

002:008:000:STREAM             1377257935.583090
 08 00 00 00 00 00

002:008:000:STREAM             1377257935.589105
 08 00 00 00 00 00

002:008:000:STREAM             1377257935.593094
 08 00 00 00 00 00

002:008:000:STREAM             1377257935.599091
 08 00 00 00 00 00

002:008:000:STREAM             1377257935.603090
 08 00 00 00 00 00

002:008:000:STREAM             1377257935.609093
 08 00 00 00 00 00

002:008:000:STREAM             1377257935.613093
 08 00 00 00 00 00

002:008:000:STREAM             1377257935.619087
 08 00 00 00 00 00

002:008:000:STREAM             1377257935.623090
 08 00 00 00 00 00

002:008:000:STREAM             1377257935.629092
 08 00 00 00 00 00

002:008:000:STREAM             1377257935.633086
 08 00 00 00 00 00

002:008:000:STREAM             1377257935.637087
 08 00 00 00 00 00

002:008:000:STREAM             1377257935.643088
 08 00 00 00 00 00

002:008:000:STREAM             1377257935.647080
 08 00 00 00 00 00

002:008:000:STREAM             1377257935.653084
 08 00 00 00 00 00

002:008:000:STREAM             1377257935.657084
 08 00 00 00 00 00

002:008:000:STREAM             1377257935.663082
 08 00 00 00 00 00

002:008:000:STREAM             1377257935.667081
 08 00 00 00 00 00

002:008:000:STREAM             1377257935.673082
 08 00 00 00 00 00

002:008:000:STREAM             1377257935.677081
 08 00 00 00 00 00

002:008:000:STREAM             1377257935.683090
 08 00 00 00 00 00

002:008:000:STREAM             1377257935.687093
 08 00 00 00 00 00

002:008:000:STREAM             1377257935.693090
 08 00 00 00 00 00

002:008:000:STREAM             1377257935.697089
 08 00 00 00 00 00

002:008:000:STREAM             1377257935.701091
 08 00 00 00 00 00

002:008:000:STREAM             1377257935.707094
 08 00 00 00 00 00

002:008:000:STREAM             1377257935.711086
 08 00 00 00 00 00

002:008:000:STREAM             1377257935.717091
 08 00 00 00 00 00

002:008:000:STREAM             1377257935.721092
 08 00 00 00 00 00

002:008:000:STREAM             1377257935.727091
 08 00 00 00 00 00

002:008:000:STREAM             1377257935.731088
 08 00 00 00 00 00

002:008:000:STREAM             1377257935.737094
 08 00 00 00 00 00

002:008:000:STREAM             1377257935.741091
 08 00 00 00 00 00

002:008:000:STREAM             1377257935.747088
 08 00 00 00 00 00

002:008:000:STREAM             1377257935.751087
 08 00 00 00 00 00

002:008:000:STREAM             1377257935.757094
 08 00 00 00 00 00

002:008:000:STREAM             1377257935.761094
 08 00 00 00 00 00

002:008:000:STREAM             1377257935.765092
 08 00 00 00 00 00

002:008:000:STREAM             1377257935.771089
 08 00 00 00 00 00

002:008:000:STREAM             1377257935.775087
 08 00 00 00 00 00

002:008:000:STREAM             1377257935.781093
 08 00 00 00 00 00

002:008:000:STREAM             1377257935.785088
 08 00 00 00 00 00

002:008:000:STREAM             1377257935.791088
 08 00 00 00 00 00

002:008:000:STREAM             1377257935.795092
 08 00 00 00 00 00

002:008:000:STREAM             1377257935.801093
 08 00 00 00 00 00

002:008:000:STREAM             1377257935.805090
 08 00 00 00 00 00

002:008:000:STREAM             1377257935.811093
 08 00 00 00 00 00

002:008:000:STREAM             1377257935.815090
 08 00 00 00 00 00

002:008:000:STREAM             1377257935.821091
 08 00 00 00 00 00

002:008:000:STREAM             1377257935.825094
 08 00 00 00 00 00

002:008:000:STREAM             1377257935.829093
 08 00 00 00 00 00

002:008:000:STREAM             1377257935.835090
 08 00 00 00 00 00

002:008:000:STREAM             1377257935.839094
 08 00 00 00 00 00

002:008:000:STREAM             1377257935.845091
 08 00 00 00 00 00

002:008:000:STREAM             1377257935.849093
 08 00 00 00 00 00

002:008:000:STREAM             1377257935.855089
 08 00 00 00 00 00

002:008:000:STREAM             1377257935.859087
 08 00 00 00 00 00

002:008:000:STREAM             1377257935.865092
 08 00 00 00 00 00

002:008:000:STREAM             1377257935.869091
 08 00 00 00 00 00

002:008:000:STREAM             1377257935.875089
 08 00 00 00 00 00

002:008:000:STREAM             1377257935.879091
 08 00 00 00 00 00

002:008:000:STREAM             1377257935.885093
 08 00 00 00 00 00

002:008:000:STREAM             1377257935.889088
 08 00 00 00 00 00

002:008:000:STREAM             1377257935.893093
 08 00 00 00 00 00

002:008:000:STREAM             1377257935.899090
 08 00 00 00 00 00

002:008:000:STREAM             1377257935.903087
 08 00 00 00 00 00

002:008:000:STREAM             1377257935.909090
 08 00 00 00 00 00

002:008:000:STREAM             1377257935.913089
 08 00 00 00 00 00

002:008:000:STREAM             1377257935.919091
 08 00 00 00 00 00

002:008:000:STREAM             1377257935.923091
 08 00 00 00 00 00

002:008:000:STREAM             1377257935.929087
 08 00 00 00 00 00

002:008:000:STREAM             1377257935.933091
 08 00 00 00 00 00

002:008:000:STREAM             1377257935.939090
 08 00 00 00 00 00

002:008:000:STREAM             1377257935.943086
 08 00 00 00 00 00

002:008:000:STREAM             1377257935.949091
 08 00 00 00 00 00

002:008:000:STREAM             1377257935.953088
 08 00 00 00 00 00

002:008:000:STREAM             1377257935.957087
 08 00 00 00 00 00

002:008:000:STREAM             1377257935.963088
 08 00 00 00 00 00

002:008:000:STREAM             1377257935.967088
 08 00 00 00 00 00

002:008:000:STREAM             1377257935.973093
 08 00 00 00 00 00

002:008:000:STREAM             1377257935.977087
 08 00 00 00 00 00

002:008:000:STREAM             1377257935.983095
 08 00 00 00 00 00

002:008:000:STREAM             1377257935.987085
 08 00 00 00 00 00

002:008:000:STREAM             1377257935.993081
 08 00 00 00 00 00

002:008:000:STREAM             1377257935.997083
 08 00 00 00 00 00

002:008:000:STREAM             1377257936.003088
 08 00 00 00 00 00

002:008:000:STREAM             1377257936.007091
 08 00 00 00 00 00

002:008:000:STREAM             1377257936.013112
 08 00 00 00 00 00

002:008:000:STREAM             1377257936.017085
 08 00 00 00 00 00

002:008:000:STREAM             1377257936.021096
 08 00 00 00 00 00

002:008:000:STREAM             1377257936.027121
 08 00 00 00 00 00

002:008:000:STREAM             1377257936.031119
 08 00 00 00 00 00

002:008:000:STREAM             1377257936.037117
 08 00 00 00 00 00

002:008:000:STREAM             1377257936.041118
 08 00 00 00 00 00

002:008:000:STREAM             1377257936.047117
 08 00 00 00 00 00

002:008:000:STREAM             1377257936.051121
 08 00 00 00 00 00

002:008:000:STREAM             1377257936.057116
 08 00 00 00 00 00

002:008:000:STREAM             1377257936.061118
 08 00 00 00 00 00

002:008:000:STREAM             1377257936.067116
 08 00 00 00 00 00

002:008:000:STREAM             1377257936.071120
 08 00 00 00 00 00

002:008:000:STREAM             1377257936.077116
 08 00 00 00 00 00

002:008:000:STREAM             1377257936.081119
 08 00 00 00 00 00

002:008:000:STREAM             1377257936.085119
 08 00 00 00 00 00

002:008:000:STREAM             1377257936.091124
 08 00 00 00 00 00

002:008:000:STREAM             1377257936.095121
 08 00 00 00 00 00

002:008:000:STREAM             1377257936.101122
 08 00 00 00 00 00

002:008:000:STREAM             1377257936.105122
 08 00 00 00 00 00

002:008:000:STREAM             1377257936.111130
 08 00 00 00 00 00

002:008:000:STREAM             1377257936.115122
 08 00 00 00 00 00

002:008:000:STREAM             1377257936.121125
 08 00 00 00 00 00

002:008:000:STREAM             1377257936.125120
 08 00 00 00 00 00

002:008:000:STREAM             1377257936.131120
 08 00 00 00 00 00

002:008:000:STREAM             1377257936.135118
 08 00 00 00 00 00

002:008:000:STREAM             1377257936.141120
 08 00 00 00 00 00

002:008:000:STREAM             1377257936.145118
 08 00 00 00 00 00

002:008:000:STREAM             1377257936.149120
 08 00 00 00 00 00

002:008:000:STREAM             1377257936.155122
 08 00 00 00 00 00

002:008:000:STREAM             1377257936.159121
 08 00 00 00 00 00

002:008:000:STREAM             1377257936.165120
 08 00 00 00 00 00

002:008:000:STREAM             1377257936.169120
 08 00 00 00 00 00

002:008:000:STREAM             1377257936.175119
 08 00 00 00 00 00

002:008:000:STREAM             1377257936.179124
 08 00 00 00 00 00

002:008:000:STREAM             1377257936.185124
 08 00 00 00 00 00

002:008:000:STREAM             1377257936.189121
 08 00 00 00 00 00

002:008:000:STREAM             1377257936.195121
 08 00 00 00 00 00

002:008:000:STREAM             1377257936.199118
 08 00 00 00 00 00

002:008:000:STREAM             1377257936.205120
 08 00 00 00 00 00

002:008:000:STREAM             1377257936.209119
 08 00 00 00 00 00

002:008:000:STREAM             1377257936.213125
 08 00 00 00 00 00

002:008:000:STREAM             1377257936.219125
 08 00 00 00 00 00

002:008:000:STREAM             1377257936.223124
 08 00 00 00 00 00

002:008:000:STREAM             1377257936.229123
 08 00 00 00 00 00

002:008:000:STREAM             1377257936.233117
 08 00 00 00 00 00

002:008:000:STREAM             1377257936.239124
 08 00 00 00 00 00

002:008:000:STREAM             1377257936.243122
 08 00 00 00 00 00

002:008:000:STREAM             1377257936.249122
 08 00 00 00 00 00

002:008:000:STREAM             1377257936.253124
 08 00 00 00 00 00

002:008:000:STREAM             1377257936.259121
 08 00 00 00 00 00

002:008:000:STREAM             1377257936.263123
 08 00 00 00 00 00

002:008:000:STREAM             1377257936.269119
 08 00 00 00 00 00

002:008:000:STREAM             1377257936.273124
 08 00 00 00 00 00

002:008:000:STREAM             1377257936.277124
 08 00 00 00 00 00

002:008:000:STREAM             1377257936.283124
 08 00 00 00 00 00

002:008:000:STREAM             1377257936.287121
 08 00 00 00 00 00

002:008:000:STREAM             1377257936.293123
 08 00 00 00 00 00

002:008:000:STREAM             1377257936.297117
 08 00 00 00 00 00

002:008:000:STREAM             1377257936.303125
 08 00 00 00 00 00

002:008:000:STREAM             1377257936.307122
 08 00 00 00 00 00

002:008:000:STREAM             1377257936.313122
 08 00 00 00 00 00

002:008:000:STREAM             1377257936.317119
 08 00 00 00 00 00

002:008:000:STREAM             1377257936.323121
 08 00 00 00 00 00

002:008:000:STREAM             1377257936.327122
 08 00 00 00 00 00

002:008:000:STREAM             1377257936.333122
 08 00 00 00 00 00

002:008:000:STREAM             1377257936.337119
 08 00 00 00 00 00

002:008:000:STREAM             1377257936.343120
 08 00 00 00 00 00

002:008:000:STREAM             1377257936.347124
 08 00 00 00 00 00

002:008:000:STREAM             1377257936.351122
 08 00 00 00 00 00

002:008:000:STREAM             1377257936.357120
 08 00 00 00 00 00

002:008:000:STREAM             1377257936.361121
 08 00 00 00 00 00

002:008:000:STREAM             1377257936.367119
 08 00 00 00 00 00

002:008:000:STREAM             1377257936.371126
 08 00 00 00 00 00

002:008:000:STREAM             1377257936.377124
 08 00 00 00 00 00

002:008:000:STREAM             1377257936.381124
 08 00 00 00 00 00

002:008:000:STREAM             1377257936.387121
 08 00 00 00 00 00

002:008:000:STREAM             1377257936.391119
 08 00 00 00 00 00

002:008:000:STREAM             1377257936.397126
 08 04 00 00 00 00

002:008:000:STREAM             1377257936.401123
 08 04 00 00 00 00

002:008:000:STREAM             1377257936.405123
 08 04 00 00 00 00

002:008:000:STREAM             1377257936.411124
 08 04 00 00 00 00

002:008:000:STREAM             1377257936.415118
 08 04 00 00 00 00

002:008:000:STREAM             1377257936.421123
 08 04 00 00 00 00

002:008:000:STREAM             1377257936.425122
 08 04 00 00 00 00

002:008:000:STREAM             1377257936.431121
 08 04 00 00 00 00

002:008:000:STREAM             1377257936.435120
 08 04 00 00 00 00

002:008:000:STREAM             1377257936.441121
 08 04 00 00 00 00

002:008:000:STREAM             1377257936.445125
 08 04 00 00 00 00

002:008:000:STREAM             1377257936.451126
 08 04 00 00 00 00

002:008:000:STREAM             1377257936.455118
 08 04 00 00 00 00

002:008:000:STREAM             1377257936.461119
 08 04 00 00 00 00

002:008:000:STREAM             1377257936.465125
 08 04 00 00 00 00

002:008:000:STREAM             1377257936.471125
 08 04 00 00 00 00

002:008:000:STREAM             1377257936.475125
 08 04 00 00 00 00

002:008:000:STREAM             1377257936.479121
 08 04 00 00 00 00

002:008:000:STREAM             1377257936.485121
 08 04 00 00 00 00

002:008:000:STREAM             1377257936.489118
 08 04 00 00 00 00

002:008:000:STREAM             1377257936.495125
 08 04 00 00 00 00

002:008:000:STREAM             1377257936.499123
 08 04 00 00 00 00

002:008:000:STREAM             1377257936.505124
 08 04 00 00 00 00

002:008:000:STREAM             1377257936.509122
 08 04 00 00 00 00

002:008:000:STREAM             1377257936.515123
 08 04 00 00 00 00

002:008:000:STREAM             1377257936.519121
 08 04 00 00 00 00

002:008:000:STREAM             1377257936.525120
 08 04 00 00 00 00

002:008:000:STREAM             1377257936.529118
 08 04 00 00 00 00

002:008:000:STREAM             1377257936.535119
 08 04 00 00 00 00

002:008:000:STREAM             1377257936.539124
 08 04 00 00 00 00

002:008:000:STREAM             1377257936.545123
 08 04 00 00 00 00

002:008:000:STREAM             1377257936.549120
 08 04 00 00 00 00

002:008:000:STREAM             1377257936.553118
 08 04 00 00 00 00

002:008:000:STREAM             1377257936.559121
 08 04 00 00 00 00

002:008:000:STREAM             1377257936.563120
 08 04 00 00 00 00

002:008:000:STREAM             1377257936.569125
 08 04 00 00 00 00

002:008:000:STREAM             1377257936.573122
 08 04 00 00 00 00

002:008:000:STREAM             1377257936.579123
 08 04 00 00 00 00

002:008:000:STREAM             1377257936.583120
 08 04 00 00 00 00

002:008:000:STREAM             1377257936.589120
 08 04 00 00 00 00

002:008:000:STREAM             1377257936.593118
 08 04 00 00 00 00

002:008:000:STREAM             1377257936.599124
 08 04 00 00 00 00

002:008:000:STREAM             1377257936.603118
 08 04 00 00 00 00

002:008:000:STREAM             1377257936.609125
 08 04 00 00 00 00

002:008:000:STREAM             1377257936.613123
 08 04 00 00 00 00

002:008:000:STREAM             1377257936.619121
 08 04 00 00 00 00

002:008:000:STREAM             1377257936.623118
 08 04 00 00 00 00

002:008:000:STREAM             1377257936.627123
 08 04 00 00 00 00

002:008:000:STREAM             1377257936.633119
 08 04 00 00 00 00

002:008:000:STREAM             1377257936.637123
 08 04 00 00 00 00

002:008:000:STREAM             1377257936.643124
 08 04 00 00 00 00

002:008:000:STREAM             1377257936.647122
 08 04 00 00 00 00

002:008:000:STREAM             1377257936.653121
 08 04 00 00 00 00

002:008:000:STREAM             1377257936.657119
 08 04 00 00 00 00

002:008:000:STREAM             1377257936.663123
 08 04 00 00 00 00

002:008:000:STREAM             1377257936.667118
 08 04 00 00 00 00

002:008:000:STREAM             1377257936.673119
 08 04 00 00 00 00

002:008:000:STREAM             1377257936.677125
 08 04 00 00 00 00

002:008:000:STREAM             1377257936.683124
 08 04 00 00 00 00

002:008:000:STREAM             1377257936.687122
 08 04 00 00 00 00

002:008:000:STREAM             1377257936.693127
 08 04 00 00 00 00

002:008:000:STREAM             1377257936.697128
 08 04 00 00 00 00

002:008:000:STREAM             1377257936.701123
 08 04 00 00 00 00

002:008:000:STREAM             1377257936.707121
 08 04 00 00 00 00

002:008:000:STREAM             1377257936.711119
 08 04 00 00 00 00

002:008:000:STREAM             1377257936.717125
 08 04 00 00 00 00

002:008:000:STREAM             1377257936.721124
 08 04 00 00 00 00

002:008:000:STREAM             1377257936.727120
 08 04 00 00 00 00

002:008:000:STREAM             1377257936.731124
 08 04 00 00 00 00

002:008:000:STREAM             1377257936.737124
 08 04 00 00 00 00

002:008:000:STREAM             1377257936.741120
 08 04 00 00 00 00

002:008:000:STREAM             1377257936.747122
 08 04 00 00 00 00

002:008:000:STREAM             1377257936.751119
 08 04 00 00 00 00

002:008:000:STREAM             1377257936.757119
 08 04 00 00 00 00

002:008:000:STREAM             1377257936.761121
 08 04 00 00 00 00

002:008:000:STREAM             1377257936.767122
 08 04 00 00 00 00

002:008:000:STREAM             1377257936.771124
 08 04 00 00 00 00

002:008:000:STREAM             1377257936.775123
 08 04 00 00 00 00

002:008:000:STREAM             1377257936.781123
 08 04 00 00 00 00

002:008:000:STREAM             1377257936.785122
 08 04 00 00 00 00

002:008:000:STREAM             1377257936.791125
 08 04 00 00 00 00

002:008:000:STREAM             1377257936.795124
 08 04 00 00 00 00

002:008:000:STREAM             1377257936.801122
 08 04 00 00 00 00

002:008:000:STREAM             1377257936.805120
 08 04 00 00 00 00

002:008:000:STREAM             1377257936.811121
 08 04 00 00 00 00

002:008:000:STREAM             1377257936.815120
 08 04 00 00 00 00

002:008:000:STREAM             1377257936.821121
 08 04 00 00 00 00

002:008:000:STREAM             1377257936.825123
 08 04 00 00 00 00

002:008:000:STREAM             1377257936.831125
 08 04 00 00 00 00

002:008:000:STREAM             1377257936.835123
 08 04 00 00 00 00

002:008:000:STREAM             1377257936.841124
 08 04 00 00 00 00

002:008:000:STREAM             1377257936.845121
 08 04 00 00 00 00

002:008:000:STREAM             1377257936.851120
 08 04 00 00 00 00

002:008:000:STREAM             1377257936.855119
 08 04 00 00 00 00

002:008:000:STREAM             1377257936.859123
 08 04 00 00 00 00

002:008:000:STREAM             1377257936.865122
 08 04 00 00 00 00

002:008:000:STREAM             1377257936.869121
 08 04 00 00 00 00

002:008:000:STREAM             1377257936.875123
 08 04 00 00 00 00

002:008:000:STREAM             1377257936.879122
 08 04 00 00 00 00

002:008:000:STREAM             1377257936.885126
 08 04 00 00 00 00

002:008:000:STREAM             1377257936.889123
 08 04 00 00 00 00

002:008:000:STREAM             1377257936.895125
 08 04 00 00 00 00

002:008:000:STREAM             1377257936.899125
 08 00 00 00 00 00

002:008:000:STREAM             1377257936.905125
 08 00 00 00 00 00

002:008:000:STREAM             1377257936.909121
 08 00 00 00 00 00

002:008:000:STREAM             1377257936.915124
 08 00 00 00 00 00

002:008:000:STREAM             1377257936.919120
 08 00 00 00 00 00

002:008:000:STREAM             1377257936.923124
 08 00 00 00 00 00

002:008:000:STREAM             1377257936.929123
 08 00 00 00 00 00

002:008:000:STREAM             1377257936.933121
 08 00 00 00 00 00

002:008:000:STREAM             1377257936.939120
 08 00 00 00 00 00

002:008:000:STREAM             1377257936.943122
 08 00 00 00 00 00

002:008:000:STREAM             1377257936.949125
 08 00 00 00 00 00

002:008:000:STREAM             1377257936.953119
 08 00 00 00 00 00

002:008:000:STREAM             1377257936.959123
 08 00 00 00 00 00

002:008:000:STREAM             1377257936.963123
 08 00 00 00 00 00

002:008:000:STREAM             1377257936.969121
 08 00 00 00 00 00

002:008:000:STREAM             1377257936.973119
 08 00 00 00 00 00

002:008:000:STREAM             1377257936.979130
 08 00 00 00 00 00

002:008:000:STREAM             1377257936.983121
 08 00 00 00 00 00

002:008:000:STREAM             1377257936.987119
 08 00 00 00 00 00

002:008:000:STREAM             1377257936.993121
 08 00 00 00 00 00

002:008:000:STREAM             1377257936.997118
 08 00 00 00 00 00

002:008:000:STREAM             1377257937.003125
 08 00 00 00 00 00

002:008:000:STREAM             1377257937.007125
 08 00 00 00 00 00

002:008:000:STREAM             1377257937.013123
 08 00 00 00 00 00

002:008:000:STREAM             1377257937.017124
 08 00 00 00 00 00

002:008:000:STREAM             1377257937.023125
 08 00 00 00 00 00

002:008:000:STREAM             1377257937.027118
 08 00 00 00 00 00

002:008:000:STREAM             1377257937.033123
 08 00 00 00 00 00

002:008:000:STREAM             1377257937.037119
 08 00 00 00 00 00

002:008:000:STREAM             1377257937.043126
 08 00 00 00 00 00

002:008:000:STREAM             1377257937.047118
 08 00 00 00 00 00

002:008:000:STREAM             1377257937.051123
 08 00 00 00 00 00

002:008:000:STREAM             1377257937.057120
 08 00 00 00 00 00

002:008:000:STREAM             1377257937.061118
 08 00 00 00 00 00

002:008:000:STREAM             1377257937.067125
 08 00 00 00 00 00

002:008:000:STREAM             1377257937.071122
 08 00 00 00 00 00

002:008:000:STREAM             1377257937.077124
 08 00 00 00 00 00

002:008:000:STREAM             1377257937.081125
 08 00 00 00 00 00

002:008:000:STREAM             1377257937.087125
 08 00 00 00 00 00

002:008:000:STREAM             1377257937.091118
 08 00 00 00 00 00

002:008:000:STREAM             1377257937.097123
 08 00 00 00 00 00

002:008:000:STREAM             1377257937.101120
 08 00 00 00 00 00

002:008:000:STREAM             1377257937.107121
 08 00 00 00 00 00

002:008:000:STREAM             1377257937.111124
 08 00 00 00 00 00

002:008:000:STREAM             1377257937.115125
 08 00 00 00 00 00

002:008:000:STREAM             1377257937.121119
 08 00 00 00 00 00

002:008:000:STREAM             1377257937.125119
 08 00 00 00 00 00

002:008:000:STREAM             1377257937.131122
 08 00 00 00 00 00

002:008:000:STREAM             1377257937.135123
 08 00 00 00 00 00

002:008:000:STREAM             1377257937.141125
 08 00 00 00 00 00

002:008:000:STREAM             1377257937.145118
 08 00 00 00 00 00

002:008:000:STREAM             1377257937.151120
 08 00 00 00 00 00

002:008:000:STREAM             1377257937.155118
 08 00 00 00 00 00

002:008:000:STREAM             1377257937.161124
 08 00 00 00 00 00

002:008:000:STREAM             1377257937.165099
 08 00 00 00 00 00

002:008:000:STREAM             1377257937.171092
 08 00 00 00 00 00

002:008:000:STREAM             1377257937.175092
 08 00 00 00 00 00

002:008:000:STREAM             1377257937.179088
 08 00 00 00 00 00

002:008:000:STREAM             1377257937.185087
 08 00 00 00 00 00

002:008:000:STREAM             1377257937.189091
 08 00 00 00 00 00

002:008:000:STREAM             1377257937.195094
 08 00 00 00 00 00

002:008:000:STREAM             1377257937.199089
 08 00 00 00 00 00

002:008:000:STREAM             1377257937.205088
 08 00 00 00 00 00

002:008:000:STREAM             1377257937.209085
 08 00 00 00 00 00

002:008:000:STREAM             1377257937.215093
 08 00 00 00 00 00

002:008:000:STREAM             1377257937.219089
 08 00 00 00 00 00

002:008:000:STREAM             1377257937.225093
 08 00 00 00 00 00

002:008:000:STREAM             1377257937.229092
 08 00 00 00 00 00

002:008:000:STREAM             1377257937.235092
 08 00 00 00 00 00

002:008:000:STREAM             1377257937.239094
 08 00 00 00 00 00

002:008:000:STREAM             1377257937.243101
 08 00 00 00 00 00

002:008:000:STREAM             1377257937.249086
 08 00 00 00 00 00

002:008:000:STREAM             1377257937.253089
 08 00 00 00 00 00

002:008:000:STREAM             1377257937.259088
 08 00 00 00 00 00

002:008:000:STREAM             1377257937.263092
 08 00 00 00 00 00

002:008:000:STREAM             1377257937.269088
 08 00 00 00 00 00

002:008:000:STREAM             1377257937.273085
 08 00 00 00 00 00

002:008:000:STREAM             1377257937.279089
 08 00 00 00 00 00

002:008:000:STREAM             1377257937.283089
 08 00 00 00 00 00

002:008:000:STREAM             1377257937.289086
 08 00 00 00 00 00

002:008:000:STREAM             1377257937.293087
 08 00 00 00 00 00

002:008:000:STREAM             1377257937.299091
 08 00 00 00 00 00

002:008:000:STREAM             1377257937.303086
 08 00 00 00 00 00

002:008:000:STREAM             1377257937.309092
 08 00 00 00 00 00

002:008:000:STREAM             1377257937.313092
 08 00 00 00 00 00

002:008:000:STREAM             1377257937.317086
 08 00 00 00 00 00

002:008:000:STREAM             1377257937.323088
 08 00 00 00 00 00

002:008:000:STREAM             1377257937.327091
 08 00 00 00 00 00

002:008:000:STREAM             1377257937.333091
 08 00 00 00 00 00

002:008:000:STREAM             1377257937.337086
 08 00 00 00 00 00

002:008:000:STREAM             1377257937.343089
 08 00 00 00 00 00

002:008:000:STREAM             1377257937.347094
 08 00 00 00 00 00

002:008:000:STREAM             1377257937.353091
 08 00 00 00 00 00

002:008:000:STREAM             1377257937.357091
 08 00 00 00 00 00

002:008:000:STREAM             1377257937.363091
 08 00 00 00 00 00

002:008:000:STREAM             1377257937.367088
 08 00 00 00 00 00

002:008:000:STREAM             1377257937.373091
 08 00 00 00 00 00

002:008:000:STREAM             1377257937.377090
 08 00 00 00 00 00

002:008:000:STREAM             1377257937.381094
 08 00 00 00 00 00

002:008:000:STREAM             1377257937.387092
 08 00 00 00 00 00

002:008:000:STREAM             1377257937.391086
 08 00 00 00 00 00

002:008:000:STREAM             1377257937.397091
 08 00 00 00 00 00

002:008:000:STREAM             1377257937.401090
 08 00 00 00 00 00

002:008:000:STREAM             1377257937.407089
 08 00 00 00 00 00

002:008:000:STREAM             1377257937.411086
 08 00 00 00 00 00

002:008:000:STREAM             1377257937.417092
 08 00 00 00 00 00

002:008:000:STREAM             1377257937.421090
 08 00 00 00 00 00

002:008:000:STREAM             1377257937.427089
 08 00 00 00 00 00

002:008:000:STREAM             1377257937.431091
 08 00 00 00 00 00

002:008:000:STREAM             1377257937.437087
 08 00 00 00 00 00

002:008:000:STREAM             1377257937.441088
 08 00 00 00 00 00

002:008:000:STREAM             1377257937.445093
 08 00 00 00 00 00

002:008:000:STREAM             1377257937.451090
 08 00 00 00 00 00

002:008:000:STREAM             1377257937.455089
 08 00 00 00 00 00

002:008:000:STREAM             1377257937.461087
 08 00 00 00 00 00

002:008:000:STREAM             1377257937.465091
 08 00 00 00 00 00

002:008:000:STREAM             1377257937.471087
 08 00 00 00 00 00

002:008:000:STREAM             1377257937.475092
 08 00 00 00 00 00

002:008:000:STREAM             1377257937.481093
 08 00 00 00 00 00

002:008:000:STREAM             1377257937.485090
 08 00 00 00 00 00

002:008:000:STREAM             1377257937.491087
 08 00 00 00 00 00

002:008:000:STREAM             1377257937.495092
 08 00 00 00 00 00

002:008:000:STREAM             1377257937.501090
 08 00 00 00 00 00

002:008:000:STREAM             1377257937.505086
 08 00 00 00 00 00

002:008:000:STREAM             1377257937.509087
 08 00 00 00 00 00

002:008:000:STREAM             1377257937.515091
 08 00 00 00 00 00

002:008:000:STREAM             1377257937.519089
 08 00 00 00 00 00

002:008:000:STREAM             1377257937.525092
 08 00 00 00 00 00

002:008:000:STREAM             1377257937.529089
 08 00 00 00 00 00

002:008:000:STREAM             1377257937.535093
 08 00 00 00 00 00

002:008:000:STREAM             1377257937.539090
 08 00 00 00 00 00

002:008:000:STREAM             1377257937.545092
 08 00 00 00 00 00

002:008:000:STREAM             1377257937.549086
 08 00 00 00 00 00

002:008:000:STREAM             1377257937.555091
 08 00 00 00 00 00

002:008:000:STREAM             1377257937.559088
 08 00 00 00 00 00

002:008:000:STREAM             1377257937.565093
 08 00 00 00 00 00

002:008:000:STREAM             1377257937.569090
 08 00 00 00 00 00

002:008:000:STREAM             1377257937.573086
 08 00 00 00 00 00

002:008:000:STREAM             1377257937.579116
 08 00 00 00 00 00

002:008:000:STREAM             1377257937.583090
 08 00 00 00 00 00

002:008:000:STREAM             1377257937.589091
 08 00 00 00 00 00

002:008:000:STREAM             1377257937.593092
 08 00 00 00 00 00

002:008:000:STREAM             1377257937.599088
 08 00 00 00 00 00

002:008:000:STREAM             1377257937.603087
 08 00 00 00 00 00

002:008:000:STREAM             1377257937.609092
 08 00 00 00 00 00

002:008:000:STREAM             1377257937.613091
 08 00 00 00 00 00

002:008:000:STREAM             1377257937.619088
 08 00 00 00 00 00

002:008:000:STREAM             1377257937.623086
 08 00 00 00 00 00

002:008:000:STREAM             1377257937.629087
 08 00 00 00 00 00

002:008:000:STREAM             1377257937.633090
 08 00 00 00 00 00

002:008:000:STREAM             1377257937.637090
 08 00 00 00 00 00

002:008:000:STREAM             1377257937.643089
 08 00 00 00 00 00

002:008:000:STREAM             1377257937.647091
 08 00 00 00 00 00

002:008:000:STREAM             1377257937.653093
 08 00 00 00 00 00

002:008:000:STREAM             1377257937.657092
 08 00 00 00 00 00

002:008:000:STREAM             1377257937.663088
 08 00 00 00 00 00

002:008:000:STREAM             1377257937.667093
 08 00 00 00 00 00

002:008:000:STREAM             1377257937.673089
 08 00 00 00 00 00

002:008:000:STREAM             1377257937.677091
 08 00 00 00 00 00

002:008:000:STREAM             1377257937.683090
 08 00 00 00 00 00

002:008:000:STREAM             1377257937.687087
 08 00 00 00 00 00

002:008:000:STREAM             1377257937.693087
 08 00 00 00 00 00

002:008:000:STREAM             1377257937.697091
 08 00 00 00 00 00

002:008:000:STREAM             1377257937.703091
 08 00 00 00 00 00

002:008:000:STREAM             1377257937.707092
 08 00 00 00 00 00

002:008:000:STREAM             1377257937.711092
 08 00 00 00 00 00

002:008:000:STREAM             1377257937.717091
 08 00 00 00 00 00

002:008:000:STREAM             1377257937.721086
 08 00 00 00 00 00

002:008:000:STREAM             1377257937.727094
 08 00 00 00 00 00

002:008:000:STREAM             1377257937.731090
 08 00 01 00 00 00

002:008:000:STREAM             1377257937.737099
 08 00 00 00 00 00

002:008:000:STREAM             1377257937.741096
 08 00 00 00 00 00

002:008:000:STREAM             1377257937.747087
 08 00 00 00 00 00

002:008:000:STREAM             1377257937.751088
 08 00 00 00 00 00

002:008:000:STREAM             1377257937.757093
 08 00 00 00 00 00

002:008:000:STREAM             1377257937.761091
 08 00 00 00 00 00

002:008:000:STREAM             1377257937.767088
 08 00 00 00 00 00

002:008:000:STREAM             1377257937.771090
 08 00 00 00 00 00

002:008:000:STREAM             1377257937.775088
 08 00 00 00 00 00

002:008:000:STREAM             1377257937.781092
 08 00 00 00 00 00

002:008:000:STREAM             1377257937.785089
 08 00 00 00 00 00

002:008:000:STREAM             1377257937.791088
 08 00 00 00 00 00

002:008:000:STREAM             1377257937.795091
 08 00 00 00 00 00

002:008:000:STREAM             1377257937.801091
 08 00 00 00 00 00

002:008:000:STREAM             1377257937.805088
 08 00 00 00 00 00

002:008:000:STREAM             1377257937.811089
 08 00 00 00 00 00

002:008:000:STREAM             1377257937.815086
 08 00 00 00 00 00

002:008:000:STREAM             1377257937.821087
 08 00 00 00 00 00

002:008:000:STREAM             1377257937.825088
 08 00 00 00 00 00

002:008:000:STREAM             1377257937.831088
 08 00 00 00 00 00

002:008:000:STREAM             1377257937.835090
 08 00 00 00 00 00

002:008:000:STREAM             1377257937.839090
 08 00 00 00 00 00

002:008:000:STREAM             1377257937.845087
 08 00 00 00 00 00

002:008:000:STREAM             1377257937.849087
 08 00 00 00 00 00

002:008:000:STREAM             1377257937.855090
 08 00 00 00 00 00

002:008:000:STREAM             1377257937.859091
 08 00 00 00 00 00

002:008:000:STREAM             1377257937.865088
 08 00 00 00 00 00

002:008:000:STREAM             1377257937.869087
 08 00 00 00 00 00

002:008:000:STREAM             1377257937.875094
 08 00 00 00 00 00

002:008:000:STREAM             1377257937.879091
 08 00 00 00 00 00

002:008:000:STREAM             1377257937.885090
 08 00 00 00 00 00

002:008:000:STREAM             1377257937.889090
 08 00 00 00 00 00

002:008:000:STREAM             1377257937.895090
 08 00 00 00 00 00

002:008:000:STREAM             1377257937.899092
 08 00 00 00 00 00

002:008:000:STREAM             1377257937.903089
 08 00 00 00 00 00

002:008:000:STREAM             1377257937.909088
 08 00 00 00 00 00

002:008:000:STREAM             1377257937.913092
 08 00 00 00 00 00

002:008:000:STREAM             1377257937.919090
 08 00 00 00 00 00

002:008:000:STREAM             1377257937.923093
 08 00 00 00 00 00

002:008:000:STREAM             1377257937.929092
 08 00 00 00 00 00

002:008:000:STREAM             1377257937.933091
 08 00 00 00 00 00

002:008:000:STREAM             1377257937.939091
 08 00 00 00 00 00

002:008:000:STREAM             1377257937.943086
 08 00 00 00 00 00

002:008:000:STREAM             1377257937.949091
 08 00 00 00 00 00

002:008:000:STREAM             1377257937.953089
 08 00 00 00 00 00

002:008:000:STREAM             1377257937.959088
 08 00 00 00 00 00

002:008:000:STREAM             1377257937.963091
 08 00 00 00 00 00

002:008:000:STREAM             1377257937.967090
 08 00 00 00 00 00

002:008:000:STREAM             1377257937.973090
 08 00 00 00 00 00

002:008:000:STREAM             1377257937.977086
 08 00 00 00 00 00

002:008:000:STREAM             1377257937.983092
 08 00 00 00 00 00

002:008:000:STREAM             1377257937.987098
 08 00 00 00 00 00

002:008:000:STREAM             1377257937.993092
 08 00 00 00 00 00

002:008:000:STREAM             1377257937.997088
 08 00 00 00 00 00

002:008:000:STREAM             1377257938.003091
 08 00 00 00 00 00

002:008:000:STREAM             1377257938.007086
 08 00 00 00 00 00

002:008:000:STREAM             1377257938.013094
 08 00 00 00 00 00

002:008:000:STREAM             1377257938.017086
 08 00 00 00 00 00

002:008:000:STREAM             1377257938.023087
 08 00 00 00 00 00

002:008:000:STREAM             1377257938.027088
 08 00 00 00 00 00

002:008:000:STREAM             1377257938.031087
 08 00 00 00 00 00

002:008:000:STREAM             1377257938.037093
 08 00 00 00 00 00

002:008:000:STREAM             1377257938.041091
 08 00 00 00 00 00

002:008:000:STREAM             1377257938.047089
 08 00 00 00 00 00

002:008:000:STREAM             1377257938.051091
 08 00 00 00 00 00

002:008:000:STREAM             1377257938.057088
 08 00 00 00 00 00

002:008:000:STREAM             1377257938.061091
 08 00 00 00 00 00

002:008:000:STREAM             1377257938.067089
 08 00 00 00 00 00

002:008:000:STREAM             1377257938.071085
 08 00 00 00 00 00

002:008:000:STREAM             1377257938.077087
 08 00 00 00 00 00

002:008:000:STREAM             1377257938.081092
 08 00 00 00 00 00

002:008:000:STREAM             1377257938.087093
 08 00 00 00 00 00

002:008:000:STREAM             1377257938.091092
 08 00 00 00 00 00

002:008:000:STREAM             1377257938.095091
 08 00 00 00 00 00

002:008:000:STREAM             1377257938.101086
 08 00 00 00 00 00

002:008:000:STREAM             1377257938.105093
 08 00 00 00 00 00

002:008:000:STREAM             1377257938.111092
 08 00 00 00 00 00

002:008:000:STREAM             1377257938.115090
 08 00 00 00 00 00

002:008:000:STREAM             1377257938.121093
 08 00 00 00 00 00

002:008:000:STREAM             1377257938.125093
 08 00 00 00 00 00

002:008:000:STREAM             1377257938.131091
 08 00 00 00 00 00

002:008:000:STREAM             1377257938.135090
 08 00 00 00 00 00

002:008:000:STREAM             1377257938.141093
 08 00 00 01 00 00

002:008:000:STREAM             1377257938.145086
 08 00 00 00 00 00

002:008:000:STREAM             1377257938.151093
 08 00 00 00 00 00

002:008:000:STREAM             1377257938.155086
 08 00 00 00 00 00

002:008:000:STREAM             1377257938.159090
 08 00 00 00 00 00

002:008:000:STREAM             1377257938.165093
 08 00 00 00 00 00

002:008:000:STREAM             1377257938.169093
 08 00 00 00 00 00

002:008:000:STREAM             1377257938.175088
 08 00 00 00 00 00

002:008:000:STREAM             1377257938.179090
 08 00 00 00 00 00

002:008:000:STREAM             1377257938.185088
 08 00 00 00 00 00

002:008:000:STREAM             1377257938.189091
 08 00 00 00 00 00

002:008:000:STREAM             1377257938.195093
 08 00 00 00 00 00

002:008:000:STREAM             1377257938.199089
 08 00 00 00 00 00

002:008:000:STREAM             1377257938.205092
 08 00 00 00 00 00

002:008:000:STREAM             1377257938.209085
 08 00 00 00 00 00

002:008:000:STREAM             1377257938.215088
 08 00 00 00 00 00

002:008:000:STREAM             1377257938.219092
 08 00 00 00 00 00

002:008:000:STREAM             1377257938.223091
 08 00 00 00 00 00

002:008:000:STREAM             1377257938.229088
 08 00 00 00 00 00

002:008:000:STREAM             1377257938.233092
 08 00 00 00 00 00

002:008:000:STREAM             1377257938.239087
 08 00 00 00 00 00

002:008:000:STREAM             1377257938.243090
 08 00 00 00 00 00

002:008:000:STREAM             1377257938.249095
 08 00 00 00 00 00

002:008:000:STREAM             1377257938.253096
 08 00 00 00 00 00

002:008:000:STREAM             1377257938.259092
 08 00 00 00 00 00

002:008:000:STREAM             1377257938.263088
 08 00 00 00 00 00

002:008:000:STREAM             1377257938.269094
 08 00 00 00 00 00

002:008:000:STREAM             1377257938.273085
 08 00 00 00 00 00

002:008:000:STREAM             1377257938.279092
 08 00 00 00 00 00

002:008:000:STREAM             1377257938.283086
 08 00 00 00 00 00

002:008:000:STREAM             1377257938.287086
 08 00 00 00 00 00

002:008:000:STREAM             1377257938.293093
 08 00 00 00 00 00

002:008:000:STREAM             1377257938.297087
 08 00 00 00 00 00

002:008:000:STREAM             1377257938.303087
 08 00 00 00 00 00

002:008:000:STREAM             1377257938.307091
 08 00 00 00 00 00

002:008:000:STREAM             1377257938.313090
 08 00 00 00 00 00

002:008:000:STREAM             1377257938.317090
 08 00 00 00 00 00

002:008:000:STREAM             1377257938.323093
 08 00 00 00 00 00

002:008:000:STREAM             1377257938.327091
 08 00 00 00 00 00

002:008:000:STREAM             1377257938.333093
 08 00 00 00 00 00

002:008:000:STREAM             1377257938.337085
 08 00 00 00 00 00

002:008:000:STREAM             1377257938.343091
 08 00 00 00 00 00

002:008:000:STREAM             1377257938.347092
 08 00 00 00 00 00

002:008:000:STREAM             1377257938.351086
 08 00 00 00 00 00

002:008:000:STREAM             1377257938.357093
 08 00 00 00 00 00

002:008:000:STREAM             1377257938.361089
 08 00 00 00 00 00

002:008:000:STREAM             1377257938.367090
 08 00 00 00 00 00

002:008:000:STREAM             1377257938.371088
 08 00 00 00 00 00

002:008:000:STREAM             1377257938.377089
 08 00 00 00 00 00

002:008:000:STREAM             1377257938.381089
 08 00 00 00 00 00

002:008:000:STREAM             1377257938.387092
 08 00 00 00 00 00

002:008:000:STREAM             1377257938.391086
 08 00 00 00 00 00

002:008:000:STREAM             1377257938.397091
 08 00 00 00 00 00

002:008:000:STREAM             1377257938.401087
 08 00 00 00 00 00

002:008:000:STREAM             1377257938.407086
 08 00 00 00 00 00

002:008:000:STREAM             1377257938.411091
 08 00 00 00 00 00

002:008:000:STREAM             1377257938.415090
 08 00 00 00 00 00

002:008:000:STREAM             1377257938.421086
 08 00 00 00 00 00

002:008:000:STREAM             1377257938.425091
 08 00 00 00 00 00

002:008:000:STREAM             1377257938.431088
 08 02 00 00 00 00

002:008:000:STREAM             1377257938.435091
 08 02 00 00 00 00

002:008:000:STREAM             1377257938.441087
 08 02 00 00 00 00

002:008:000:STREAM             1377257938.445091
 08 02 00 00 00 00

002:008:000:STREAM             1377257938.451092
 08 02 00 00 00 00

002:008:000:STREAM             1377257938.455089
 08 02 00 00 00 00

002:008:000:STREAM             1377257938.461087
 08 02 00 00 00 00

002:008:000:STREAM             1377257938.465106
 08 02 00 00 00 00

002:008:000:STREAM             1377257938.471090
 08 02 00 00 00 00

002:008:000:STREAM             1377257938.475086
 08 02 00 00 00 00

002:008:000:STREAM             1377257938.481093
 08 02 00 00 00 00

002:008:000:STREAM             1377257938.485088
 08 02 00 00 00 00

002:008:000:STREAM             1377257938.489086
 08 02 00 00 00 00

002:008:000:STREAM             1377257938.495086
 08 02 00 00 00 00

002:008:000:STREAM             1377257938.499096
 08 02 00 00 00 00

002:008:000:STREAM             1377257938.505115
 08 02 00 00 00 00

002:008:000:STREAM             1377257938.509093
 08 02 00 00 00 00

002:008:000:STREAM             1377257938.515088
 08 02 00 00 00 00

002:008:000:STREAM             1377257938.519091
 08 02 00 00 00 00

002:008:000:STREAM             1377257938.525088
 08 02 00 00 00 00

002:008:000:STREAM             1377257938.529087
 08 02 00 00 00 00

002:008:000:STREAM             1377257938.535087
 08 02 00 00 00 00

002:008:000:STREAM             1377257938.539087
 08 02 00 00 00 00

002:008:000:STREAM             1377257938.545088
 08 02 00 00 00 00

002:008:000:STREAM             1377257938.549087
 08 02 00 00 00 00

002:008:000:STREAM             1377257938.553090
 08 02 00 00 00 00

002:008:000:STREAM             1377257938.559087
 08 02 00 00 00 00

002:008:000:STREAM             1377257938.563091
 08 02 00 00 00 00

002:008:000:STREAM             1377257938.569086
 08 02 00 00 00 00

002:008:000:STREAM             1377257938.573086
 08 02 00 00 00 00

002:008:000:STREAM             1377257938.579093
 08 02 00 00 00 00

002:008:000:STREAM             1377257938.583089
 08 02 00 00 00 00

002:008:000:STREAM             1377257938.589085
 08 02 00 00 00 00

002:008:000:STREAM             1377257938.593090
 08 02 00 00 00 00

002:008:000:STREAM             1377257938.599093
 08 02 00 00 00 00

002:008:000:STREAM             1377257938.603093
 08 02 00 00 00 00

002:008:000:STREAM             1377257938.609087
 08 02 00 00 00 00

002:008:000:STREAM             1377257938.613091
 08 02 00 00 00 00

002:008:000:STREAM             1377257938.617090
 08 02 00 00 00 00

002:008:000:STREAM             1377257938.623091
 08 02 00 00 00 00

002:008:000:STREAM             1377257938.627092
 08 02 00 00 00 00

002:008:000:STREAM             1377257938.633090
 08 02 00 00 00 00

002:008:000:STREAM             1377257938.637090
 08 02 00 00 00 00

002:008:000:STREAM             1377257938.643091
 08 02 00 00 00 00

002:008:000:STREAM             1377257938.647088
 08 02 00 00 00 00

002:008:000:STREAM             1377257938.653093
 08 02 00 00 00 00

002:008:000:STREAM             1377257938.657086
 08 02 00 00 00 00

002:008:000:STREAM             1377257938.663087
 08 02 00 00 00 00

002:008:000:STREAM             1377257938.667089
 08 02 00 00 00 00

002:008:000:STREAM             1377257938.673093
 08 02 00 00 00 00

002:008:000:STREAM             1377257938.677093
 08 02 00 00 00 00

002:008:000:STREAM             1377257938.683092
 08 02 00 00 00 00

002:008:000:STREAM             1377257938.687087
 08 02 00 00 00 00

002:008:000:STREAM             1377257938.691090
 08 02 00 00 00 00

002:008:000:STREAM             1377257938.697087
 08 02 00 00 00 00

002:008:000:STREAM             1377257938.701092
 08 02 00 00 00 00

002:008:000:STREAM             1377257938.707089
 08 02 00 00 00 00

002:008:000:STREAM             1377257938.711085
 08 02 00 00 00 00

002:008:000:STREAM             1377257938.717093
 08 02 00 00 00 00

002:008:000:STREAM             1377257938.721089
 08 02 00 00 00 00

002:008:000:STREAM             1377257938.727088
 08 02 00 00 00 00

002:008:000:STREAM             1377257938.731092
 08 02 00 00 00 00

002:008:000:STREAM             1377257938.737088
 08 02 00 00 00 00

002:008:000:STREAM             1377257938.741091
 08 02 00 00 00 00

002:008:000:STREAM             1377257938.747085
 08 02 00 00 00 00

002:008:000:STREAM             1377257938.751089
 08 02 00 00 00 00

002:008:000:STREAM             1377257938.755094
 08 02 00 00 00 00

002:008:000:STREAM             1377257938.761090
 08 02 00 00 00 00

002:008:000:STREAM             1377257938.765085
 08 02 00 00 00 00

002:008:000:STREAM             1377257938.771086
 08 02 00 00 00 00

002:008:000:STREAM             1377257938.775084
 08 02 00 00 00 00

002:008:000:STREAM             1377257938.781090
 08 02 00 00 00 00

002:008:000:STREAM             1377257938.785086
 08 02 00 00 00 00

002:008:000:STREAM             1377257938.791089
 08 02 00 00 00 00

002:008:000:STREAM             1377257938.795089
 08 02 00 00 00 00

002:008:000:STREAM             1377257938.801092
 08 02 00 00 00 00

002:008:000:STREAM             1377257938.805089
 08 02 00 00 00 00

002:008:000:STREAM             1377257938.811089
 08 02 00 00 00 00

002:008:000:STREAM             1377257938.815085
 08 02 00 00 00 00

002:008:000:STREAM             1377257938.819087
 08 02 00 00 00 00

002:008:000:STREAM             1377257938.825092
 08 02 00 00 00 00

002:008:000:STREAM             1377257938.829089
 08 02 00 00 00 00

002:008:000:STREAM             1377257938.835090
 08 02 00 00 00 00

002:008:000:STREAM             1377257938.839086
 08 02 00 00 00 00

002:008:000:STREAM             1377257938.845094
 08 02 00 00 00 00

002:008:000:STREAM             1377257938.849088
 08 02 00 00 00 00

002:008:000:STREAM             1377257938.855091
 08 02 00 00 00 00

002:008:000:STREAM             1377257938.859087
 08 02 00 00 00 00

002:008:000:STREAM             1377257938.865089
 08 02 00 00 00 00

002:008:000:STREAM             1377257938.869087
 08 02 00 00 00 00

002:008:000:STREAM             1377257938.875093
 08 02 00 00 00 00

002:008:000:STREAM             1377257938.879092
 08 02 00 00 00 00

002:008:000:STREAM             1377257938.885091
 08 02 00 00 00 00

002:008:000:STREAM             1377257938.889089
 08 02 00 00 00 00

002:008:000:STREAM             1377257938.893088
 08 02 00 00 00 00

002:008:000:STREAM             1377257938.899087
 08 02 00 00 00 00

002:008:000:STREAM             1377257938.903085
 08 02 00 00 00 00

002:008:000:STREAM             1377257938.909086
 08 02 00 00 00 00

002:008:000:STREAM             1377257938.913086
 08 00 00 00 00 00

002:008:000:STREAM             1377257938.919092
 08 00 00 00 00 00

002:008:000:STREAM             1377257938.923090
 08 00 00 00 00 00

002:008:000:STREAM             1377257938.929087
 08 00 00 00 00 00

002:008:000:STREAM             1377257938.933091
 08 00 00 00 00 00

002:008:000:STREAM             1377257938.939093
 08 00 00 00 00 00

002:008:000:STREAM             1377257938.943092
 08 00 00 00 00 00

002:008:000:STREAM             1377257938.949091
 08 00 00 00 00 00

002:008:000:STREAM             1377257938.953088
 08 00 00 00 00 00

002:008:000:STREAM             1377257938.957087
 08 00 00 00 00 00

002:008:000:STREAM             1377257938.963087
 08 00 00 00 00 00

002:008:000:STREAM             1377257938.967092
 08 00 00 00 00 00

002:008:000:STREAM             1377257938.973094
 08 00 00 00 00 00

002:008:000:STREAM             1377257938.977087
 08 00 00 00 00 00

002:008:000:STREAM             1377257938.983092
 08 00 00 00 00 00

002:008:000:STREAM             1377257938.987090
 08 00 00 00 00 00

002:008:000:STREAM             1377257938.993093
 08 00 00 00 00 00

002:008:000:STREAM             1377257938.997088
 08 00 00 00 00 00

002:008:000:STREAM             1377257939.003095
 08 00 00 00 00 00

002:008:000:STREAM             1377257939.007096
 08 00 00 00 00 00

002:008:000:STREAM             1377257939.013089
 08 00 00 00 00 00

002:008:000:STREAM             1377257939.017085
 08 00 00 00 00 00

002:008:000:STREAM             1377257939.021088
 08 00 00 00 00 00

002:008:000:STREAM             1377257939.027086
 08 00 00 00 00 00

002:008:000:STREAM             1377257939.031090
 08 00 00 00 00 00

002:008:000:STREAM             1377257939.037088
 08 00 00 00 00 00

002:008:000:STREAM             1377257939.041088
 08 00 00 00 00 00

002:008:000:STREAM             1377257939.047131
 08 00 00 00 00 00

002:008:000:STREAM             1377257939.051087
 08 00 00 00 00 00

002:008:000:STREAM             1377257939.057091
 08 00 00 00 00 00

002:008:000:STREAM             1377257939.061092
 08 00 00 00 00 00

002:008:000:STREAM             1377257939.067092
 08 00 00 00 00 00

002:008:000:STREAM             1377257939.071089
 08 00 00 00 00 00

002:008:000:STREAM             1377257939.077088
 08 00 00 00 00 00

002:008:000:STREAM             1377257939.081086
 08 00 00 00 00 00

002:008:000:STREAM             1377257939.085088
 08 00 00 00 00 00

002:008:000:STREAM             1377257939.091087
 08 00 00 00 00 00

002:008:000:STREAM             1377257939.095086
 08 00 00 00 00 00

002:008:000:STREAM             1377257939.101089
 08 00 00 00 00 00

002:008:000:STREAM             1377257939.105090
 08 00 00 00 00 00

002:008:000:STREAM             1377257939.111089
 08 00 00 00 00 00

002:008:000:STREAM             1377257939.115091
 08 00 00 00 00 00

002:008:000:STREAM             1377257939.121093
 08 00 00 00 00 00

002:008:000:STREAM             1377257939.125086
 08 00 00 00 00 00

002:008:000:STREAM             1377257939.131087
 08 00 00 00 00 00

002:008:000:STREAM             1377257939.135086
 08 00 00 00 00 00

002:008:000:STREAM             1377257939.141090
 08 00 00 00 00 00

002:008:000:STREAM             1377257939.145089
 08 00 00 00 00 00

002:008:000:STREAM             1377257939.149088
 08 00 00 00 00 00

002:008:000:STREAM             1377257939.155092
 08 00 00 00 00 00

002:008:000:STREAM             1377257939.159118
 08 00 00 00 00 00

002:008:000:STREAM             1377257939.165118
 08 00 00 00 00 00

002:008:000:STREAM             1377257939.169123
 08 00 00 00 00 00

002:008:000:STREAM             1377257939.175123
 08 00 00 00 00 00

002:008:000:STREAM             1377257939.179118
 08 00 00 00 00 00

002:008:000:STREAM             1377257939.185119
 08 00 00 00 00 00

002:008:000:STREAM             1377257939.189122
 08 00 00 00 00 00

002:008:000:STREAM             1377257939.195121
 08 00 00 00 00 00

002:008:000:STREAM             1377257939.199119
 08 00 00 00 00 00

002:008:000:STREAM             1377257939.205119
 08 00 00 00 00 00

002:008:000:STREAM             1377257939.209121
 08 00 00 00 00 00

002:008:000:STREAM             1377257939.213121
 08 00 00 00 00 00

002:008:000:STREAM             1377257939.219122
 08 00 00 00 00 00

002:008:000:STREAM             1377257939.223121
 08 00 00 00 00 00

002:008:000:STREAM             1377257939.229124
 08 00 00 00 00 00

002:008:000:STREAM             1377257939.233117
 08 00 00 00 00 00

002:008:000:STREAM             1377257939.239119
 08 00 00 00 00 00

002:008:000:STREAM             1377257939.243118
 08 00 00 00 00 00

002:008:000:STREAM             1377257939.249120
 08 00 00 00 00 00

002:008:000:STREAM             1377257939.253116
 08 00 00 00 00 00

002:008:000:STREAM             1377257939.259121
 08 00 00 00 00 00

002:008:000:STREAM             1377257939.263120
 08 00 00 00 00 00

002:008:000:STREAM             1377257939.269121
 08 00 00 00 00 00

002:008:000:STREAM             1377257939.273118
 08 00 00 00 00 00

002:008:000:STREAM             1377257939.277122
 08 00 00 00 00 00

002:008:000:STREAM             1377257939.283122
 08 00 00 00 00 00

002:008:000:STREAM             1377257939.287122
 08 00 00 00 00 00

002:008:000:STREAM             1377257939.293121
 08 00 00 00 00 00

002:008:000:STREAM             1377257939.297121
 08 00 00 00 00 00

002:008:000:STREAM             1377257939.303118
 08 00 00 00 00 00

002:008:000:STREAM             1377257939.307121
 08 00 00 00 00 00

002:008:000:STREAM             1377257939.313117
 08 00 00 00 00 00

002:008:000:STREAM             1377257939.317119
 08 00 00 00 00 00

002:008:000:STREAM             1377257939.323123
 08 00 00 00 00 00

002:008:000:STREAM             1377257939.327119
 08 00 00 00 00 00

002:008:000:STREAM             1377257939.333124
 08 00 00 00 00 00

002:008:000:STREAM             1377257939.337123
 08 00 00 00 00 00

002:008:000:STREAM             1377257939.341120
 08 00 00 00 00 00

002:008:000:STREAM             1377257939.347123
 08 00 00 00 00 00

002:008:000:STREAM             1377257939.351116
 08 00 00 00 00 00

002:008:000:STREAM             1377257939.357123
 08 00 00 00 00 00

002:008:000:STREAM             1377257939.361120
 08 00 00 00 00 00

002:008:000:STREAM             1377257939.367122
 08 00 00 00 00 00

002:008:000:STREAM             1377257939.371094
 08 00 00 00 00 00

002:008:000:STREAM             1377257939.377086
 08 00 00 00 00 00

002:008:000:STREAM             1377257939.381088
 08 00 00 00 00 00

002:008:000:STREAM             1377257939.387087
 08 00 00 00 00 00

002:008:000:STREAM             1377257939.391089
 08 00 00 00 00 00

002:008:000:STREAM             1377257939.397092
 08 00 00 00 00 00

002:008:000:STREAM             1377257939.401085
 08 00 00 00 00 00

002:008:000:STREAM             1377257939.405089
 08 00 00 00 00 00

002:008:000:STREAM             1377257939.411089
 08 00 00 00 00 00

002:008:000:STREAM             1377257939.415091
 08 00 00 00 00 00

002:008:000:STREAM             1377257939.421090
 08 00 00 00 00 00

002:008:000:STREAM             1377257939.425090
 08 00 00 00 00 00

002:008:000:STREAM             1377257939.431086
 08 00 00 00 00 00

002:008:000:STREAM             1377257939.435085
 08 00 00 00 00 00

002:008:000:STREAM             1377257939.441087
 08 00 00 00 00 00

002:008:000:STREAM             1377257939.445085
 08 00 00 00 00 00

002:008:000:STREAM             1377257939.451086
 08 00 00 00 00 00

002:008:000:STREAM             1377257939.455083
 08 00 00 00 00 00

002:008:000:STREAM             1377257939.461087
 08 00 00 00 00 00

002:008:000:STREAM             1377257939.465089
 08 00 00 00 00 00

002:008:000:STREAM             1377257939.469091
 08 00 00 00 00 00

002:008:000:STREAM             1377257939.475088
 08 00 00 00 00 00

002:008:000:STREAM             1377257939.479086
 08 00 00 00 00 00

002:008:000:STREAM             1377257939.485093
 08 00 00 00 00 00

002:008:000:STREAM             1377257939.489087
 08 00 00 00 00 00

002:008:000:STREAM             1377257939.495092
 08 00 00 00 00 00

002:008:000:STREAM             1377257939.499087
 08 00 00 00 00 00

002:008:000:STREAM             1377257939.505086
 08 00 00 00 00 00

002:008:000:STREAM             1377257939.509087
 08 00 00 00 00 00

002:008:000:STREAM             1377257939.515090
 08 00 00 00 00 00

002:008:000:STREAM             1377257939.519089
 08 00 00 00 00 00

002:008:000:STREAM             1377257939.525088
 08 00 00 00 00 00

002:008:000:STREAM             1377257939.529094
 08 00 00 00 00 00

002:008:000:STREAM             1377257939.535088
 08 00 00 00 00 00

002:008:000:STREAM             1377257939.539088
 08 00 00 00 00 00

002:008:000:STREAM             1377257939.543091
 08 00 00 00 00 00

002:008:000:STREAM             1377257939.549086
 08 00 00 00 00 00

002:008:000:STREAM             1377257939.553087
 08 00 00 00 00 00

002:008:000:STREAM             1377257939.559090
 08 00 00 00 00 00

002:008:000:STREAM             1377257939.563092
 08 00 00 00 00 00

002:008:000:STREAM             1377257939.569106
 08 00 00 00 00 00

002:008:000:STREAM             1377257939.573090
 08 00 00 00 00 00

002:008:000:STREAM             1377257939.579091
 08 00 00 00 00 00

002:008:000:STREAM             1377257939.583085
 08 00 00 00 00 00

002:008:000:STREAM             1377257939.589090
 08 00 00 00 00 00

002:008:000:STREAM             1377257939.593087
 08 00 00 00 00 00

002:008:000:STREAM             1377257939.599088
 08 00 00 00 00 00

002:008:000:STREAM             1377257939.603088
 08 00 00 00 00 00

002:008:000:STREAM             1377257939.607089
 08 00 00 00 00 00

002:008:000:STREAM             1377257939.613087
 08 00 00 00 00 00

002:008:000:STREAM             1377257939.617086
 08 00 00 00 00 00

002:008:000:STREAM             1377257939.623087
 08 00 00 00 00 00

002:008:000:STREAM             1377257939.627088
 08 00 00 00 00 00

002:008:000:STREAM             1377257939.633089
 08 00 00 00 00 00

002:008:000:STREAM             1377257939.637088
 08 00 00 00 00 00

002:008:000:STREAM             1377257939.643087
 08 00 00 00 00 00

002:008:000:STREAM             1377257939.647086
 08 00 00 00 00 00

002:008:000:STREAM             1377257939.653090
 08 00 00 00 00 00

002:008:000:STREAM             1377257939.657091
 08 00 00 00 00 00

002:008:000:STREAM             1377257939.663089
 08 00 00 00 00 00

002:008:000:STREAM             1377257939.667088
 08 00 00 00 00 00

002:008:000:STREAM             1377257939.671088
 08 00 00 00 00 00

002:008:000:STREAM             1377257939.677093
 08 00 00 00 00 00

002:008:000:STREAM             1377257939.681089
 08 00 00 00 00 00

002:008:000:STREAM             1377257939.687089
 08 00 00 00 00 00

002:008:000:STREAM             1377257939.691089
 08 00 00 00 00 00

002:008:000:STREAM             1377257939.697089
 08 00 00 00 00 00

002:008:000:STREAM             1377257939.701085
 08 00 00 00 00 00

002:008:000:STREAM             1377257939.707092
 08 00 00 00 00 00

002:008:000:STREAM             1377257939.711086
 08 00 00 00 00 00

002:008:000:STREAM             1377257939.717086
 08 00 00 00 00 00

002:008:000:STREAM             1377257939.721091
 08 00 00 00 00 00

002:008:000:STREAM             1377257939.727089
 08 00 00 00 00 00

002:008:000:STREAM             1377257939.731090
 08 00 00 00 00 00

002:008:000:STREAM             1377257939.735089
 08 00 00 00 00 00

002:008:000:STREAM             1377257939.741093
 08 00 00 00 00 00

002:008:000:STREAM             1377257939.745091
 08 00 00 00 00 00

002:008:000:STREAM             1377257939.751091
 08 00 00 00 00 00

002:008:000:STREAM             1377257939.755086
 08 00 00 00 00 00

002:008:000:STREAM             1377257939.761090
 08 00 00 00 00 00

002:008:000:STREAM             1377257939.765087
 08 00 00 00 00 00

002:008:000:STREAM             1377257939.771095
 08 00 00 00 00 00

002:008:000:STREAM             1377257939.775091
 08 00 00 00 00 00

002:008:000:STREAM             1377257939.781095
 08 00 00 00 00 00

002:008:000:STREAM             1377257939.785085
 08 00 00 00 00 00

002:008:000:STREAM             1377257939.791089
 08 00 00 00 00 00

002:008:000:STREAM             1377257939.795088
 08 00 00 00 00 00

002:008:000:STREAM             1377257939.799086
 08 00 00 00 00 00

002:008:000:STREAM             1377257939.805092
 08 00 00 00 00 00

002:008:000:STREAM             1377257939.809090
 08 00 00 00 00 00

002:008:000:STREAM             1377257939.815089
 08 00 00 00 00 00

002:008:000:STREAM             1377257939.819091
 08 00 00 00 00 00

002:008:000:STREAM             1377257939.825087
 08 00 00 00 00 00

002:008:000:STREAM             1377257939.829089
 08 00 00 00 00 00

002:008:000:STREAM             1377257939.835086
 08 00 00 00 00 00

002:008:000:STREAM             1377257939.839090
 08 00 00 00 00 00

002:008:000:STREAM             1377257939.845086
 08 00 00 00 00 00

002:008:000:STREAM             1377257939.849091
 08 00 00 00 00 00

002:008:000:STREAM             1377257939.855087
 08 00 00 00 00 00

002:008:000:STREAM             1377257939.859086
 08 00 00 00 00 00

002:008:000:STREAM             1377257939.863086
 08 00 00 00 00 00

002:008:000:STREAM             1377257939.869088
 08 00 00 00 00 00

002:008:000:STREAM             1377257939.873083
 08 00 00 00 00 00

002:008:000:STREAM             1377257939.879086
 08 00 00 00 00 00

002:008:000:STREAM             1377257939.883086
 08 00 00 00 00 00

002:008:000:STREAM             1377257939.889091
 08 00 00 00 00 00

002:008:000:STREAM             1377257939.893090
 08 00 00 00 00 00

002:008:000:STREAM             1377257939.899087
 08 00 00 00 00 00

002:008:000:STREAM             1377257939.903091
 08 00 00 00 00 00

002:008:000:STREAM             1377257939.909087
 08 00 00 00 00 00

002:008:000:STREAM             1377257939.913089
 08 00 00 00 00 00

002:008:000:STREAM             1377257939.919086
 08 00 00 00 00 00

002:008:000:STREAM             1377257939.923088
 08 00 00 00 00 00

002:008:000:STREAM             1377257939.927088
 08 00 00 00 00 00

002:008:000:STREAM             1377257939.933089
 08 00 00 00 00 00

002:008:000:STREAM             1377257939.937087
 08 00 00 00 00 00

002:008:000:STREAM             1377257939.943087
 08 00 00 00 00 00

002:008:000:STREAM             1377257939.947090
 08 00 00 00 00 00

002:008:000:STREAM             1377257939.953090
 08 00 00 00 00 00

002:008:000:STREAM             1377257939.957091
 08 00 00 00 00 00

002:008:000:STREAM             1377257939.963087
 08 00 00 00 00 00

002:008:000:STREAM             1377257939.967086
 08 00 00 00 00 00

002:008:000:STREAM             1377257939.973087
 08 00 00 00 00 00

002:008:000:STREAM             1377257939.977088
 08 00 00 00 00 00

002:008:000:STREAM             1377257939.983091
 08 00 00 00 00 00

002:008:000:STREAM             1377257939.987085
 08 00 00 00 00 00

002:008:000:STREAM             1377257939.991087
 08 00 00 00 00 00

002:008:000:STREAM             1377257939.997089
 08 00 00 00 00 00

002:008:000:STREAM             1377257940.001087
 08 00 00 00 00 00

002:008:000:STREAM             1377257940.007091
 08 00 00 00 00 00

002:008:000:STREAM             1377257940.011090
 08 00 00 00 00 00

002:008:000:STREAM             1377257940.017096
 08 00 00 00 00 00

002:008:000:STREAM             1377257940.021094
 08 00 00 00 00 00

002:008:000:STREAM             1377257940.027095
 08 00 00 00 00 00

002:008:000:STREAM             1377257940.031085
 08 00 00 00 00 00

002:008:000:STREAM             1377257940.037089
 08 00 00 00 00 00

002:008:000:STREAM             1377257940.041086
 08 00 00 00 00 00

002:008:000:STREAM             1377257940.047091
 08 00 00 00 00 00

002:008:000:STREAM             1377257940.051092
 08 00 00 00 00 00

002:008:000:STREAM             1377257940.055088
 08 00 00 00 00 00

002:008:000:STREAM             1377257940.061091
 08 00 00 00 00 00

002:008:000:STREAM             1377257940.065088
 08 00 00 00 00 00

002:008:000:STREAM             1377257940.071086
 08 00 00 00 00 00

002:008:000:STREAM             1377257940.075086
 08 00 00 00 00 00

002:008:000:STREAM             1377257940.081087
 08 00 00 00 00 00

002:008:000:STREAM             1377257940.085089
 08 00 00 00 00 00

002:008:000:STREAM             1377257940.091087
 08 00 00 00 00 00

002:008:000:STREAM             1377257940.095086
 08 00 00 00 00 00

002:008:000:STREAM             1377257940.101090
 08 00 00 00 00 00

002:008:000:STREAM             1377257940.105087
 08 00 00 00 00 00

002:008:000:STREAM             1377257940.111089
 08 00 00 00 00 00

002:008:000:STREAM             1377257940.115087
 08 00 00 00 00 00

002:008:000:STREAM             1377257940.121090
 08 00 00 00 00 00

002:008:000:STREAM             1377257940.125090
 08 00 00 00 00 00

002:008:000:STREAM             1377257940.129090
 08 00 00 00 00 00

002:008:000:STREAM             1377257940.135086
 08 00 00 01 00 00

002:008:000:STREAM             1377257940.139089
 08 00 00 00 00 00

002:008:000:STREAM             1377257940.145088
 08 00 00 01 00 00

002:008:000:STREAM             1377257940.149086
 08 00 00 00 00 00

002:008:000:STREAM             1377257940.155091
 08 00 00 01 00 00

002:008:000:STREAM             1377257940.159090
 08 00 00 01 00 00

002:008:000:STREAM             1377257940.165088
 08 00 00 02 00 00

002:008:000:STREAM             1377257940.169086
 08 00 00 02 00 00

002:008:000:STREAM             1377257940.175088
 08 00 00 01 00 00

002:008:000:STREAM             1377257940.179085
 08 00 00 01 00 00

