000:STREAM                     1281181010.982035
 0D 01 00 2E 00 00 00 00

000:STREAM                     1281181010.985038
 0D 00 00 00 00 00 00 00

000:STREAM                     1281181011.030015
 0D 01 00 2E 00 00 00 00

000:STREAM                     1281181011.033998
 0D 00 00 00 00 00 00 00

000:STREAM                     1281181011.054015
 0D 01 00 2E 00 00 00 00

000:STREAM                     1281181011.058000
 0D 00 00 00 00 00 00 00

000:STREAM                     1281181011.090016
 0D 01 00 2E 00 00 00 00

000:STREAM                     1281181011.093032
 0D 00 00 00 00 00 00 00

000:STREAM                     1281181011.138018
 0D 01 00 2E 00 00 00 00

000:STREAM                     1281181011.140998
 0D 00 00 00 00 00 00 00

000:STREAM                     1281181011.174013
 0D 01 00 2E 00 00 00 00

000:STREAM                     1281181011.176996
 0D 00 00 00 00 00 00 00

000:STREAM                     1281181011.246010
 0D 01 00 2E 00 00 00 00

000:STREAM                     1281181011.248998
 0D 00 00 00 00 00 00 00

000:STREAM                     1281181011.358010
 0D 01 00 2E 00 00 00 00

000:STREAM                     1281181011.361025
 0D 00 00 00 00 00 00 00

000:STREAM                     1281181011.377998
 0D 01 00 2E 00 00 00 00

000:STREAM                     1281181011.380997
 0D 00 00 00 00 00 00 00

000:STREAM                     1281181011.414002
 0D 01 00 2E 00 00 00 00

000:STREAM                     1281181011.416996
 0D 00 00 00 00 00 00 00

000:STREAM                     1281181011.438012
 0D 01 00 2E 00 00 00 00

000:STREAM                     1281181011.440999
 0D 00 00 00 00 00 00 00

000:STREAM                     1281181011.462014
 0D 01 00 2E 00 00 00 00

000:STREAM                     1281181011.465009
 0D 00 00 00 00 00 00 00

000:STREAM                     1281181011.510008
 0D 01 00 2E 00 00 00 00

000:STREAM                     1281181011.512991
 0D 00 00 00 00 00 00 00

000:STREAM                     1281181011.530009
 0D 01 00 2E 00 00 00 00

000:STREAM                     1281181011.532996
 0D 00 00 00 00 00 00 00

000:STREAM                     1281181011.554008
 0D 01 00 2E 00 00 00 00

000:STREAM                     1281181011.556993
 0D 00 00 00 00 00 00 00

000:STREAM                     1281181011.590010
 0D 01 00 2E 00 00 00 00

000:STREAM                     1281181011.592995
 0D 00 00 00 00 00 00 00

000:STREAM                     1281181011.613992
 0D 01 00 2E 00 00 00 00

000:STREAM                     1281181011.616969
 0D 00 00 00 00 00 00 00

000:STREAM                     1281181011.638010
 0D 01 00 2E 00 00 00 00

000:STREAM                     1281181011.641000
 0D 00 00 00 00 00 00 00

000:STREAM                     1281181011.698003
 0D 01 00 2E 00 00 00 00

000:STREAM                     1281181011.700994
 0D 00 00 00 00 00 00 00

000:STREAM                     1281181011.734003
 0D 01 00 2E 00 00 00 00

000:STREAM                     1281181011.736994
 0D 00 00 00 00 00 00 00

000:STREAM                     1281181012.470013
 0D 01 00 2E 00 00 00 00

000:STREAM                     1281181012.473989
 0D 00 00 00 00 00 00 00

000:STREAM                     1281181012.542008
 0D 01 00 2E 00 00 00 00

000:STREAM                     1281181012.545023
 0D 00 00 00 00 00 00 00

000:STREAM                     1281181012.566007
 0D 01 00 2E 00 00 00 00

000:STREAM                     1281181012.568992
 0D 00 00 00 00 00 00 00

000:STREAM                     1281181012.630012
 0D 01 00 2E 00 00 00 00

000:STREAM                     1281181012.632996
 0D 00 00 00 00 00 00 00

000:STREAM                     1281181012.650002
 0D 01 00 2E 00 00 00 00

000:STREAM                     1281181012.652995
 0D 00 00 00 00 00 00 00

000:STREAM                     1281181012.673999
 0D 01 00 2E 00 00 00 00

000:STREAM                     1281181012.676993
 0D 00 00 00 00 00 00 00

000:STREAM                     1281181012.698006
 0D 01 00 2E 00 00 00 00

000:STREAM                     1281181012.701982
 0D 00 00 00 00 00 00 00

000:STREAM                     1281181012.749999
 0D 01 00 2E 00 00 00 00

000:STREAM                     1281181012.752991
 0D 00 00 00 00 00 00 00

000:STREAM                     1281181012.786001
 0D 01 00 2E 00 00 00 00

000:STREAM                     1281181012.788986
 0D 00 00 00 00 00 00 00

000:STREAM                     1281181012.809999
 0D 01 00 2E 00 00 00 00

000:STREAM                     1281181012.812987
 0D 00 00 00 00 00 00 00

000:STREAM                     1281181012.833997
 0D 01 00 2E 00 00 00 00

000:STREAM                     1281181012.836987
 0D 00 00 00 00 00 00 00

000:STREAM                     1281181012.854003
 0D 01 00 2E 00 00 00 00

000:STREAM                     1281181012.857018
 0D 00 00 00 00 00 00 00

000:STREAM                     1281181012.902006
 0D 01 00 2E 00 00 00 00

000:STREAM                     1281181012.904999
 0D 00 00 00 00 00 00 00

000:STREAM                     1281181012.986002
 0D 01 00 2E 00 00 00 00

000:STREAM                     1281181012.989005
 0D 00 00 00 00 00 00 00

000:STREAM                     1281181013.010006
 0D 01 00 2E 00 00 00 00

000:STREAM                     1281181013.013989
 0D 00 00 00 00 00 00 00

000:STREAM                     1281181013.034000
 0D 01 00 2E 00 00 00 00

000:STREAM                     1281181013.037014
 0D 00 00 00 00 00 00 00

000:STREAM                     1281181013.058004
 0D 01 00 2E 00 00 00 00

000:STREAM                     1281181013.061001
 0D 00 00 00 00 00 00 00

000:STREAM                     1281181013.118004
 0D 01 00 2E 00 00 00 00

000:STREAM                     1281181013.121988
 0D 00 00 00 00 00 00 00

000:STREAM                     1281181013.178000
 0D 01 00 2E 00 00 00 00

000:STREAM                     1281181013.180990
 0D 00 00 00 00 00 00 00

000:STREAM                     1281181013.214004
 0D 01 00 2E 00 00 00 00

000:STREAM                     1281181013.216986
 0D 00 00 00 00 00 00 00

000:STREAM                     1281181013.262007
 0D 01 00 2E 00 00 00 00

000:STREAM                     1281181013.264987
 0D 00 00 00 00 00 00 00

000:STREAM                     1281181013.302004
 0D 01 00 2E 00 00 00 00

000:STREAM                     1281181013.304985
 0D 00 00 00 00 00 00 00

000:STREAM                     1281181013.350007
 0D 01 00 2E 00 00 00 00

000:STREAM                     1281181013.353010
 0D 00 00 00 00 00 00 00

000:STREAM                     1281181013.386009
 0D 01 00 2E 00 00 00 00

000:STREAM                     1281181013.389009
 0D 00 00 00 00 00 00 00

000:STREAM                     1281181013.445999
 0D 01 00 2E 00 00 00 00

000:STREAM                     1281181013.448983
 0D 00 00 00 00 00 00 00

000:STREAM                     1281181013.482003
 0D 01 00 2E 00 00 00 00

000:STREAM                     1281181013.485002
 0D 00 00 00 00 00 00 00

000:STREAM                     1281181013.530005
 0D 01 00 2E 00 00 00 00

000:STREAM                     1281181013.533011
 0D 00 00 00 00 00 00 00

000:STREAM                     1281181013.566001
 0D 01 00 2E 00 00 00 00

000:STREAM                     1281181013.569981
 0D 00 00 00 00 00 00 00

000:STREAM                     1281181013.602007
 0D 01 00 2E 00 00 00 00

000:STREAM                     1281181013.605989
 0D 00 00 00 00 00 00 00

000:STREAM                     1281181013.621983
 0D 01 00 2E 00 00 00 00

000:STREAM                     1281181013.625011
 0D 00 00 00 00 00 00 00

000:STREAM                     1281181013.646002
 0D 01 00 2E 00 00 00 00

000:STREAM                     1281181013.648996
 0D 00 00 00 00 00 00 00

000:STREAM                     1281181013.693998
 0D 01 00 2E 00 00 00 00

000:STREAM                     1281181013.696984
 0D 00 00 00 00 00 00 00

000:STREAM                     1281181013.729999
 0D 01 00 2E 00 00 00 00

000:STREAM                     1281181013.732984
 0D 00 00 00 00 00 00 00

000:STREAM                     1281181013.753998
 0D 01 00 2E 00 00 00 00

000:STREAM                     1281181013.756984
 0D 00 00 00 00 00 00 00

000:STREAM                     1281181013.777999
 0D 01 00 2E 00 00 00 00

000:STREAM                     1281181013.780984
 0D 00 00 00 00 00 00 00

000:STREAM                     1281181013.813998
 0D 01 00 2E 00 00 00 00

000:STREAM                     1281181013.816985
 0D 00 00 00 00 00 00 00

000:STREAM                     1281181013.862015
 0D 01 00 2E 00 00 00 00

000:STREAM                     1281181013.866023
 0D 00 00 00 00 00 00 00

000:STREAM                     1281181013.910005
 0D 01 00 2E 00 00 00 00

000:STREAM                     1281181013.913985
 0D 00 00 00 00 00 00 00

000:STREAM                     1281181013.946002
 0D 01 00 2E 00 00 00 00

000:STREAM                     1281181013.948984
 0D 00 00 00 00 00 00 00

000:STREAM                     1281181014.005999
 0D 01 00 2E 00 00 00 00

000:STREAM                     1281181014.008981
 0D 00 00 00 00 00 00 00

000:STREAM                     1281181014.042004
 0D 01 00 2E 00 00 00 00

000:STREAM                     1281181014.045985
 0D 00 00 00 00 00 00 00

000:STREAM                     1281181014.089998
 0D 01 00 2E 00 00 00 00

000:STREAM                     1281181014.093984
 0D 00 00 00 00 00 00 00

000:STREAM                     1281181014.482003
 0D 01 00 2E 00 00 00 00

000:STREAM                     1281181014.485986
 0D 00 00 00 00 00 00 00

000:STREAM                     1281181014.518000
 0D 01 00 2E 00 00 00 00

000:STREAM                     1281181014.520984
 0D 00 00 00 00 00 00 00

000:STREAM                     1281181014.553992
 0D 01 00 2E 00 00 00 00

000:STREAM                     1281181014.556981
 0D 00 00 00 00 00 00 00

000:STREAM                     1281181014.601996
 0D 01 00 2E 00 00 00 00

000:STREAM                     1281181014.604982
 0D 00 00 00 00 00 00 00

000:STREAM                     1281181014.653992
 0D 01 00 2E 00 00 00 00

000:STREAM                     1281181014.657983
 0D 00 00 00 00 00 00 00

000:STREAM                     1281181014.753997
 0D 01 00 2E 00 00 00 00

000:STREAM                     1281181014.756984
 0D 00 00 00 00 00 00 00

000:STREAM                     1281181014.761990
 0D 01 00 2E 00 00 00 00

000:STREAM                     1281181014.764992
 0D 00 00 00 00 00 00 00

000:STREAM                     1281181014.817993
 0D 01 00 2E 00 00 00 00

000:STREAM                     1281181014.821010
 0D 00 00 00 00 00 00 00

000:STREAM                     1281181014.841983
 0D 01 00 2E 00 00 00 00

000:STREAM                     1281181014.845983
 0D 00 00 00 00 00 00 00

000:STREAM                     1281181014.861985
 0D 01 00 2E 00 00 00 00

000:STREAM                     1281181014.864980
 0D 00 00 00 00 00 00 00

000:STREAM                     1281181014.913990
 0D 01 00 2E 00 00 00 00

000:STREAM                     1281181014.916981
 0D 00 00 00 00 00 00 00

000:STREAM                     1281181014.937989
 0D 01 00 2E 00 00 00 00

000:STREAM                     1281181014.941982
 0D 00 00 00 00 00 00 00

000:STREAM                     1281181014.957989
 0D 01 00 2E 00 00 00 00

000:STREAM                     1281181014.960980
 0D 00 00 00 00 00 00 00

000:STREAM                     1281181014.977997
 0D 01 00 2E 00 00 00 00

000:STREAM                     1281181014.980979
 0D 00 00 00 00 00 00 00

000:STREAM                     1281181014.997997
 0D 01 00 2E 00 00 00 00

000:STREAM                     1281181015.000978
 0D 00 00 00 00 00 00 00

000:STREAM                     1281181015.021990
 0D 01 00 2E 00 00 00 00

000:STREAM                     1281181015.024980
 0D 00 00 00 00 00 00 00

000:STREAM                     1281181015.057999
 0D 01 00 2E 00 00 00 00

000:STREAM                     1281181015.060979
 0D 00 00 00 00 00 00 00

000:STREAM                     1281181015.093995
 0D 01 00 2E 00 00 00 00

000:STREAM                     1281181015.096978
 0D 00 00 00 00 00 00 00

000:STREAM                     1281181015.117990
 0D 01 00 2E 00 00 00 00

000:STREAM                     1281181015.120974
 0D 00 00 00 00 00 00 00

000:STREAM                     1281181015.153992
 0D 01 00 2E 00 00 00 00

000:STREAM                     1281181015.157978
 0D 00 00 00 00 00 00 00

000:STREAM                     1281181015.213990
 0D 01 00 2E 00 00 00 00

000:STREAM                     1281181015.216974
 0D 00 00 00 00 00 00 00

000:STREAM                     1281181015.273991
 0D 01 00 2E 00 00 00 00

000:STREAM                     1281181015.276968
 0D 00 00 00 00 00 00 00

000:STREAM                     1281181015.309991
 0D 01 00 2E 00 00 00 00

000:STREAM                     1281181015.313984
 0D 00 00 00 00 00 00 00

000:STREAM                     1281181015.333991
 0D 01 00 2E 00 00 00 00

000:STREAM                     1281181015.336977
 0D 00 00 00 00 00 00 00

000:STREAM                     1281181015.357991
 0D 01 00 2E 00 00 00 00

000:STREAM                     1281181015.360976
 0D 00 00 00 00 00 00 00

000:STREAM                     1281181015.381996
 0D 01 00 2E 00 00 00 00

000:STREAM                     1281181015.384976
 0D 00 00 00 00 00 00 00

000:STREAM                     1281181015.405986
 0D 01 00 2E 00 00 00 00

000:STREAM                     1281181015.408993
 0D 00 00 00 00 00 00 00

000:STREAM                     1281181015.429991
 0D 01 00 2E 00 00 00 00

000:STREAM                     1281181015.433981
 0D 00 00 00 00 00 00 00

000:STREAM                     1281181015.453991
 0D 01 00 2E 00 00 00 00

000:STREAM                     1281181015.456970
 0D 00 00 00 00 00 00 00

000:STREAM                     1281181015.497992
 0D 01 00 2E 00 00 00 00

000:STREAM                     1281181015.500993
 0D 00 00 00 00 00 00 00

000:STREAM                     1281181015.537992
 0D 01 00 2E 00 00 00 00

000:STREAM                     1281181015.540998
 0D 00 00 00 00 00 00 00

000:STREAM                     1281181015.573992
 0D 01 00 2E 00 00 00 00

000:STREAM                     1281181015.576971
 0D 00 00 00 00 00 00 00

000:STREAM                     1281181015.593992
 0D 01 00 2E 00 00 00 00

000:STREAM                     1281181015.596983
 0D 00 00 00 00 00 00 00

000:STREAM                     1281181015.613992
 0D 01 00 2E 00 00 00 00

000:STREAM                     1281181015.617980
 0D 00 00 00 00 00 00 00

000:STREAM                     1281181015.661981
 0D 01 00 2E 00 00 00 00

000:STREAM                     1281181015.664971
 0D 00 00 00 00 00 00 00

000:STREAM                     1281181015.685989
 0D 01 00 2E 00 00 00 00

000:STREAM                     1281181015.688976
 0D 00 00 00 00 00 00 00

000:STREAM                     1281181015.709988
 0D 01 00 2E 00 00 00 00

000:STREAM                     1281181015.712972
 0D 00 00 00 00 00 00 00

000:STREAM                     1281181015.745985
 0D 01 00 2E 00 00 00 00

000:STREAM                     1281181015.748979
 0D 00 00 00 00 00 00 00

000:STREAM                     1281181015.769991
 0D 01 00 2E 00 00 00 00

000:STREAM                     1281181015.772971
 0D 00 00 00 00 00 00 00

000:STREAM                     1281181015.805989
 0D 01 00 2E 00 00 00 00

000:STREAM                     1281181015.808976
 0D 00 00 00 00 00 00 00

000:STREAM                     1281181015.865994
 0D 01 00 2E 00 00 00 00

000:STREAM                     1281181015.868980
 0D 00 00 00 00 00 00 00

000:STREAM                     1281181015.889994
 0D 01 00 2E 00 00 00 00

000:STREAM                     1281181015.892986
 0D 00 00 00 00 00 00 00

