000:STREAM                     1281180964.470254
 0D 01 00 2E 00 00 00 00

000:STREAM                     1281180964.473222
 0D 00 00 00 00 00 00 00

000:STREAM                     1281180964.506235
 0D 01 00 2E 00 00 00 00

000:STREAM                     1281180964.509219
 0D 00 00 00 00 00 00 00

000:STREAM                     1281180964.566227
 0D 01 00 2E 00 00 00 00

000:STREAM                     1281180964.569214
 0D 00 00 00 00 00 00 00

000:STREAM                     1281180964.614239
 0D 01 00 2E 00 00 00 00

000:STREAM                     1281180964.618224
 0D 00 00 00 00 00 00 00

000:STREAM                     1281180964.638232
 0D 01 00 2E 00 00 00 00

000:STREAM                     1281180964.642221
 0D 00 00 00 00 00 00 00

000:STREAM                     1281180964.658223
 0D 01 00 2E 00 00 00 00

000:STREAM                     1281180964.661217
 0D 00 00 00 00 00 00 00

000:STREAM                     1281180964.694237
 0D 01 00 2E 00 00 00 00

000:STREAM                     1281180964.697219
 0D 00 00 00 00 00 00 00

000:STREAM                     1281180964.770229
 0D 01 00 2E 00 00 00 00

000:STREAM                     1281180964.773221
 0D 00 00 00 00 00 00 00

000:STREAM                     1281180964.834238
 0D 01 00 2E 00 00 00 00

000:STREAM                     1281180964.837224
 0D 00 00 00 00 00 00 00

000:STREAM                     1281180964.910232
 0D 01 00 2E 00 00 00 00

000:STREAM                     1281180964.913216
 0D 00 00 00 00 00 00 00

000:STREAM                     1281180964.946235
 0D 01 00 2E 00 00 00 00

000:STREAM                     1281180964.950217
 0D 00 00 00 00 00 00 00

000:STREAM                     1281180964.970229
 0D 01 00 2E 00 00 00 00

000:STREAM                     1281180964.973216
 0D 00 00 00 00 00 00 00

000:STREAM                     1281180965.018239
 0D 01 00 2E 00 00 00 00

000:STREAM                     1281180965.021220
 0D 00 00 00 00 00 00 00

000:STREAM                     1281180965.054233
 0D 01 00 2E 00 00 00 00

000:STREAM                     1281180965.058214
 0D 00 00 00 00 00 00 00

000:STREAM                     1281180965.090237
 0D 01 00 2E 00 00 00 00

000:STREAM                     1281180965.093213
 0D 00 00 00 00 00 00 00

000:STREAM                     1281180965.126233
 0D 01 00 2E 00 00 00 00

000:STREAM                     1281180965.129213
 0D 00 00 00 00 00 00 00

000:STREAM                     1281180965.162225
 0D 01 00 2E 00 00 00 00

000:STREAM                     1281180965.165217
 0D 00 00 00 00 00 00 00

000:STREAM                     1281180965.210225
 0D 01 00 2E 00 00 00 00

000:STREAM                     1281180965.213223
 0D 00 00 00 00 00 00 00

000:STREAM                     1281180965.270226
 0D 01 00 2E 00 00 00 00

000:STREAM                     1281180965.273216
 0D 00 00 00 00 00 00 00

000:STREAM                     1281180965.606225
 0D 01 00 2D 00 00 00 00

000:STREAM                     1281180965.609206
 0D 00 00 00 00 00 00 00

000:STREAM                     1281180965.654229
 0D 01 00 2D 00 00 00 00

000:STREAM                     1281180965.657208
 0D 00 00 00 00 00 00 00

000:STREAM                     1281180965.690226
 0D 01 00 2D 00 00 00 00

000:STREAM                     1281180965.693211
 0D 00 00 00 00 00 00 00

000:STREAM                     1281180965.714227
 0D 01 00 2D 00 00 00 00

000:STREAM                     1281180965.717215
 0D 00 00 00 00 00 00 00

000:STREAM                     1281180965.734227
 0D 01 00 2D 00 00 00 00

000:STREAM                     1281180965.737215
 0D 00 00 00 00 00 00 00

000:STREAM                     1281180965.770227
 0D 01 00 2D 00 00 00 00

000:STREAM                     1281180965.773212
 0D 00 00 00 00 00 00 00

000:STREAM                     1281180965.794219
 0D 01 00 2D 00 00 00 00

000:STREAM                     1281180965.797206
 0D 00 00 00 00 00 00 00

000:STREAM                     1281180965.818224
 0D 01 00 2D 00 00 00 00

000:STREAM                     1281180965.821207
 0D 00 00 00 00 00 00 00

000:STREAM                     1281180965.850229
 0D 01 00 2D 00 00 00 00

000:STREAM                     1281180965.854215
 0D 00 00 00 00 00 00 00

000:STREAM                     1281180965.898229
 0D 01 00 2D 00 00 00 00

000:STREAM                     1281180965.901215
 0D 00 00 00 00 00 00 00

000:STREAM                     1281180965.934229
 0D 01 00 2D 00 00 00 00

000:STREAM                     1281180965.938214
 0D 00 00 00 00 00 00 00

000:STREAM                     1281180965.970227
 0D 01 00 2D 00 00 00 00

000:STREAM                     1281180965.973214
 0D 00 00 00 00 00 00 00

000:STREAM                     1281180965.994227
 0D 01 00 2D 00 00 00 00

000:STREAM                     1281180965.997208
 0D 00 00 00 00 00 00 00

000:STREAM                     1281180966.030226
 0D 01 00 2D 00 00 00 00

000:STREAM                     1281180966.034221
 0D 00 00 00 00 00 00 00

000:STREAM                     1281180966.066230
 0D 01 00 2D 00 00 00 00

000:STREAM                     1281180966.070212
 0D 00 00 00 00 00 00 00

000:STREAM                     1281180966.130230
 0D 01 00 2D 00 00 00 00

000:STREAM                     1281180966.134212
 0D 00 00 00 00 00 00 00

000:STREAM                     1281180966.218221
 0D 01 00 2D 00 00 00 00

000:STREAM                     1281180966.221213
 0D 00 00 00 00 00 00 00

000:STREAM                     1281180966.254220
 0D 01 00 2D 00 00 00 00

000:STREAM                     1281180966.257208
 0D 00 00 00 00 00 00 00

000:STREAM                     1281180966.302218
 0D 01 00 2D 00 00 00 00

000:STREAM                     1281180966.306214
 0D 00 00 00 00 00 00 00

000:STREAM                     1281180966.702227
 0D 01 00 2E 00 00 00 00

000:STREAM                     1281180966.705211
 0D 00 00 00 00 00 00 00

000:STREAM                     1281180966.754220
 0D 01 00 2E 00 00 00 00

000:STREAM                     1281180966.758213
 0D 00 00 00 00 00 00 00

000:STREAM                     1281180966.790215
 0D 01 00 2E 00 00 00 00

000:STREAM                     1281180966.794210
 0D 00 00 00 00 00 00 00

000:STREAM                     1281180966.838219
 0D 01 00 2E 00 00 00 00

000:STREAM                     1281180966.842201
 0D 00 00 00 00 00 00 00

000:STREAM                     1281180966.874224
 0D 01 00 2E 00 00 00 00

000:STREAM                     1281180966.877208
 0D 00 00 00 00 00 00 00

000:STREAM                     1281180966.898219
 0D 01 00 2E 00 00 00 00

000:STREAM                     1281180966.901210
 0D 00 00 00 00 00 00 00

000:STREAM                     1281180966.958212
 0D 01 00 2E 00 00 00 00

000:STREAM                     1281180966.961208
 0D 00 00 00 00 00 00 00

000:STREAM                     1281180966.994224
 0D 01 00 2E 00 00 00 00

000:STREAM                     1281180966.997206
 0D 00 00 00 00 00 00 00

000:STREAM                     1281180967.018226
 0D 01 00 2E 00 00 00 00

000:STREAM                     1281180967.021209
 0D 00 00 00 00 00 00 00

000:STREAM                     1281180967.110223
 0D 01 00 2E 00 00 00 00

000:STREAM                     1281180967.114205
 0D 00 00 00 00 00 00 00

000:STREAM                     1281180967.134230
 0D 01 00 2E 00 00 00 00

000:STREAM                     1281180967.137205
 0D 00 00 00 00 00 00 00

000:STREAM                     1281180967.170226
 0D 01 00 2E 00 00 00 00

000:STREAM                     1281180967.173202
 0D 00 00 00 00 00 00 00

000:STREAM                     1281180967.206227
 0D 01 00 2E 00 00 00 00

000:STREAM                     1281180967.209209
 0D 00 00 00 00 00 00 00

000:STREAM                     1281180967.230224
 0D 01 00 2E 00 00 00 00

000:STREAM                     1281180967.233198
 0D 00 00 00 00 00 00 00

000:STREAM                     1281180967.254224
 0D 01 00 2E 00 00 00 00

000:STREAM                     1281180967.257200
 0D 00 00 00 00 00 00 00

000:STREAM                     1281180967.290226
 0D 01 00 2E 00 00 00 00

000:STREAM                     1281180967.294204
 0D 00 00 00 00 00 00 00

000:STREAM                     1281180967.314218
 0D 01 00 2E 00 00 00 00

000:STREAM                     1281180967.317207
 0D 00 00 00 00 00 00 00

000:STREAM                     1281180967.350223
 0D 01 00 2E 00 00 00 00

000:STREAM                     1281180967.353208
 0D 00 00 00 00 00 00 00

000:STREAM                     1281180967.398225
 0D 01 00 2E 00 00 00 00

000:STREAM                     1281180967.401201
 0D 00 00 00 00 00 00 00

000:STREAM                     1281180967.686225
 0D 01 00 2D 00 00 00 00

000:STREAM                     1281180967.690205
 0D 00 00 00 00 00 00 00

000:STREAM                     1281180967.722216
 0D 01 00 2D 00 00 00 00

000:STREAM                     1281180967.725204
 0D 00 00 00 00 00 00 00

000:STREAM                     1281180967.758214
 0D 01 00 2D 00 00 00 00

000:STREAM                     1281180967.761206
 0D 00 00 00 00 00 00 00

000:STREAM                     1281180967.782225
 0D 01 00 2D 00 00 00 00

000:STREAM                     1281180967.785208
 0D 00 00 00 00 00 00 00

000:STREAM                     1281180967.834214
 0D 01 00 2D 00 00 00 00

000:STREAM                     1281180967.838207
 0D 00 00 00 00 00 00 00

000:STREAM                     1281180967.854208
 0D 01 00 2D 00 00 00 00

000:STREAM                     1281180967.857204
 0D 00 00 00 00 00 00 00

000:STREAM                     1281180967.890216
 0D 01 00 2D 00 00 00 00

000:STREAM                     1281180967.893204
 0D 00 00 00 00 00 00 00

000:STREAM                     1281180967.926217
 0D 01 00 2D 00 00 00 00

000:STREAM                     1281180967.929205
 0D 00 00 00 00 00 00 00

000:STREAM                     1281180967.986220
 0D 01 00 2D 00 00 00 00

000:STREAM                     1281180967.990206
 0D 00 00 00 00 00 00 00

000:STREAM                     1281180968.046216
 0D 01 00 2D 00 00 00 00

000:STREAM                     1281180968.050204
 0D 00 00 00 00 00 00 00

000:STREAM                     1281180968.082218
 0D 01 00 2D 00 00 00 00

000:STREAM                     1281180968.086203
 0D 00 00 00 00 00 00 00

000:STREAM                     1281180968.130219
 0D 01 00 2D 00 00 00 00

000:STREAM                     1281180968.133209
 0D 00 00 00 00 00 00 00

000:STREAM                     1281180968.166215
 0D 01 00 2D 00 00 00 00

000:STREAM                     1281180968.169205
 0D 00 00 00 00 00 00 00

000:STREAM                     1281180968.202215
 0D 01 00 2D 00 00 00 00

000:STREAM                     1281180968.205201
 0D 00 00 00 00 00 00 00

000:STREAM                     1281180968.238211
 0D 01 00 2D 00 00 00 00

000:STREAM                     1281180968.241199
 0D 00 00 00 00 00 00 00

000:STREAM                     1281180968.290211
 0D 01 00 2D 00 00 00 00

000:STREAM                     1281180968.293202
 0D 00 00 00 00 00 00 00

000:STREAM                     1281180968.326211
 0D 01 00 2D 00 00 00 00

000:STREAM                     1281180968.329202
 0D 00 00 00 00 00 00 00

000:STREAM                     1281180968.346211
 0D 01 00 2D 00 00 00 00

000:STREAM                     1281180968.349196
 0D 00 00 00 00 00 00 00

000:STREAM                     1281180968.394216
 0D 01 00 2D 00 00 00 00

000:STREAM                     1281180968.397200
 0D 00 00 00 00 00 00 00

000:STREAM                     1281180968.442211
 0D 01 00 2D 00 00 00 00

000:STREAM                     1281180968.445189
 0D 00 00 00 00 00 00 00

000:STREAM                     1281180968.882213
 0D 01 00 2E 00 00 00 00

000:STREAM                     1281180968.886199
 0D 00 00 00 00 00 00 00

000:STREAM                     1281180968.918212
 0D 01 00 2E 00 00 00 00

000:STREAM                     1281180968.922199
 0D 00 00 00 00 00 00 00

000:STREAM                     1281180968.966213
 0D 01 00 2E 00 00 00 00

000:STREAM                     1281180968.970202
 0D 00 00 00 00 00 00 00

000:STREAM                     1281180968.990193
 0D 01 00 2E 00 00 00 00

000:STREAM                     1281180968.994195
 0D 00 00 00 00 00 00 00

000:STREAM                     1281180969.026213
 0D 01 00 2E 00 00 00 00

000:STREAM                     1281180969.029192
 0D 00 00 00 00 00 00 00

000:STREAM                     1281180969.062209
 0D 01 00 2E 00 00 00 00

000:STREAM                     1281180969.065192
 0D 00 00 00 00 00 00 00

000:STREAM                     1281180969.098212
 0D 01 00 2E 00 00 00 00

000:STREAM                     1281180969.101198
 0D 00 00 00 00 00 00 00

000:STREAM                     1281180969.122211
 0D 01 00 2E 00 00 00 00

000:STREAM                     1281180969.125193
 0D 00 00 00 00 00 00 00

000:STREAM                     1281180969.158212
 0D 01 00 2E 00 00 00 00

000:STREAM                     1281180969.161198
 0D 00 00 00 00 00 00 00

000:STREAM                     1281180969.182211
 0D 01 00 2E 00 00 00 00

000:STREAM                     1281180969.185189
 0D 00 00 00 00 00 00 00

000:STREAM                     1281180969.230211
 0D 01 00 2E 00 00 00 00

000:STREAM                     1281180969.233192
 0D 00 00 00 00 00 00 00

000:STREAM                     1281180969.294211
 0D 01 00 2E 00 00 00 00

000:STREAM                     1281180969.297202
 0D 00 00 00 00 00 00 00

000:STREAM                     1281180969.330209
 0D 01 00 2E 00 00 00 00

000:STREAM                     1281180969.333193
 0D 00 00 00 00 00 00 00

000:STREAM                     1281180969.350203
 0D 01 00 2E 00 00 00 00

000:STREAM                     1281180969.353193
 0D 00 00 00 00 00 00 00

000:STREAM                     1281180969.386207
 0D 01 00 2E 00 00 00 00

000:STREAM                     1281180969.389194
 0D 00 00 00 00 00 00 00

000:STREAM                     1281180969.410202
 0D 01 00 2E 00 00 00 00

000:STREAM                     1281180969.413194
 0D 00 00 00 00 00 00 00

000:STREAM                     1281180969.446206
 0D 01 00 2E 00 00 00 00

000:STREAM                     1281180969.449194
 0D 00 00 00 00 00 00 00

000:STREAM                     1281180969.482209
 0D 01 00 2E 00 00 00 00

000:STREAM                     1281180969.485194
 0D 00 00 00 00 00 00 00

000:STREAM                     1281180969.530202
 0D 01 00 2E 00 00 00 00

000:STREAM                     1281180969.534187
 0D 00 00 00 00 00 00 00

000:STREAM                     1281180969.850216
 0D 01 00 2D 00 00 00 00

000:STREAM                     1281180969.853196
 0D 00 00 00 00 00 00 00

000:STREAM                     1281180969.898210
 0D 01 00 2D 00 00 00 00

000:STREAM                     1281180969.901188
 0D 00 00 00 00 00 00 00

000:STREAM                     1281180969.922213
 0D 01 00 2D 00 00 00 00

000:STREAM                     1281180969.925194
 0D 00 00 00 00 00 00 00

000:STREAM                     1281180969.958212
 0D 01 00 2D 00 00 00 00

000:STREAM                     1281180969.962194
 0D 00 00 00 00 00 00 00

000:STREAM                     1281180969.994189
 0D 01 00 2D 00 00 00 00

000:STREAM                     1281180969.997223
 0D 00 00 00 00 00 00 00

000:STREAM                     1281180970.030214
 0D 01 00 2D 00 00 00 00

000:STREAM                     1281180970.033194
 0D 00 00 00 00 00 00 00

000:STREAM                     1281180970.054205
 0D 01 00 2D 00 00 00 00

000:STREAM                     1281180970.057191
 0D 00 00 00 00 00 00 00

000:STREAM                     1281180970.102205
 0D 01 00 2D 00 00 00 00

000:STREAM                     1281180970.105187
 0D 00 00 00 00 00 00 00

000:STREAM                     1281180970.138204
 0D 01 00 2D 00 00 00 00

000:STREAM                     1281180970.141191
 0D 00 00 00 00 00 00 00

000:STREAM                     1281180970.186205
 0D 01 00 2D 00 00 00 00

000:STREAM                     1281180970.189191
 0D 00 00 00 00 00 00 00

000:STREAM                     1281180970.222206
 0D 01 00 2D 00 00 00 00

000:STREAM                     1281180970.225192
 0D 00 00 00 00 00 00 00

000:STREAM                     1281180970.258208
 0D 01 00 2D 00 00 00 00

000:STREAM                     1281180970.262191
 0D 00 00 00 00 00 00 00

000:STREAM                     1281180970.294201
 0D 01 00 2D 00 00 00 00

000:STREAM                     1281180970.297182
 0D 00 00 00 00 00 00 00

000:STREAM                     1281180970.342203
 0D 01 00 2D 00 00 00 00

000:STREAM                     1281180970.345187
 0D 00 00 00 00 00 00 00

000:STREAM                     1281180970.378204
 0D 01 00 2D 00 00 00 00

000:STREAM                     1281180970.381195
 0D 00 00 00 00 00 00 00

000:STREAM                     1281180970.414202
 0D 01 00 2D 00 00 00 00

000:STREAM                     1281180970.417190
 0D 00 00 00 00 00 00 00

000:STREAM                     1281180970.450204
 0D 01 00 2D 00 00 00 00

000:STREAM                     1281180970.453183
 0D 00 00 00 00 00 00 00

000:STREAM                     1281180970.486203
 0D 01 00 2D 00 00 00 00

000:STREAM                     1281180970.489188
 0D 00 00 00 00 00 00 00

000:STREAM                     1281180970.534212
 0D 01 00 2D 00 00 00 00

000:STREAM                     1281180970.538185
 0D 00 00 00 00 00 00 00

000:STREAM                     1281180971.978205
 0D 01 00 2E 00 00 00 00

000:STREAM                     1281180971.982187
 0D 00 00 00 00 00 00 00

000:STREAM                     1281180972.038196
 0D 01 00 2E 00 00 00 00

000:STREAM                     1281180972.042180
 0D 00 00 00 00 00 00 00

000:STREAM                     1281180972.086200
 0D 01 00 2E 00 00 00 00

000:STREAM                     1281180972.089182
 0D 00 00 00 00 00 00 00

000:STREAM                     1281180972.158200
 0D 01 00 2E 00 00 00 00

000:STREAM                     1281180972.162182
 0D 00 00 00 00 00 00 00

000:STREAM                     1281180972.206198
 0D 01 00 2E 00 00 00 00

000:STREAM                     1281180972.210179
 0D 00 00 00 00 00 00 00

000:STREAM                     1281180972.266194
 0D 01 00 2E 00 00 00 00

000:STREAM                     1281180972.270181
 0D 00 00 00 00 00 00 00

000:STREAM                     1281180972.314200
 0D 01 00 2E 00 00 00 00

000:STREAM                     1281180972.317175
 0D 00 00 00 00 00 00 00

000:STREAM                     1281180972.338200
 0D 01 00 2E 00 00 00 00

000:STREAM                     1281180972.341172
 0D 00 00 00 00 00 00 00

000:STREAM                     1281180972.374201
 0D 01 00 2E 00 00 00 00

000:STREAM                     1281180972.377185
 0D 00 00 00 00 00 00 00

000:STREAM                     1281180972.410196
 0D 01 00 2E 00 00 00 00

000:STREAM                     1281180972.413177
 0D 00 00 00 00 00 00 00

000:STREAM                     1281180972.446195
 0D 01 00 2E 00 00 00 00

000:STREAM                     1281180972.449179
 0D 00 00 00 00 00 00 00

000:STREAM                     1281180972.494189
 0D 01 00 2E 00 00 00 00

000:STREAM                     1281180972.497179
 0D 00 00 00 00 00 00 00

000:STREAM                     1281180972.542196
 0D 01 00 2E 00 00 00 00

000:STREAM                     1281180972.546180
 0D 00 00 00 00 00 00 00

000:STREAM                     1281180972.954199
 0D 01 00 2D 00 00 00 00

000:STREAM                     1281180972.957175
 0D 00 00 00 00 00 00 00

000:STREAM                     1281180972.990190
 0D 01 00 2D 00 00 00 00

000:STREAM                     1281180972.993170
 0D 00 00 00 00 00 00 00

000:STREAM                     1281180973.026189
 0D 01 00 2D 00 00 00 00

000:STREAM                     1281180973.029174
 0D 00 00 00 00 00 00 00

000:STREAM                     1281180973.062195
 0D 01 00 2D 00 00 00 00

000:STREAM                     1281180973.065175
 0D 00 00 00 00 00 00 00

000:STREAM                     1281180973.098192
 0D 01 00 2D 00 00 00 00

000:STREAM                     1281180973.101174
 0D 00 00 00 00 00 00 00

000:STREAM                     1281180973.122193
 0D 01 00 2D 00 00 00 00

000:STREAM                     1281180973.126175
 0D 00 00 00 00 00 00 00

000:STREAM                     1281180973.158196
 0D 01 00 2D 00 00 00 00

000:STREAM                     1281180973.161171
 0D 00 00 00 00 00 00 00

000:STREAM                     1281180973.206189
 0D 01 00 2D 00 00 00 00

000:STREAM                     1281180973.209170
 0D 00 00 00 00 00 00 00

000:STREAM                     1281180973.254189
 0D 01 00 2D 00 00 00 00

000:STREAM                     1281180973.257181
 0D 00 00 00 00 00 00 00

000:STREAM                     1281180973.278189
 0D 01 00 2D 00 00 00 00

000:STREAM                     1281180973.281171
 0D 00 00 00 00 00 00 00

000:STREAM                     1281180973.314190
 0D 01 00 2D 00 00 00 00

000:STREAM                     1281180973.317169
 0D 00 00 00 00 00 00 00

000:STREAM                     1281180973.402190
 0D 01 00 2D 00 00 00 00

000:STREAM                     1281180973.405174
 0D 00 00 00 00 00 00 00

000:STREAM                     1281180973.438190
 0D 01 00 2D 00 00 00 00

000:STREAM                     1281180973.441166
 0D 00 00 00 00 00 00 00

000:STREAM                     1281180973.474193
 0D 01 00 2D 00 00 00 00

000:STREAM                     1281180973.478175
 0D 00 00 00 00 00 00 00

000:STREAM                     1281180973.510193
 0D 01 00 2D 00 00 00 00

000:STREAM                     1281180973.513177
 0D 00 00 00 00 00 00 00

000:STREAM                     1281180973.878158
 0D 01 00 2E 00 00 00 00

000:STREAM                     1281180973.881154
 0D 00 00 00 00 00 00 00

000:STREAM                     1281180973.926189
 0D 01 00 2E 00 00 00 00

000:STREAM                     1281180973.929168
 0D 00 00 00 00 00 00 00

000:STREAM                     1281180973.962188
 0D 01 00 2E 00 00 00 00

000:STREAM                     1281180973.965173
 0D 00 00 00 00 00 00 00

000:STREAM                     1281180973.986185
 0D 01 00 2E 00 00 00 00

000:STREAM                     1281180973.989173
 0D 00 00 00 00 00 00 00

000:STREAM                     1281180974.010188
 0D 01 00 2E 00 00 00 00

000:STREAM                     1281180974.013171
 0D 00 00 00 00 00 00 00

000:STREAM                     1281180974.058192
 0D 01 00 2E 00 00 00 00

000:STREAM                     1281180974.062174
 0D 00 00 00 00 00 00 00

000:STREAM                     1281180974.106190
 0D 01 00 2E 00 00 00 00

000:STREAM                     1281180974.109175
 0D 00 00 00 00 00 00 00

000:STREAM                     1281180974.198185
 0D 01 00 2E 00 00 00 00

000:STREAM                     1281180974.201176
 0D 00 00 00 00 00 00 00

000:STREAM                     1281180974.222177
 0D 01 00 2E 00 00 00 00

000:STREAM                     1281180974.226172
 0D 00 00 00 00 00 00 00

000:STREAM                     1281180974.270191
 0D 01 00 2E 00 00 00 00

000:STREAM                     1281180974.273173
 0D 00 00 00 00 00 00 00

000:STREAM                     1281180974.318193
 0D 01 00 2E 00 00 00 00

000:STREAM                     1281180974.322167
 0D 00 00 00 00 00 00 00

000:STREAM                     1281180974.366190
 0D 01 00 2E 00 00 00 00

000:STREAM                     1281180974.369172
 0D 00 00 00 00 00 00 00

000:STREAM                     1281180974.450181
 0D 01 00 2E 00 00 00 00

000:STREAM                     1281180974.453175
 0D 00 00 00 00 00 00 00

000:STREAM                     1281180974.746182
 0D 01 00 2D 00 00 00 00

000:STREAM                     1281180974.749160
 0D 00 00 00 00 00 00 00

000:STREAM                     1281180974.770181
 0D 01 00 2D 00 00 00 00

000:STREAM                     1281180974.773160
 0D 00 00 00 00 00 00 00

000:STREAM                     1281180974.806183
 0D 01 00 2D 00 00 00 00

000:STREAM                     1281180974.809160
 0D 00 00 00 00 00 00 00

000:STREAM                     1281180974.842184
 0D 01 00 2D 00 00 00 00

000:STREAM                     1281180974.845180
 0D 00 00 00 00 00 00 00

000:STREAM                     1281180974.878183
 0D 01 00 2D 00 00 00 00

000:STREAM                     1281180974.881160
 0D 00 00 00 00 00 00 00

000:STREAM                     1281180974.902182
 0D 01 00 2D 00 00 00 00

000:STREAM                     1281180974.905166
 0D 00 00 00 00 00 00 00

000:STREAM                     1281180974.938191
 0D 01 00 2D 00 00 00 00

000:STREAM                     1281180974.942168
 0D 00 00 00 00 00 00 00

000:STREAM                     1281180974.974183
 0D 01 00 2D 00 00 00 00

000:STREAM                     1281180974.977161
 0D 00 00 00 00 00 00 00

000:STREAM                     1281180975.026167
 0D 01 00 2D 00 00 00 00

000:STREAM                     1281180975.029186
 0D 00 00 00 00 00 00 00

000:STREAM                     1281180975.086189
 0D 01 00 2D 00 00 00 00

000:STREAM                     1281180975.090166
 0D 00 00 00 00 00 00 00

000:STREAM                     1281180975.110178
 0D 01 00 2D 00 00 00 00

000:STREAM                     1281180975.114166
 0D 00 00 00 00 00 00 00

000:STREAM                     1281180975.158184
 0D 01 00 2D 00 00 00 00

000:STREAM                     1281180975.162170
 0D 00 00 00 00 00 00 00

000:STREAM                     1281180975.206186
 0D 01 00 2D 00 00 00 00

000:STREAM                     1281180975.210149
 0D 00 00 00 00 00 00 00

000:STREAM                     1281180975.226185
 0D 01 00 2D 00 00 00 00

000:STREAM                     1281180975.229168
 0D 00 00 00 00 00 00 00

000:STREAM                     1281180975.274181
 0D 01 00 2D 00 00 00 00

000:STREAM                     1281180975.277171
 0D 00 00 00 00 00 00 00

000:STREAM                     1281180975.334179
 0D 01 00 2D 00 00 00 00

000:STREAM                     1281180975.337174
 0D 00 00 00 00 00 00 00

000:STREAM                     1281180975.822183
 0D 01 00 2E 00 00 00 00

000:STREAM                     1281180975.826158
 0D 00 00 00 00 00 00 00

000:STREAM                     1281180975.882173
 0D 01 00 2E 00 00 00 00

000:STREAM                     1281180975.885164
 0D 00 00 00 00 00 00 00

000:STREAM                     1281180975.918176
 0D 01 00 2E 00 00 00 00

000:STREAM                     1281180975.921160
 0D 00 00 00 00 00 00 00

000:STREAM                     1281180975.978184
 0D 01 00 2E 00 00 00 00

000:STREAM                     1281180975.981166
 0D 00 00 00 00 00 00 00

000:STREAM                     1281180976.002184
 0D 01 00 2E 00 00 00 00

000:STREAM                     1281180976.005163
 0D 00 00 00 00 00 00 00

000:STREAM                     1281180976.050183
 0D 01 00 2E 00 00 00 00

000:STREAM                     1281180976.054165
 0D 00 00 00 00 00 00 00

000:STREAM                     1281180976.074181
 0D 01 00 2E 00 00 00 00

000:STREAM                     1281180976.077164
 0D 00 00 00 00 00 00 00

000:STREAM                     1281180976.098178
 0D 01 00 2E 00 00 00 00

000:STREAM                     1281180976.101165
 0D 00 00 00 00 00 00 00

000:STREAM                     1281180976.146177
 0D 01 00 2E 00 00 00 00

000:STREAM                     1281180976.149167
 0D 00 00 00 00 00 00 00

000:STREAM                     1281180976.182177
 0D 01 00 2E 00 00 00 00

000:STREAM                     1281180976.185157
 0D 00 00 00 00 00 00 00

000:STREAM                     1281180976.218171
 0D 01 00 2E 00 00 00 00

000:STREAM                     1281180976.222160
 0D 00 00 00 00 00 00 00

000:STREAM                     1281180976.266175
 0D 01 00 2E 00 00 00 00

000:STREAM                     1281180976.270160
 0D 00 00 00 00 00 00 00

000:STREAM                     1281180976.314174
 0D 01 00 2E 00 00 00 00

000:STREAM                     1281180976.318160
 0D 00 00 00 00 00 00 00

000:STREAM                     1281180976.362172
 0D 01 00 2E 00 00 00 00

000:STREAM                     1281180976.366161
 0D 00 00 00 00 00 00 00

000:STREAM                     1281180976.410181
 0D 01 00 2E 00 00 00 00

000:STREAM                     1281180976.413161
 0D 00 00 00 00 00 00 00

000:STREAM                     1281180976.458177
 0D 01 00 2E 00 00 00 00

000:STREAM                     1281180976.462161
 0D 00 00 00 00 00 00 00

000:STREAM                     1281180976.506173
 0D 01 00 2E 00 00 00 00

000:STREAM                     1281180976.509153
 0D 00 00 00 00 00 00 00

000:STREAM                     1281180976.814171
 0D 01 00 2D 00 00 00 00

000:STREAM                     1281180976.818161
 0D 00 00 00 00 00 00 00

000:STREAM                     1281180976.862181
 0D 01 00 2D 00 00 00 00

000:STREAM                     1281180976.865172
 0D 00 00 00 00 00 00 00

000:STREAM                     1281180976.894173
 0D 01 00 2D 00 00 00 00

000:STREAM                     1281180976.897160
 0D 00 00 00 00 00 00 00

000:STREAM                     1281180976.918173
 0D 01 00 2D 00 00 00 00

000:STREAM                     1281180976.921155
 0D 00 00 00 00 00 00 00

000:STREAM                     1281180976.942182
 0D 01 00 2D 00 00 00 00

000:STREAM                     1281180976.946164
 0D 00 00 00 00 00 00 00

000:STREAM                     1281180976.978181
 0D 01 00 2D 00 00 00 00

000:STREAM                     1281180976.981160
 0D 00 00 00 00 00 00 00

000:STREAM                     1281180977.002162
 0D 01 00 2D 00 00 00 00

000:STREAM                     1281180977.005157
 0D 00 00 00 00 00 00 00

000:STREAM                     1281180977.038171
 0D 01 00 2D 00 00 00 00

000:STREAM                     1281180977.042161
 0D 00 00 00 00 00 00 00

000:STREAM                     1281180977.098176
 0D 01 00 2D 00 00 00 00

000:STREAM                     1281180977.101159
 0D 00 00 00 00 00 00 00

000:STREAM                     1281180977.134177
 0D 01 00 2D 00 00 00 00

000:STREAM                     1281180977.137159
 0D 00 00 00 00 00 00 00

000:STREAM                     1281180977.154172
 0D 01 00 2D 00 00 00 00

000:STREAM                     1281180977.157153
 0D 00 00 00 00 00 00 00

000:STREAM                     1281180977.202169
 0D 01 00 2D 00 00 00 00

000:STREAM                     1281180977.206159
 0D 00 00 00 00 00 00 00

000:STREAM                     1281180977.250171
 0D 01 00 2D 00 00 00 00

000:STREAM                     1281180977.253161
 0D 00 00 00 00 00 00 00

000:STREAM                     1281180977.286175
 0D 01 00 2D 00 00 00 00

000:STREAM                     1281180977.289154
 0D 00 00 00 00 00 00 00

000:STREAM                     1281180977.346180
 0D 01 00 2D 00 00 00 00

000:STREAM                     1281180977.349157
 0D 00 00 00 00 00 00 00

000:STREAM                     1281180977.906176
 0D 01 00 2E 00 00 00 00

000:STREAM                     1281180977.910157
 0D 00 00 00 00 00 00 00

000:STREAM                     1281180977.954168
 0D 01 00 2E 00 00 00 00

000:STREAM                     1281180977.957145
 0D 00 00 00 00 00 00 00

000:STREAM                     1281180978.002175
 0D 01 00 2E 00 00 00 00

000:STREAM                     1281180978.005148
 0D 00 00 00 00 00 00 00

000:STREAM                     1281180978.050174
 0D 01 00 2E 00 00 00 00

000:STREAM                     1281180978.054155
 0D 00 00 00 00 00 00 00

000:STREAM                     1281180978.086169
 0D 01 00 2E 00 00 00 00

000:STREAM                     1281180978.089144
 0D 00 00 00 00 00 00 00

000:STREAM                     1281180978.122169
 0D 01 00 2E 00 00 00 00

000:STREAM                     1281180978.125158
 0D 00 00 00 00 00 00 00

000:STREAM                     1281180978.158169
 0D 01 00 2E 00 00 00 00

000:STREAM                     1281180978.162153
 0D 00 00 00 00 00 00 00

000:STREAM                     1281180978.182170
 0D 01 00 2E 00 00 00 00

000:STREAM                     1281180978.186134
 0D 00 00 00 00 00 00 00

000:STREAM                     1281180978.194164
 0D 01 00 2E 00 00 00 00

000:STREAM                     1281180978.198154
 0D 00 00 00 00 00 00 00

000:STREAM                     1281180978.214169
 0D 01 00 2E 00 00 00 00

000:STREAM                     1281180978.217154
 0D 00 00 00 00 00 00 00

000:STREAM                     1281180978.262175
 0D 01 00 2E 00 00 00 00

000:STREAM                     1281180978.265162
 0D 00 00 00 00 00 00 00

000:STREAM                     1281180978.298169
 0D 01 00 2E 00 00 00 00

000:STREAM                     1281180978.301149
 0D 00 00 00 00 00 00 00

000:STREAM                     1281180978.334168
 0D 01 00 2E 00 00 00 00

000:STREAM                     1281180978.337155
 0D 00 00 00 00 00 00 00

000:STREAM                     1281180978.570171
 0D 01 00 2D 00 00 00 00

000:STREAM                     1281180978.573150
 0D 00 00 00 00 00 00 00

000:STREAM                     1281180978.594161
 0D 01 00 2D 00 00 00 00

000:STREAM                     1281180978.597155
 0D 00 00 00 00 00 00 00

000:STREAM                     1281180978.602165
 0D 01 00 2D 00 00 00 00

000:STREAM                     1281180978.605164
 0D 00 00 00 00 00 00 00

000:STREAM                     1281180978.662163
 0D 01 00 2D 00 00 00 00

000:STREAM                     1281180978.665149
 0D 00 00 00 00 00 00 00

000:STREAM                     1281180978.710160
 0D 01 00 2D 00 00 00 00

000:STREAM                     1281180978.713168
 0D 00 00 00 00 00 00 00

000:STREAM                     1281180978.746163
 0D 01 00 2D 00 00 00 00

000:STREAM                     1281180978.750151
 0D 00 00 00 00 00 00 00

000:STREAM                     1281180978.766156
 0D 01 00 2D 00 00 00 00

000:STREAM                     1281180978.769158
 0D 00 00 00 00 00 00 00

000:STREAM                     1281180978.790165
 0D 01 00 2D 00 00 00 00

000:STREAM                     1281180978.793151
 0D 00 00 00 00 00 00 00

000:STREAM                     1281180978.814162
 0D 01 00 2D 00 00 00 00

000:STREAM                     1281180978.817149
 0D 00 00 00 00 00 00 00

000:STREAM                     1281180978.838165
 0D 01 00 2D 00 00 00 00

000:STREAM                     1281180978.842143
 0D 00 00 00 00 00 00 00

000:STREAM                     1281180978.886165
 0D 01 00 2D 00 00 00 00

000:STREAM                     1281180978.890152
 0D 00 00 00 00 00 00 00

000:STREAM                     1281180978.922161
 0D 01 00 2D 00 00 00 00

000:STREAM                     1281180978.925151
 0D 00 00 00 00 00 00 00

000:STREAM                     1281180979.402173
 0D 01 00 2E 00 00 00 00

000:STREAM                     1281180979.406150
 0D 00 00 00 00 00 00 00

000:STREAM                     1281180979.462165
 0D 01 00 2E 00 00 00 00

000:STREAM                     1281180979.465148
 0D 00 00 00 00 00 00 00

000:STREAM                     1281180979.498159
 0D 01 00 2E 00 00 00 00

000:STREAM                     1281180979.501148
 0D 00 00 00 00 00 00 00

000:STREAM                     1281180979.522159
 0D 01 00 2E 00 00 00 00

000:STREAM                     1281180979.525138
 0D 00 00 00 00 00 00 00

000:STREAM                     1281180979.558163
 0D 01 00 2E 00 00 00 00

000:STREAM                     1281180979.561145
 0D 00 00 00 00 00 00 00

000:STREAM                     1281180979.582158
 0D 01 00 2E 00 00 00 00

000:STREAM                     1281180979.585148
 0D 00 00 00 00 00 00 00

000:STREAM                     1281180979.618166
 0D 01 00 2E 00 00 00 00

000:STREAM                     1281180979.622147
 0D 00 00 00 00 00 00 00

000:STREAM                     1281180979.654160
 0D 01 00 2E 00 00 00 00

000:STREAM                     1281180979.657151
 0D 00 00 00 00 00 00 00

000:STREAM                     1281180979.702161
 0D 01 00 2E 00 00 00 00

000:STREAM                     1281180979.705148
 0D 00 00 00 00 00 00 00

000:STREAM                     1281180979.750159
 0D 01 00 2E 00 00 00 00

000:STREAM                     1281180979.753145
 0D 00 00 00 00 00 00 00

000:STREAM                     1281180979.770157
 0D 01 00 2E 00 00 00 00

000:STREAM                     1281180979.773138
 0D 00 00 00 00 00 00 00

000:STREAM                     1281180979.806158
 0D 01 00 2E 00 00 00 00

000:STREAM                     1281180979.809150
 0D 00 00 00 00 00 00 00

000:STREAM                     1281180979.826158
 0D 01 00 2E 00 00 00 00

000:STREAM                     1281180979.829136
 0D 00 00 00 00 00 00 00

000:STREAM                     1281180979.874171
 0D 01 00 2E 00 00 00 00

000:STREAM                     1281180979.878148
 0D 00 00 00 00 00 00 00

000:STREAM                     1281180979.922156
 0D 01 00 2E 00 00 00 00

000:STREAM                     1281180979.925152
 0D 00 00 00 00 00 00 00

000:STREAM                     1281180980.254164
 0D 01 00 2D 00 00 00 00

000:STREAM                     1281180980.257138
 0D 00 00 00 00 00 00 00

000:STREAM                     1281180980.306156
 0D 01 00 2D 00 00 00 00

000:STREAM                     1281180980.310142
 0D 00 00 00 00 00 00 00

000:STREAM                     1281180980.313143
 0D 01 00 2D 00 00 00 00

000:STREAM                     1281180980.318142
 0D 00 00 00 00 00 00 00

000:STREAM                     1281180980.338164
 0D 01 00 2D 00 00 00 00

000:STREAM                     1281180980.342146
 0D 00 00 00 00 00 00 00

000:STREAM                     1281180980.362163
 0D 01 00 2D 00 00 00 00

000:STREAM                     1281180980.365138
 0D 00 00 00 00 00 00 00

000:STREAM                     1281180980.382158
 0D 01 00 2D 00 00 00 00

000:STREAM                     1281180980.385150
 0D 00 00 00 00 00 00 00

000:STREAM                     1281180980.442159
 0D 01 00 2D 00 00 00 00

000:STREAM                     1281180980.446149
 0D 00 00 00 00 00 00 00

000:STREAM                     1281180980.478157
 0D 01 00 2D 00 00 00 00

000:STREAM                     1281180980.481144
 0D 00 00 00 00 00 00 00

000:STREAM                     1281180980.538164
 0D 01 00 2D 00 00 00 00

000:STREAM                     1281180980.542130
 0D 00 00 00 00 00 00 00

000:STREAM                     1281180980.574151
 0D 01 00 2D 00 00 00 00

000:STREAM                     1281180980.577141
 0D 00 00 00 00 00 00 00

000:STREAM                     1281180980.610164
 0D 01 00 2D 00 00 00 00

000:STREAM                     1281180980.613147
 0D 00 00 00 00 00 00 00

000:STREAM                     1281180980.646165
 0D 01 00 2D 00 00 00 00

000:STREAM                     1281180980.649145
 0D 00 00 00 00 00 00 00

000:STREAM                     1281180980.682151
 0D 01 00 2D 00 00 00 00

000:STREAM                     1281180980.686141
 0D 00 00 00 00 00 00 00

000:STREAM                     1281180980.718165
 0D 01 00 2D 00 00 00 00

000:STREAM                     1281180980.722140
 0D 00 00 00 00 00 00 00

000:STREAM                     1281180980.754152
 0D 01 00 2D 00 00 00 00

000:STREAM                     1281180980.758142
 0D 00 00 00 00 00 00 00

000:STREAM                     1281180980.802160
 0D 01 00 2D 00 00 00 00

000:STREAM                     1281180980.806142
 0D 00 00 00 00 00 00 00

000:STREAM                     1281180980.850153
 0D 01 00 2D 00 00 00 00

000:STREAM                     1281180980.853144
 0D 00 00 00 00 00 00 00

