000:STREAM                     1282379934.589914
 01 00 00 00 00 01 00 00

000:STREAM                     1282379934.641898
 01 00 00 00 00 01 00 00

000:STREAM                     1282379934.721893
 01 00 00 00 00 01 00 00

000:STREAM                     1282379934.801892
 01 00 00 00 00 01 00 00

000:STREAM                     1282379934.857893
 01 00 00 00 00 01 00 00

000:STREAM                     1282379934.913888
 01 00 00 00 00 01 00 00

000:STREAM                     1282379934.965886
 01 00 00 00 00 01 00 00

000:STREAM                     1282379935.009889
 01 00 00 00 00 01 00 00

000:STREAM                     1282379935.053891
 01 00 00 00 00 01 00 00

000:STREAM                     1282379935.097891
 01 00 00 00 00 01 00 00

000:STREAM                     1282379935.129888
 01 00 00 00 00 01 00 00

000:STREAM                     1282379935.161892
 01 00 00 00 00 01 00 00

000:STREAM                     1282379935.205885
 01 00 00 00 00 01 00 00

000:STREAM                     1282379935.221885
 01 00 00 00 00 01 00 00

000:STREAM                     1282379935.253890
 01 00 00 00 00 01 00 00

000:STREAM                     1282379935.297890
 01 00 00 00 00 01 00 00

000:STREAM                     1282379935.337892
 01 00 00 00 00 01 00 00

000:STREAM                     1282379935.397890
 01 00 00 00 00 01 00 00

000:STREAM                     1282379935.429892
 01 00 00 00 00 01 00 00

000:STREAM                     1282379935.473884
 01 00 00 00 00 01 00 00

000:STREAM                     1282379935.517888
 01 00 00 00 00 01 00 00

000:STREAM                     1282379935.549889
 01 00 00 00 00 01 00 00

000:STREAM                     1282379935.581888
 01 00 00 00 00 01 00 00

000:STREAM                     1282379935.621890
 01 00 00 00 00 01 00 00

000:STREAM                     1282379935.665891
 01 00 00 00 00 01 00 00

000:STREAM                     1282379935.705885
 01 00 00 00 00 01 00 00

000:STREAM                     1282379935.737890
 01 00 00 00 00 01 00 00

000:STREAM                     1282379935.781889
 01 00 00 00 00 01 00 00

000:STREAM                     1282379935.813886
 01 00 00 00 00 01 00 00

000:STREAM                     1282379935.845888
 01 00 00 00 00 01 00 00

000:STREAM                     1282379935.877884
 01 00 00 00 00 01 00 00

000:STREAM                     1282379935.945882
 01 00 00 00 00 01 00 00

000:STREAM                     1282379935.989886
 01 00 00 00 00 01 00 00

000:STREAM                     1282379936.033886
 01 00 00 00 00 01 00 00

000:STREAM                     1282379936.077888
 01 00 00 00 00 01 00 00

000:STREAM                     1282379936.097884
 01 00 00 00 00 01 00 00

000:STREAM                     1282379936.137884
 01 00 00 00 00 01 00 00

000:STREAM                     1282379936.181887
 01 00 00 00 00 01 00 00

000:STREAM                     1282379936.225880
 01 00 00 00 00 01 00 00

000:STREAM                     1282379936.257883
 01 00 00 00 00 01 00 00

000:STREAM                     1282379936.289883
 01 00 00 00 00 01 00 00

000:STREAM                     1282379936.333883
 01 00 00 00 00 01 00 00

000:STREAM                     1282379936.377885
 01 00 00 00 00 01 00 00

000:STREAM                     1282379936.417884
 01 00 00 00 00 01 00 00

000:STREAM                     1282379936.473884
 01 00 00 00 00 01 00 00

000:STREAM                     1282379936.517883
 01 00 00 00 00 01 00 00

000:STREAM                     1282379936.573887
 01 00 00 00 00 01 00 00

000:STREAM                     1282379936.653879
 01 00 00 00 00 01 00 00

000:STREAM                     1282379936.681886
 01 00 00 00 00 01 00 00

000:STREAM                     1282379936.725882
 01 00 00 00 00 01 00 00

000:STREAM                     1282379936.765882
 01 00 00 00 00 01 00 00

000:STREAM                     1282379936.797883
 01 00 00 00 00 01 00 00

000:STREAM                     1282379936.829882
 01 00 00 00 00 01 00 00

000:STREAM                     1282379936.897882
 01 00 00 00 00 01 00 00

000:STREAM                     1282379936.913880
 01 00 00 00 00 01 00 00

