000:STREAM                     1281181137.301428
 0D 00 00 2F 00 00 00 00

000:STREAM                     1281181137.304440
 0D 00 00 00 00 00 00 00

000:STREAM                     1281181137.345416
 0D 00 00 2F 00 00 00 00

000:STREAM                     1281181137.348426
 0D 00 00 00 00 00 00 00

000:STREAM                     1281181137.381411
 0D 00 00 2F 00 00 00 00

000:STREAM                     1281181137.384435
 0D 00 00 00 00 00 00 00

000:STREAM                     1281181137.413411
 0D 00 00 2F 00 00 00 00

000:STREAM                     1281181137.416438
 0D 00 00 00 00 00 00 00

000:STREAM                     1281181137.449412
 0D 00 00 2F 00 00 00 00

000:STREAM                     1281181137.452435
 0D 00 00 00 00 00 00 00

000:STREAM                     1281181137.469412
 0D 00 00 2F 00 00 00 00

000:STREAM                     1281181137.472440
 0D 00 00 00 00 00 00 00

000:STREAM                     1281181137.525407
 0D 00 00 2F 00 00 00 00

000:STREAM                     1281181137.528455
 0D 00 00 00 00 00 00 00

000:STREAM                     1281181137.549411
 0D 00 00 2F 00 00 00 00

000:STREAM                     1281181137.553384
 0D 00 00 00 00 00 00 00

000:STREAM                     1281181137.585414
 0D 00 00 2F 00 00 00 00

000:STREAM                     1281181137.588412
 0D 00 00 00 00 00 00 00

000:STREAM                     1281181137.605406
 0D 00 00 2F 00 00 00 00

000:STREAM                     1281181137.608415
 0D 00 00 00 00 00 00 00

000:STREAM                     1281181137.625407
 0D 00 00 2F 00 00 00 00

000:STREAM                     1281181137.628415
 0D 00 00 00 00 00 00 00

000:STREAM                     1281181137.661406
 0D 00 00 2F 00 00 00 00

000:STREAM                     1281181137.664412
 0D 00 00 00 00 00 00 00

000:STREAM                     1281181137.681405
 0D 00 00 2F 00 00 00 00

000:STREAM                     1281181137.684411
 0D 00 00 00 00 00 00 00

000:STREAM                     1281181137.741412
 0D 00 00 2F 00 00 00 00

000:STREAM                     1281181137.744423
 0D 00 00 00 00 00 00 00

000:STREAM                     1281181137.761413
 0D 00 00 2F 00 00 00 00

000:STREAM                     1281181137.764458
 0D 00 00 00 00 00 00 00

000:STREAM                     1281181137.805410
 0D 00 00 2F 00 00 00 00

000:STREAM                     1281181137.809386
 0D 00 00 00 00 00 00 00

000:STREAM                     1281181137.853406
 0D 00 00 2F 00 00 00 00

000:STREAM                     1281181137.856404
 0D 00 00 00 00 00 00 00

000:STREAM                     1281181137.913408
 0D 00 00 2F 00 00 00 00

000:STREAM                     1281181137.916420
 0D 00 00 00 00 00 00 00

000:STREAM                     1281181137.937411
 0D 00 00 2F 00 00 00 00

000:STREAM                     1281181137.940411
 0D 00 00 00 00 00 00 00

000:STREAM                     1281181137.969416
 0D 00 00 2F 00 00 00 00

000:STREAM                     1281181137.972450
 0D 00 00 00 00 00 00 00

000:STREAM                     1281181138.001403
 0D 00 00 2F 00 00 00 00

000:STREAM                     1281181138.004412
 0D 00 00 00 00 00 00 00

000:STREAM                     1281181138.053410
 0D 00 00 2F 00 00 00 00

000:STREAM                     1281181138.056458
 0D 00 00 00 00 00 00 00

000:STREAM                     1281181138.073400
 0D 00 00 2F 00 00 00 00

000:STREAM                     1281181138.076421
 0D 00 00 00 00 00 00 00

000:STREAM                     1281181138.093410
 0D 00 00 2F 00 00 00 00

000:STREAM                     1281181138.097390
 0D 00 00 00 00 00 00 00

000:STREAM                     1281181138.113408
 0D 00 00 2F 00 00 00 00

000:STREAM                     1281181138.116420
 0D 00 00 00 00 00 00 00

000:STREAM                     1281181138.133410
 0D 00 00 2F 00 00 00 00

000:STREAM                     1281181138.136399
 0D 00 00 00 00 00 00 00

000:STREAM                     1281181138.153409
 0D 00 00 2F 00 00 00 00

000:STREAM                     1281181138.156400
 0D 00 00 00 00 00 00 00

000:STREAM                     1281181138.189408
 0D 00 00 2F 00 00 00 00

000:STREAM                     1281181138.192409
 0D 00 00 00 00 00 00 00

000:STREAM                     1281181138.213409
 0D 00 00 2F 00 00 00 00

000:STREAM                     1281181138.216418
 0D 00 00 00 00 00 00 00

000:STREAM                     1281181138.249412
 0D 00 00 2F 00 00 00 00

000:STREAM                     1281181138.252400
 0D 00 00 00 00 00 00 00

000:STREAM                     1281181138.285409
 0D 00 00 2F 00 00 00 00

000:STREAM                     1281181138.288400
 0D 00 00 00 00 00 00 00

000:STREAM                     1281181138.305411
 0D 00 00 2F 00 00 00 00

000:STREAM                     1281181138.308394
 0D 00 00 00 00 00 00 00

000:STREAM                     1281181138.341411
 0D 00 00 2F 00 00 00 00

000:STREAM                     1281181138.344419
 0D 00 00 00 00 00 00 00

000:STREAM                     1281181138.361408
 0D 00 00 2F 00 00 00 00

000:STREAM                     1281181138.364420
 0D 00 00 00 00 00 00 00

000:STREAM                     1281181138.405408
 0D 00 00 2F 00 00 00 00

000:STREAM                     1281181138.408418
 0D 00 00 00 00 00 00 00

000:STREAM                     1281181138.441408
 0D 00 00 2F 00 00 00 00

000:STREAM                     1281181138.444406
 0D 00 00 00 00 00 00 00

000:STREAM                     1281181138.473406
 0D 00 00 2F 00 00 00 00

000:STREAM                     1281181138.476409
 0D 00 00 00 00 00 00 00

000:STREAM                     1281181138.649409
 0D 00 00 2F 00 00 00 00

000:STREAM                     1281181138.652448
 0D 00 00 00 00 00 00 00

000:STREAM                     1281181138.705401
 0D 00 00 2F 00 00 00 00

000:STREAM                     1281181138.708449
 0D 00 00 00 00 00 00 00

000:STREAM                     1281181138.749407
 0D 00 00 2F 00 00 00 00

000:STREAM                     1281181138.752403
 0D 00 00 00 00 00 00 00

000:STREAM                     1281181138.805402
 0D 00 00 2F 00 00 00 00

000:STREAM                     1281181138.808422
 0D 00 00 00 00 00 00 00

000:STREAM                     1281181138.841402
 0D 00 00 2F 00 00 00 00

000:STREAM                     1281181138.844423
 0D 00 00 00 00 00 00 00

000:STREAM                     1281181138.873431
 0D 00 00 2F 00 00 00 00

000:STREAM                     1281181138.876417
 0D 00 00 00 00 00 00 00

000:STREAM                     1281181138.893405
 0D 00 00 2F 00 00 00 00

000:STREAM                     1281181138.896415
 0D 00 00 00 00 00 00 00

000:STREAM                     1281181138.937402
 0D 00 00 2F 00 00 00 00

000:STREAM                     1281181138.940444
 0D 00 00 00 00 00 00 00

000:STREAM                     1281181138.973404
 0D 00 00 2F 00 00 00 00

000:STREAM                     1281181138.976411
 0D 00 00 00 00 00 00 00

000:STREAM                     1281181139.029405
 0D 00 00 2F 00 00 00 00

000:STREAM                     1281181139.032413
 0D 00 00 00 00 00 00 00

000:STREAM                     1281181139.073404
 0D 00 00 2F 00 00 00 00

000:STREAM                     1281181139.076433
 0D 00 00 00 00 00 00 00

000:STREAM                     1281181139.109405
 0D 00 00 2F 00 00 00 00

000:STREAM                     1281181139.112417
 0D 00 00 00 00 00 00 00

000:STREAM                     1281181139.145406
 0D 00 00 2F 00 00 00 00

000:STREAM                     1281181139.148417
 0D 00 00 00 00 00 00 00

000:STREAM                     1281181139.165402
 0D 00 00 2F 00 00 00 00

000:STREAM                     1281181139.168426
 0D 00 00 00 00 00 00 00

000:STREAM                     1281181139.185406
 0D 00 00 2F 00 00 00 00

000:STREAM                     1281181139.188413
 0D 00 00 00 00 00 00 00

000:STREAM                     1281181139.205404
 0D 00 00 2F 00 00 00 00

000:STREAM                     1281181139.208405
 0D 00 00 00 00 00 00 00

000:STREAM                     1281181139.237407
 0D 00 00 2F 00 00 00 00

000:STREAM                     1281181139.240413
 0D 00 00 00 00 00 00 00

000:STREAM                     1281181139.257406
 0D 00 00 2F 00 00 00 00

000:STREAM                     1281181139.260413
 0D 00 00 00 00 00 00 00

000:STREAM                     1281181139.293408
 0D 00 00 2F 00 00 00 00

000:STREAM                     1281181139.296417
 0D 00 00 00 00 00 00 00

000:STREAM                     1281181139.349403
 0D 00 00 2F 00 00 00 00

000:STREAM                     1281181139.352435
 0D 00 00 00 00 00 00 00

000:STREAM                     1281181139.381398
 0D 00 00 2F 00 00 00 00

000:STREAM                     1281181139.384407
 0D 00 00 00 00 00 00 00

000:STREAM                     1281181139.417407
 0D 00 00 2F 00 00 00 00

000:STREAM                     1281181139.420435
 0D 00 00 00 00 00 00 00

000:STREAM                     1281181139.541399
 0D 00 00 2F 00 00 00 00

000:STREAM                     1281181139.544435
 0D 00 00 00 00 00 00 00

000:STREAM                     1281181139.577404
 0D 00 00 2F 00 00 00 00

000:STREAM                     1281181139.580433
 0D 00 00 00 00 00 00 00

000:STREAM                     1281181139.597396
 0D 00 00 2F 00 00 00 00

000:STREAM                     1281181139.600411
 0D 00 00 00 00 00 00 00

000:STREAM                     1281181139.617406
 0D 00 00 2F 00 00 00 00

000:STREAM                     1281181139.621380
 0D 00 00 00 00 00 00 00

000:STREAM                     1281181139.653399
 0D 00 00 2F 00 00 00 00

000:STREAM                     1281181139.656397
 0D 00 00 00 00 00 00 00

000:STREAM                     1281181139.673399
 0D 00 00 2F 00 00 00 00

000:STREAM                     1281181139.676407
 0D 00 00 00 00 00 00 00

000:STREAM                     1281181139.693399
 0D 00 00 2F 00 00 00 00

000:STREAM                     1281181139.696427
 0D 00 00 00 00 00 00 00

000:STREAM                     1281181139.749395
 0D 00 00 2F 00 00 00 00

000:STREAM                     1281181139.752406
 0D 00 00 00 00 00 00 00

000:STREAM                     1281181139.769400
 0D 00 00 2F 00 00 00 00

000:STREAM                     1281181139.773370
 0D 00 00 00 00 00 00 00

000:STREAM                     1281181139.789392
 0D 00 00 2F 00 00 00 00

000:STREAM                     1281181139.792397
 0D 00 00 00 00 00 00 00

000:STREAM                     1281181139.809400
 0D 00 00 2F 00 00 00 00

000:STREAM                     1281181139.813376
 0D 00 00 00 00 00 00 00

000:STREAM                     1281181139.841394
 0D 00 00 2F 00 00 00 00

000:STREAM                     1281181139.844430
 0D 00 00 00 00 00 00 00

000:STREAM                     1281181139.885401
 0D 00 00 2F 00 00 00 00

000:STREAM                     1281181139.888388
 0D 00 00 00 00 00 00 00

000:STREAM                     1281181139.905392
 0D 00 00 2F 00 00 00 00

000:STREAM                     1281181139.908449
 0D 00 00 00 00 00 00 00

000:STREAM                     1281181139.953399
 0D 00 00 2F 00 00 00 00

000:STREAM                     1281181139.956405
 0D 00 00 00 00 00 00 00

