000:STREAM                     1281181020.901979
 0D 01 00 2D 00 00 00 00

000:STREAM                     1281181020.904955
 0D 00 00 00 00 00 00 00

000:STREAM                     1281181020.949965
 0D 01 00 2D 00 00 00 00

000:STREAM                     1281181020.952953
 0D 00 00 00 00 00 00 00

000:STREAM                     1281181020.997964
 0D 01 00 2D 00 00 00 00

000:STREAM                     1281181021.000952
 0D 00 00 00 00 00 00 00

000:STREAM                     1281181021.033969
 0D 01 00 2D 00 00 00 00

000:STREAM                     1281181021.036942
 0D 00 00 00 00 00 00 00

000:STREAM                     1281181021.057966
 0D 01 00 2D 00 00 00 00

000:STREAM                     1281181021.060949
 0D 00 00 00 00 00 00 00

000:STREAM                     1281181021.093959
 0D 01 00 2D 00 00 00 00

000:STREAM                     1281181021.096952
 0D 00 00 00 00 00 00 00

000:STREAM                     1281181021.129968
 0D 01 00 2D 00 00 00 00

000:STREAM                     1281181021.133949
 0D 00 00 00 00 00 00 00

000:STREAM                     1281181021.153959
 0D 01 00 2D 00 00 00 00

000:STREAM                     1281181021.156948
 0D 00 00 00 00 00 00 00

000:STREAM                     1281181021.189960
 0D 01 00 2D 00 00 00 00

000:STREAM                     1281181021.192952
 0D 00 00 00 00 00 00 00

000:STREAM                     1281181021.213968
 0D 01 00 2D 00 00 00 00

000:STREAM                     1281181021.216948
 0D 00 00 00 00 00 00 00

000:STREAM                     1281181021.237959
 0D 01 00 2D 00 00 00 00

000:STREAM                     1281181021.240949
 0D 00 00 00 00 00 00 00

000:STREAM                     1281181021.257960
 0D 01 00 2D 00 00 00 00

000:STREAM                     1281181021.260948
 0D 00 00 00 00 00 00 00

000:STREAM                     1281181021.281959
 0D 01 00 2D 00 00 00 00

000:STREAM                     1281181021.284953
 0D 00 00 00 00 00 00 00

000:STREAM                     1281181021.305958
 0D 01 00 2D 00 00 00 00

000:STREAM                     1281181021.308950
 0D 00 00 00 00 00 00 00

000:STREAM                     1281181021.353958
 0D 01 00 2D 00 00 00 00

000:STREAM                     1281181021.357949
 0D 00 00 00 00 00 00 00

000:STREAM                     1281181021.429961
 0D 01 00 2D 00 00 00 00

000:STREAM                     1281181021.432939
 0D 00 00 00 00 00 00 00

000:STREAM                     1281181021.477961
 0D 01 00 2D 00 00 00 00

000:STREAM                     1281181021.480939
 0D 00 00 00 00 00 00 00

000:STREAM                     1281181021.525961
 0D 01 00 2D 00 00 00 00

000:STREAM                     1281181021.528938
 0D 00 00 00 00 00 00 00

000:STREAM                     1281181021.585959
 0D 01 00 2D 00 00 00 00

000:STREAM                     1281181021.588945
 0D 00 00 00 00 00 00 00

000:STREAM                     1281181021.621943
 0D 01 00 2D 00 00 00 00

000:STREAM                     1281181021.624924
 0D 00 00 00 00 00 00 00

000:STREAM                     1281181021.645961
 0D 01 00 2D 00 00 00 00

000:STREAM                     1281181021.649947
 0D 00 00 00 00 00 00 00

000:STREAM                     1281181021.681962
 0D 01 00 2D 00 00 00 00

000:STREAM                     1281181021.684940
 0D 00 00 00 00 00 00 00

000:STREAM                     1281181021.705958
 0D 01 00 2D 00 00 00 00

000:STREAM                     1281181021.709950
 0D 00 00 00 00 00 00 00

000:STREAM                     1281181021.729961
 0D 01 00 2D 00 00 00 00

000:STREAM                     1281181021.733948
 0D 00 00 00 00 00 00 00

000:STREAM                     1281181021.765959
 0D 01 00 2D 00 00 00 00

000:STREAM                     1281181021.768940
 0D 00 00 00 00 00 00 00

000:STREAM                     1281181021.801958
 0D 01 00 2D 00 00 00 00

000:STREAM                     1281181021.804940
 0D 00 00 00 00 00 00 00

000:STREAM                     1281181021.825958
 0D 01 00 2D 00 00 00 00

000:STREAM                     1281181021.828945
 0D 00 00 00 00 00 00 00

000:STREAM                     1281181021.861958
 0D 01 00 2D 00 00 00 00

000:STREAM                     1281181021.864949
 0D 00 00 00 00 00 00 00

000:STREAM                     1281181021.881958
 0D 01 00 2D 00 00 00 00

000:STREAM                     1281181021.884941
 0D 00 00 00 00 00 00 00

000:STREAM                     1281181021.917955
 0D 01 00 2D 00 00 00 00

000:STREAM                     1281181021.920945
 0D 00 00 00 00 00 00 00

000:STREAM                     1281181021.937948
 0D 01 00 2D 00 00 00 00

000:STREAM                     1281181021.940947
 0D 00 00 00 00 00 00 00

000:STREAM                     1281181021.973962
 0D 01 00 2D 00 00 00 00

000:STREAM                     1281181021.976946
 0D 00 00 00 00 00 00 00

000:STREAM                     1281181022.009963
 0D 01 00 2D 00 00 00 00

000:STREAM                     1281181022.013946
 0D 00 00 00 00 00 00 00

000:STREAM                     1281181022.049963
 0D 01 00 2D 00 00 00 00

000:STREAM                     1281181022.053942
 0D 00 00 00 00 00 00 00

000:STREAM                     1281181022.081962
 0D 01 00 2D 00 00 00 00

000:STREAM                     1281181022.084946
 0D 00 00 00 00 00 00 00

000:STREAM                     1281181022.117955
 0D 01 00 2D 00 00 00 00

000:STREAM                     1281181022.120943
 0D 00 00 00 00 00 00 00

000:STREAM                     1281181022.141959
 0D 01 00 2D 00 00 00 00

000:STREAM                     1281181022.144942
 0D 00 00 00 00 00 00 00

000:STREAM                     1281181022.165962
 0D 01 00 2D 00 00 00 00

000:STREAM                     1281181022.168949
 0D 00 00 00 00 00 00 00

000:STREAM                     1281181022.237962
 0D 01 00 2D 00 00 00 00

000:STREAM                     1281181022.240942
 0D 00 00 00 00 00 00 00

000:STREAM                     1281181022.309965
 0D 01 00 2D 00 00 00 00

000:STREAM                     1281181022.313942
 0D 00 00 00 00 00 00 00

000:STREAM                     1281181022.333959
 0D 01 00 2D 00 00 00 00

000:STREAM                     1281181022.337942
 0D 00 00 00 00 00 00 00

000:STREAM                     1281181022.369955
 0D 01 00 2D 00 00 00 00

000:STREAM                     1281181022.373935
 0D 00 00 00 00 00 00 00

000:STREAM                     1281181022.405954
 0D 01 00 2D 00 00 00 00

000:STREAM                     1281181022.408943
 0D 00 00 00 00 00 00 00

000:STREAM                     1281181022.441954
 0D 01 00 2D 00 00 00 00

000:STREAM                     1281181022.444943
 0D 00 00 00 00 00 00 00

000:STREAM                     1281181022.465953
 0D 01 00 2D 00 00 00 00

000:STREAM                     1281181022.468941
 0D 00 00 00 00 00 00 00

000:STREAM                     1281181022.489956
 0D 01 00 2D 00 00 00 00

000:STREAM                     1281181022.492941
 0D 00 00 00 00 00 00 00

000:STREAM                     1281181022.509960
 0D 01 00 2D 00 00 00 00

000:STREAM                     1281181022.513942
 0D 00 00 00 00 00 00 00

000:STREAM                     1281181022.533954
 0D 01 00 2D 00 00 00 00

000:STREAM                     1281181022.536943
 0D 00 00 00 00 00 00 00

000:STREAM                     1281181022.553959
 0D 01 00 2D 00 00 00 00

000:STREAM                     1281181022.556939
 0D 00 00 00 00 00 00 00

000:STREAM                     1281181022.589964
 0D 01 00 2D 00 00 00 00

000:STREAM                     1281181022.593946
 0D 00 00 00 00 00 00 00

000:STREAM                     1281181022.613957
 0D 01 00 2D 00 00 00 00

000:STREAM                     1281181022.617943
 0D 00 00 00 00 00 00 00

000:STREAM                     1281181022.633955
 0D 01 00 2D 00 00 00 00

000:STREAM                     1281181022.636942
 0D 00 00 00 00 00 00 00

000:STREAM                     1281181022.669956
 0D 01 00 2D 00 00 00 00

000:STREAM                     1281181022.672942
 0D 00 00 00 00 00 00 00

000:STREAM                     1281181022.689954
 0D 01 00 2D 00 00 00 00

000:STREAM                     1281181022.692939
 0D 00 00 00 00 00 00 00

000:STREAM                     1281181023.033954
 0D 01 00 2D 00 00 00 00

000:STREAM                     1281181023.037939
 0D 00 00 00 00 00 00 00

000:STREAM                     1281181023.105945
 0D 01 00 2D 00 00 00 00

000:STREAM                     1281181023.109944
 0D 00 00 00 00 00 00 00

000:STREAM                     1281181023.165956
 0D 01 00 2D 00 00 00 00

000:STREAM                     1281181023.169940
 0D 00 00 00 00 00 00 00

000:STREAM                     1281181023.189953
 0D 01 00 2D 00 00 00 00

000:STREAM                     1281181023.193937
 0D 00 00 00 00 00 00 00

000:STREAM                     1281181023.225956
 0D 01 00 2D 00 00 00 00

000:STREAM                     1281181023.228938
 0D 00 00 00 00 00 00 00

000:STREAM                     1281181023.261954
 0D 01 00 2D 00 00 00 00

000:STREAM                     1281181023.264940
 0D 00 00 00 00 00 00 00

000:STREAM                     1281181023.297956
 0D 01 00 2D 00 00 00 00

000:STREAM                     1281181023.300938
 0D 00 00 00 00 00 00 00

000:STREAM                     1281181023.361948
 0D 01 00 2D 00 00 00 00

000:STREAM                     1281181023.364935
 0D 00 00 00 00 00 00 00

000:STREAM                     1281181023.369951
 0D 01 00 2D 00 00 00 00

000:STREAM                     1281181023.373939
 0D 00 00 00 00 00 00 00

000:STREAM                     1281181023.465952
 0D 01 00 2D 00 00 00 00

000:STREAM                     1281181023.469937
 0D 00 00 00 00 00 00 00

000:STREAM                     1281181023.489954
 0D 01 00 2D 00 00 00 00

000:STREAM                     1281181023.492935
 0D 00 00 00 00 00 00 00

000:STREAM                     1281181023.525951
 0D 01 00 2D 00 00 00 00

000:STREAM                     1281181023.528935
 0D 00 00 00 00 00 00 00

000:STREAM                     1281181023.561949
 0D 01 00 2D 00 00 00 00

000:STREAM                     1281181023.564937
 0D 00 00 00 00 00 00 00

000:STREAM                     1281181023.609949
 0D 01 00 2D 00 00 00 00

000:STREAM                     1281181023.613942
 0D 00 00 00 00 00 00 00

000:STREAM                     1281181023.657951
 0D 01 00 2D 00 00 00 00

000:STREAM                     1281181023.660938
 0D 00 00 00 00 00 00 00

000:STREAM                     1281181023.681950
 0D 01 00 2D 00 00 00 00

000:STREAM                     1281181023.684935
 0D 00 00 00 00 00 00 00

000:STREAM                     1281181023.717950
 0D 01 00 2D 00 00 00 00

000:STREAM                     1281181023.720940
 0D 00 00 00 00 00 00 00

000:STREAM                     1281181023.741947
 0D 01 00 2D 00 00 00 00

000:STREAM                     1281181023.744935
 0D 00 00 00 00 00 00 00

000:STREAM                     1281181023.777951
 0D 01 00 2D 00 00 00 00

000:STREAM                     1281181023.781940
 0D 00 00 00 00 00 00 00

000:STREAM                     1281181023.817943
 0D 01 00 2D 00 00 00 00

000:STREAM                     1281181023.820937
 0D 00 00 00 00 00 00 00

000:STREAM                     1281181023.873912
 0D 01 00 2D 00 00 00 00

000:STREAM                     1281181023.876937
 0D 00 00 00 00 00 00 00

000:STREAM                     1281181023.893942
 0D 01 00 2D 00 00 00 00

000:STREAM                     1281181023.897939
 0D 00 00 00 00 00 00 00

000:STREAM                     1281181023.953943
 0D 01 00 2D 00 00 00 00

000:STREAM                     1281181023.957938
 0D 00 00 00 00 00 00 00

000:STREAM                     1281181024.033948
 0D 01 00 2D 00 00 00 00

000:STREAM                     1281181024.036934
 0D 00 00 00 00 00 00 00

000:STREAM                     1281181024.057950
 0D 01 00 2D 00 00 00 00

000:STREAM                     1281181024.060935
 0D 00 00 00 00 00 00 00

000:STREAM                     1281181024.169951
 0D 01 00 2D 00 00 00 00

000:STREAM                     1281181024.173943
 0D 00 00 00 00 00 00 00

