000:STREAM                     1282379926.085947
 01 00 00 00 00 FF 00 00

000:STREAM                     1282379926.177934
 01 00 00 00 00 FF 00 00

000:STREAM                     1282379926.245933
 01 00 00 00 00 FF 00 00

000:STREAM                     1282379926.333930
 01 00 00 00 00 FF 00 00

000:STREAM                     1282379926.437929
 01 00 00 00 00 FF 00 00

000:STREAM                     1282379926.553928
 01 00 00 00 00 FF 00 00

000:STREAM                     1282379926.629929
 01 00 00 00 00 FF 00 00

000:STREAM                     1282379926.709929
 01 00 00 00 00 FF 00 00

000:STREAM                     1282379926.777927
 01 00 00 00 00 FF 00 00

000:STREAM                     1282379926.869928
 01 00 00 00 00 FF 00 00

000:STREAM                     1282379926.957932
 01 00 00 00 00 FF 00 00

000:STREAM                     1282379927.025918
 01 00 00 00 00 FF 00 00

000:STREAM                     1282379927.093926
 01 00 00 00 00 FF 00 00

000:STREAM                     1282379927.137930
 01 00 00 00 00 FF 00 00

000:STREAM                     1282379927.181931
 01 00 00 00 00 FF 00 00

000:STREAM                     1282379927.225930
 01 00 00 00 00 FF 00 00

000:STREAM                     1282379927.277920
 01 00 00 00 00 FF 00 00

000:STREAM                     1282379927.333924
 01 00 00 00 00 FF 00 00

000:STREAM                     1282379927.389931
 01 00 00 00 00 FF 00 00

000:STREAM                     1282379927.445921
 01 00 00 00 00 FF 00 00

000:STREAM                     1282379927.477928
 01 00 00 00 00 FF 00 00

000:STREAM                     1282379927.533924
 01 00 00 00 00 FF 00 00

000:STREAM                     1282379927.573924
 01 00 00 00 00 FF 00 00

000:STREAM                     1282379927.617924
 01 00 00 00 00 FF 00 00

000:STREAM                     1282379927.661924
 01 00 00 00 00 FF 00 00

000:STREAM                     1282379927.693926
 01 00 00 00 00 FF 00 00

000:STREAM                     1282379927.737927
 01 00 00 00 00 FF 00 00

000:STREAM                     1282379927.793923
 01 00 00 00 00 FF 00 00

000:STREAM                     1282379927.849925
 01 00 00 00 00 FF 00 00

000:STREAM                     1282379927.889926
 01 00 00 00 00 FF 00 00

000:STREAM                     1282379927.921923
 01 00 00 00 00 FF 00 00

000:STREAM                     1282379927.977923
 01 00 00 00 00 FF 00 00

000:STREAM                     1282379928.021917
 01 00 00 00 00 FF 00 00

000:STREAM                     1282379928.065922
 01 00 00 00 00 FF 00 00

000:STREAM                     1282379928.121921
 01 00 00 00 00 FF 00 00

000:STREAM                     1282379928.161922
 01 00 00 00 00 FF 00 00

000:STREAM                     1282379928.217924
 01 00 00 00 00 FF 00 00

000:STREAM                     1282379928.273920
 01 00 00 00 00 FF 00 00

000:STREAM                     1282379928.377921
 01 00 00 00 00 FF 00 00

000:STREAM                     1282379928.597917
 01 00 00 00 00 FF 00 00

