000:STREAM                     1281181087.589662
 0C 01 00 00 00 00 00 00

000:STREAM                     1281181087.633646
 0C 01 00 00 00 00 00 00

000:STREAM                     1281181087.673648
 0C 01 00 00 00 00 00 00

000:STREAM                     1281181087.717649
 0C 01 00 00 00 00 00 00

000:STREAM                     1281181087.737648
 0C 01 00 00 00 00 00 00

000:STREAM                     1281181087.781649
 0C 01 00 00 00 00 00 00

000:STREAM                     1281181087.809646
 0C 01 00 00 00 00 00 00

000:STREAM                     1281181087.865646
 0C 01 00 00 00 00 00 00

000:STREAM                     1281181087.965641
 0C 01 00 00 00 00 00 00

000:STREAM                     1281181087.997648
 0C 01 00 00 00 00 00 00

000:STREAM                     1281181088.029635
 0C 01 00 00 00 00 00 00

000:STREAM                     1281181088.045646
 0C 01 00 00 00 00 00 00

000:STREAM                     1281181088.077648
 0C 01 00 00 00 00 00 00

000:STREAM                     1281181088.121646
 0C 01 00 00 00 00 00 00

000:STREAM                     1281181088.189653
 0C 01 00 00 00 00 00 00

000:STREAM                     1281181088.205647
 0C 01 00 00 00 00 00 00

000:STREAM                     1281181088.221648
 0C 01 00 00 00 00 00 00

000:STREAM                     1281181088.253647
 0C 01 00 00 00 00 00 00

000:STREAM                     1281181088.273648
 0C 01 00 00 00 00 00 00

000:STREAM                     1281181088.321636
 0C 01 00 00 00 00 00 00

000:STREAM                     1281181088.353645
 0C 01 00 00 00 00 00 00

000:STREAM                     1281181088.401651
 0C 01 00 00 00 00 00 00

000:STREAM                     1281181088.433646
 0C 01 00 00 00 00 00 00

000:STREAM                     1281181088.449641
 0C 01 00 00 00 00 00 00

000:STREAM                     1281181088.473646
 0C 01 00 00 00 00 00 00

000:STREAM                     1281181088.501644
 0C 01 00 00 00 00 00 00

000:STREAM                     1281181088.593641
 0C 01 00 00 00 00 00 00

000:STREAM                     1281181088.625645
 0C 01 00 00 00 00 00 00

000:STREAM                     1281181088.645645
 0C 01 00 00 00 00 00 00

000:STREAM                     1281181089.177643
 0C 01 00 00 00 00 00 00

000:STREAM                     1281181089.221648
 0C 01 00 00 00 00 00 00

000:STREAM                     1281181089.253642
 0C 01 00 00 00 00 00 00

000:STREAM                     1281181089.285643
 0C 01 00 00 00 00 00 00

000:STREAM                     1281181089.329631
 0C 01 00 00 00 00 00 00

000:STREAM                     1281181089.361641
 0C 01 00 00 00 00 00 00

000:STREAM                     1281181089.393644
 0C 01 00 00 00 00 00 00

000:STREAM                     1281181089.425641
 0C 01 00 00 00 00 00 00

000:STREAM                     1281181089.457646
 0C 01 00 00 00 00 00 00

000:STREAM                     1281181089.485642
 0C 01 00 00 00 00 00 00

000:STREAM                     1281181089.553633
 0C 01 00 00 00 00 00 00

000:STREAM                     1281181089.585646
 0C 01 00 00 00 00 00 00

000:STREAM                     1281181089.617634
 0C 01 00 00 00 00 00 00

000:STREAM                     1281181089.649635
 0C 01 00 00 00 00 00 00

000:STREAM                     1281181089.681633
 0C 01 00 00 00 00 00 00

000:STREAM                     1281181089.737641
 0C 01 00 00 00 00 00 00

000:STREAM                     1281181089.821629
 0C 01 00 00 00 00 00 00

000:STREAM                     1281181089.881642
 0C 01 00 00 00 00 00 00

000:STREAM                     1281181089.897636
 0C 01 00 00 00 00 00 00

000:STREAM                     1281181089.913633
 0C 01 00 00 00 00 00 00

000:STREAM                     1281181089.933635
 0C 01 00 00 00 00 00 00

000:STREAM                     1281181089.961632
 0C 01 00 00 00 00 00 00

000:STREAM                     1281181089.993636
 0C 01 00 00 00 00 00 00

000:STREAM                     1281181090.013642
 0C 01 00 00 00 00 00 00

000:STREAM                     1281181090.029636
 0C 01 00 00 00 00 00 00

000:STREAM                     1281181090.077637
 0C 01 00 00 00 00 00 00

000:STREAM                     1281181090.109636
 0C 01 00 00 00 00 00 00

000:STREAM                     1281181090.129643
 0C 01 00 00 00 00 00 00

000:STREAM                     1281181090.161637
 0C 01 00 00 00 00 00 00

000:STREAM                     1281181090.193637
 0C 01 00 00 00 00 00 00

000:STREAM                     1281181090.237636
 0C 01 00 00 00 00 00 00

000:STREAM                     1281181090.269637
 0C 01 00 00 00 00 00 00

000:STREAM                     1281181090.313632
 0C 01 00 00 00 00 00 00

