000:STREAM                     1280570851.931556
 0D 00 00 30 00 00 00 00

000:STREAM                     1280570851.935509
 0D 00 00 00 00 00 00 00

000:STREAM                     1280570852.299497
 0D 00 00 30 00 00 00 00

000:STREAM                     1280570852.303514
 0D 00 00 00 00 00 00 00

000:STREAM                     1280570852.355536
 0D 00 00 30 00 00 00 00

000:STREAM                     1280570852.359515
 0D 00 00 00 00 00 00 00

000:STREAM                     1280570852.411537
 0D 00 00 30 00 00 00 00

000:STREAM                     1280570852.415509
 0D 00 00 00 00 00 00 00

000:STREAM                     1280570852.459534
 0D 00 00 30 00 00 00 00

000:STREAM                     1280570852.463506
 0D 00 00 00 00 00 00 00

000:STREAM                     1280570852.503533
 0D 00 00 30 00 00 00 00

000:STREAM                     1280570852.507517
 0D 00 00 00 00 00 00 00

000:STREAM                     1280570852.551534
 0D 00 00 30 00 00 00 00

000:STREAM                     1280570852.555509
 0D 00 00 00 00 00 00 00

000:STREAM                     1280570852.595536
 0D 00 00 30 00 00 00 00

000:STREAM                     1280570852.599508
 0D 00 00 00 00 00 00 00

000:STREAM                     1280570852.631538
 0D 00 00 30 00 00 00 00

000:STREAM                     1280570852.635508
 0D 00 00 00 00 00 00 00

000:STREAM                     1280570852.667534
 0D 00 00 30 00 00 00 00

000:STREAM                     1280570852.671506
 0D 00 00 00 00 00 00 00

000:STREAM                     1280570852.691536
 0D 00 00 30 00 00 00 00

000:STREAM                     1280570852.695508
 0D 00 00 00 00 00 00 00

000:STREAM                     1280570852.727534
 0D 00 00 30 00 00 00 00

000:STREAM                     1280570852.731508
 0D 00 00 00 00 00 00 00

000:STREAM                     1280570852.775533
 0D 00 00 30 00 00 00 00

000:STREAM                     1280570852.779506
 0D 00 00 00 00 00 00 00

000:STREAM                     1280570852.915536
 0D 00 00 30 00 00 00 00

000:STREAM                     1280570852.919505
 0D 00 00 00 00 00 00 00

000:STREAM                     1280570852.935536
 0D 00 00 30 00 00 00 00

000:STREAM                     1280570852.939505
 0D 00 00 00 00 00 00 00

000:STREAM                     1280570852.971535
 0D 00 00 30 00 00 00 00

000:STREAM                     1280570852.975508
 0D 00 00 00 00 00 00 00

000:STREAM                     1280570852.991536
 0D 00 00 30 00 00 00 00

000:STREAM                     1280570852.995509
 0D 00 00 00 00 00 00 00

000:STREAM                     1280570853.011535
 0D 00 00 30 00 00 00 00

000:STREAM                     1280570853.015507
 0D 00 00 00 00 00 00 00

000:STREAM                     1280570853.031535
 0D 00 00 30 00 00 00 00

000:STREAM                     1280570853.035508
 0D 00 00 00 00 00 00 00

000:STREAM                     1280570853.075534
 0D 00 00 30 00 00 00 00

000:STREAM                     1280570853.079506
 0D 00 00 00 00 00 00 00

000:STREAM                     1280570853.111537
 0D 00 00 30 00 00 00 00

000:STREAM                     1280570853.115508
 0D 00 00 00 00 00 00 00

000:STREAM                     1280570853.131539
 0D 00 00 30 00 00 00 00

000:STREAM                     1280570853.135506
 0D 00 00 00 00 00 00 00

000:STREAM                     1280570853.207535
 0D 00 00 30 00 00 00 00

000:STREAM                     1280570853.211517
 0D 00 00 00 00 00 00 00

000:STREAM                     1280570853.227539
 0D 00 00 30 00 00 00 00

000:STREAM                     1280570853.231506
 0D 00 00 00 00 00 00 00

000:STREAM                     1280570853.247538
 0D 00 00 30 00 00 00 00

000:STREAM                     1280570853.251517
 0D 00 00 00 00 00 00 00

000:STREAM                     1280570853.283538
 0D 00 00 30 00 00 00 00

000:STREAM                     1280570853.287506
 0D 00 00 00 00 00 00 00

000:STREAM                     1280570853.303529
 0D 00 00 30 00 00 00 00

000:STREAM                     1280570853.307535
 0D 00 00 00 00 00 00 00

000:STREAM                     1280570853.339540
 0D 00 00 30 00 00 00 00

000:STREAM                     1280570853.343510
 0D 00 00 00 00 00 00 00

000:STREAM                     1280570853.359539
 0D 00 00 30 00 00 00 00

000:STREAM                     1280570853.363508
 0D 00 00 00 00 00 00 00

000:STREAM                     1280570853.379536
 0D 00 00 30 00 00 00 00

000:STREAM                     1280570853.383506
 0D 00 00 00 00 00 00 00

000:STREAM                     1280570853.399534
 0D 00 00 30 00 00 00 00

000:STREAM                     1280570853.403506
 0D 00 00 00 00 00 00 00

000:STREAM                     1280570853.479535
 0D 00 00 30 00 00 00 00

000:STREAM                     1280570853.483508
 0D 00 00 00 00 00 00 00

000:STREAM                     1280570853.515534
 0D 00 00 30 00 00 00 00

000:STREAM                     1280570853.519506
 0D 00 00 00 00 00 00 00

000:STREAM                     1280570853.551536
 0D 00 00 30 00 00 00 00

000:STREAM                     1280570853.555508
 0D 00 00 00 00 00 00 00

000:STREAM                     1280570853.587535
 0D 00 00 30 00 00 00 00

000:STREAM                     1280570853.591506
 0D 00 00 00 00 00 00 00

000:STREAM                     1280570853.607535
 0D 00 00 30 00 00 00 00

000:STREAM                     1280570853.611518
 0D 00 00 00 00 00 00 00

000:STREAM                     1280570853.627540
 0D 00 00 30 00 00 00 00

000:STREAM                     1280570853.631506
 0D 00 00 30 00 00 00 00

000:STREAM                     1280570853.635530
 0D 00 00 00 00 00 00 00

000:STREAM                     1280570853.699538
 0D 00 00 30 00 00 00 00

000:STREAM                     1280570853.703509
 0D 00 00 00 00 00 00 00

000:STREAM                     1280570853.735536
 0D 00 00 30 00 00 00 00

000:STREAM                     1280570853.739506
 0D 00 00 00 00 00 00 00

000:STREAM                     1280570853.755535
 0D 00 00 30 00 00 00 00

000:STREAM                     1280570853.759506
 0D 00 00 00 00 00 00 00

000:STREAM                     1280570853.787529
 0D 00 00 30 00 00 00 00

000:STREAM                     1280570853.791517
 0D 00 00 00 00 00 00 00

000:STREAM                     1280570853.863536
 0D 00 00 30 00 00 00 00

000:STREAM                     1280570853.867509
 0D 00 00 00 00 00 00 00

000:STREAM                     1280570853.907533
 0D 00 00 30 00 00 00 00

000:STREAM                     1280570853.911506
 0D 00 00 00 00 00 00 00

000:STREAM                     1280570853.963535
 0D 00 00 30 00 00 00 00

000:STREAM                     1280570853.967507
 0D 00 00 00 00 00 00 00

000:STREAM                     1280570854.399538
 0D 00 00 2F 00 00 00 00

000:STREAM                     1280570854.403509
 0D 00 00 00 00 00 00 00

000:STREAM                     1280570854.435539
 0D 00 00 2F 00 00 00 00

000:STREAM                     1280570854.439508
 0D 00 00 00 00 00 00 00

000:STREAM                     1280570854.471538
 0D 00 00 2F 00 00 00 00

000:STREAM                     1280570854.475509
 0D 00 00 00 00 00 00 00

000:STREAM                     1280570854.543532
 0D 00 00 2F 00 00 00 00

000:STREAM                     1280570854.547518
 0D 00 00 00 00 00 00 00

000:STREAM                     1280570854.563539
 0D 00 00 2F 00 00 00 00

000:STREAM                     1280570854.567517
 0D 00 00 00 00 00 00 00

000:STREAM                     1280570854.599537
 0D 00 00 2F 00 00 00 00

000:STREAM                     1280570854.603515
 0D 00 00 00 00 00 00 00

000:STREAM                     1280570854.647537
 0D 00 00 2F 00 00 00 00

000:STREAM                     1280570854.651517
 0D 00 00 00 00 00 00 00

000:STREAM                     1280570854.667536
 0D 00 00 2F 00 00 00 00

000:STREAM                     1280570854.671518
 0D 00 00 00 00 00 00 00

000:STREAM                     1280570854.715536
 0D 00 00 2F 00 00 00 00

000:STREAM                     1280570854.719508
 0D 00 00 00 00 00 00 00

000:STREAM                     1280570854.751536
 0D 00 00 2F 00 00 00 00

000:STREAM                     1280570854.755516
 0D 00 00 00 00 00 00 00

000:STREAM                     1280570854.771535
 0D 00 00 2F 00 00 00 00

000:STREAM                     1280570854.775517
 0D 00 00 00 00 00 00 00

000:STREAM                     1280570854.843536
 0D 00 00 2F 00 00 00 00

000:STREAM                     1280570854.847506
 0D 00 00 00 00 00 00 00

000:STREAM                     1280570854.895537
 0D 00 00 2F 00 00 00 00

000:STREAM                     1280570854.899509
 0D 00 00 00 00 00 00 00

000:STREAM                     1280570854.915540
 0D 00 00 2F 00 00 00 00

000:STREAM                     1280570854.919514
 0D 00 00 00 00 00 00 00

000:STREAM                     1280570854.939539
 0D 00 00 2F 00 00 00 00

000:STREAM                     1280570854.943516
 0D 00 00 00 00 00 00 00

000:STREAM                     1280570854.987529
 0D 00 00 2F 00 00 00 00

000:STREAM                     1280570854.991506
 0D 00 00 00 00 00 00 00

000:STREAM                     1280570855.007532
 0D 00 00 2F 00 00 00 00

000:STREAM                     1280570855.011518
 0D 00 00 00 00 00 00 00

000:STREAM                     1280570855.043535
 0D 00 00 2F 00 00 00 00

000:STREAM                     1280570855.047506
 0D 00 00 00 00 00 00 00

000:STREAM                     1280570855.087539
 0D 00 00 2F 00 00 00 00

000:STREAM                     1280570855.091506
 0D 00 00 00 00 00 00 00

000:STREAM                     1280570855.143538
 0D 00 00 2F 00 00 00 00

000:STREAM                     1280570855.147517
 0D 00 00 00 00 00 00 00

000:STREAM                     1280570855.163537
 0D 00 00 2F 00 00 00 00

000:STREAM                     1280570855.167517
 0D 00 00 00 00 00 00 00

000:STREAM                     1280570855.183538
 0D 00 00 2F 00 00 00 00

000:STREAM                     1280570855.187516
 0D 00 00 00 00 00 00 00

000:STREAM                     1280570855.203535
 0D 00 00 2F 00 00 00 00

000:STREAM                     1280570855.207517
 0D 00 00 00 00 00 00 00

000:STREAM                     1280570855.239536
 0D 00 00 2F 00 00 00 00

000:STREAM                     1280570855.243516
 0D 00 00 00 00 00 00 00

000:STREAM                     1280570855.259536
 0D 00 00 2F 00 00 00 00

000:STREAM                     1280570855.263515
 0D 00 00 00 00 00 00 00

000:STREAM                     1280570855.279531
 0D 00 00 2F 00 00 00 00

000:STREAM                     1280570855.283507
 0D 00 00 00 00 00 00 00

000:STREAM                     1280570855.311524
 0D 00 00 2F 00 00 00 00

000:STREAM                     1280570855.315523
 0D 00 00 00 00 00 00 00

000:STREAM                     1280570855.367536
 0D 00 00 2F 00 00 00 00

000:STREAM                     1280570855.371508
 0D 00 00 00 00 00 00 00

000:STREAM                     1280570855.423542
 0D 00 00 2F 00 00 00 00

000:STREAM                     1280570855.427527
 0D 00 00 00 00 00 00 00

000:STREAM                     1280570855.459534
 0D 00 00 2F 00 00 00 00

000:STREAM                     1280570855.463516
 0D 00 00 00 00 00 00 00

000:STREAM                     1280570855.479534
 0D 00 00 2F 00 00 00 00

000:STREAM                     1280570855.483515
 0D 00 00 00 00 00 00 00

000:STREAM                     1280570855.559535
 0D 00 00 2F 00 00 00 00

000:STREAM                     1280570855.563506
 0D 00 00 00 00 00 00 00

000:STREAM                     1280570855.579535
 0D 00 00 2F 00 00 00 00

000:STREAM                     1280570855.583507
 0D 00 00 00 00 00 00 00

000:STREAM                     1280570855.603538
 0D 00 00 2F 00 00 00 00

000:STREAM                     1280570855.607507
 0D 00 00 00 00 00 00 00

000:STREAM                     1280570855.671534
 0D 00 00 2F 00 00 00 00

000:STREAM                     1280570855.675518
 0D 00 00 00 00 00 00 00

000:STREAM                     1280570855.719537
 0D 00 00 2F 00 00 00 00

000:STREAM                     1280570855.723549
 0D 00 00 00 00 00 00 00

000:STREAM                     1280570855.755538
 0D 00 00 2F 00 00 00 00

000:STREAM                     1280570855.759518
 0D 00 00 00 00 00 00 00

000:STREAM                     1280570855.799535
 0D 00 00 2F 00 00 00 00

000:STREAM                     1280570855.803507
 0D 00 00 00 00 00 00 00

000:STREAM                     1280570855.907536
 0D 00 00 2F 00 00 00 00

000:STREAM                     1280570855.911519
 0D 00 00 00 00 00 00 00

000:STREAM                     1280570855.943534
 0D 00 00 2F 00 00 00 00

000:STREAM                     1280570855.947506
 0D 00 00 00 00 00 00 00

000:STREAM                     1280570855.987532
 0D 00 00 2F 00 00 00 00

000:STREAM                     1280570855.991517
 0D 00 00 00 00 00 00 00

000:STREAM                     1280570856.223536
 0D 00 00 30 00 00 00 00

000:STREAM                     1280570856.227516
 0D 00 00 00 00 00 00 00

000:STREAM                     1280570856.259539
 0D 00 00 30 00 00 00 00

000:STREAM                     1280570856.263506
 0D 00 00 00 00 00 00 00

000:STREAM                     1280570856.279539
 0D 00 00 30 00 00 00 00

000:STREAM                     1280570856.283516
 0D 00 00 00 00 00 00 00

000:STREAM                     1280570856.311537
 0D 00 00 30 00 00 00 00

000:STREAM                     1280570856.315516
 0D 00 00 00 00 00 00 00

000:STREAM                     1280570856.347535
 0D 00 00 30 00 00 00 00

000:STREAM                     1280570856.351506
 0D 00 00 00 00 00 00 00

000:STREAM                     1280570856.367534
 0D 00 00 30 00 00 00 00

000:STREAM                     1280570856.371506
 0D 00 00 00 00 00 00 00

000:STREAM                     1280570856.403535
 0D 00 00 30 00 00 00 00

000:STREAM                     1280570856.407506
 0D 00 00 00 00 00 00 00

000:STREAM                     1280570856.439543
 0D 00 00 30 00 00 00 00

000:STREAM                     1280570856.443511
 0D 00 00 00 00 00 00 00

000:STREAM                     1280570856.459536
 0D 00 00 30 00 00 00 00

000:STREAM                     1280570856.463516
 0D 00 00 00 00 00 00 00

000:STREAM                     1280570856.479536
 0D 00 00 30 00 00 00 00

000:STREAM                     1280570856.483518
 0D 00 00 00 00 00 00 00

000:STREAM                     1280570856.515539
 0D 00 00 30 00 00 00 00

000:STREAM                     1280570856.519519
 0D 00 00 00 00 00 00 00

000:STREAM                     1280570856.535536
 0D 00 00 30 00 00 00 00

000:STREAM                     1280570856.539506
 0D 00 00 00 00 00 00 00

000:STREAM                     1280570856.555536
 0D 00 00 30 00 00 00 00

000:STREAM                     1280570856.559517
 0D 00 00 00 00 00 00 00

000:STREAM                     1280570856.575536
 0D 00 00 30 00 00 00 00

000:STREAM                     1280570856.579517
 0D 00 00 00 00 00 00 00

000:STREAM                     1280570856.595536
 0D 00 00 30 00 00 00 00

000:STREAM                     1280570856.599516
 0D 00 00 00 00 00 00 00

000:STREAM                     1280570856.631537
 0D 00 00 30 00 00 00 00

000:STREAM                     1280570856.635516
 0D 00 00 00 00 00 00 00

000:STREAM                     1280570856.651536
 0D 00 00 30 00 00 00 00

000:STREAM                     1280570856.655506
 0D 00 00 00 00 00 00 00

000:STREAM                     1280570856.699536
 0D 00 00 30 00 00 00 00

000:STREAM                     1280570856.703506
 0D 00 00 00 00 00 00 00

000:STREAM                     1280570856.735536
 0D 00 00 30 00 00 00 00

000:STREAM                     1280570856.739505
 0D 00 00 00 00 00 00 00

000:STREAM                     1280570856.771535
 0D 00 00 30 00 00 00 00

000:STREAM                     1280570856.775506
 0D 00 00 00 00 00 00 00

000:STREAM                     1280570856.819533
 0D 00 00 30 00 00 00 00

000:STREAM                     1280570856.823505
 0D 00 00 00 00 00 00 00

000:STREAM                     1280570856.867537
 0D 00 00 30 00 00 00 00

000:STREAM                     1280570856.871517
 0D 00 00 00 00 00 00 00

000:STREAM                     1280570856.899536
 0D 00 00 30 00 00 00 00

000:STREAM                     1280570856.903516
 0D 00 00 00 00 00 00 00

000:STREAM                     1280570856.919536
 0D 00 00 30 00 00 00 00

000:STREAM                     1280570856.923517
 0D 00 00 00 00 00 00 00

000:STREAM                     1280570856.939536
 0D 00 00 30 00 00 00 00

000:STREAM                     1280570856.943518
 0D 00 00 00 00 00 00 00

000:STREAM                     1280570856.983536
 0D 00 00 30 00 00 00 00

000:STREAM                     1280570856.987506
 0D 00 00 00 00 00 00 00

000:STREAM                     1280570857.275532
 0D 00 00 2F 00 00 00 00

000:STREAM                     1280570857.279507
 0D 00 00 00 00 00 00 00

000:STREAM                     1280570857.315524
 0D 00 00 2F 00 00 00 00

000:STREAM                     1280570857.319511
 0D 00 00 00 00 00 00 00

000:STREAM                     1280570857.363537
 0D 00 00 2F 00 00 00 00

000:STREAM                     1280570857.367517
 0D 00 00 00 00 00 00 00

000:STREAM                     1280570857.407534
 0D 00 00 2F 00 00 00 00

000:STREAM                     1280570857.411518
 0D 00 00 00 00 00 00 00

000:STREAM                     1280570857.455536
 0D 00 00 2F 00 00 00 00

000:STREAM                     1280570857.459517
 0D 00 00 00 00 00 00 00

000:STREAM                     1280570857.539535
 0D 00 00 2F 00 00 00 00

000:STREAM                     1280570857.543506
 0D 00 00 00 00 00 00 00

000:STREAM                     1280570857.591539
 0D 00 00 2F 00 00 00 00

000:STREAM                     1280570857.595517
 0D 00 00 00 00 00 00 00

000:STREAM                     1280570857.611535
 0D 00 00 2F 00 00 00 00

000:STREAM                     1280570857.615517
 0D 00 00 00 00 00 00 00

000:STREAM                     1280570857.667534
 0D 00 00 2F 00 00 00 00

000:STREAM                     1280570857.671511
 0D 00 00 00 00 00 00 00

000:STREAM                     1280570857.687536
 0D 00 00 2F 00 00 00 00

000:STREAM                     1280570857.691519
 0D 00 00 00 00 00 00 00

000:STREAM                     1280570857.723536
 0D 00 00 2F 00 00 00 00

000:STREAM                     1280570857.727518
 0D 00 00 00 00 00 00 00

000:STREAM                     1280570857.867541
 0D 00 00 2F 00 00 00 00

000:STREAM                     1280570857.871507
 0D 00 00 00 00 00 00 00

000:STREAM                     1280570857.947536
 0D 00 00 2F 00 00 00 00

000:STREAM                     1280570857.951507
 0D 00 00 00 00 00 00 00

