002:004:000:STREAM             1418599601.502898
 08 00 00 00 00 00

002:004:000:STREAM             1418599601.508838
 08 00 00 FF 00 00

002:004:000:STREAM             1418599601.516900
 08 00 00 00 00 00

002:004:000:STREAM             1418599601.522859
 08 00 00 FF 00 00

002:004:000:STREAM             1418599601.530827
 08 00 00 00 00 00

002:004:000:STREAM             1418599601.536861
 08 00 00 00 00 00

002:004:000:STREAM             1418599601.544872
 08 00 00 FF 00 00

002:004:000:STREAM             1418599601.550857
 08 00 00 00 00 00

002:004:000:STREAM             1418599601.558871
 08 00 00 FF 00 00

002:004:000:STREAM             1418599601.564862
 08 00 00 00 00 00

002:004:000:STREAM             1418599601.570827
 08 00 00 00 00 00

002:004:000:STREAM             1418599601.578872
 08 00 00 00 00 00

002:004:000:STREAM             1418599601.584847
 08 00 00 00 00 00

002:004:000:STREAM             1418599601.592858
 08 00 00 00 00 00

002:004:000:STREAM             1418599601.598869
 08 00 00 00 00 00

002:004:000:STREAM             1418599601.606861
 08 00 00 00 00 00

002:004:000:STREAM             1418599601.612909
 08 00 00 00 00 00

002:004:000:STREAM             1418599601.620851
 08 00 00 FF 00 00

002:004:000:STREAM             1418599601.626887
 08 00 00 00 00 00

002:004:000:STREAM             1418599601.636464
 08 00 00 00 00 00

002:004:000:STREAM             1418599601.640832
 08 00 00 00 00 00

002:004:000:STREAM             1418599601.646869
 08 00 00 FF 00 00

002:004:000:STREAM             1418599601.654792
 08 00 00 00 00 00

002:004:000:STREAM             1418599601.660824
 08 00 00 FF 00 00

002:004:000:STREAM             1418599601.668864
 08 00 00 FF 00 00

002:004:000:STREAM             1418599601.674842
 08 00 00 FF 00 00

002:004:000:STREAM             1418599601.682857
 08 00 00 FF 00 00

002:004:000:STREAM             1418599601.688841
 08 00 00 FF 00 00

002:004:000:STREAM             1418599601.696855
 08 00 01 FE 00 00

002:004:000:STREAM             1418599601.702777
 08 00 00 FF 00 00

002:004:000:STREAM             1418599601.710867
 08 00 00 FF 00 00

002:004:000:STREAM             1418599601.716791
 08 00 00 FE 00 00

002:004:000:STREAM             1418599601.722793
 08 00 00 FD 00 00

002:004:000:STREAM             1418599601.730855
 08 00 00 FE 00 00

002:004:000:STREAM             1418599601.736843
 08 00 00 FD 00 00

002:004:000:STREAM             1418599601.744852
 08 00 01 FD 00 00

002:004:000:STREAM             1418599601.750869
 08 00 00 FD 00 00

002:004:000:STREAM             1418599601.758873
 08 00 00 FD 00 00

002:004:000:STREAM             1418599601.764872
 08 00 01 FC 00 00

002:004:000:STREAM             1418599601.772860
 08 00 00 FD 00 00

002:004:000:STREAM             1418599601.778819
 08 00 00 FC 00 00

002:004:000:STREAM             1418599601.784834
 08 00 00 FC 00 00

002:004:000:STREAM             1418599601.792850
 08 00 01 FC 00 00

002:004:000:STREAM             1418599601.798891
 08 00 00 FB 00 00

002:004:000:STREAM             1418599601.806895
 08 00 00 FA 00 00

002:004:000:STREAM             1418599601.812857
 08 00 00 FA 00 00

002:004:000:STREAM             1418599601.820918
 08 00 00 FA 00 00

002:004:000:STREAM             1418599601.826922
 08 00 00 F8 00 00

002:004:000:STREAM             1418599601.834867
 08 00 00 F8 00 00

002:004:000:STREAM             1418599601.840834
 08 00 01 F6 00 00

002:004:000:STREAM             1418599601.848854
 08 00 00 F7 00 00

002:004:000:STREAM             1418599601.854844
 08 00 00 F6 00 00

002:004:000:STREAM             1418599601.860894
 08 00 00 F4 00 00

002:004:000:STREAM             1418599601.868879
 08 00 00 F5 00 00

002:004:000:STREAM             1418599601.874847
 08 00 FF F4 00 00

002:004:000:STREAM             1418599601.882861
 08 00 FF F3 00 00

002:004:000:STREAM             1418599601.888829
 08 00 00 F2 00 00

002:004:000:STREAM             1418599601.896871
 08 00 FF F2 00 00

002:004:000:STREAM             1418599601.902818
 08 00 FF F0 00 00

002:004:000:STREAM             1418599601.910873
 08 00 FF F0 00 00

002:004:000:STREAM             1418599601.916872
 08 00 00 EF 00 00

002:004:000:STREAM             1418599601.924838
 08 00 00 EE 00 00

002:004:000:STREAM             1418599601.930860
 08 00 00 ED 00 00

002:004:000:STREAM             1418599601.936856
 08 00 00 EC 00 00

002:004:000:STREAM             1418599601.944864
 08 00 00 ED 00 00

002:004:000:STREAM             1418599601.950871
 08 00 00 EB 00 00

002:004:000:STREAM             1418599601.958872
 08 00 00 EA 00 00

002:004:000:STREAM             1418599601.964828
 08 00 FE EB 00 00

002:004:000:STREAM             1418599601.972862
 08 00 00 E9 00 00

002:004:000:STREAM             1418599601.978873
 08 00 FE E9 00 00

002:004:000:STREAM             1418599601.986837
 08 00 FF E8 00 00

002:004:000:STREAM             1418599601.992851
 08 00 FE E8 00 00

002:004:000:STREAM             1418599602.000799
 08 00 FE E7 00 00

002:004:000:STREAM             1418599602.006882
 08 00 FE E7 00 00

002:004:000:STREAM             1418599602.012847
 08 00 FE E7 00 00

002:004:000:STREAM             1418599602.020862
 08 00 FF E5 00 00

002:004:000:STREAM             1418599602.026835
 08 00 FD E6 00 00

002:004:000:STREAM             1418599602.034827
 08 00 FF E5 00 00

002:004:000:STREAM             1418599602.040862
 08 00 FF E5 00 00

002:004:000:STREAM             1418599602.048787
 08 00 FF E5 00 00

002:004:000:STREAM             1418599602.054919
 08 00 FE E6 00 00

002:004:000:STREAM             1418599602.062841
 08 00 FF E5 00 00

002:004:000:STREAM             1418599602.068881
 08 00 FF E5 00 00

002:004:000:STREAM             1418599602.076868
 08 00 FF E6 00 00

002:004:000:STREAM             1418599602.082904
 08 00 FD E6 00 00

002:004:000:STREAM             1418599602.088895
 08 00 FF E5 00 00

002:004:000:STREAM             1418599602.096883
 08 00 FE E6 00 00

002:004:000:STREAM             1418599602.102922
 08 00 FE E6 00 00

002:004:000:STREAM             1418599602.110922
 08 00 FE E4 00 00

002:004:000:STREAM             1418599602.116882
 08 00 FE E5 00 00

002:004:000:STREAM             1418599602.124882
 08 00 FD E4 00 00

002:004:000:STREAM             1418599602.130919
 08 00 FE E4 00 00

002:004:000:STREAM             1418599602.138909
 08 00 FF E4 00 00

002:004:000:STREAM             1418599602.144919
 08 00 FE E5 00 00

002:004:000:STREAM             1418599602.150830
 08 00 00 E3 00 00

002:004:000:STREAM             1418599602.158921
 08 00 FF E4 00 00

002:004:000:STREAM             1418599602.164923
 08 00 FF E4 00 00

002:004:000:STREAM             1418599602.172907
 08 00 00 E5 00 00

002:004:000:STREAM             1418599602.178915
 08 00 FF E4 00 00

002:004:000:STREAM             1418599602.186850
 08 00 FF E4 00 00

002:004:000:STREAM             1418599602.192897
 08 00 FF E5 00 00

002:004:000:STREAM             1418599602.200920
 08 00 FF E4 00 00

002:004:000:STREAM             1418599602.206919
 08 00 FF E5 00 00

002:004:000:STREAM             1418599602.214866
 08 00 FF E5 00 00

002:004:000:STREAM             1418599602.220874
 08 00 FF E8 00 00

002:004:000:STREAM             1418599602.226869
 08 00 00 EC 00 00

002:004:000:STREAM             1418599602.234829
 08 00 FF EF 00 00

002:004:000:STREAM             1418599602.240852
 08 00 FF F2 00 00

002:004:000:STREAM             1418599602.248832
 08 00 00 F6 00 00

002:004:000:STREAM             1418599602.254873
 08 00 FF FA 00 00

002:004:000:STREAM             1418599602.262873
 08 00 FE FD 00 00

002:004:000:STREAM             1418599602.286839
 08 00 FE FD 00 00

002:004:000:STREAM             1418599603.598864
 08 00 00 00 00 00

002:004:000:STREAM             1418599603.606861
 08 00 01 FF 00 00

002:004:000:STREAM             1418599603.612841
 08 00 00 00 00 00

002:004:000:STREAM             1418599603.620866
 08 00 01 00 00 00

002:004:000:STREAM             1418599603.626862
 08 00 00 00 00 00

002:004:000:STREAM             1418599603.634829
 08 00 01 00 00 00

002:004:000:STREAM             1418599603.640873
 08 00 00 00 00 00

002:004:000:STREAM             1418599603.648850
 08 00 02 00 00 00

002:004:000:STREAM             1418599603.654806
 08 00 00 FF 00 00

002:004:000:STREAM             1418599603.662872
 08 00 02 00 00 00

002:004:000:STREAM             1418599603.668865
 08 00 02 00 00 00

002:004:000:STREAM             1418599603.674818
 08 00 02 00 00 00

002:004:000:STREAM             1418599603.682849
 08 00 02 00 00 00

002:004:000:STREAM             1418599603.688830
 08 00 03 00 00 00

002:004:000:STREAM             1418599603.696841
 08 00 03 FF 00 00

002:004:000:STREAM             1418599603.702870
 08 00 03 00 00 00

002:004:000:STREAM             1418599603.710873
 08 00 05 00 00 00

002:004:000:STREAM             1418599603.716864
 08 00 04 FF 00 00

002:004:000:STREAM             1418599603.724868
 08 00 04 FF 00 00

002:004:000:STREAM             1418599603.730851
 08 00 05 00 00 00

002:004:000:STREAM             1418599603.738852
 08 00 05 FE 00 00

002:004:000:STREAM             1418599603.744872
 08 00 05 00 00 00

002:004:000:STREAM             1418599603.750816
 08 00 06 FE 00 00

002:004:000:STREAM             1418599603.758865
 08 00 07 FF 00 00

002:004:000:STREAM             1418599603.764871
 08 00 07 FE 00 00

002:004:000:STREAM             1418599603.772873
 08 00 07 FF 00 00

002:004:000:STREAM             1418599603.778841
 08 00 09 FE 00 00

002:004:000:STREAM             1418599603.786869
 08 00 09 FE 00 00

002:004:000:STREAM             1418599603.792885
 08 00 09 FE 00 00

002:004:000:STREAM             1418599603.800848
 08 00 0A FE 00 00

002:004:000:STREAM             1418599603.806872
 08 00 0A FF 00 00

002:004:000:STREAM             1418599603.812819
 08 00 0B FD 00 00

002:004:000:STREAM             1418599603.820851
 08 00 0B FF 00 00

002:004:000:STREAM             1418599603.826906
 08 00 0B FD 00 00

002:004:000:STREAM             1418599603.834862
 08 00 0B FF 00 00

002:004:000:STREAM             1418599603.840930
 08 00 0C FE 00 00

002:004:000:STREAM             1418599603.848869
 08 00 0C FE 00 00

002:004:000:STREAM             1418599603.854866
 08 00 0C FE 00 00

002:004:000:STREAM             1418599603.862798
 08 00 0D FE 00 00

002:004:000:STREAM             1418599603.868848
 08 00 0D FF 00 00

002:004:000:STREAM             1418599603.876802
 08 00 0D FE 00 00

002:004:000:STREAM             1418599603.882848
 08 00 0D FE 00 00

002:004:000:STREAM             1418599603.888856
 08 00 0E FE 00 00

002:004:000:STREAM             1418599603.896832
 08 00 0E FF 00 00

002:004:000:STREAM             1418599603.902881
 08 00 0E FE 00 00

002:004:000:STREAM             1418599603.910871
 08 00 0E FE 00 00

002:004:000:STREAM             1418599603.916873
 08 00 0E FF 00 00

002:004:000:STREAM             1418599603.924874
 08 00 0F FE 00 00

002:004:000:STREAM             1418599603.930848
 08 00 0F FF 00 00

002:004:000:STREAM             1418599603.938893
 08 00 0F FE 00 00

002:004:000:STREAM             1418599603.944873
 08 00 0F FF 00 00

002:004:000:STREAM             1418599603.952863
 08 00 10 FE 00 00

002:004:000:STREAM             1418599603.958858
 08 00 10 FF 00 00

002:004:000:STREAM             1418599603.964848
 08 00 0F 00 00 00

002:004:000:STREAM             1418599603.972869
 08 00 11 FF 00 00

002:004:000:STREAM             1418599603.978846
 08 00 10 FF 00 00

002:004:000:STREAM             1418599603.986871
 08 00 11 FF 00 00

002:004:000:STREAM             1418599603.992851
 08 00 11 00 00 00

002:004:000:STREAM             1418599604.000870
 08 00 11 FF 00 00

002:004:000:STREAM             1418599604.006871
 08 00 11 00 00 00

002:004:000:STREAM             1418599604.014848
 08 00 13 FF 00 00

002:004:000:STREAM             1418599604.020872
 08 00 12 00 00 00

002:004:000:STREAM             1418599604.026872
 08 00 12 FF 00 00

002:004:000:STREAM             1418599604.034871
 08 00 13 00 00 00

002:004:000:STREAM             1418599604.040873
 08 00 12 00 00 00

002:004:000:STREAM             1418599604.048810
 08 00 12 FF 00 00

002:004:000:STREAM             1418599604.054873
 08 00 13 00 00 00

002:004:000:STREAM             1418599604.062857
 08 00 13 00 00 00

002:004:000:STREAM             1418599604.068864
 08 00 13 FF 00 00

002:004:000:STREAM             1418599604.076862
 08 00 14 00 00 00

002:004:000:STREAM             1418599604.082847
 08 00 13 00 00 00

002:004:000:STREAM             1418599604.090865
 08 00 14 00 00 00

002:004:000:STREAM             1418599604.096802
 08 00 15 00 00 00

002:004:000:STREAM             1418599604.102872
 08 00 16 00 00 00

002:004:000:STREAM             1418599604.110867
 08 00 16 00 00 00

002:004:000:STREAM             1418599604.116873
 08 00 17 00 00 00

002:004:000:STREAM             1418599604.124871
 08 00 17 00 00 00

002:004:000:STREAM             1418599604.130871
 08 00 17 00 00 00

002:004:000:STREAM             1418599604.138870
 08 00 17 00 00 00

002:004:000:STREAM             1418599604.144872
 08 00 17 00 00 00

002:004:000:STREAM             1418599604.152837
 08 00 18 00 00 00

002:004:000:STREAM             1418599604.158825
 08 00 18 00 00 00

002:004:000:STREAM             1418599604.164872
 08 00 18 00 00 00

002:004:000:STREAM             1418599604.172849
 08 00 18 00 00 00

002:004:000:STREAM             1418599604.178826
 08 00 19 00 00 00

002:004:000:STREAM             1418599604.186864
 08 00 19 00 00 00

002:004:000:STREAM             1418599604.192873
 08 00 1A 00 00 00

002:004:000:STREAM             1418599604.200863
 08 00 1B 00 00 00

002:004:000:STREAM             1418599604.206848
 08 00 1A 00 00 00

002:004:000:STREAM             1418599604.214832
 08 00 1A 00 00 00

002:004:000:STREAM             1418599604.220792
 08 00 1C 01 00 00

002:004:000:STREAM             1418599604.228794
 08 00 1A 00 00 00

002:004:000:STREAM             1418599604.234867
 08 00 1A 00 00 00

002:004:000:STREAM             1418599604.240816
 08 00 1A 01 00 00

002:004:000:STREAM             1418599604.248804
 08 00 19 01 00 00

002:004:000:STREAM             1418599604.254852
 08 00 1A 01 00 00

002:004:000:STREAM             1418599604.262866
 08 00 1A 00 00 00

002:004:000:STREAM             1418599604.268844
 08 00 19 01 00 00

002:004:000:STREAM             1418599604.276843
 08 00 19 02 00 00

002:004:000:STREAM             1418599604.282888
 08 00 19 01 00 00

002:004:000:STREAM             1418599604.290855
 08 00 19 00 00 00

002:004:000:STREAM             1418599604.296865
 08 00 19 02 00 00

002:004:000:STREAM             1418599604.304843
 08 00 18 02 00 00

002:004:000:STREAM             1418599604.310875
 08 00 18 01 00 00

002:004:000:STREAM             1418599604.316857
 08 00 17 02 00 00

002:004:000:STREAM             1418599604.324862
 08 00 17 02 00 00

002:004:000:STREAM             1418599604.330862
 08 00 17 01 00 00

002:004:000:STREAM             1418599604.338832
 08 00 16 02 00 00

002:004:000:STREAM             1418599604.344879
 08 00 16 02 00 00

002:004:000:STREAM             1418599604.352839
 08 00 16 02 00 00

002:004:000:STREAM             1418599604.358873
 08 00 16 01 00 00

002:004:000:STREAM             1418599604.366835
 08 00 15 03 00 00

002:004:000:STREAM             1418599604.372872
 08 00 15 01 00 00

002:004:000:STREAM             1418599604.378830
 08 00 16 02 00 00

002:004:000:STREAM             1418599604.386862
 08 00 14 03 00 00

002:004:000:STREAM             1418599604.392867
 08 00 12 02 00 00

002:004:000:STREAM             1418599604.400835
 08 00 0F 02 00 00

002:004:000:STREAM             1418599604.406784
 08 00 0D 03 00 00

002:004:000:STREAM             1418599604.414894
 08 00 0A 02 00 00

002:004:000:STREAM             1418599604.420882
 08 00 08 03 00 00

002:004:000:STREAM             1418599604.428884
 08 00 05 02 00 00

002:004:000:STREAM             1418599604.434889
 08 00 01 04 00 00

002:004:000:STREAM             1418599604.440925
 08 00 00 02 00 00

002:004:000:STREAM             1418599604.448883
 08 00 00 03 00 00

002:004:000:STREAM             1418599604.454923
 08 00 00 04 00 00

002:004:000:STREAM             1418599604.460919
 08 00 00 04 00 00

002:004:000:STREAM             1418599605.564912
 08 00 01 01 00 00

002:004:000:STREAM             1418599605.570876
 08 00 00 00 00 00

002:004:000:STREAM             1418599605.578845
 08 00 00 00 00 00

002:004:000:STREAM             1418599605.584872
 08 00 00 01 00 00

002:004:000:STREAM             1418599605.592896
 08 00 00 00 00 00

002:004:000:STREAM             1418599605.598848
 08 00 00 02 00 00

002:004:000:STREAM             1418599605.606833
 08 00 00 01 00 00

002:004:000:STREAM             1418599605.612850
 08 00 00 01 00 00

002:004:000:STREAM             1418599605.620841
 08 00 01 01 00 00

002:004:000:STREAM             1418599605.626817
 08 00 00 01 00 00

002:004:000:STREAM             1418599605.634848
 08 00 00 02 00 00

002:004:000:STREAM             1418599605.640876
 08 00 00 01 00 00

002:004:000:STREAM             1418599605.646829
 08 00 01 01 00 00

002:004:000:STREAM             1418599605.654842
 08 00 01 01 00 00

002:004:000:STREAM             1418599605.660872
 08 00 00 02 00 00

002:004:000:STREAM             1418599605.668848
 08 00 01 01 00 00

002:004:000:STREAM             1418599605.674871
 08 00 00 01 00 00

002:004:000:STREAM             1418599605.682874
 08 00 01 02 00 00

002:004:000:STREAM             1418599605.688848
 08 00 01 02 00 00

002:004:000:STREAM             1418599605.696873
 08 00 00 01 00 00

002:004:000:STREAM             1418599605.702876
 08 00 01 03 00 00

002:004:000:STREAM             1418599605.710847
 08 00 00 01 00 00

002:004:000:STREAM             1418599605.716825
 08 00 01 03 00 00

002:004:000:STREAM             1418599605.722793
 08 00 01 03 00 00

002:004:000:STREAM             1418599605.730876
 08 00 01 03 00 00

002:004:000:STREAM             1418599605.736873
 08 00 01 04 00 00

002:004:000:STREAM             1418599605.744850
 08 00 01 02 00 00

002:004:000:STREAM             1418599605.750870
 08 00 01 05 00 00

002:004:000:STREAM             1418599605.758870
 08 00 01 03 00 00

002:004:000:STREAM             1418599605.764874
 08 00 01 05 00 00

002:004:000:STREAM             1418599605.772869
 08 00 01 04 00 00

002:004:000:STREAM             1418599605.778841
 08 00 00 05 00 00

002:004:000:STREAM             1418599605.784872
 08 00 02 04 00 00

002:004:000:STREAM             1418599605.792874
 08 00 01 05 00 00

002:004:000:STREAM             1418599605.798866
 08 00 01 06 00 00

002:004:000:STREAM             1418599605.806876
 08 00 01 05 00 00

002:004:000:STREAM             1418599605.812874
 08 00 01 07 00 00

002:004:000:STREAM             1418599605.820867
 08 00 01 06 00 00

002:004:000:STREAM             1418599605.826779
 08 00 00 07 00 00

002:004:000:STREAM             1418599605.834835
 08 00 01 07 00 00

002:004:000:STREAM             1418599605.840831
 08 00 01 07 00 00

002:004:000:STREAM             1418599605.848836
 08 00 00 08 00 00

002:004:000:STREAM             1418599605.854863
 08 00 01 08 00 00

002:004:000:STREAM             1418599605.860863
 08 00 00 07 00 00

002:004:000:STREAM             1418599605.868839
 08 00 01 09 00 00

002:004:000:STREAM             1418599605.874871
 08 00 01 09 00 00

002:004:000:STREAM             1418599605.882873
 08 00 00 08 00 00

002:004:000:STREAM             1418599605.888804
 08 00 01 0A 00 00

002:004:000:STREAM             1418599605.896873
 08 00 01 0A 00 00

002:004:000:STREAM             1418599605.902841
 08 00 00 0A 00 00

002:004:000:STREAM             1418599605.910877
 08 00 01 0A 00 00

002:004:000:STREAM             1418599605.916874
 08 00 01 0B 00 00

002:004:000:STREAM             1418599605.924875
 08 00 00 0A 00 00

002:004:000:STREAM             1418599605.930872
 08 00 01 0A 00 00

002:004:000:STREAM             1418599605.936874
 08 00 01 0A 00 00

002:004:000:STREAM             1418599605.944850
 08 00 01 0A 00 00

002:004:000:STREAM             1418599605.950907
 08 00 02 0B 00 00

002:004:000:STREAM             1418599605.958848
 08 00 01 0B 00 00

002:004:000:STREAM             1418599605.964885
 08 00 01 0B 00 00

002:004:000:STREAM             1418599605.972871
 08 00 01 0B 00 00

002:004:000:STREAM             1418599605.978856
 08 00 02 0C 00 00

002:004:000:STREAM             1418599605.986850
 08 00 01 0C 00 00

002:004:000:STREAM             1418599605.992874
 08 00 01 0C 00 00

002:004:000:STREAM             1418599606.000871
 08 00 01 0D 00 00

002:004:000:STREAM             1418599606.006871
 08 00 02 0D 00 00

002:004:000:STREAM             1418599606.012874
 08 00 01 0D 00 00

002:004:000:STREAM             1418599606.020867
 08 00 01 0E 00 00

002:004:000:STREAM             1418599606.026832
 08 00 01 0D 00 00

002:004:000:STREAM             1418599606.034912
 08 00 01 0E 00 00

002:004:000:STREAM             1418599606.040835
 08 00 00 0E 00 00

002:004:000:STREAM             1418599606.048873
 08 00 01 0E 00 00

002:004:000:STREAM             1418599606.054873
 08 00 00 0D 00 00

002:004:000:STREAM             1418599606.062837
 08 00 00 0E 00 00

002:004:000:STREAM             1418599606.068874
 08 00 00 0D 00 00

002:004:000:STREAM             1418599606.076801
 08 00 01 0E 00 00

002:004:000:STREAM             1418599606.082849
 08 00 00 0E 00 00

002:004:000:STREAM             1418599606.088838
 08 00 00 0D 00 00

002:004:000:STREAM             1418599606.096864
 08 00 00 0D 00 00

002:004:000:STREAM             1418599606.102846
 08 00 00 0D 00 00

002:004:000:STREAM             1418599606.110865
 08 00 00 0D 00 00

002:004:000:STREAM             1418599606.116867
 08 00 00 0D 00 00

002:004:000:STREAM             1418599606.124871
 08 00 00 0E 00 00

002:004:000:STREAM             1418599606.130846
 08 00 00 0C 00 00

002:004:000:STREAM             1418599606.138875
 08 00 00 0D 00 00

002:004:000:STREAM             1418599606.144828
 08 00 00 0D 00 00

002:004:000:STREAM             1418599606.152809
 08 00 00 0D 00 00

002:004:000:STREAM             1418599606.158926
 08 00 00 0D 00 00

002:004:000:STREAM             1418599606.164874
 08 00 00 0E 00 00

002:004:000:STREAM             1418599606.172854
 08 00 01 0D 00 00

002:004:000:STREAM             1418599606.178873
 08 00 00 0D 00 00

002:004:000:STREAM             1418599606.186861
 08 00 00 0E 00 00

002:004:000:STREAM             1418599606.192783
 08 00 00 0E 00 00

002:004:000:STREAM             1418599606.200850
 08 00 00 0E 00 00

002:004:000:STREAM             1418599606.206875
 08 00 00 0E 00 00

002:004:000:STREAM             1418599606.214846
 08 00 00 0E 00 00

002:004:000:STREAM             1418599606.220875
 08 00 00 0E 00 00

002:004:000:STREAM             1418599606.226866
 08 00 00 0E 00 00

002:004:000:STREAM             1418599606.234842
 08 00 00 0E 00 00

002:004:000:STREAM             1418599606.240850
 08 00 00 0E 00 00

002:004:000:STREAM             1418599606.248834
 08 00 00 0E 00 00

002:004:000:STREAM             1418599606.254876
 08 00 FF 0E 00 00

002:004:000:STREAM             1418599606.262868
 08 00 00 0E 00 00

002:004:000:STREAM             1418599606.268858
 08 00 FF 0E 00 00

002:004:000:STREAM             1418599606.276851
 08 00 00 0E 00 00

002:004:000:STREAM             1418599606.282833
 08 00 FF 0D 00 00

002:004:000:STREAM             1418599606.290849
 08 00 00 0E 00 00

002:004:000:STREAM             1418599606.296939
 08 00 FE 0D 00 00

002:004:000:STREAM             1418599606.302864
 08 00 FF 0E 00 00

002:004:000:STREAM             1418599606.310871
 08 00 FF 0D 00 00

002:004:000:STREAM             1418599606.316874
 08 00 FF 0E 00 00

002:004:000:STREAM             1418599606.324869
 08 00 FE 0D 00 00

002:004:000:STREAM             1418599606.330875
 08 00 FF 0D 00 00

002:004:000:STREAM             1418599606.338827
 08 00 FE 0D 00 00

002:004:000:STREAM             1418599606.344811
 08 00 FF 0C 00 00

002:004:000:STREAM             1418599606.352866
 08 00 FF 0D 00 00

002:004:000:STREAM             1418599606.358809
 08 00 FE 0C 00 00

002:004:000:STREAM             1418599606.366853
 08 00 FF 0C 00 00

002:004:000:STREAM             1418599606.372867
 08 00 FF 0B 00 00

002:004:000:STREAM             1418599606.378869
 08 00 FE 0B 00 00

002:004:000:STREAM             1418599606.386873
 08 00 FF 0B 00 00

002:004:000:STREAM             1418599606.392849
 08 00 FE 0B 00 00

002:004:000:STREAM             1418599606.400854
 08 00 FE 0A 00 00

002:004:000:STREAM             1418599606.406874
 08 00 FF 0B 00 00

002:004:000:STREAM             1418599606.414853
 08 00 FE 09 00 00

002:004:000:STREAM             1418599606.420875
 08 00 FF 0A 00 00

002:004:000:STREAM             1418599606.428827
 08 00 FF 0A 00 00

002:004:000:STREAM             1418599606.434809
 08 00 FF 0A 00 00

002:004:000:STREAM             1418599606.442855
 08 00 FF 0B 00 00

002:004:000:STREAM             1418599606.448877
 08 00 00 0A 00 00

002:004:000:STREAM             1418599606.454864
 08 00 FF 0B 00 00

002:004:000:STREAM             1418599606.462868
 08 00 00 0B 00 00

002:004:000:STREAM             1418599606.468874
 08 00 FF 0B 00 00

002:004:000:STREAM             1418599606.476864
 08 00 00 0B 00 00

002:004:000:STREAM             1418599606.482862
 08 00 FF 0C 00 00

002:004:000:STREAM             1418599606.490835
 08 00 FF 0B 00 00

002:004:000:STREAM             1418599606.496895
 08 00 FF 0C 00 00

002:004:000:STREAM             1418599606.504807
 08 00 FF 0C 00 00

002:004:000:STREAM             1418599606.510854
 08 00 FE 0C 00 00

002:004:000:STREAM             1418599606.518878
 08 00 FE 0C 00 00

002:004:000:STREAM             1418599606.524873
 08 00 FF 0D 00 00

002:004:000:STREAM             1418599606.530876
 08 00 FE 0D 00 00

002:004:000:STREAM             1418599606.538864
 08 00 FE 0D 00 00

002:004:000:STREAM             1418599606.544815
 08 00 FE 0E 00 00

002:004:000:STREAM             1418599606.552840
 08 00 FE 0E 00 00

002:004:000:STREAM             1418599606.558866
 08 00 FF 0E 00 00

002:004:000:STREAM             1418599606.566875
 08 00 FE 0E 00 00

002:004:000:STREAM             1418599606.572873
 08 00 FE 0F 00 00

002:004:000:STREAM             1418599606.580874
 08 00 FF 0F 00 00

002:004:000:STREAM             1418599606.586870
 08 00 FE 0F 00 00

002:004:000:STREAM             1418599606.594873
 08 00 FF 0F 00 00

002:004:000:STREAM             1418599606.600864
 08 00 FE 10 00 00

002:004:000:STREAM             1418599606.606832
 08 00 FF 0F 00 00

002:004:000:STREAM             1418599606.614833
 08 00 FF 10 00 00

002:004:000:STREAM             1418599606.620868
 08 00 FF 0F 00 00

002:004:000:STREAM             1418599606.628874
 08 00 FF 10 00 00

002:004:000:STREAM             1418599606.634875
 08 00 FF 0E 00 00

002:004:000:STREAM             1418599606.642849
 08 00 FF 10 00 00

002:004:000:STREAM             1418599606.648872
 08 00 00 0E 00 00

002:004:000:STREAM             1418599606.656842
 08 00 00 0F 00 00

002:004:000:STREAM             1418599606.662876
 08 00 FF 0E 00 00

002:004:000:STREAM             1418599606.668870
 08 00 00 0E 00 00

002:004:000:STREAM             1418599606.676796
 08 00 00 0D 00 00

002:004:000:STREAM             1418599606.682878
 08 00 00 0E 00 00

002:004:000:STREAM             1418599606.690875
 08 00 00 0C 00 00

002:004:000:STREAM             1418599606.696873
 08 00 00 0E 00 00

002:004:000:STREAM             1418599606.704863
 08 00 00 0D 00 00

002:004:000:STREAM             1418599606.710875
 08 00 00 0C 00 00

002:004:000:STREAM             1418599606.718870
 08 00 00 0E 00 00

002:004:000:STREAM             1418599606.724874
 08 00 00 0D 00 00

002:004:000:STREAM             1418599606.732874
 08 00 00 0E 00 00

002:004:000:STREAM             1418599606.738850
 08 00 00 0D 00 00

002:004:000:STREAM             1418599606.744850
 08 00 00 0E 00 00

002:004:000:STREAM             1418599606.752875
 08 00 FF 0F 00 00

002:004:000:STREAM             1418599606.758833
 08 00 FF 0F 00 00

002:004:000:STREAM             1418599606.766850
 08 00 FE 10 00 00

002:004:000:STREAM             1418599606.772872
 08 00 FD 10 00 00

002:004:000:STREAM             1418599606.780874
 08 00 FC 11 00 00

002:004:000:STREAM             1418599606.786874
 08 00 FB 11 00 00

002:004:000:STREAM             1418599606.794873
 08 00 FA 12 00 00

002:004:000:STREAM             1418599606.800834
 08 00 F9 12 00 00

002:004:000:STREAM             1418599606.806869
 08 00 F9 0F 00 00

002:004:000:STREAM             1418599606.814840
 08 00 F7 0E 00 00

002:004:000:STREAM             1418599606.820874
 08 00 F6 0B 00 00

002:004:000:STREAM             1418599606.828873
 08 00 F7 0A 00 00

002:004:000:STREAM             1418599606.834856
 08 00 F7 0A 00 00

002:004:000:STREAM             1418599607.416849
 08 00 00 00 00 00

002:004:000:STREAM             1418599607.422922
 08 00 00 00 00 00

002:004:000:STREAM             1418599607.430872
 08 00 FF 02 00 00

002:004:000:STREAM             1418599607.436873
 08 00 FF 02 00 00

002:004:000:STREAM             1418599607.444868
 08 00 FF 02 00 00

002:004:000:STREAM             1418599607.450869
 08 00 FF 04 00 00

002:004:000:STREAM             1418599607.458873
 08 00 FF 03 00 00

002:004:000:STREAM             1418599607.464836
 08 00 FE 05 00 00

002:004:000:STREAM             1418599607.470858
 08 00 FE 05 00 00

002:004:000:STREAM             1418599607.478833
 08 00 FE 04 00 00

002:004:000:STREAM             1418599607.484862
 08 00 FD 04 00 00

002:004:000:STREAM             1418599607.492850
 08 00 FE 04 00 00

002:004:000:STREAM             1418599607.498855
 08 00 FC 03 00 00

002:004:000:STREAM             1418599607.506789
 08 00 FC 04 00 00

002:004:000:STREAM             1418599607.512856
 08 00 FC 02 00 00

002:004:000:STREAM             1418599607.520836
 08 00 FC 03 00 00

002:004:000:STREAM             1418599607.526818
 08 00 FC 02 00 00

002:004:000:STREAM             1418599607.534876
 08 00 FD 01 00 00

002:004:000:STREAM             1418599607.540835
 08 00 FC 02 00 00

002:004:000:STREAM             1418599607.546869
 08 00 FD 01 00 00

002:004:000:STREAM             1418599607.554850
 08 00 FC 00 00 00

002:004:000:STREAM             1418599607.560881
 08 00 FD 02 00 00

002:004:000:STREAM             1418599607.568830
 08 00 FD 01 00 00

002:004:000:STREAM             1418599607.574870
 08 00 FC 01 00 00

002:004:000:STREAM             1418599607.582874
 08 00 FC 02 00 00

002:004:000:STREAM             1418599607.588814
 08 00 FD 00 00 00

002:004:000:STREAM             1418599607.596864
 08 00 FC 02 00 00

002:004:000:STREAM             1418599607.602872
 08 00 FB 02 00 00

002:004:000:STREAM             1418599607.610873
 08 00 FB 00 00 00

002:004:000:STREAM             1418599607.616852
 08 00 FA 02 00 00

002:004:000:STREAM             1418599607.622855
 08 00 FA 01 00 00

002:004:000:STREAM             1418599607.630865
 08 00 F8 01 00 00

002:004:000:STREAM             1418599607.636803
 08 00 F9 01 00 00

002:004:000:STREAM             1418599607.644870
 08 00 F8 01 00 00

002:004:000:STREAM             1418599607.650910
 08 00 F7 01 00 00

002:004:000:STREAM             1418599607.658875
 08 00 F7 00 00 00

002:004:000:STREAM             1418599607.664797
 08 00 F6 01 00 00

002:004:000:STREAM             1418599607.672868
 08 00 F7 00 00 00

002:004:000:STREAM             1418599607.678859
 08 00 F6 01 00 00

002:004:000:STREAM             1418599607.686833
 08 00 F5 00 00 00

002:004:000:STREAM             1418599607.692862
 08 00 F5 01 00 00

002:004:000:STREAM             1418599607.698834
 08 00 F5 01 00 00

002:004:000:STREAM             1418599607.706852
 08 00 F3 01 00 00

002:004:000:STREAM             1418599607.712874
 08 00 F3 01 00 00

002:004:000:STREAM             1418599607.720850
 08 00 F2 02 00 00

002:004:000:STREAM             1418599607.726871
 08 00 F2 02 00 00

002:004:000:STREAM             1418599607.734863
 08 00 F0 01 00 00

002:004:000:STREAM             1418599607.740780
 08 00 F1 02 00 00

002:004:000:STREAM             1418599607.748875
 08 00 EF 02 00 00

002:004:000:STREAM             1418599607.754835
 08 00 EF 02 00 00

002:004:000:STREAM             1418599607.760788
 08 00 EF 02 00 00

002:004:000:STREAM             1418599607.768863
 08 00 EF 02 00 00

002:004:000:STREAM             1418599607.774844
 08 00 EE 03 00 00

002:004:000:STREAM             1418599607.782850
 08 00 ED 02 00 00

002:004:000:STREAM             1418599607.788875
 08 00 ED 02 00 00

002:004:000:STREAM             1418599607.796849
 08 00 ED 03 00 00

002:004:000:STREAM             1418599607.802873
 08 00 EC 02 00 00

002:004:000:STREAM             1418599607.810851
 08 00 ED 02 00 00

002:004:000:STREAM             1418599607.816830
 08 00 EC 02 00 00

002:004:000:STREAM             1418599607.824793
 08 00 EB 03 00 00

002:004:000:STREAM             1418599607.830841
 08 00 EC 02 00 00

002:004:000:STREAM             1418599607.836875
 08 00 EC 02 00 00

002:004:000:STREAM             1418599607.844874
 08 00 EC 02 00 00

002:004:000:STREAM             1418599607.850870
 08 00 EC 03 00 00

002:004:000:STREAM             1418599607.858849
 08 00 EB 02 00 00

002:004:000:STREAM             1418599607.864850
 08 00 EC 02 00 00

002:004:000:STREAM             1418599607.872875
 08 00 EB 02 00 00

002:004:000:STREAM             1418599607.878830
 08 00 EB 02 00 00

002:004:000:STREAM             1418599607.886873
 08 00 EA 02 00 00

002:004:000:STREAM             1418599607.892873
 08 00 EB 02 00 00

002:004:000:STREAM             1418599607.900874
 08 00 EA 01 00 00

002:004:000:STREAM             1418599607.906826
 08 00 EA 01 00 00

002:004:000:STREAM             1418599607.914845
 08 00 EA 02 00 00

002:004:000:STREAM             1418599607.920813
 08 00 EA 00 00 00

002:004:000:STREAM             1418599607.926874
 08 00 EA 01 00 00

002:004:000:STREAM             1418599607.934823
 08 00 EA 01 00 00

002:004:000:STREAM             1418599607.940842
 08 00 EA 01 00 00

002:004:000:STREAM             1418599607.948871
 08 00 EB 00 00 00

002:004:000:STREAM             1418599607.954868
 08 00 EA 01 00 00

002:004:000:STREAM             1418599607.962835
 08 00 EA 01 00 00

002:004:000:STREAM             1418599607.968876
 08 00 EA 00 00 00

002:004:000:STREAM             1418599607.976841
 08 00 EA 01 00 00

002:004:000:STREAM             1418599607.982875
 08 00 EA 01 00 00

002:004:000:STREAM             1418599607.988862
 08 00 EA 00 00 00

002:004:000:STREAM             1418599607.996875
 08 00 EB 01 00 00

002:004:000:STREAM             1418599608.002864
 08 00 E9 00 00 00

002:004:000:STREAM             1418599608.010877
 08 00 EB 01 00 00

002:004:000:STREAM             1418599608.016873
 08 00 EA 00 00 00

002:004:000:STREAM             1418599608.024850
 08 00 EA 01 00 00

002:004:000:STREAM             1418599608.030876
 08 00 EA 00 00 00

002:004:000:STREAM             1418599608.038852
 08 00 EB 00 00 00

002:004:000:STREAM             1418599608.044854
 08 00 EA 00 00 00

002:004:000:STREAM             1418599608.052849
 08 00 EA 00 00 00

002:004:000:STREAM             1418599608.058849
 08 00 EA 00 00 00

002:004:000:STREAM             1418599608.064895
 08 00 EA 00 00 00

002:004:000:STREAM             1418599608.072873
 08 00 EA 00 00 00

002:004:000:STREAM             1418599608.078845
 08 00 EB 00 00 00

002:004:000:STREAM             1418599608.086875
 08 00 EA 00 00 00

002:004:000:STREAM             1418599608.092849
 08 00 EB 00 00 00

002:004:000:STREAM             1418599608.100871
 08 00 EB 00 00 00

002:004:000:STREAM             1418599608.106832
 08 00 EB 00 00 00

002:004:000:STREAM             1418599608.114908
 08 00 EC 00 00 00

002:004:000:STREAM             1418599608.120848
 08 00 EC 00 00 00

002:004:000:STREAM             1418599608.128846
 08 00 EB 00 00 00

002:004:000:STREAM             1418599608.134861
 08 00 ED 00 00 00

002:004:000:STREAM             1418599608.140846
 08 00 EC 00 00 00

002:004:000:STREAM             1418599608.148876
 08 00 EC 01 00 00

002:004:000:STREAM             1418599608.154849
 08 00 ED 00 00 00

002:004:000:STREAM             1418599608.162873
 08 00 ED 00 00 00

002:004:000:STREAM             1418599608.168868
 08 00 ED 01 00 00

002:004:000:STREAM             1418599608.176788
 08 00 ED 00 00 00

002:004:000:STREAM             1418599608.182771
 08 00 EE 01 00 00

002:004:000:STREAM             1418599608.190848
 08 00 ED 01 00 00

002:004:000:STREAM             1418599608.196870
 08 00 EE 02 00 00

002:004:000:STREAM             1418599608.204873
 08 00 EE 01 00 00

002:004:000:STREAM             1418599608.210876
 08 00 EF 01 00 00

002:004:000:STREAM             1418599608.216803
 08 00 EE 02 00 00

002:004:000:STREAM             1418599608.224819
 08 00 EF 01 00 00

002:004:000:STREAM             1418599608.230870
 08 00 F0 02 00 00

002:004:000:STREAM             1418599608.238851
 08 00 EF 03 00 00

002:004:000:STREAM             1418599608.244874
 08 00 F0 02 00 00

002:004:000:STREAM             1418599608.252872
 08 00 F0 03 00 00

002:004:000:STREAM             1418599608.258874
 08 00 F1 02 00 00

002:004:000:STREAM             1418599608.266868
 08 00 F1 03 00 00

002:004:000:STREAM             1418599608.272875
 08 00 F2 02 00 00

002:004:000:STREAM             1418599608.278863
 08 00 F1 03 00 00

002:004:000:STREAM             1418599608.286880
 08 00 F2 02 00 00

002:004:000:STREAM             1418599608.292850
 08 00 F3 02 00 00

002:004:000:STREAM             1418599608.300881
 08 00 F3 02 00 00

002:004:000:STREAM             1418599608.306809
 08 00 F3 02 00 00

002:004:000:STREAM             1418599608.314871
 08 00 F3 01 00 00

002:004:000:STREAM             1418599608.320851
 08 00 F3 01 00 00

002:004:000:STREAM             1418599608.328874
 08 00 F3 01 00 00

002:004:000:STREAM             1418599608.334874
 08 00 F3 01 00 00

002:004:000:STREAM             1418599608.342866
 08 00 F3 01 00 00

002:004:000:STREAM             1418599608.348876
 08 00 F3 01 00 00

002:004:000:STREAM             1418599608.354875
 08 00 F3 01 00 00

002:004:000:STREAM             1418599608.362862
 08 00 F2 01 00 00

002:004:000:STREAM             1418599608.368837
 08 00 F3 01 00 00

002:004:000:STREAM             1418599608.376834
 08 00 F3 02 00 00

002:004:000:STREAM             1418599608.382874
 08 00 F3 02 00 00

002:004:000:STREAM             1418599608.390860
 08 00 F2 02 00 00

002:004:000:STREAM             1418599608.396857
 08 00 F3 02 00 00

002:004:000:STREAM             1418599608.404849
 08 00 F2 02 00 00

002:004:000:STREAM             1418599608.410874
 08 00 F2 03 00 00

002:004:000:STREAM             1418599608.418860
 08 00 F2 03 00 00

002:004:000:STREAM             1418599608.424875
 08 00 F2 03 00 00

002:004:000:STREAM             1418599608.430859
 08 00 F2 03 00 00

002:004:000:STREAM             1418599608.438819
 08 00 F2 03 00 00

002:004:000:STREAM             1418599608.444878
 08 00 F2 04 00 00

002:004:000:STREAM             1418599608.452875
 08 00 F1 03 00 00

002:004:000:STREAM             1418599608.458875
 08 00 F1 04 00 00

002:004:000:STREAM             1418599608.466850
 08 00 F1 04 00 00

002:004:000:STREAM             1418599608.472889
 08 00 F1 04 00 00

002:004:000:STREAM             1418599608.480861
 08 00 F0 05 00 00

002:004:000:STREAM             1418599608.486856
 08 00 F1 05 00 00

002:004:000:STREAM             1418599608.494864
 08 00 F1 04 00 00

002:004:000:STREAM             1418599608.500838
 08 00 F0 05 00 00

002:004:000:STREAM             1418599608.506847
 08 00 F1 05 00 00

002:004:000:STREAM             1418599608.514822
 08 00 F0 06 00 00

002:004:000:STREAM             1418599608.520917
 08 00 F0 05 00 00

002:004:000:STREAM             1418599608.528837
 08 00 F1 05 00 00

002:004:000:STREAM             1418599608.534851
 08 00 F1 06 00 00

002:004:000:STREAM             1418599608.542874
 08 00 F3 05 00 00

002:004:000:STREAM             1418599608.548876
 08 00 F5 05 00 00

002:004:000:STREAM             1418599608.556833
 08 00 F7 05 00 00

002:004:000:STREAM             1418599608.562834
 08 00 FA 05 00 00

002:004:000:STREAM             1418599608.568862
 08 00 FB 05 00 00

002:004:000:STREAM             1418599608.576864
 08 00 FD 05 00 00

002:004:000:STREAM             1418599608.582875
 08 00 00 05 00 00

002:004:000:STREAM             1418599608.590822
 08 00 00 05 00 00

002:004:000:STREAM             1418599608.596874
 08 00 00 05 00 00

002:004:000:STREAM             1418599608.604874
 08 00 00 05 00 00

002:004:000:STREAM             1418599608.610848
 08 00 00 06 00 00

002:004:000:STREAM             1418599608.618864
 08 00 00 05 00 00

002:004:000:STREAM             1418599608.624782
 08 00 00 05 00 00

