002:004:000:STREAM             1418599821.598985
 08 00 FE FF 00 00

002:004:000:STREAM             1418599821.606962
 08 00 00 FD 00 00

002:004:000:STREAM             1418599821.612948
 08 00 FE FE 00 00

002:004:000:STREAM             1418599821.620977
 08 00 00 FF 00 00

002:004:000:STREAM             1418599821.626972
 08 00 FF FE 00 00

002:004:000:STREAM             1418599821.634957
 08 00 FF FE 00 00

002:004:000:STREAM             1418599821.640962
 08 00 FF FE 00 00

002:004:000:STREAM             1418599821.648953
 08 00 FF FF 00 00

002:004:000:STREAM             1418599821.654954
 08 00 FE FF 00 00

002:004:000:STREAM             1418599821.660970
 08 00 FF FE 00 00

002:004:000:STREAM             1418599821.668975
 08 00 00 FF 00 00

002:004:000:STREAM             1418599821.674949
 08 00 00 FF 00 00

002:004:000:STREAM             1418599821.682971
 08 00 FF 00 00 00

002:004:000:STREAM             1418599821.688935
 08 00 FF FF 00 00

002:004:000:STREAM             1418599821.696906
 08 00 00 FF 00 00

002:004:000:STREAM             1418599821.702954
 08 00 00 FF 00 00

002:004:000:STREAM             1418599821.710958
 08 00 00 00 00 00

002:004:000:STREAM             1418599821.716973
 08 00 FF FF 00 00

002:004:000:STREAM             1418599821.724976
 08 00 00 00 00 00

002:004:000:STREAM             1418599821.730950
 08 00 00 00 00 00

002:004:000:STREAM             1418599821.736975
 08 00 00 FF 00 00

002:004:000:STREAM             1418599821.744962
 08 00 00 00 00 00

002:004:000:STREAM             1418599821.750930
 08 00 00 00 00 00

002:004:000:STREAM             1418599821.758937
 08 00 00 00 00 00

002:004:000:STREAM             1418599821.764971
 08 00 00 00 00 00

002:004:000:STREAM             1418599821.772964
 08 00 FF 00 00 00

002:004:000:STREAM             1418599821.778950
 08 00 00 00 00 00

002:004:000:STREAM             1418599821.786975
 08 00 00 00 00 00

002:004:000:STREAM             1418599821.792961
 08 00 00 00 00 00

002:004:000:STREAM             1418599821.800949
 08 00 00 00 00 00

002:004:000:STREAM             1418599821.806976
 08 00 00 00 00 00

002:004:000:STREAM             1418599821.812905
 08 00 00 00 00 00

002:004:000:STREAM             1418599821.820955
 08 00 00 00 00 00

002:004:000:STREAM             1418599821.826952
 08 00 00 00 00 00

002:004:000:STREAM             1418599821.834963
 08 00 00 00 00 00

002:004:000:STREAM             1418599821.840967
 08 00 00 00 00 00

002:004:000:STREAM             1418599821.848970
 08 00 00 00 00 00

002:004:000:STREAM             1418599821.854971
 08 00 00 00 00 00

002:004:000:STREAM             1418599821.862948
 08 00 00 00 00 00

002:004:000:STREAM             1418599821.868969
 08 00 00 00 00 00

002:004:000:STREAM             1418599821.874914
 08 00 00 00 00 00

002:004:000:STREAM             1418599821.882955
 08 00 00 00 00 00

002:004:000:STREAM             1418599821.888977
 08 00 00 00 00 00

002:004:000:STREAM             1418599821.896959
 08 00 00 00 00 00

002:004:000:STREAM             1418599821.902947
 08 00 00 00 00 00

002:004:000:STREAM             1418599821.910935
 08 00 00 00 00 00

002:004:000:STREAM             1418599821.916949
 08 00 00 00 00 00

002:004:000:STREAM             1418599821.924928
 08 00 00 00 00 00

002:004:000:STREAM             1418599821.930968
 08 00 00 FF 00 00

002:004:000:STREAM             1418599821.938948
 08 00 00 00 00 00

002:004:000:STREAM             1418599821.944965
 08 00 00 00 00 00

002:004:000:STREAM             1418599821.950983
 08 00 00 00 00 00

002:004:000:STREAM             1418599821.958966
 08 00 00 00 00 00

002:004:000:STREAM             1418599821.964961
 08 00 00 00 00 00

002:004:000:STREAM             1418599821.972969
 08 00 00 00 00 00

002:004:000:STREAM             1418599821.978973
 08 00 00 00 00 00

002:004:000:STREAM             1418599821.986968
 08 00 00 00 00 00

002:004:000:STREAM             1418599821.992940
 08 00 00 00 00 00

002:004:000:STREAM             1418599822.000952
 08 00 00 00 00 00

002:004:000:STREAM             1418599822.006972
 08 00 00 00 00 00

002:004:000:STREAM             1418599822.014955
 08 00 00 00 00 00

002:004:000:STREAM             1418599822.020976
 08 00 00 00 00 00

002:004:000:STREAM             1418599822.026968
 08 00 00 00 00 00

002:004:000:STREAM             1418599822.034971
 08 00 00 00 00 00

002:004:000:STREAM             1418599822.040976
 08 00 00 00 00 00

002:004:000:STREAM             1418599822.048950
 08 00 00 00 00 00

002:004:000:STREAM             1418599822.054972
 08 00 00 00 00 00

002:004:000:STREAM             1418599822.062950
 08 00 00 00 00 00

002:004:000:STREAM             1418599822.068973
 08 00 00 00 00 00

002:004:000:STREAM             1418599822.077013
 08 00 00 00 00 00

002:004:000:STREAM             1418599822.082973
 08 00 00 00 00 00

002:004:000:STREAM             1418599822.090956
 08 00 00 00 00 00

002:004:000:STREAM             1418599822.096955
 08 00 00 00 00 00

002:004:000:STREAM             1418599822.102961
 08 00 00 00 00 00

002:004:000:STREAM             1418599822.110968
 08 00 00 00 00 00

002:004:000:STREAM             1418599822.116946
 08 00 00 00 00 00

002:004:000:STREAM             1418599822.124972
 08 00 00 00 00 00

002:004:000:STREAM             1418599822.130965
 08 00 00 00 00 00

002:004:000:STREAM             1418599822.138973
 08 00 00 00 00 00

002:004:000:STREAM             1418599822.144949
 08 00 00 00 00 00

002:004:000:STREAM             1418599822.152954
 08 00 00 00 00 00

002:004:000:STREAM             1418599822.158949
 08 00 00 00 00 00

002:004:000:STREAM             1418599822.164942
 08 00 00 00 00 00

002:004:000:STREAM             1418599822.172968
 08 00 00 00 00 00

002:004:000:STREAM             1418599822.178935
 08 00 00 00 00 00

002:004:000:STREAM             1418599822.186971
 08 00 00 00 00 00

002:004:000:STREAM             1418599822.192918
 08 00 00 00 00 00

002:004:000:STREAM             1418599822.200978
 08 00 00 00 00 00

002:004:000:STREAM             1418599822.207031
 08 00 00 00 00 00

002:004:000:STREAM             1418599822.214972
 08 00 00 00 00 00

002:004:000:STREAM             1418599822.220937
 08 00 00 00 00 00

002:004:000:STREAM             1418599822.228963
 08 00 00 00 00 00

002:004:000:STREAM             1418599822.234965
 08 00 00 00 00 00

002:004:000:STREAM             1418599822.240958
 08 00 00 00 00 00

002:004:000:STREAM             1418599822.248971
 08 00 00 00 00 00

002:004:000:STREAM             1418599822.254975
 08 00 00 00 00 00

002:004:000:STREAM             1418599822.262968
 08 00 00 00 00 00

002:004:000:STREAM             1418599822.268941
 08 00 00 00 00 00

002:004:000:STREAM             1418599822.276922
 08 00 00 00 00 00

002:004:000:STREAM             1418599822.282970
 08 00 00 00 00 00

002:004:000:STREAM             1418599822.290916
 08 00 00 00 00 00

002:004:000:STREAM             1418599822.296913
 08 00 00 00 00 00

002:004:000:STREAM             1418599822.304975
 08 00 00 00 00 00

002:004:000:STREAM             1418599822.310924
 08 00 00 FF 00 00

002:004:000:STREAM             1418599822.316964
 08 00 00 00 00 00

002:004:000:STREAM             1418599822.324932
 08 00 00 00 00 00

002:004:000:STREAM             1418599822.330928
 08 00 00 00 00 00

002:004:000:STREAM             1418599822.338916
 08 00 00 00 00 00

002:004:000:STREAM             1418599822.344892
 08 00 00 00 00 00

002:004:000:STREAM             1418599822.352928
 08 00 00 00 00 00

002:004:000:STREAM             1418599822.358960
 08 00 00 00 00 00

002:004:000:STREAM             1418599822.366973
 08 00 00 00 00 00

002:004:000:STREAM             1418599822.372973
 08 00 00 00 00 00

002:004:000:STREAM             1418599822.378988
 08 00 00 00 00 00

002:004:000:STREAM             1418599822.386945
 08 00 00 00 00 00

002:004:000:STREAM             1418599822.392951
 08 00 00 00 00 00

002:004:000:STREAM             1418599822.400930
 08 00 00 00 00 00

002:004:000:STREAM             1418599822.406970
 08 00 00 00 00 00

002:004:000:STREAM             1418599822.414931
 08 00 00 00 00 00

002:004:000:STREAM             1418599822.420956
 08 00 00 00 00 00

002:004:000:STREAM             1418599822.428909
 08 00 00 00 00 00

002:004:000:STREAM             1418599822.434918
 08 00 00 00 00 00

002:004:000:STREAM             1418599822.442944
 08 00 00 00 00 00

002:004:000:STREAM             1418599822.448911
 08 00 00 00 00 00

002:004:000:STREAM             1418599822.454883
 08 00 00 00 00 00

002:004:000:STREAM             1418599822.462900
 08 00 00 00 00 00

002:004:000:STREAM             1418599822.468891
 08 00 00 00 00 00

002:004:000:STREAM             1418599822.476944
 08 00 00 00 00 00

002:004:000:STREAM             1418599822.482941
 08 00 00 00 00 00

002:004:000:STREAM             1418599822.490942
 08 00 00 00 00 00

002:004:000:STREAM             1418599822.496937
 08 00 00 00 00 00

002:004:000:STREAM             1418599822.504870
 08 00 00 00 00 00

002:004:000:STREAM             1418599822.510995
 08 00 00 00 00 00

002:004:000:STREAM             1418599822.518918
 08 00 00 00 00 00

002:004:000:STREAM             1418599822.524966
 08 00 00 00 00 00

002:004:000:STREAM             1418599822.530970
 08 00 00 00 00 00

002:004:000:STREAM             1418599822.538965
 08 00 00 00 00 00

002:004:000:STREAM             1418599822.544972
 08 00 00 00 00 00

002:004:000:STREAM             1418599822.552904
 08 00 00 00 00 00

002:004:000:STREAM             1418599822.558973
 08 00 00 00 00 00

002:004:000:STREAM             1418599822.566968
 08 00 00 00 00 00

002:004:000:STREAM             1418599822.572932
 08 00 00 00 00 00

002:004:000:STREAM             1418599822.580964
 08 00 00 00 00 00

002:004:000:STREAM             1418599822.586934
 08 00 00 00 00 00

002:004:000:STREAM             1418599822.592954
 08 00 00 00 00 00

002:004:000:STREAM             1418599822.600974
 08 00 00 00 00 00

002:004:000:STREAM             1418599822.606994
 08 00 00 00 00 00

002:004:000:STREAM             1418599822.614969
 08 00 00 00 00 00

002:004:000:STREAM             1418599822.620972
 08 00 00 00 00 00

002:004:000:STREAM             1418599822.628958
 08 00 00 00 00 00

002:004:000:STREAM             1418599822.634918
 08 00 00 FF 00 00

002:004:000:STREAM             1418599822.642970
 08 00 00 00 00 00

002:004:000:STREAM             1418599822.648906
 08 00 00 00 00 00

002:004:000:STREAM             1418599822.656968
 08 00 00 00 00 00

002:004:000:STREAM             1418599822.662931
 08 00 00 00 00 00

002:004:000:STREAM             1418599822.668965
 08 00 00 00 00 00

002:004:000:STREAM             1418599822.676974
 08 00 00 00 00 00

002:004:000:STREAM             1418599822.682966
 08 00 00 00 00 00

002:004:000:STREAM             1418599822.690963
 08 00 00 00 00 00

002:004:000:STREAM             1418599822.696968
 08 00 00 FF 00 00

002:004:000:STREAM             1418599822.704909
 08 00 00 00 00 00

002:004:000:STREAM             1418599822.710918
 08 00 00 FF 00 00

002:004:000:STREAM             1418599822.718967
 08 00 00 00 00 00

002:004:000:STREAM             1418599822.724968
 08 00 00 00 00 00

002:004:000:STREAM             1418599822.732974
 08 00 00 00 00 00

002:004:000:STREAM             1418599822.738975
 08 00 00 FF 00 00

002:004:000:STREAM             1418599822.744971
 08 00 00 00 00 00

002:004:000:STREAM             1418599822.753008
 08 00 00 00 00 00

002:004:000:STREAM             1418599822.758974
 08 00 00 00 00 00

002:004:000:STREAM             1418599822.766974
 08 00 00 00 01 00

002:004:000:STREAM             1418599822.772947
 08 00 00 00 00 00

002:004:000:STREAM             1418599822.780954
 08 00 00 00 00 00

002:004:000:STREAM             1418599822.786950
 08 00 00 00 00 00

002:004:000:STREAM             1418599822.794966
 08 00 00 00 00 00

002:004:000:STREAM             1418599822.800944
 08 00 00 00 00 00

002:004:000:STREAM             1418599822.808970
 08 00 00 00 00 00

002:004:000:STREAM             1418599822.814965
 08 00 00 00 01 00

002:004:000:STREAM             1418599822.822968
 08 00 00 00 00 00

002:004:000:STREAM             1418599822.828951
 08 00 00 00 00 00

002:004:000:STREAM             1418599822.836949
 08 00 00 00 00 00

002:004:000:STREAM             1418599822.842964
 08 00 00 00 00 00

002:004:000:STREAM             1418599822.850956
 08 00 00 00 01 00

002:004:000:STREAM             1418599822.856935
 08 00 00 00 00 00

002:004:000:STREAM             1418599822.864928
 08 00 FF 00 00 00

002:004:000:STREAM             1418599822.870942
 08 00 00 00 00 00

002:004:000:STREAM             1418599822.878976
 08 00 00 00 00 00

002:004:000:STREAM             1418599822.884975
 08 00 00 00 00 00

002:004:000:STREAM             1418599822.892965
 08 00 00 00 01 00

002:004:000:STREAM             1418599822.898969
 08 00 00 00 00 00

002:004:000:STREAM             1418599822.904967
 08 00 00 00 00 00

002:004:000:STREAM             1418599822.912945
 08 00 00 00 00 00

002:004:000:STREAM             1418599822.918948
 08 00 00 00 00 00

002:004:000:STREAM             1418599822.926930
 08 00 00 00 00 00

002:004:000:STREAM             1418599822.932966
 08 00 00 00 01 00

002:004:000:STREAM             1418599822.940969
 08 00 00 00 00 00

002:004:000:STREAM             1418599822.946934
 08 00 00 00 00 00

002:004:000:STREAM             1418599822.954977
 08 00 00 00 00 00

002:004:000:STREAM             1418599822.960917
 08 00 00 00 00 00

002:004:000:STREAM             1418599822.968963
 08 00 00 00 01 00

002:004:000:STREAM             1418599822.974944
 08 00 00 00 00 00

002:004:000:STREAM             1418599822.982965
 08 00 00 00 00 00

002:004:000:STREAM             1418599822.988945
 08 00 00 00 00 00

002:004:000:STREAM             1418599822.996967
 08 00 00 00 00 00

002:004:000:STREAM             1418599823.002984
 08 00 00 00 00 00

002:004:000:STREAM             1418599823.010977
 08 00 00 00 00 00

002:004:000:STREAM             1418599823.016953
 08 00 00 00 01 00

002:004:000:STREAM             1418599823.024973
 08 00 00 00 00 00

002:004:000:STREAM             1418599823.030953
 08 00 00 00 00 00

002:004:000:STREAM             1418599823.036962
 08 00 00 00 00 00

002:004:000:STREAM             1418599823.044964
 08 00 00 00 00 00

002:004:000:STREAM             1418599823.050934
 08 00 00 00 00 00

002:004:000:STREAM             1418599823.058998
 08 00 00 00 00 00

002:004:000:STREAM             1418599823.064971
 08 00 00 00 01 00

002:004:000:STREAM             1418599823.072969
 08 00 00 00 00 00

002:004:000:STREAM             1418599823.078914
 08 00 00 00 00 00

002:004:000:STREAM             1418599823.086971
 08 00 00 00 00 00

002:004:000:STREAM             1418599823.092974
 08 00 00 00 00 00

002:004:000:STREAM             1418599823.100958
 08 00 00 00 00 00

002:004:000:STREAM             1418599823.106966
 08 00 00 00 01 00

002:004:000:STREAM             1418599823.114970
 08 00 00 00 00 00

002:004:000:STREAM             1418599823.120987
 08 00 00 00 00 00

002:004:000:STREAM             1418599823.128907
 08 00 00 00 00 00

002:004:000:STREAM             1418599823.134969
 08 00 00 00 00 00

002:004:000:STREAM             1418599823.142976
 08 00 00 00 00 00

002:004:000:STREAM             1418599823.148972
 08 00 00 00 01 00

002:004:000:STREAM             1418599823.156980
 08 00 00 00 00 00

002:004:000:STREAM             1418599823.162977
 08 00 00 00 00 00

002:004:000:STREAM             1418599823.170973
 08 00 00 00 00 00

002:004:000:STREAM             1418599823.176938
 08 00 00 00 00 00

002:004:000:STREAM             1418599823.182976
 08 00 00 00 01 00

002:004:000:STREAM             1418599823.190969
 08 00 00 00 00 00

002:004:000:STREAM             1418599823.196950
 08 00 00 00 00 00

002:004:000:STREAM             1418599823.204941
 08 00 00 00 00 00

002:004:000:STREAM             1418599823.210931
 08 00 00 00 00 00

002:004:000:STREAM             1418599823.218972
 08 00 00 00 00 00

002:004:000:STREAM             1418599823.224975
 08 00 00 00 01 00

002:004:000:STREAM             1418599823.232956
 08 00 00 00 00 00

002:004:000:STREAM             1418599823.238969
 08 00 00 00 00 00

002:004:000:STREAM             1418599823.246940
 08 00 00 00 00 00

002:004:000:STREAM             1418599823.252970
 08 00 00 00 00 00

002:004:000:STREAM             1418599823.260953
 08 00 00 00 00 00

002:004:000:STREAM             1418599823.266932
 08 00 00 00 01 00

002:004:000:STREAM             1418599823.274970
 08 00 00 00 00 00

002:004:000:STREAM             1418599823.280907
 08 00 00 00 00 00

002:004:000:STREAM             1418599823.288919
 08 00 00 00 00 00

002:004:000:STREAM             1418599823.294965
 08 00 00 00 00 00

002:004:000:STREAM             1418599823.302975
 08 00 00 00 01 00

002:004:000:STREAM             1418599823.308967
 08 00 00 00 00 00

002:004:000:STREAM             1418599823.316967
 08 00 00 00 00 00

002:004:000:STREAM             1418599823.322972
 08 00 00 00 00 00

002:004:000:STREAM             1418599823.328894
 08 00 00 00 00 00

002:004:000:STREAM             1418599823.336974
 08 00 00 00 00 00

002:004:000:STREAM             1418599823.342901
 08 00 00 00 00 00

002:004:000:STREAM             1418599823.350955
 08 00 00 00 00 00

002:004:000:STREAM             1418599823.356978
 08 00 00 00 00 00

002:004:000:STREAM             1418599823.364978
 08 00 00 00 00 00

002:004:000:STREAM             1418599823.371021
 08 00 00 00 00 00

002:004:000:STREAM             1418599823.378949
 08 00 00 00 00 00

002:004:000:STREAM             1418599823.385018
 08 00 00 00 00 00

002:004:000:STREAM             1418599823.390948
 08 00 00 00 00 00

002:004:000:STREAM             1418599823.398975
 08 00 00 00 00 00

002:004:000:STREAM             1418599823.404975
 08 00 00 00 00 00

002:004:000:STREAM             1418599823.413009
 08 00 00 00 00 00

002:004:000:STREAM             1418599823.418962
 08 00 00 00 00 00

002:004:000:STREAM             1418599823.426962
 08 00 00 00 00 00

002:004:000:STREAM             1418599823.432951
 08 00 00 00 00 00

002:004:000:STREAM             1418599823.440931
 08 00 00 00 00 00

002:004:000:STREAM             1418599823.446969
 08 00 00 00 00 00

002:004:000:STREAM             1418599823.454970
 08 00 00 00 00 00

002:004:000:STREAM             1418599823.460964
 08 00 00 00 00 00

002:004:000:STREAM             1418599823.466965
 08 00 00 00 00 00

002:004:000:STREAM             1418599823.474971
 08 00 00 00 00 00

002:004:000:STREAM             1418599823.480975
 08 00 00 00 00 00

002:004:000:STREAM             1418599823.488926
 08 00 00 00 00 00

002:004:000:STREAM             1418599823.494896
 08 00 00 00 00 00

002:004:000:STREAM             1418599823.502957
 08 00 00 00 00 00

002:004:000:STREAM             1418599823.508996
 08 00 00 00 00 00

002:004:000:STREAM             1418599823.516917
 08 00 00 00 00 00

002:004:000:STREAM             1418599823.523019
 08 00 00 00 00 00

002:004:000:STREAM             1418599823.530965
 08 00 00 00 00 00

002:004:000:STREAM             1418599823.537002
 08 00 00 00 00 00

002:004:000:STREAM             1418599823.543016
 08 00 00 00 00 00

002:004:000:STREAM             1418599823.551008
 08 00 00 00 00 00

002:004:000:STREAM             1418599823.557017
 08 00 00 00 00 00

002:004:000:STREAM             1418599823.565020
 08 00 00 00 00 00

002:004:000:STREAM             1418599823.571011
 08 00 00 00 00 00

002:004:000:STREAM             1418599823.579027
 08 00 00 00 00 00

002:004:000:STREAM             1418599823.585023
 08 00 00 00 00 00

002:004:000:STREAM             1418599823.593015
 08 00 00 00 00 00

002:004:000:STREAM             1418599823.598938
 08 00 00 00 00 00

002:004:000:STREAM             1418599823.605003
 08 00 00 00 00 00

002:004:000:STREAM             1418599823.612938
 08 00 00 00 00 00

002:004:000:STREAM             1418599823.618944
 08 00 00 00 00 00

002:004:000:STREAM             1418599823.626951
 08 00 00 00 00 00

002:004:000:STREAM             1418599823.632914
 08 00 00 00 00 00

002:004:000:STREAM             1418599823.640947
 08 00 00 00 00 00

002:004:000:STREAM             1418599823.646969
 08 00 00 00 00 00

002:004:000:STREAM             1418599823.654910
 08 00 00 00 00 00

002:004:000:STREAM             1418599823.660965
 08 00 00 00 00 00

002:004:000:STREAM             1418599823.668956
 08 00 00 00 00 00

002:004:000:STREAM             1418599823.674977
 08 00 00 00 00 00

002:004:000:STREAM             1418599823.680965
 08 00 00 00 00 00

002:004:000:STREAM             1418599823.688964
 08 00 00 00 00 00

002:004:000:STREAM             1418599823.694966
 08 00 00 00 00 00

002:004:000:STREAM             1418599823.702976
 08 00 00 00 00 00

002:004:000:STREAM             1418599823.708975
 08 00 00 00 00 00

002:004:000:STREAM             1418599823.716970
 08 00 00 00 00 00

002:004:000:STREAM             1418599823.722976
 08 00 00 00 00 00

002:004:000:STREAM             1418599823.730909
 08 00 00 00 00 00

002:004:000:STREAM             1418599823.736982
 08 00 00 00 00 00

002:004:000:STREAM             1418599823.744918
 08 00 00 00 00 00

002:004:000:STREAM             1418599823.750961
 08 00 00 00 00 00

002:004:000:STREAM             1418599823.756974
 08 00 00 00 00 00

002:004:000:STREAM             1418599823.764969
 08 00 00 00 00 00

002:004:000:STREAM             1418599823.770969
 08 00 00 00 00 00

002:004:000:STREAM             1418599823.778945
 08 00 00 00 00 00

002:004:000:STREAM             1418599823.784955
 08 00 00 00 00 00

002:004:000:STREAM             1418599823.792963
 08 00 00 00 00 00

002:004:000:STREAM             1418599823.798907
 08 00 00 00 00 00

002:004:000:STREAM             1418599823.806951
 08 00 00 00 00 00

002:004:000:STREAM             1418599823.812950
 08 00 00 00 00 00

002:004:000:STREAM             1418599823.820966
 08 00 00 00 00 00

002:004:000:STREAM             1418599823.826990
 08 00 00 00 00 00

002:004:000:STREAM             1418599823.832977
 08 00 00 00 00 00

002:004:000:STREAM             1418599823.840974
 08 00 00 00 00 00

002:004:000:STREAM             1418599823.846905
 08 00 00 00 00 00

002:004:000:STREAM             1418599823.854923
 08 00 00 00 00 00

002:004:000:STREAM             1418599823.860999
 08 00 00 00 00 00

002:004:000:STREAM             1418599823.868977
 08 00 00 00 00 00

002:004:000:STREAM             1418599823.874975
 08 00 00 00 00 00

002:004:000:STREAM             1418599823.882964
 08 00 00 00 00 00

002:004:000:STREAM             1418599823.888969
 08 00 00 00 00 00

002:004:000:STREAM             1418599823.894966
 08 00 00 00 00 00

002:004:000:STREAM             1418599823.902951
 08 00 00 00 00 00

002:004:000:STREAM             1418599823.908970
 08 00 00 00 00 00

002:004:000:STREAM             1418599823.916940
 08 00 00 00 00 00

002:004:000:STREAM             1418599823.922949
 08 00 00 00 00 00

002:004:000:STREAM             1418599823.930977
 08 00 00 00 00 00

002:004:000:STREAM             1418599823.936970
 08 00 00 00 00 00

002:004:000:STREAM             1418599823.944950
 08 00 00 00 00 00

002:004:000:STREAM             1418599823.950973
 08 00 00 00 00 00

002:004:000:STREAM             1418599823.958960
 08 00 00 00 00 00

002:004:000:STREAM             1418599823.964964
 08 00 00 00 00 00

002:004:000:STREAM             1418599823.970926
 08 00 00 00 00 00

002:004:000:STREAM             1418599823.978909
 08 00 00 00 00 00

002:004:000:STREAM             1418599823.984935
 08 00 00 00 00 00

002:004:000:STREAM             1418599823.992999
 08 00 00 00 00 00

002:004:000:STREAM             1418599823.998947
 08 00 00 00 00 00

002:004:000:STREAM             1418599824.006967
 08 00 00 00 00 00

002:004:000:STREAM             1418599824.012972
 08 00 00 00 00 00

002:004:000:STREAM             1418599824.020970
 08 00 00 00 00 00

002:004:000:STREAM             1418599824.026963
 08 00 00 00 00 00

002:004:000:STREAM             1418599824.034964
 08 00 00 00 00 00

002:004:000:STREAM             1418599824.040920
 08 00 00 00 00 00

002:004:000:STREAM             1418599824.046947
 08 00 00 00 00 00

002:004:000:STREAM             1418599824.054945
 08 00 00 00 00 00

002:004:000:STREAM             1418599824.060942
 08 00 00 00 00 00

002:004:000:STREAM             1418599824.068974
 08 00 00 00 00 00

002:004:000:STREAM             1418599824.074973
 08 00 00 00 00 00

002:004:000:STREAM             1418599824.082975
 08 00 00 00 00 00

002:004:000:STREAM             1418599824.088964
 08 00 00 00 00 00

002:004:000:STREAM             1418599824.096952
 08 00 00 00 00 00

002:004:000:STREAM             1418599824.102934
 08 00 00 00 00 00

002:004:000:STREAM             1418599824.108973
 08 00 00 FF 00 00

002:004:000:STREAM             1418599824.116973
 08 00 00 00 00 00

002:004:000:STREAM             1418599824.122975
 08 00 00 00 00 00

002:004:000:STREAM             1418599824.130950
 08 00 00 00 00 00

002:004:000:STREAM             1418599824.136969
 08 00 00 FF 00 00

002:004:000:STREAM             1418599824.144985
 08 00 00 00 00 00

002:004:000:STREAM             1418599824.150962
 08 00 00 FF 00 00

002:004:000:STREAM             1418599824.158974
 08 00 00 00 00 00

002:004:000:STREAM             1418599824.164934
 08 00 00 00 00 00

002:004:000:STREAM             1418599824.172979
 08 00 00 FF 00 00

002:004:000:STREAM             1418599824.178967
 08 00 00 00 00 00

002:004:000:STREAM             1418599824.184974
 08 00 00 FF 00 00

002:004:000:STREAM             1418599824.192975
 08 00 00 FE 00 00

002:004:000:STREAM             1418599824.198972
 08 00 00 FF 00 00

002:004:000:STREAM             1418599824.206962
 08 00 00 FF FF 00

002:004:000:STREAM             1418599824.212976
 08 00 00 FF 00 00

002:004:000:STREAM             1418599824.218942
 08 00 00 00 00 00

002:004:000:STREAM             1418599824.226932
 08 00 00 FF 00 00

002:004:000:STREAM             1418599824.232937
 08 00 00 00 00 00

002:004:000:STREAM             1418599824.240932
 08 00 00 00 00 00

002:004:000:STREAM             1418599824.246939
 08 00 00 FF 00 00

002:004:000:STREAM             1418599824.254947
 08 00 00 00 00 00

002:004:000:STREAM             1418599824.260976
 08 00 00 00 00 00

002:004:000:STREAM             1418599824.266959
 08 00 00 00 00 00

002:004:000:STREAM             1418599824.274976
 08 00 00 00 FF 00

002:004:000:STREAM             1418599824.280953
 08 00 00 00 00 00

002:004:000:STREAM             1418599824.288932
 08 00 00 00 00 00

002:004:000:STREAM             1418599824.295005
 08 00 00 00 00 00

002:004:000:STREAM             1418599824.302975
 08 00 00 00 00 00

002:004:000:STREAM             1418599824.308977
 08 00 00 00 00 00

002:004:000:STREAM             1418599824.314967
 08 00 00 00 00 00

002:004:000:STREAM             1418599824.322976
 08 00 00 00 FF 00

002:004:000:STREAM             1418599824.328971
 08 00 00 00 00 00

002:004:000:STREAM             1418599824.336966
 08 00 00 00 00 00

002:004:000:STREAM             1418599824.342913
 08 00 00 00 00 00

002:004:000:STREAM             1418599824.350922
 08 00 00 00 00 00

002:004:000:STREAM             1418599824.356952
 08 00 00 00 00 00

002:004:000:STREAM             1418599824.363010
 08 00 00 00 00 00

002:004:000:STREAM             1418599824.370923
 08 00 00 00 FF 00

002:004:000:STREAM             1418599824.376915
 08 00 00 00 00 00

002:004:000:STREAM             1418599824.384973
 08 00 00 00 00 00

002:004:000:STREAM             1418599824.390969
 08 00 00 00 00 00

002:004:000:STREAM             1418599824.396952
 08 00 00 00 00 00

002:004:000:STREAM             1418599824.404970
 08 00 00 00 00 00

002:004:000:STREAM             1418599824.410934
 08 00 00 00 00 00

002:004:000:STREAM             1418599824.418950
 08 00 00 FF FF 00

002:004:000:STREAM             1418599824.424976
 08 00 00 00 00 00

002:004:000:STREAM             1418599824.432918
 08 00 00 00 00 00

002:004:000:STREAM             1418599824.438962
 08 00 00 00 00 00

002:004:000:STREAM             1418599824.444970
 08 00 00 00 00 00

002:004:000:STREAM             1418599824.452950
 08 00 00 00 00 00

002:004:000:STREAM             1418599824.458974
 08 00 00 00 FF 00

002:004:000:STREAM             1418599824.466974
 08 00 00 00 00 00

002:004:000:STREAM             1418599824.472976
 08 00 00 00 00 00

002:004:000:STREAM             1418599824.478970
 08 00 00 00 00 00

002:004:000:STREAM             1418599824.486967
 08 00 00 00 00 00

002:004:000:STREAM             1418599824.492975
 08 00 00 00 00 00

002:004:000:STREAM             1418599824.500965
 08 00 00 00 FF 00

002:004:000:STREAM             1418599824.506928
 08 00 00 00 00 00

002:004:000:STREAM             1418599824.512917
 08 00 00 00 00 00

002:004:000:STREAM             1418599824.520957
 08 00 00 00 00 00

002:004:000:STREAM             1418599824.526936
 08 00 00 00 00 00

002:004:000:STREAM             1418599824.534971
 08 00 00 00 FF 00

002:004:000:STREAM             1418599824.540927
 08 00 00 00 00 00

002:004:000:STREAM             1418599824.548918
 08 00 00 00 00 00

002:004:000:STREAM             1418599824.554959
 08 00 00 00 00 00

002:004:000:STREAM             1418599824.560943
 08 00 00 00 00 00

002:004:000:STREAM             1418599824.568970
 08 00 00 00 00 00

002:004:000:STREAM             1418599824.574916
 08 00 00 00 00 00

002:004:000:STREAM             1418599824.582972
 08 00 00 00 FF 00

002:004:000:STREAM             1418599824.588977
 08 00 00 00 00 00

002:004:000:STREAM             1418599824.594932
 08 00 00 00 00 00

002:004:000:STREAM             1418599824.602970
 08 00 00 00 00 00

002:004:000:STREAM             1418599824.608981
 08 00 00 00 00 00

002:004:000:STREAM             1418599824.616919
 08 00 00 00 00 00

002:004:000:STREAM             1418599824.622966
 08 00 00 00 FF 00

002:004:000:STREAM             1418599824.630923
 08 00 00 00 00 00

002:004:000:STREAM             1418599824.636974
 08 00 00 00 00 00

002:004:000:STREAM             1418599824.642977
 08 00 00 00 00 00

002:004:000:STREAM             1418599824.650967
 08 00 00 00 00 00

002:004:000:STREAM             1418599824.656960
 08 00 00 00 00 00

002:004:000:STREAM             1418599824.664942
 08 00 00 00 00 00

002:004:000:STREAM             1418599824.670964
 08 00 00 00 00 00

002:004:000:STREAM             1418599824.678948
 08 00 00 00 00 00

002:004:000:STREAM             1418599824.684975
 08 00 00 00 00 00

002:004:000:STREAM             1418599824.692969
 08 00 00 00 00 00

002:004:000:STREAM             1418599824.698976
 08 00 00 00 00 00

002:004:000:STREAM             1418599824.706972
 08 00 00 00 00 00

002:004:000:STREAM             1418599824.712965
 08 00 00 00 00 00

002:004:000:STREAM             1418599824.718974
 08 00 00 00 00 00

002:004:000:STREAM             1418599824.726972
 08 00 00 00 00 00

002:004:000:STREAM             1418599824.732975
 08 00 00 00 00 00

002:004:000:STREAM             1418599824.740911
 08 00 00 00 00 00

002:004:000:STREAM             1418599824.746935
 08 00 00 00 00 00

002:004:000:STREAM             1418599824.754931
 08 00 00 00 00 00

002:004:000:STREAM             1418599824.760972
 08 00 00 00 00 00

002:004:000:STREAM             1418599824.768956
 08 00 00 00 00 00

002:004:000:STREAM             1418599824.774930
 08 00 00 00 00 00

002:004:000:STREAM             1418599824.780925
 08 00 00 00 00 00

002:004:000:STREAM             1418599824.788976
 08 00 00 00 00 00

002:004:000:STREAM             1418599824.794970
 08 00 00 00 00 00

002:004:000:STREAM             1418599824.802964
 08 00 00 00 00 00

002:004:000:STREAM             1418599824.808966
 08 00 00 00 00 00

002:004:000:STREAM             1418599824.816940
 08 00 00 00 00 00

002:004:000:STREAM             1418599824.822975
 08 00 00 00 00 00

002:004:000:STREAM             1418599824.830977
 08 00 00 00 00 00

002:004:000:STREAM             1418599824.836964
 08 00 00 00 00 00

002:004:000:STREAM             1418599824.844951
 08 00 00 00 00 00

002:004:000:STREAM             1418599824.850970
 08 00 00 00 00 00

002:004:000:STREAM             1418599824.856975
 08 00 00 00 00 00

002:004:000:STREAM             1418599824.864958
 08 00 00 00 00 00

002:004:000:STREAM             1418599824.870976
 08 00 00 00 00 00

002:004:000:STREAM             1418599824.878977
 08 00 00 00 00 00

002:004:000:STREAM             1418599824.884970
 08 00 00 00 00 00

002:004:000:STREAM             1418599824.892902
 08 00 00 00 00 00

002:004:000:STREAM             1418599824.898979
 08 00 00 00 00 00

002:004:000:STREAM             1418599824.906985
 08 00 00 00 00 00

002:004:000:STREAM             1418599824.912972
 08 00 00 00 00 00

002:004:000:STREAM             1418599824.920977
 08 00 00 00 00 00

002:004:000:STREAM             1418599824.926961
 08 00 00 00 00 00

002:004:000:STREAM             1418599824.932944
 08 00 00 00 00 00

002:004:000:STREAM             1418599824.940972
 08 00 00 00 00 00

002:004:000:STREAM             1418599824.947008
 08 00 00 00 00 00

002:004:000:STREAM             1418599824.954951
 08 00 00 00 00 00

002:004:000:STREAM             1418599824.960934
 08 00 00 00 00 00

002:004:000:STREAM             1418599824.968927
 08 00 00 00 00 00

002:004:000:STREAM             1418599824.974976
 08 00 00 00 00 00

002:004:000:STREAM             1418599824.982966
 08 00 00 00 00 00

002:004:000:STREAM             1418599824.988955
 08 00 00 00 00 00

002:004:000:STREAM             1418599824.994969
 08 00 00 00 00 00

002:004:000:STREAM             1418599825.002933
 08 00 00 00 00 00

002:004:000:STREAM             1418599825.008934
 08 00 00 00 00 00

002:004:000:STREAM             1418599825.016961
 08 00 00 00 00 00

002:004:000:STREAM             1418599825.023034
 08 00 00 00 00 00

002:004:000:STREAM             1418599825.030973
 08 00 00 00 00 00

002:004:000:STREAM             1418599825.036974
 08 00 00 00 00 00

002:004:000:STREAM             1418599825.044975
 08 00 00 00 00 00

002:004:000:STREAM             1418599825.050963
 08 00 00 00 00 00

002:004:000:STREAM             1418599825.058976
 08 00 00 00 00 00

002:004:000:STREAM             1418599825.064948
 08 00 00 00 00 00

002:004:000:STREAM             1418599825.070976
 08 00 00 00 00 00

002:004:000:STREAM             1418599825.078975
 08 00 00 00 00 00

002:004:000:STREAM             1418599825.084965
 08 00 00 00 00 00

002:004:000:STREAM             1418599825.092967
 08 00 00 00 00 00

002:004:000:STREAM             1418599825.098975
 08 00 00 00 00 00

002:004:000:STREAM             1418599825.106973
 08 00 00 00 00 00

002:004:000:STREAM             1418599825.112969
 08 00 00 00 00 00

002:004:000:STREAM             1418599825.120952
 08 00 00 00 00 00

002:004:000:STREAM             1418599825.126968
 08 00 00 00 00 00

002:004:000:STREAM             1418599825.134911
 08 00 00 00 00 00

002:004:000:STREAM             1418599825.140975
 08 00 00 00 00 00

002:004:000:STREAM             1418599825.146973
 08 00 00 00 00 00

002:004:000:STREAM             1418599825.154975
 08 00 00 00 00 00

002:004:000:STREAM             1418599825.160956
 08 00 00 00 00 00

002:004:000:STREAM             1418599825.168948
 08 00 00 00 00 00

002:004:000:STREAM             1418599825.174965
 08 00 00 00 00 00

002:004:000:STREAM             1418599825.182962
 08 00 00 00 00 00

002:004:000:STREAM             1418599825.188973
 08 00 00 00 00 00

002:004:000:STREAM             1418599825.196977
 08 00 00 00 00 00

002:004:000:STREAM             1418599825.202975
 08 00 00 00 00 00

002:004:000:STREAM             1418599825.210935
 08 00 00 00 00 00

002:004:000:STREAM             1418599825.216951
 08 00 00 00 00 00

002:004:000:STREAM             1418599825.222937
 08 00 00 00 00 00

002:004:000:STREAM             1418599825.230966
 08 00 00 00 00 00

002:004:000:STREAM             1418599825.236958
 08 00 00 00 00 00

002:004:000:STREAM             1418599825.244951
 08 00 00 00 00 00

002:004:000:STREAM             1418599825.250918
 08 00 00 00 00 00

002:004:000:STREAM             1418599825.258930
 08 00 00 00 00 00

002:004:000:STREAM             1418599825.264919
 08 00 00 00 00 00

002:004:000:STREAM             1418599825.272976
 08 00 00 00 00 00

002:004:000:STREAM             1418599825.278972
 08 00 00 00 00 00

002:004:000:STREAM             1418599825.284976
 08 00 00 00 00 00

002:004:000:STREAM             1418599825.292932
 08 00 00 00 00 00

002:004:000:STREAM             1418599825.298969
 08 00 00 00 00 00

002:004:000:STREAM             1418599825.306954
 08 00 00 00 00 00

002:004:000:STREAM             1418599825.312891
 08 00 00 00 00 00

002:004:000:STREAM             1418599825.320938
 08 00 00 00 00 00

002:004:000:STREAM             1418599825.326926
 08 00 00 00 00 00

002:004:000:STREAM             1418599825.334967
 08 00 00 00 00 00

002:004:000:STREAM             1418599825.340915
 08 00 00 00 00 00

002:004:000:STREAM             1418599825.348930
 08 00 00 00 00 00

002:004:000:STREAM             1418599825.354947
 08 00 00 00 00 00

002:004:000:STREAM             1418599825.360986
 08 00 00 00 00 00

002:004:000:STREAM             1418599825.368916
 08 00 00 00 00 00

002:004:000:STREAM             1418599825.374904
 08 00 00 00 00 00

002:004:000:STREAM             1418599825.382967
 08 00 00 00 00 00

002:004:000:STREAM             1418599825.388970
 08 00 00 00 00 00

002:004:000:STREAM             1418599825.396954
 08 00 00 00 00 00

002:004:000:STREAM             1418599825.402964
 08 00 00 00 00 00

002:004:000:STREAM             1418599825.410980
 08 00 00 00 00 00

002:004:000:STREAM             1418599825.416975
 08 00 00 00 00 00

002:004:000:STREAM             1418599825.424968
 08 00 00 00 00 00

002:004:000:STREAM             1418599825.430977
 08 00 00 00 00 00

002:004:000:STREAM             1418599825.436969
 08 00 00 00 00 00

002:004:000:STREAM             1418599825.444977
 08 00 00 00 00 00

002:004:000:STREAM             1418599825.450958
 08 00 00 00 00 00

002:004:000:STREAM             1418599825.458976
 08 00 00 00 00 00

002:004:000:STREAM             1418599825.464963
 08 00 00 00 00 00

002:004:000:STREAM             1418599825.472942
 08 00 00 00 00 00

002:004:000:STREAM             1418599825.478964
 08 00 00 00 00 00

002:004:000:STREAM             1418599825.486973
 08 00 00 00 00 00

002:004:000:STREAM             1418599825.492971
 08 00 00 00 00 00

002:004:000:STREAM             1418599825.498972
 08 00 00 00 00 00

002:004:000:STREAM             1418599825.506997
 08 00 00 00 00 00

002:004:000:STREAM             1418599825.512899
 08 00 00 00 00 00

002:004:000:STREAM             1418599825.520971
 08 00 00 00 00 00

002:004:000:STREAM             1418599825.526919
 08 00 00 00 00 00

002:004:000:STREAM             1418599825.534968
 08 00 00 00 00 00

002:004:000:STREAM             1418599825.540969
 08 00 00 00 00 00

002:004:000:STREAM             1418599825.548976
 08 00 00 00 00 00

002:004:000:STREAM             1418599825.554934
 08 00 00 00 00 00

002:004:000:STREAM             1418599825.562974
 08 00 00 00 00 00

002:004:000:STREAM             1418599825.568986
 08 00 00 00 00 00

002:004:000:STREAM             1418599825.574933
 08 00 00 00 00 00

002:004:000:STREAM             1418599825.582951
 08 00 00 00 00 00

002:004:000:STREAM             1418599825.588932
 08 00 00 00 00 00

002:004:000:STREAM             1418599825.596979
 08 00 00 00 00 00

002:004:000:STREAM             1418599825.602966
 08 00 00 00 00 00

002:004:000:STREAM             1418599825.610975
 08 00 00 00 00 00

002:004:000:STREAM             1418599825.616960
 08 00 00 00 00 00

002:004:000:STREAM             1418599825.624972
 08 00 00 00 00 00

002:004:000:STREAM             1418599825.630953
 08 00 00 00 00 00

002:004:000:STREAM             1418599825.638975
 08 00 00 00 00 00

002:004:000:STREAM             1418599825.644936
 08 00 00 00 00 00

002:004:000:STREAM             1418599825.650943
 08 00 00 00 00 00

002:004:000:STREAM             1418599825.658976
 08 00 00 00 00 00

002:004:000:STREAM             1418599825.664935
 08 00 00 00 00 00

002:004:000:STREAM             1418599825.672976
 08 00 00 00 00 00

002:004:000:STREAM             1418599825.678996
 08 00 00 00 00 00

002:004:000:STREAM             1418599825.686977
 08 00 00 00 00 00

002:004:000:STREAM             1418599825.692940
 08 00 00 00 00 00

002:004:000:STREAM             1418599825.700978
 08 00 00 00 00 00

002:004:000:STREAM             1418599825.706964
 08 00 00 00 00 00

002:004:000:STREAM             1418599825.714916
 08 00 00 00 00 00

002:004:000:STREAM             1418599825.720977
 08 00 00 00 00 00

002:004:000:STREAM             1418599825.726954
 08 00 00 00 00 00

002:004:000:STREAM             1418599825.734975
 08 00 00 00 00 00

002:004:000:STREAM             1418599825.740976
 08 00 00 00 00 00

002:004:000:STREAM             1418599825.748971
 08 00 00 00 00 00

002:004:000:STREAM             1418599825.754962
 08 00 00 00 00 00

002:004:000:STREAM             1418599825.762966
 08 00 00 00 00 00

002:004:000:STREAM             1418599825.768963
 08 00 00 00 00 00

002:004:000:STREAM             1418599825.776915
 08 00 00 00 00 00

002:004:000:STREAM             1418599825.782959
 08 00 00 00 00 00

002:004:000:STREAM             1418599825.788977
 08 00 00 00 00 00

002:004:000:STREAM             1418599825.796909
 08 00 00 00 00 00

002:004:000:STREAM             1418599825.802965
 08 00 00 00 00 00

002:004:000:STREAM             1418599825.810965
 08 00 00 00 00 00

002:004:000:STREAM             1418599825.816959
 08 00 00 00 00 00

002:004:000:STREAM             1418599825.824917
 08 00 00 00 00 00

002:004:000:STREAM             1418599825.830977
 08 00 00 00 00 00

002:004:000:STREAM             1418599825.838967
 08 00 00 00 00 00

002:004:000:STREAM             1418599825.844976
 08 00 00 00 00 00

002:004:000:STREAM             1418599825.852966
 08 00 00 00 00 00

002:004:000:STREAM             1418599825.858969
 08 00 00 00 00 00

002:004:000:STREAM             1418599825.864962
 08 00 00 00 00 00

002:004:000:STREAM             1418599825.872937
 08 00 00 FF 00 00

002:004:000:STREAM             1418599825.878980
 08 00 00 FF 00 00

002:004:000:STREAM             1418599825.886972
 08 00 00 FF 00 00

002:004:000:STREAM             1418599825.892974
 08 00 00 FF 00 00

002:004:000:STREAM             1418599825.900975
 08 00 00 00 00 00

002:004:000:STREAM             1418599825.906931
 08 00 00 FE 00 00

002:004:000:STREAM             1418599825.914975
 08 00 00 FF 00 00

002:004:000:STREAM             1418599825.920951
 08 00 00 FE 00 00

002:004:000:STREAM             1418599825.928952
 08 00 FD FF 00 00

002:004:000:STREAM             1418599825.934915
 08 00 FC FE 00 00

002:004:000:STREAM             1418599825.940976
 08 00 FA FF 00 00

002:004:000:STREAM             1418599825.948919
 08 00 F9 FF 00 00

002:004:000:STREAM             1418599825.954951
 08 00 F8 FF 00 00

002:004:000:STREAM             1418599825.962969
 08 00 F7 00 00 00

002:004:000:STREAM             1418599825.968929
 08 00 F7 00 00 00

