002:004:000:STREAM             1418599682.078912
 08 00 00 FF 00 00

002:004:000:STREAM             1418599682.086882
 08 00 00 00 00 00

002:004:000:STREAM             1418599682.092870
 08 00 00 FF 00 00

002:004:000:STREAM             1418599682.100900
 08 00 00 FF 00 00

002:004:000:STREAM             1418599682.106831
 08 00 00 00 00 00

002:004:000:STREAM             1418599682.114967
 08 00 00 FF 00 00

002:004:000:STREAM             1418599682.120911
 08 00 00 FF 00 00

002:004:000:STREAM             1418599682.128829
 08 00 00 00 00 00

002:004:000:STREAM             1418599682.134883
 08 00 00 FF 00 00

002:004:000:STREAM             1418599682.140893
 08 00 00 00 00 00

002:004:000:STREAM             1418599682.148912
 08 00 00 00 00 00

002:004:000:STREAM             1418599682.154901
 08 00 00 00 00 00

002:004:000:STREAM             1418599682.162908
 08 00 00 FF 00 00

002:004:000:STREAM             1418599682.168908
 08 00 00 00 00 00

002:004:000:STREAM             1418599682.176861
 08 00 00 00 00 00

002:004:000:STREAM             1418599682.182833
 08 00 00 00 00 00

002:004:000:STREAM             1418599682.190890
 08 00 00 00 00 00

002:004:000:STREAM             1418599682.196909
 08 00 00 00 00 00

002:004:000:STREAM             1418599682.204873
 08 00 00 00 00 00

002:004:000:STREAM             1418599682.210910
 08 00 00 00 00 00

002:004:000:STREAM             1418599682.216856
 08 00 00 00 00 00

002:004:000:STREAM             1418599682.224912
 08 00 00 00 00 00

002:004:000:STREAM             1418599682.230866
 08 00 00 00 00 00

002:004:000:STREAM             1418599682.238888
 08 00 00 00 00 00

002:004:000:STREAM             1418599682.244885
 08 00 00 00 00 00

002:004:000:STREAM             1418599682.252883
 08 00 01 00 00 00

002:004:000:STREAM             1418599682.258909
 08 00 00 00 00 00

002:004:000:STREAM             1418599682.266908
 08 00 00 00 00 00

002:004:000:STREAM             1418599682.272912
 08 00 00 00 00 00

002:004:000:STREAM             1418599682.280891
 08 00 00 00 00 00

002:004:000:STREAM             1418599682.286909
 08 00 00 00 00 00

002:004:000:STREAM             1418599682.292870
 08 00 00 00 00 00

002:004:000:STREAM             1418599682.300912
 08 00 00 00 00 00

002:004:000:STREAM             1418599682.306909
 08 00 00 00 00 00

002:004:000:STREAM             1418599682.314909
 08 00 00 00 00 00

002:004:000:STREAM             1418599682.320872
 08 00 00 00 00 00

002:004:000:STREAM             1418599682.328868
 08 00 00 00 00 00

002:004:000:STREAM             1418599682.334884
 08 00 00 00 00 00

002:004:000:STREAM             1418599682.342922
 08 00 00 00 00 00

002:004:000:STREAM             1418599682.348909
 08 00 00 00 00 00

002:004:000:STREAM             1418599682.356905
 08 00 00 FF 00 00

002:004:000:STREAM             1418599682.362907
 08 00 00 00 00 00

002:004:000:STREAM             1418599682.368904
 08 00 00 00 00 00

002:004:000:STREAM             1418599682.376900
 08 00 00 FF 00 00

002:004:000:STREAM             1418599682.382883
 08 00 00 00 00 00

002:004:000:STREAM             1418599682.390905
 08 00 00 00 00 00

002:004:000:STREAM             1418599682.396910
 08 00 00 FF 00 00

002:004:000:STREAM             1418599682.404911
 08 00 00 00 00 00

002:004:000:STREAM             1418599682.410908
 08 00 00 FF 00 00

002:004:000:STREAM             1418599682.418835
 08 00 00 00 00 00

002:004:000:STREAM             1418599682.424911
 08 00 00 00 00 00

002:004:000:STREAM             1418599682.430827
 08 00 00 00 00 00

002:004:000:STREAM             1418599682.438906
 08 00 00 FF 00 00

002:004:000:STREAM             1418599682.444894
 08 00 00 00 00 00

002:004:000:STREAM             1418599682.452859
 08 00 00 00 00 00

002:004:000:STREAM             1418599682.458861
 08 00 00 FF 00 00

002:004:000:STREAM             1418599682.466852
 08 00 00 00 00 00

002:004:000:STREAM             1418599682.472837
 08 00 00 00 00 00

002:004:000:STREAM             1418599682.480831
 08 00 00 00 00 00

002:004:000:STREAM             1418599682.486858
 08 00 00 00 00 00

002:004:000:STREAM             1418599682.494861
 08 00 00 FF 00 00

002:004:000:STREAM             1418599682.500857
 08 00 00 00 00 00

002:004:000:STREAM             1418599682.506840
 08 00 00 00 00 00

002:004:000:STREAM             1418599682.514866
 08 00 00 00 00 00

002:004:000:STREAM             1418599682.520834
 08 00 00 00 00 00

002:004:000:STREAM             1418599682.528860
 08 00 00 00 00 00

002:004:000:STREAM             1418599682.534830
 08 00 00 00 00 00

002:004:000:STREAM             1418599682.542834
 08 00 00 FF 00 00

002:004:000:STREAM             1418599682.548829
 08 00 00 00 00 00

002:004:000:STREAM             1418599682.556830
 08 00 00 00 00 00

002:004:000:STREAM             1418599682.562840
 08 00 00 00 00 00

002:004:000:STREAM             1418599682.570838
 08 00 00 FF 00 00

002:004:000:STREAM             1418599682.576834
 08 00 00 00 00 00

002:004:000:STREAM             1418599682.582851
 08 00 00 00 00 00

002:004:000:STREAM             1418599682.590842
 08 00 00 00 00 00

002:004:000:STREAM             1418599682.596853
 08 00 00 00 00 00

002:004:000:STREAM             1418599682.604837
 08 00 00 00 00 00

002:004:000:STREAM             1418599682.610840
 08 00 00 00 00 00

002:004:000:STREAM             1418599682.618866
 08 00 00 00 00 00

002:004:000:STREAM             1418599682.624856
 08 00 00 00 00 00

002:004:000:STREAM             1418599682.632838
 08 00 00 00 00 00

002:004:000:STREAM             1418599682.638856
 08 00 00 00 00 00

002:004:000:STREAM             1418599682.646862
 08 00 00 00 00 00

002:004:000:STREAM             1418599682.652860
 08 00 00 00 00 00

002:004:000:STREAM             1418599682.658859
 08 00 00 00 00 00

002:004:000:STREAM             1418599682.666877
 08 00 00 00 00 00

002:004:000:STREAM             1418599682.672839
 08 00 00 00 00 00

002:004:000:STREAM             1418599682.680860
 08 00 00 00 00 00

002:004:000:STREAM             1418599682.686870
 08 00 00 00 00 00

002:004:000:STREAM             1418599682.694918
 08 00 00 00 00 00

002:004:000:STREAM             1418599682.700902
 08 00 00 00 00 00

002:004:000:STREAM             1418599682.708911
 08 00 00 00 00 00

002:004:000:STREAM             1418599682.714902
 08 00 00 00 00 00

002:004:000:STREAM             1418599682.720898
 08 00 00 FF 00 00

002:004:000:STREAM             1418599682.728877
 08 00 00 00 00 00

002:004:000:STREAM             1418599682.734903
 08 00 00 00 00 00

002:004:000:STREAM             1418599682.742908
 08 00 00 00 00 00

002:004:000:STREAM             1418599682.748844
 08 00 00 00 00 00

002:004:000:STREAM             1418599682.756886
 08 00 00 00 00 00

002:004:000:STREAM             1418599682.762902
 08 00 00 00 00 00

002:004:000:STREAM             1418599682.770909
 08 00 00 00 00 00

002:004:000:STREAM             1418599682.776898
 08 00 00 00 00 00

002:004:000:STREAM             1418599682.784870
 08 00 00 00 00 00

002:004:000:STREAM             1418599682.790894
 08 00 01 00 00 00

002:004:000:STREAM             1418599682.796902
 08 00 00 00 00 00

002:004:000:STREAM             1418599682.804848
 08 00 00 00 00 00

002:004:000:STREAM             1418599682.810900
 08 00 00 00 00 00

002:004:000:STREAM             1418599682.818908
 08 00 00 00 00 00

002:004:000:STREAM             1418599682.824869
 08 00 00 00 00 00

002:004:000:STREAM             1418599682.832895
 08 00 00 00 00 00

002:004:000:STREAM             1418599682.838879
 08 00 00 00 00 00

002:004:000:STREAM             1418599682.846864
 08 00 00 00 00 00

002:004:000:STREAM             1418599682.852898
 08 00 00 00 00 00

002:004:000:STREAM             1418599682.860844
 08 00 00 00 00 00

002:004:000:STREAM             1418599682.866879
 08 00 00 00 00 00

002:004:000:STREAM             1418599682.872885
 08 00 00 00 00 00

002:004:000:STREAM             1418599682.880896
 08 00 00 00 00 00

002:004:000:STREAM             1418599682.886879
 08 00 00 00 00 00

002:004:000:STREAM             1418599682.894895
 08 00 00 00 00 00

002:004:000:STREAM             1418599682.900880
 08 00 00 00 00 00

002:004:000:STREAM             1418599682.908904
 08 00 00 00 00 00

002:004:000:STREAM             1418599682.914912
 08 00 00 00 00 00

002:004:000:STREAM             1418599682.922887
 08 00 00 00 00 00

002:004:000:STREAM             1418599682.928836
 08 00 00 00 00 00

002:004:000:STREAM             1418599682.936907
 08 00 00 00 00 00

002:004:000:STREAM             1418599682.942945
 08 00 00 00 00 00

002:004:000:STREAM             1418599682.948828
 08 00 00 00 00 00

002:004:000:STREAM             1418599682.956904
 08 00 00 00 00 00

002:004:000:STREAM             1418599682.962910
 08 00 00 00 00 00

002:004:000:STREAM             1418599682.970891
 08 00 00 00 00 00

002:004:000:STREAM             1418599682.976898
 08 00 00 00 00 00

002:004:000:STREAM             1418599682.984847
 08 00 00 00 00 00

002:004:000:STREAM             1418599682.990902
 08 00 00 00 00 00

002:004:000:STREAM             1418599682.998896
 08 00 00 00 00 00

002:004:000:STREAM             1418599683.004891
 08 00 00 00 00 00

002:004:000:STREAM             1418599683.012910
 08 00 00 00 00 00

002:004:000:STREAM             1418599683.018896
 08 00 00 00 00 00

002:004:000:STREAM             1418599683.024899
 08 00 00 00 00 00

002:004:000:STREAM             1418599683.032885
 08 00 00 00 00 00

002:004:000:STREAM             1418599683.038919
 08 00 00 00 00 00

002:004:000:STREAM             1418599683.046835
 08 00 00 00 00 00

002:004:000:STREAM             1418599683.052911
 08 00 00 00 00 00

002:004:000:STREAM             1418599683.060910
 08 00 00 00 00 00

002:004:000:STREAM             1418599683.066883
 08 00 00 00 00 00

002:004:000:STREAM             1418599683.074909
 08 00 00 00 00 00

002:004:000:STREAM             1418599683.080911
 08 00 00 00 00 00

002:004:000:STREAM             1418599683.086899
 08 00 00 00 00 00

002:004:000:STREAM             1418599683.094910
 08 00 00 00 00 00

002:004:000:STREAM             1418599683.100901
 08 00 00 00 00 00

002:004:000:STREAM             1418599683.108858
 08 00 00 00 00 00

002:004:000:STREAM             1418599683.114838
 08 00 00 00 00 00

002:004:000:STREAM             1418599683.122909
 08 00 00 00 00 00

002:004:000:STREAM             1418599683.128901
 08 00 00 00 00 00

002:004:000:STREAM             1418599683.136908
 08 00 00 00 00 00

002:004:000:STREAM             1418599683.142910
 08 00 00 00 00 00

002:004:000:STREAM             1418599683.150915
 08 00 00 00 00 00

002:004:000:STREAM             1418599683.156895
 08 00 00 00 00 00

002:004:000:STREAM             1418599683.164842
 08 01 00 00 00 00

002:004:000:STREAM             1418599683.170880
 08 01 00 00 00 00

002:004:000:STREAM             1418599683.178907
 08 01 00 00 00 00

002:004:000:STREAM             1418599683.186873
 08 01 00 00 00 00

002:004:000:STREAM             1418599683.192910
 08 01 00 00 00 00

002:004:000:STREAM             1418599683.200858
 08 01 00 00 00 00

002:004:000:STREAM             1418599683.206895
 08 01 00 00 00 00

002:004:000:STREAM             1418599683.214877
 08 01 00 00 00 00

002:004:000:STREAM             1418599683.222836
 08 01 00 00 00 00

002:004:000:STREAM             1418599683.228890
 08 01 00 00 00 00

002:004:000:STREAM             1418599683.236912
 08 01 00 00 00 00

002:004:000:STREAM             1418599683.244903
 08 01 00 00 00 00

002:004:000:STREAM             1418599683.250997
 08 01 00 00 00 00

002:004:000:STREAM             1418599683.258903
 08 01 00 00 00 00

002:004:000:STREAM             1418599683.264898
 08 01 00 00 00 00

002:004:000:STREAM             1418599683.272913
 08 01 00 00 00 00

002:004:000:STREAM             1418599683.280910
 08 01 00 00 00 00

002:004:000:STREAM             1418599683.286909
 08 01 00 00 00 00

002:004:000:STREAM             1418599683.294911
 08 01 00 00 00 00

002:004:000:STREAM             1418599683.300909
 08 01 00 00 00 00

002:004:000:STREAM             1418599683.308900
 08 01 00 00 00 00

002:004:000:STREAM             1418599683.316869
 08 01 00 00 00 00

002:004:000:STREAM             1418599683.322904
 08 01 00 00 00 00

002:004:000:STREAM             1418599683.330901
 08 01 00 00 00 00

002:004:000:STREAM             1418599683.336864
 08 01 00 00 00 00

002:004:000:STREAM             1418599683.344827
 08 01 00 00 00 00

002:004:000:STREAM             1418599683.352842
 08 01 00 FF 00 00

002:004:000:STREAM             1418599683.358875
 08 01 00 00 00 00

002:004:000:STREAM             1418599683.366868
 08 01 00 00 00 00

002:004:000:STREAM             1418599683.372890
 08 01 00 00 00 00

002:004:000:STREAM             1418599683.380922
 08 01 00 00 00 00

002:004:000:STREAM             1418599683.388907
 08 01 00 00 00 00

002:004:000:STREAM             1418599683.394900
 08 01 00 00 00 00

002:004:000:STREAM             1418599683.402894
 08 01 00 00 00 00

002:004:000:STREAM             1418599683.410834
 08 01 00 00 00 00

002:004:000:STREAM             1418599683.416908
 08 00 00 00 00 00

002:004:000:STREAM             1418599683.424904
 08 00 00 00 00 00

002:004:000:STREAM             1418599683.430838
 08 00 00 00 00 00

002:004:000:STREAM             1418599683.436911
 08 00 00 00 00 00

002:004:000:STREAM             1418599683.444905
 08 00 00 00 00 00

002:004:000:STREAM             1418599683.450899
 08 00 00 00 00 00

002:004:000:STREAM             1418599683.458913
 08 00 00 00 00 00

002:004:000:STREAM             1418599683.464904
 08 00 00 00 00 00

002:004:000:STREAM             1418599683.472868
 08 00 00 00 00 00

002:004:000:STREAM             1418599683.478885
 08 00 00 00 00 00

002:004:000:STREAM             1418599683.486889
 08 00 00 00 00 00

002:004:000:STREAM             1418599683.492898
 08 00 00 00 00 00

002:004:000:STREAM             1418599683.498884
 08 00 00 00 00 00

002:004:000:STREAM             1418599683.506831
 08 00 00 00 00 00

002:004:000:STREAM             1418599683.512836
 08 00 00 00 00 00

002:004:000:STREAM             1418599683.520901
 08 00 00 00 00 00

002:004:000:STREAM             1418599683.526910
 08 00 00 00 00 00

002:004:000:STREAM             1418599683.534811
 08 00 00 00 00 00

002:004:000:STREAM             1418599683.540911
 08 00 00 00 00 00

002:004:000:STREAM             1418599683.548876
 08 00 00 00 00 00

002:004:000:STREAM             1418599683.554836
 08 00 00 00 00 00

002:004:000:STREAM             1418599683.562910
 08 00 00 00 00 00

002:004:000:STREAM             1418599683.568934
 08 00 00 00 00 00

002:004:000:STREAM             1418599683.574900
 08 00 00 00 00 00

002:004:000:STREAM             1418599683.582901
 08 00 00 00 00 00

002:004:000:STREAM             1418599683.588899
 08 00 00 00 00 00

002:004:000:STREAM             1418599683.596907
 08 00 00 00 00 00

002:004:000:STREAM             1418599683.602902
 08 00 00 00 00 00

002:004:000:STREAM             1418599683.610855
 08 00 00 00 00 00

002:004:000:STREAM             1418599683.616903
 08 00 00 00 00 00

002:004:000:STREAM             1418599683.624839
 08 00 00 00 00 00

002:004:000:STREAM             1418599683.630898
 08 00 00 00 00 00

002:004:000:STREAM             1418599683.638908
 08 00 00 00 00 00

002:004:000:STREAM             1418599683.644887
 08 00 00 00 00 00

002:004:000:STREAM             1418599683.650864
 08 00 00 00 00 00

002:004:000:STREAM             1418599683.658934
 08 00 00 00 00 00

002:004:000:STREAM             1418599683.664864
 08 00 00 00 00 00

002:004:000:STREAM             1418599683.672886
 08 00 00 00 00 00

002:004:000:STREAM             1418599683.678882
 08 00 00 00 00 00

002:004:000:STREAM             1418599683.686903
 08 00 00 00 00 00

002:004:000:STREAM             1418599683.692903
 08 00 00 00 00 00

002:004:000:STREAM             1418599683.700886
 08 00 00 00 00 00

002:004:000:STREAM             1418599683.706899
 08 00 00 00 00 00

002:004:000:STREAM             1418599683.714863
 08 00 00 00 00 00

002:004:000:STREAM             1418599683.720903
 08 00 00 00 00 00

002:004:000:STREAM             1418599683.726911
 08 00 00 00 00 00

002:004:000:STREAM             1418599683.734901
 08 00 00 00 00 00

002:004:000:STREAM             1418599683.740909
 08 00 00 00 00 00

002:004:000:STREAM             1418599683.748910
 08 00 00 00 00 00

002:004:000:STREAM             1418599683.754870
 08 00 00 FF 00 00

002:004:000:STREAM             1418599683.762911
 08 00 00 00 00 00

002:004:000:STREAM             1418599683.768910
 08 00 00 00 00 00

002:004:000:STREAM             1418599683.776885
 08 00 00 00 00 00

002:004:000:STREAM             1418599683.782882
 08 00 00 00 00 00

002:004:000:STREAM             1418599683.788913
 08 00 00 00 00 00

002:004:000:STREAM             1418599683.796888
 08 00 00 00 00 00

002:004:000:STREAM             1418599683.802910
 08 00 00 00 00 00

002:004:000:STREAM             1418599683.810886
 08 00 00 00 00 00

002:004:000:STREAM             1418599683.816905
 08 00 00 00 00 00

002:004:000:STREAM             1418599683.824911
 08 00 00 00 00 00

002:004:000:STREAM             1418599683.830918
 08 00 00 00 00 00

002:004:000:STREAM             1418599683.838884
 08 00 00 00 00 00

002:004:000:STREAM             1418599683.844904
 08 00 00 00 00 00

002:004:000:STREAM             1418599683.852900
 08 00 00 00 00 00

002:004:000:STREAM             1418599683.858901
 08 00 00 00 00 00

002:004:000:STREAM             1418599683.864913
 08 00 00 00 00 00

002:004:000:STREAM             1418599683.872892
 08 00 00 00 00 00

002:004:000:STREAM             1418599683.878907
 08 00 00 00 00 00

002:004:000:STREAM             1418599683.886885
 08 00 00 00 00 00

002:004:000:STREAM             1418599683.892897
 08 00 00 00 00 00

002:004:000:STREAM             1418599683.900946
 08 00 00 00 00 00

002:004:000:STREAM             1418599683.906852
 08 00 00 00 00 00

002:004:000:STREAM             1418599683.914887
 08 00 00 00 00 00

002:004:000:STREAM             1418599683.920873
 08 00 00 00 00 00

002:004:000:STREAM             1418599683.928906
 08 00 00 00 00 00

002:004:000:STREAM             1418599683.934893
 08 00 00 00 00 00

002:004:000:STREAM             1418599683.940906
 08 00 00 00 00 00

002:004:000:STREAM             1418599683.948910
 08 00 00 00 00 00

002:004:000:STREAM             1418599683.954903
 08 00 00 00 00 00

002:004:000:STREAM             1418599683.962911
 08 00 00 00 00 00

002:004:000:STREAM             1418599683.968914
 08 00 00 00 00 00

002:004:000:STREAM             1418599683.976887
 08 00 00 00 00 00

002:004:000:STREAM             1418599683.982874
 08 00 00 00 00 00

002:004:000:STREAM             1418599683.990864
 08 00 00 00 00 00

002:004:000:STREAM             1418599683.996869
 08 00 00 00 00 00

002:004:000:STREAM             1418599684.004892
 08 00 00 00 00 00

002:004:000:STREAM             1418599684.010909
 08 00 00 00 00 00

002:004:000:STREAM             1418599684.016886
 08 00 00 00 00 00

002:004:000:STREAM             1418599684.024898
 08 00 00 00 00 00

002:004:000:STREAM             1418599684.030902
 08 00 00 00 00 00

002:004:000:STREAM             1418599684.038861
 08 00 00 00 00 00

002:004:000:STREAM             1418599684.044910
 08 00 00 00 00 00

002:004:000:STREAM             1418599684.052872
 08 00 00 00 00 00

002:004:000:STREAM             1418599684.058886
 08 00 00 00 00 00

002:004:000:STREAM             1418599684.066907
 08 00 00 00 00 00

002:004:000:STREAM             1418599684.072897
 08 00 00 00 00 00

002:004:000:STREAM             1418599684.080878
 08 00 00 00 00 00

002:004:000:STREAM             1418599684.086904
 08 00 00 00 00 00

002:004:000:STREAM             1418599684.092880
 08 00 00 00 00 00

002:004:000:STREAM             1418599684.100911
 08 00 00 00 00 00

002:004:000:STREAM             1418599684.106905
 08 00 00 00 00 00

002:004:000:STREAM             1418599684.114885
 08 00 00 00 00 00

002:004:000:STREAM             1418599684.120905
 08 00 00 00 00 00

002:004:000:STREAM             1418599684.128854
 08 00 00 00 00 00

002:004:000:STREAM             1418599684.134899
 08 00 00 00 00 00

002:004:000:STREAM             1418599684.142886
 08 00 00 00 00 00

002:004:000:STREAM             1418599684.148846
 08 00 00 00 00 00

002:004:000:STREAM             1418599684.154903
 08 00 00 00 00 00

002:004:000:STREAM             1418599684.162846
 08 00 00 00 00 00

002:004:000:STREAM             1418599684.168909
 08 00 00 00 00 00

002:004:000:STREAM             1418599684.176886
 08 00 00 00 00 00

002:004:000:STREAM             1418599684.182909
 08 00 00 00 00 00

002:004:000:STREAM             1418599684.190878
 08 00 00 00 00 00

002:004:000:STREAM             1418599684.196871
 08 00 00 00 00 00

002:004:000:STREAM             1418599684.204900
 08 00 00 00 00 00

002:004:000:STREAM             1418599684.210966
 08 00 00 00 00 00

002:004:000:STREAM             1418599684.218907
 08 00 00 00 00 00

002:004:000:STREAM             1418599684.224905
 08 00 00 00 00 00

002:004:000:STREAM             1418599684.230864
 08 00 00 00 00 00

002:004:000:STREAM             1418599684.238912
 08 00 00 00 00 00

002:004:000:STREAM             1418599684.244885
 08 00 00 00 00 00

002:004:000:STREAM             1418599684.252821
 08 00 00 00 00 00

002:004:000:STREAM             1418599684.258912
 08 00 00 00 00 00

002:004:000:STREAM             1418599684.266884
 08 00 00 00 00 00

002:004:000:STREAM             1418599684.272911
 08 00 00 00 00 00

002:004:000:STREAM             1418599684.280912
 08 00 00 00 00 00

002:004:000:STREAM             1418599684.286887
 08 00 00 00 00 00

002:004:000:STREAM             1418599684.294887
 08 00 00 00 00 00

002:004:000:STREAM             1418599684.300888
 08 00 00 00 00 00

002:004:000:STREAM             1418599684.306911
 08 00 00 00 00 00

002:004:000:STREAM             1418599684.314882
 08 00 00 00 00 00

002:004:000:STREAM             1418599684.320869
 08 00 00 00 00 00

002:004:000:STREAM             1418599684.328899
 08 00 00 00 00 00

002:004:000:STREAM             1418599684.334911
 08 00 00 00 00 00

002:004:000:STREAM             1418599684.342877
 08 00 00 00 00 00

002:004:000:STREAM             1418599684.348886
 08 00 00 00 00 00

002:004:000:STREAM             1418599684.356944
 08 00 00 00 00 00

002:004:000:STREAM             1418599684.362875
 08 00 00 00 00 00

002:004:000:STREAM             1418599684.370868
 08 00 00 00 00 00

002:004:000:STREAM             1418599684.376844
 08 00 00 00 00 00

002:004:000:STREAM             1418599684.382823
 08 00 00 00 00 00

002:004:000:STREAM             1418599684.390885
 08 00 00 00 00 00

002:004:000:STREAM             1418599684.396886
 08 00 00 00 00 00

002:004:000:STREAM             1418599684.404872
 08 00 00 00 00 00

002:004:000:STREAM             1418599684.410879
 08 00 00 00 00 00

002:004:000:STREAM             1418599684.418905
 08 00 00 00 00 00

002:004:000:STREAM             1418599684.424886
 08 00 00 00 00 00

002:004:000:STREAM             1418599684.432836
 08 00 00 00 00 00

002:004:000:STREAM             1418599684.438877
 08 00 00 00 00 00

002:004:000:STREAM             1418599684.446884
 08 00 00 00 00 00

002:004:000:STREAM             1418599684.452897
 08 00 00 00 00 00

002:004:000:STREAM             1418599684.458900
 08 00 00 00 00 00

002:004:000:STREAM             1418599684.466905
 08 00 00 00 00 00

002:004:000:STREAM             1418599684.472905
 08 00 00 00 00 00

002:004:000:STREAM             1418599684.480823
 08 00 00 00 00 00

002:004:000:STREAM             1418599684.486880
 08 00 00 00 00 00

002:004:000:STREAM             1418599684.494874
 08 00 00 00 00 00

002:004:000:STREAM             1418599684.500902
 08 00 00 00 00 00

002:004:000:STREAM             1418599684.508891
 08 00 00 00 00 00

002:004:000:STREAM             1418599684.516849
 08 00 00 00 00 00

002:004:000:STREAM             1418599684.522897
 08 02 00 00 00 00

002:004:000:STREAM             1418599684.530868
 08 02 00 00 00 00

002:004:000:STREAM             1418599684.538879
 08 02 00 00 00 00

002:004:000:STREAM             1418599684.546904
 08 02 00 00 00 00

002:004:000:STREAM             1418599684.552909
 08 02 00 00 00 00

002:004:000:STREAM             1418599684.560917
 08 02 00 00 00 00

002:004:000:STREAM             1418599684.568871
 08 02 00 00 00 00

002:004:000:STREAM             1418599684.576902
 08 02 00 00 00 00

002:004:000:STREAM             1418599684.584928
 08 02 00 00 00 00

002:004:000:STREAM             1418599684.590887
 08 02 00 00 00 00

002:004:000:STREAM             1418599684.598884
 08 02 00 00 00 00

002:004:000:STREAM             1418599684.606901
 08 02 00 00 00 00

002:004:000:STREAM             1418599684.614886
 08 02 00 00 00 00

002:004:000:STREAM             1418599684.620882
 08 02 00 00 00 00

002:004:000:STREAM             1418599684.628911
 08 02 00 00 00 00

002:004:000:STREAM             1418599684.636888
 08 02 00 00 00 00

002:004:000:STREAM             1418599684.644885
 08 02 00 00 00 00

002:004:000:STREAM             1418599684.652912
 08 02 00 FF 00 00

002:004:000:STREAM             1418599684.658909
 08 02 00 00 00 00

002:004:000:STREAM             1418599684.666913
 08 02 00 00 00 00

002:004:000:STREAM             1418599684.674898
 08 02 00 00 00 00

002:004:000:STREAM             1418599684.682905
 08 02 00 00 00 00

002:004:000:STREAM             1418599684.688886
 08 02 00 00 00 00

002:004:000:STREAM             1418599684.696905
 08 02 00 00 00 00

002:004:000:STREAM             1418599684.704898
 08 02 00 00 00 00

002:004:000:STREAM             1418599684.710909
 08 02 00 00 00 00

002:004:000:STREAM             1418599684.718913
 08 00 00 00 00 00

002:004:000:STREAM             1418599684.724885
 08 00 00 00 00 00

002:004:000:STREAM             1418599684.732903
 08 00 00 00 00 00

002:004:000:STREAM             1418599684.738885
 08 00 00 00 00 00

002:004:000:STREAM             1418599684.746927
 08 00 00 00 00 00

002:004:000:STREAM             1418599684.752886
 08 00 00 00 00 00

002:004:000:STREAM             1418599684.760898
 08 00 00 00 00 00

002:004:000:STREAM             1418599684.766864
 08 00 00 00 00 00

002:004:000:STREAM             1418599684.772906
 08 00 00 00 00 00

002:004:000:STREAM             1418599684.780916
 08 00 00 00 00 00

002:004:000:STREAM             1418599684.786961
 08 00 00 00 00 00

002:004:000:STREAM             1418599684.794889
 08 00 00 00 00 00

002:004:000:STREAM             1418599684.800918
 08 00 00 00 00 00

002:004:000:STREAM             1418599684.808906
 08 00 00 00 00 00

002:004:000:STREAM             1418599684.814910
 08 00 00 00 00 00

002:004:000:STREAM             1418599684.822911
 08 00 00 00 00 00

002:004:000:STREAM             1418599684.828857
 08 00 00 00 00 00

002:004:000:STREAM             1418599684.836866
 08 00 00 00 00 00

002:004:000:STREAM             1418599684.842886
 08 00 00 00 00 00

002:004:000:STREAM             1418599684.848945
 08 00 00 00 00 00

002:004:000:STREAM             1418599684.856910
 08 00 00 00 00 00

002:004:000:STREAM             1418599684.862894
 08 00 00 00 00 00

002:004:000:STREAM             1418599684.870902
 08 00 00 00 00 00

002:004:000:STREAM             1418599684.876910
 08 00 00 00 00 00

002:004:000:STREAM             1418599684.884894
 08 00 00 00 00 00

002:004:000:STREAM             1418599684.890895
 08 00 00 00 00 00

002:004:000:STREAM             1418599684.898905
 08 00 00 00 00 00

002:004:000:STREAM             1418599684.904901
 08 00 00 00 00 00

002:004:000:STREAM             1418599684.910908
 08 00 00 00 00 00

002:004:000:STREAM             1418599684.918847
 08 00 00 00 00 00

002:004:000:STREAM             1418599684.924910
 08 00 00 00 00 00

002:004:000:STREAM             1418599684.932898
 08 00 00 00 00 00

002:004:000:STREAM             1418599684.938888
 08 00 00 00 00 00

002:004:000:STREAM             1418599684.946824
 08 00 00 00 00 00

002:004:000:STREAM             1418599684.952890
 08 00 00 00 00 00

002:004:000:STREAM             1418599684.960970
 08 00 00 00 00 00

002:004:000:STREAM             1418599684.966911
 08 00 00 00 00 00

002:004:000:STREAM             1418599684.974911
 08 00 00 00 00 00

002:004:000:STREAM             1418599684.980937
 08 00 00 00 00 00

002:004:000:STREAM             1418599684.986905
 08 00 00 00 00 00

002:004:000:STREAM             1418599684.994869
 08 00 00 00 00 00

002:004:000:STREAM             1418599685.000904
 08 00 00 00 00 00

002:004:000:STREAM             1418599685.008870
 08 00 00 00 00 00

002:004:000:STREAM             1418599685.014905
 08 00 00 00 00 00

002:004:000:STREAM             1418599685.022945
 08 00 00 00 00 00

002:004:000:STREAM             1418599685.028815
 08 00 00 00 00 00

002:004:000:STREAM             1418599685.036901
 08 00 00 00 00 00

002:004:000:STREAM             1418599685.042911
 08 00 00 00 00 00

002:004:000:STREAM             1418599685.050867
 08 00 00 00 00 00

002:004:000:STREAM             1418599685.056899
 08 00 00 00 00 00

002:004:000:STREAM             1418599685.062881
 08 00 00 00 00 00

002:004:000:STREAM             1418599685.070903
 08 00 00 00 00 00

002:004:000:STREAM             1418599685.076885
 08 00 00 00 00 00

002:004:000:STREAM             1418599685.084911
 08 00 00 00 00 00

002:004:000:STREAM             1418599685.090897
 08 00 00 00 00 00

002:004:000:STREAM             1418599685.098898
 08 00 00 00 00 00

002:004:000:STREAM             1418599685.104905
 08 00 00 00 00 00

002:004:000:STREAM             1418599685.112823
 08 00 00 00 00 00

002:004:000:STREAM             1418599685.118857
 08 00 00 FF 00 00

002:004:000:STREAM             1418599685.126899
 08 00 00 00 00 00

002:004:000:STREAM             1418599685.132903
 08 00 00 00 00 00

002:004:000:STREAM             1418599685.138908
 08 00 00 00 00 00

002:004:000:STREAM             1418599685.146874
 08 00 00 00 00 00

002:004:000:STREAM             1418599685.152902
 08 00 00 00 00 00

002:004:000:STREAM             1418599685.160940
 08 00 00 00 00 00

002:004:000:STREAM             1418599685.166892
 08 00 00 00 00 00

002:004:000:STREAM             1418599685.174892
 08 00 00 00 00 00

002:004:000:STREAM             1418599685.180862
 08 00 00 00 00 00

002:004:000:STREAM             1418599685.188912
 08 00 00 00 00 00

002:004:000:STREAM             1418599685.194904
 08 00 00 00 00 00

002:004:000:STREAM             1418599685.202904
 08 00 00 00 00 00

002:004:000:STREAM             1418599685.208908
 08 00 00 00 00 00

002:004:000:STREAM             1418599685.214913
 08 00 00 00 00 00

002:004:000:STREAM             1418599685.222903
 08 00 00 00 00 00

002:004:000:STREAM             1418599685.228824
 08 00 00 00 00 00

002:004:000:STREAM             1418599685.236928
 08 00 00 00 00 00

002:004:000:STREAM             1418599685.242866
 08 00 00 00 00 00

002:004:000:STREAM             1418599685.250866
 08 00 00 00 00 00

002:004:000:STREAM             1418599685.256904
 08 00 00 00 00 00

002:004:000:STREAM             1418599685.264910
 08 00 00 00 00 00

002:004:000:STREAM             1418599685.270909
 08 00 00 00 00 00

002:004:000:STREAM             1418599685.276863
 08 00 00 00 00 00

002:004:000:STREAM             1418599685.284882
 08 00 00 00 00 00

002:004:000:STREAM             1418599685.290883
 08 00 00 00 00 00

002:004:000:STREAM             1418599685.298906
 08 00 00 00 00 00

002:004:000:STREAM             1418599685.304872
 08 00 00 00 00 00

002:004:000:STREAM             1418599685.312897
 08 00 00 00 00 00

002:004:000:STREAM             1418599685.318912
 08 00 00 00 00 00

002:004:000:STREAM             1418599685.326898
 08 00 00 00 00 00

002:004:000:STREAM             1418599685.332909
 08 00 00 00 00 00

002:004:000:STREAM             1418599685.340831
 08 00 00 00 00 00

002:004:000:STREAM             1418599685.346847
 08 00 00 00 00 00

002:004:000:STREAM             1418599685.352811
 08 00 00 00 00 00

002:004:000:STREAM             1418599685.360857
 08 00 00 00 00 00

002:004:000:STREAM             1418599685.366915
 08 00 00 00 00 00

002:004:000:STREAM             1418599685.374899
 08 00 00 00 00 00

002:004:000:STREAM             1418599685.380911
 08 00 00 00 00 00

002:004:000:STREAM             1418599685.388899
 08 00 00 00 00 00

002:004:000:STREAM             1418599685.394904
 08 00 00 00 00 00

002:004:000:STREAM             1418599685.402886
 08 00 00 00 00 00

002:004:000:STREAM             1418599685.408897
 08 00 00 00 00 00

002:004:000:STREAM             1418599685.416901
 08 00 00 00 00 00

002:004:000:STREAM             1418599685.422902
 08 00 00 00 00 00

002:004:000:STREAM             1418599685.428900
 08 00 00 00 00 00

002:004:000:STREAM             1418599685.436868
 08 00 00 00 00 00

002:004:000:STREAM             1418599685.442922
 08 00 00 00 00 00

002:004:000:STREAM             1418599685.450838
 08 00 00 00 00 00

002:004:000:STREAM             1418599685.456833
 08 00 00 00 00 00

002:004:000:STREAM             1418599685.464905
 08 00 00 00 00 00

002:004:000:STREAM             1418599685.470901
 08 00 00 00 00 00

002:004:000:STREAM             1418599685.478879
 08 00 00 00 00 00

002:004:000:STREAM             1418599685.484875
 08 00 00 00 00 00

002:004:000:STREAM             1418599685.492875
 08 00 00 00 00 00

002:004:000:STREAM             1418599685.498900
 08 00 00 00 00 00

002:004:000:STREAM             1418599685.504888
 08 00 00 00 00 00

002:004:000:STREAM             1418599685.512834
 08 00 00 00 00 00

002:004:000:STREAM             1418599685.518873
 08 00 00 00 00 00

002:004:000:STREAM             1418599685.526906
 08 00 00 00 00 00

002:004:000:STREAM             1418599685.532930
 08 00 00 00 00 00

002:004:000:STREAM             1418599685.540942
 08 00 00 00 00 00

002:004:000:STREAM             1418599685.546872
 08 00 00 00 00 00

002:004:000:STREAM             1418599685.554831
 08 00 00 00 00 00

002:004:000:STREAM             1418599685.560891
 08 00 00 00 00 00

002:004:000:STREAM             1418599685.566891
 08 00 00 00 00 00

002:004:000:STREAM             1418599685.574856
 08 00 00 00 00 00

002:004:000:STREAM             1418599685.580824
 08 00 00 00 00 00

002:004:000:STREAM             1418599685.588887
 08 00 00 00 00 00

002:004:000:STREAM             1418599685.594889
 08 00 00 00 00 00

002:004:000:STREAM             1418599685.602881
 08 00 00 00 00 00

002:004:000:STREAM             1418599685.608887
 08 00 00 00 00 00

002:004:000:STREAM             1418599685.616953
 08 00 00 00 00 00

002:004:000:STREAM             1418599685.622909
 08 00 00 00 00 00

002:004:000:STREAM             1418599685.630902
 08 00 00 00 00 00

002:004:000:STREAM             1418599685.636835
 08 00 00 00 00 00

002:004:000:STREAM             1418599685.642835
 08 00 00 00 00 00

002:004:000:STREAM             1418599685.650845
 08 00 00 00 00 00

002:004:000:STREAM             1418599685.656914
 08 00 00 00 00 00

002:004:000:STREAM             1418599685.664885
 08 00 00 00 00 00

002:004:000:STREAM             1418599685.670906
 08 00 00 00 00 00

002:004:000:STREAM             1418599685.678965
 08 00 00 00 00 00

002:004:000:STREAM             1418599685.684912
 08 00 00 00 00 00

002:004:000:STREAM             1418599685.692911
 08 00 00 00 00 00

002:004:000:STREAM             1418599685.698846
 08 00 00 00 00 00

002:004:000:STREAM             1418599685.706906
 08 00 00 00 00 00

002:004:000:STREAM             1418599685.712860
 08 00 00 00 00 00

002:004:000:STREAM             1418599685.720890
 08 00 00 00 00 00

002:004:000:STREAM             1418599685.728902
 08 00 00 00 00 00

002:004:000:STREAM             1418599685.736866
 08 04 00 00 00 00

002:004:000:STREAM             1418599685.744882
 08 04 00 00 00 00

002:004:000:STREAM             1418599685.752891
 08 04 00 00 00 00

002:004:000:STREAM             1418599685.760881
 08 04 00 00 00 00

002:004:000:STREAM             1418599685.768907
 08 04 00 00 00 00

002:004:000:STREAM             1418599685.776884
 08 04 00 00 00 00

002:004:000:STREAM             1418599685.784901
 08 04 00 00 00 00

002:004:000:STREAM             1418599685.792881
 08 04 00 00 00 00

002:004:000:STREAM             1418599685.800881
 08 04 00 00 00 00

002:004:000:STREAM             1418599685.808871
 08 04 00 00 00 00

002:004:000:STREAM             1418599685.816885
 08 04 00 00 00 00

002:004:000:STREAM             1418599685.824909
 08 04 00 00 00 00

002:004:000:STREAM             1418599685.832901
 08 04 00 00 00 00

002:004:000:STREAM             1418599685.840887
 08 04 00 00 00 00

002:004:000:STREAM             1418599685.848885
 08 04 00 00 00 00

002:004:000:STREAM             1418599685.854889
 08 04 00 00 00 00

002:004:000:STREAM             1418599685.862904
 08 04 FF 00 00 00

002:004:000:STREAM             1418599685.870913
 08 04 00 00 00 00

002:004:000:STREAM             1418599685.878866
 08 04 00 00 00 00

002:004:000:STREAM             1418599685.886907
 08 04 00 00 00 00

002:004:000:STREAM             1418599685.894903
 08 04 00 00 00 00

002:004:000:STREAM             1418599685.902878
 08 04 00 00 00 00

002:004:000:STREAM             1418599685.910886
 08 04 00 00 00 00

002:004:000:STREAM             1418599685.918828
 08 04 00 00 00 00

002:004:000:STREAM             1418599685.926900
 08 04 00 00 00 00

002:004:000:STREAM             1418599685.934899
 08 04 00 00 00 00

002:004:000:STREAM             1418599685.942912
 08 04 00 00 00 00

002:004:000:STREAM             1418599685.950906
 08 04 00 00 00 00

002:004:000:STREAM             1418599685.958900
 08 04 00 00 00 00

002:004:000:STREAM             1418599685.966902
 08 04 00 00 00 00

002:004:000:STREAM             1418599685.972911
 08 00 00 00 00 00

002:004:000:STREAM             1418599685.980910
 08 00 00 00 00 00

002:004:000:STREAM             1418599685.986910
 08 00 00 00 00 00

002:004:000:STREAM             1418599685.992901
 08 00 00 00 00 00

002:004:000:STREAM             1418599686.000867
 08 00 00 00 00 00

002:004:000:STREAM             1418599686.006885
 08 00 00 00 00 00

002:004:000:STREAM             1418599686.014966
 08 00 00 00 00 00

002:004:000:STREAM             1418599686.020965
 08 00 00 FF 00 00

002:004:000:STREAM             1418599686.028920
 08 00 00 00 00 00

002:004:000:STREAM             1418599686.034907
 08 00 00 00 00 00

002:004:000:STREAM             1418599686.042925
 08 00 00 00 00 00

002:004:000:STREAM             1418599686.048964
 08 00 00 00 00 00

002:004:000:STREAM             1418599686.056919
 08 00 00 00 00 00

002:004:000:STREAM             1418599686.062933
 08 00 00 00 00 00

002:004:000:STREAM             1418599686.068871
 08 00 00 00 00 00

002:004:000:STREAM             1418599686.076918
 08 00 00 00 00 00

002:004:000:STREAM             1418599686.082964
 08 00 00 00 00 00

002:004:000:STREAM             1418599686.090940
 08 00 00 00 00 00

002:004:000:STREAM             1418599686.096937
 08 00 00 00 00 00

002:004:000:STREAM             1418599686.104873
 08 00 00 00 00 00

002:004:000:STREAM             1418599686.110890
 08 00 00 00 00 00

002:004:000:STREAM             1418599686.118912
 08 00 00 00 00 00

002:004:000:STREAM             1418599686.124912
 08 00 00 00 00 00

002:004:000:STREAM             1418599686.130829
 08 00 00 00 00 00

002:004:000:STREAM             1418599686.138912
 08 00 00 00 00 00

002:004:000:STREAM             1418599686.144887
 08 00 00 00 00 00

002:004:000:STREAM             1418599686.152885
 08 00 00 00 00 00

002:004:000:STREAM             1418599686.158888
 08 00 00 00 00 00

002:004:000:STREAM             1418599686.166909
 08 00 00 00 00 00

002:004:000:STREAM             1418599686.172912
 08 00 00 00 00 00

002:004:000:STREAM             1418599686.180911
 08 00 00 00 00 00

002:004:000:STREAM             1418599686.186898
 08 00 00 00 00 00

002:004:000:STREAM             1418599686.194907
 08 00 00 00 00 00

002:004:000:STREAM             1418599686.200872
 08 00 00 00 00 00

002:004:000:STREAM             1418599686.206913
 08 00 00 00 00 00

002:004:000:STREAM             1418599686.214911
 08 00 00 00 00 00

002:004:000:STREAM             1418599686.220911
 08 00 00 00 00 00

002:004:000:STREAM             1418599686.228887
 08 00 00 00 00 00

002:004:000:STREAM             1418599686.234913
 08 00 00 00 00 00

002:004:000:STREAM             1418599686.242885
 08 00 00 00 00 00

002:004:000:STREAM             1418599686.248904
 08 00 00 00 00 00

002:004:000:STREAM             1418599686.256937
 08 00 00 00 00 00

002:004:000:STREAM             1418599686.262900
 08 00 00 00 00 00

002:004:000:STREAM             1418599686.270894
 08 00 00 00 00 00

002:004:000:STREAM             1418599686.276835
 08 00 00 00 00 00

002:004:000:STREAM             1418599686.282861
 08 00 00 00 00 00

002:004:000:STREAM             1418599686.290907
 08 00 00 00 00 00

002:004:000:STREAM             1418599686.296911
 08 00 00 00 00 00

002:004:000:STREAM             1418599686.304872
 08 00 00 00 00 00

002:004:000:STREAM             1418599686.310886
 08 00 00 00 00 00

002:004:000:STREAM             1418599686.318905
 08 00 00 00 00 00

002:004:000:STREAM             1418599686.324912
 08 00 00 00 00 00

002:004:000:STREAM             1418599686.332884
 08 00 00 00 00 00

002:004:000:STREAM             1418599686.338910
 08 00 00 00 00 00

002:004:000:STREAM             1418599686.346887
 08 00 00 00 00 00

002:004:000:STREAM             1418599686.352875
 08 00 00 00 00 00

002:004:000:STREAM             1418599686.358899
 08 00 00 00 00 00

002:004:000:STREAM             1418599686.366914
 08 00 00 00 00 00

002:004:000:STREAM             1418599686.372887
 08 00 00 00 00 00

002:004:000:STREAM             1418599686.380872
 08 00 00 00 00 00

002:004:000:STREAM             1418599686.386908
 08 00 00 00 00 00

002:004:000:STREAM             1418599686.394905
 08 00 00 00 00 00

002:004:000:STREAM             1418599686.400858
 08 00 00 00 00 00

002:004:000:STREAM             1418599686.408866
 08 00 00 00 00 00

002:004:000:STREAM             1418599686.414843
 08 00 00 00 00 00

002:004:000:STREAM             1418599686.420888
 08 00 00 00 00 00

002:004:000:STREAM             1418599686.428910
 08 00 00 00 00 00

002:004:000:STREAM             1418599686.434910
 08 00 00 00 00 00

002:004:000:STREAM             1418599686.442901
 08 00 00 00 00 00

002:004:000:STREAM             1418599686.448865
 08 00 00 00 00 00

002:004:000:STREAM             1418599686.456886
 08 00 00 00 00 00

002:004:000:STREAM             1418599686.462902
 08 00 00 00 00 00

002:004:000:STREAM             1418599686.470871
 08 00 00 FF 00 00

002:004:000:STREAM             1418599686.476908
 08 00 00 00 00 00

002:004:000:STREAM             1418599686.484839
 08 00 00 FF 00 00

002:004:000:STREAM             1418599686.490889
 08 00 FF FF 00 00

002:004:000:STREAM             1418599686.496911
 08 00 00 FF 00 00

002:004:000:STREAM             1418599686.504829
 08 00 FE FD 00 00

002:004:000:STREAM             1418599686.510891
 08 00 FE FE 00 00

002:004:000:STREAM             1418599686.518864
 08 00 FF FD 00 00

002:004:000:STREAM             1418599686.524864
 08 00 FE FD 00 00

002:004:000:STREAM             1418599686.532879
 08 00 FD FB 00 00

002:004:000:STREAM             1418599686.538877
 08 00 FD FC 00 00

002:004:000:STREAM             1418599686.546911
 08 00 FD FA 00 00

002:004:000:STREAM             1418599686.552884
 08 00 FD FA 00 00

