P 54 00 61 00 62 00 6C 00 65 00 74 00 20 00 4D 00 6F 00 6E 00 69 00 74 00 6F 00 72 00
S 64 0E 03 A4 92 80 52 03 00 FF 1F D0 07 08 00
S 65 04 03 09 00
S 6E 04 03 31 00
S 79 02 03
S 7A 08 03 01 10 00 00 00 00
S 7B 0C 03 48 00 4B 00 20 00 4F 00 6E 00
S C8 13 03 78 74 01 8D D1 00 FF 1F D8 13 03 0A 00 00 02 00 3E
S C9 24 03 48 00 55 00 49 00 4F 00 4E 00 5F 00 4D 00 31 00 36 00 37 00 5F 00 31 00 37 00 30 00 36 00 32 00 33 00
S CA 46 03 48 00 55 00 49 00 4F 00 4E 00 20 00 41 00 6E 00 69 00 6D 00 61 00 74 00 69 00 6F 00 6E 00 20 00 54 00 65 00 63 00 68 00 6E 00 6F 00 6C 00 6F 00 67 00 79 00 20 00 43 00 6F 00 2E 00 2C 00 6C 00 74 00 64 00
