006:002:000:STREAM             1526448167.922577
 06 00 05 00 00 00 00 00

006:002:000:STREAM             1526448169.902474
 06 00 00 00 00 00 00 00

006:002:000:STREAM             1526448171.318532
 06 00 08 00 00 00 00 00

006:002:000:STREAM             1526448173.310450
 06 00 00 00 00 00 00 00

006:002:000:STREAM             1526448174.822498
 06 00 0C 00 00 00 00 00

006:002:000:STREAM             1526448177.098393
 06 00 00 00 00 00 00 00

006:002:000:STREAM             1526448178.498401
 06 00 2C 00 00 00 00 00

006:002:000:STREAM             1526448180.790436
 06 00 00 00 00 00 00 00

006:002:000:STREAM             1526448182.230435
 06 05 1D 00 00 00 00 00

006:002:000:STREAM             1526448183.930450
 06 00 00 00 00 00 00 00

006:002:000:STREAM             1526448185.538435
 06 01 16 00 00 00 00 00

006:002:000:STREAM             1526448187.398323
 06 00 00 00 00 00 00 00

006:002:000:STREAM             1526448188.690378
 06 01 57 00 00 00 00 00

006:002:000:STREAM             1526448190.822361
 06 00 00 00 00 00 00 00

006:002:000:STREAM             1526448192.058347
 06 01 56 00 00 00 00 00

006:002:000:STREAM             1526448193.598290
 06 00 00 00 00 00 00 00

