001:006:000:STREAM             1526163191.799697
 08 E0 01 01 01 00 00 00 00 00 00 00

001:006:000:STREAM             1526163192.089855
 08 E0 01 01 00 00 00 00 00 00 00 00

001:006:000:STREAM             1526163194.141977
 08 E0 01 01 01 00 00 00 00 00 00 00

001:006:000:STREAM             1526163194.384012
 08 E0 01 01 00 00 00 00 00 00 00 00

001:006:000:STREAM             1526163197.222353
 08 E0 01 01 02 00 00 00 00 00 00 00

001:006:000:STREAM             1526163197.452388
 08 E0 01 01 00 00 00 00 00 00 00 00

001:006:000:STREAM             1526163199.140578
 08 E0 01 01 02 00 00 00 00 00 00 00

001:006:000:STREAM             1526163199.364611
 08 E0 01 01 00 00 00 00 00 00 00 00

001:006:000:STREAM             1526163201.634990
 08 E0 01 01 04 00 00 00 00 00 00 00

001:006:000:STREAM             1526163201.852901
 08 E0 01 01 00 00 00 00 00 00 00 00

001:006:000:STREAM             1526163203.245066
 08 E0 01 01 04 00 00 00 00 00 00 00

001:006:000:STREAM             1526163203.499104
 08 E0 01 01 00 00 00 00 00 00 00 00

001:006:000:STREAM             1526163206.913506
 08 E0 01 01 08 00 00 00 00 00 00 00

001:006:000:STREAM             1526163207.167535
 08 E0 01 01 00 00 00 00 00 00 00 00

001:006:000:STREAM             1526163208.073652
 08 E0 01 01 08 00 00 00 00 00 00 00

001:006:000:STREAM             1526163208.315676
 08 E0 01 01 00 00 00 00 00 00 00 00

001:006:000:STREAM             1526163211.628077
 08 E0 01 01 10 00 00 00 00 00 00 00

001:006:000:STREAM             1526163211.876218
 08 E0 01 01 00 00 00 00 00 00 00 00

001:006:000:STREAM             1526163212.849875
 08 E0 01 01 10 00 00 00 00 00 00 00

001:006:000:STREAM             1526163213.092377
 08 E0 01 01 00 00 00 00 00 00 00 00

001:006:000:STREAM             1526163214.618598
 08 F0 01 01 00 01 00 00 00 00 00 00

001:006:000:STREAM             1526163214.836451
 08 F0 01 01 00 02 00 00 00 00 00 00

001:006:000:STREAM             1526163214.884970
 08 F0 01 01 00 03 00 00 00 00 00 00

001:006:000:STREAM             1526163214.970119
 08 F0 01 01 00 04 00 00 00 00 00 00

001:006:000:STREAM             1526163215.562540
 08 F0 01 01 00 03 00 00 00 00 00 00

001:006:000:STREAM             1526163215.612172
 08 F0 01 01 00 01 00 00 00 00 00 00

001:006:000:STREAM             1526163215.668195
 08 F0 01 01 00 03 00 00 00 00 00 00

001:006:000:STREAM             1526163215.796235
 08 F0 01 01 00 02 00 00 00 00 00 00

001:006:000:STREAM             1526163215.838212
 08 F0 01 01 00 03 00 00 00 00 00 00

001:006:000:STREAM             1526163215.850193
 08 F0 01 01 00 02 00 00 00 00 00 00

001:006:000:STREAM             1526163215.882201
 08 F0 01 01 00 03 00 00 00 00 00 00

001:006:000:STREAM             1526163215.938211
 08 F0 01 01 00 02 00 00 00 00 00 00

001:006:000:STREAM             1526163216.820326
 08 F0 01 01 00 04 00 00 00 00 00 00

001:006:000:STREAM             1526163216.848303
 08 F0 01 01 00 05 00 00 00 00 00 00

001:006:000:STREAM             1526163216.884325
 08 F0 01 01 00 06 00 00 00 00 00 00

001:006:000:STREAM             1526163216.906323
 08 F0 01 01 00 07 00 00 00 00 00 00

001:006:000:STREAM             1526163216.926311
 08 F0 01 01 00 08 00 00 00 00 00 00

001:006:000:STREAM             1526163216.948311
 08 F0 01 01 00 09 00 00 00 00 00 00

001:006:000:STREAM             1526163216.970312
 08 F0 01 01 00 0A 00 00 00 00 00 00

001:006:000:STREAM             1526163216.990334
 08 F0 01 01 00 0B 00 00 00 00 00 00

001:006:000:STREAM             1526163217.026362
 08 F0 01 01 00 0C 00 00 00 00 00 00

001:006:000:STREAM             1526163217.048324
 08 F0 01 01 00 0D 00 00 00 00 00 00

001:006:000:STREAM             1526163217.084369
 08 F0 01 01 00 0E 00 00 00 00 00 00

001:006:000:STREAM             1526163217.120381
 08 F0 01 01 00 0F 00 00 00 00 00 00

001:006:000:STREAM             1526163217.140353
 08 F0 01 01 00 10 00 00 00 00 00 00

001:006:000:STREAM             1526163217.162326
 08 F0 01 01 00 11 00 00 00 00 00 00

001:006:000:STREAM             1526163217.198362
 08 F0 01 01 00 12 00 00 00 00 00 00

001:006:000:STREAM             1526163217.498779
 08 F0 01 01 00 13 00 00 00 00 00 00

001:006:000:STREAM             1526163217.560424
 08 F0 01 01 00 14 00 00 00 00 00 00

001:006:000:STREAM             1526163217.588377
 08 F0 01 01 00 15 00 00 00 00 00 00

001:006:000:STREAM             1526163217.670547
 08 F0 01 01 00 16 00 00 00 00 00 00

001:006:000:STREAM             1526163218.238721
 08 F0 01 01 00 00 00 00 00 00 00 00

001:006:000:STREAM             1526163218.578786
 08 F0 01 01 00 03 00 00 00 00 00 00

001:006:000:STREAM             1526163218.633033
 08 F0 01 01 00 04 00 00 00 00 00 00

001:006:000:STREAM             1526163218.668529
 08 F0 01 01 00 05 00 00 00 00 00 00

001:006:000:STREAM             1526163218.724558
 08 F0 01 01 00 06 00 00 00 00 00 00

001:006:000:STREAM             1526163218.752509
 08 F0 01 01 00 07 00 00 00 00 00 00

001:006:000:STREAM             1526163218.774529
 08 F0 01 01 00 08 00 00 00 00 00 00

001:006:000:STREAM             1526163218.802534
 08 F0 01 01 00 09 00 00 00 00 00 00

001:006:000:STREAM             1526163218.860546
 08 F0 01 01 00 0A 00 00 00 00 00 00

001:006:000:STREAM             1526163218.902729
 08 F0 01 01 00 0B 00 00 00 00 00 00

001:006:000:STREAM             1526163218.952567
 08 F0 01 01 00 0C 00 00 00 00 00 00

001:006:000:STREAM             1526163218.982573
 08 F0 01 01 00 0D 00 00 00 00 00 00

001:006:000:STREAM             1526163219.018575
 08 F0 01 01 00 0E 00 00 00 00 00 00

001:006:000:STREAM             1526163219.052806
 08 F0 01 01 00 0F 00 00 00 00 00 00

001:006:000:STREAM             1526163219.082582
 08 F0 01 01 00 10 00 00 00 00 00 00

001:006:000:STREAM             1526163219.102582
 08 F0 01 01 00 11 00 00 00 00 00 00

001:006:000:STREAM             1526163219.160962
 08 F0 01 01 00 12 00 00 00 00 00 00

001:006:000:STREAM             1526163219.210675
 08 F0 01 01 00 13 00 00 00 00 00 00

001:006:000:STREAM             1526163219.252704
 08 F0 01 01 00 14 00 00 00 00 00 00

001:006:000:STREAM             1526163219.280572
 08 F0 01 01 00 15 00 00 00 00 00 00

001:006:000:STREAM             1526163220.647153
 08 F0 01 01 00 16 00 00 00 00 00 00

001:006:000:STREAM             1526163221.219216
 08 F0 01 01 00 15 00 00 00 00 00 00

001:006:000:STREAM             1526163221.246828
 08 F0 01 01 00 14 00 00 00 00 00 00

001:006:000:STREAM             1526163221.501255
 08 F0 01 01 00 15 00 00 00 00 00 00

001:006:000:STREAM             1526163221.509257
 08 F0 01 01 00 16 00 00 00 00 00 00

001:006:000:STREAM             1526163221.689390
 08 F0 01 01 00 17 00 00 00 00 00 00

001:006:000:STREAM             1526163221.769281
 08 F0 01 01 00 00 00 00 00 00 00 00

001:006:000:STREAM             1526163221.836918
 08 F0 01 01 00 16 00 00 00 00 00 00

001:006:000:STREAM             1526163222.443372
 08 F0 01 01 00 00 00 00 00 00 00 00

001:006:000:STREAM             1526163223.489487
 08 E0 01 01 20 00 00 00 00 00 00 00

001:006:000:STREAM             1526163223.665123
 08 E0 01 01 00 00 00 00 00 00 00 00

001:006:000:STREAM             1526163225.317710
 08 E0 01 01 20 00 00 00 00 00 00 00

001:006:000:STREAM             1526163225.590003
 08 E0 01 01 00 00 00 00 00 00 00 00

001:006:000:STREAM             1526163227.200066
 08 E0 01 01 20 00 00 00 00 00 00 00

001:006:000:STREAM             1526163227.447951
 08 E0 01 01 00 00 00 00 00 00 00 00

001:006:000:STREAM             1526163229.784050
 08 E0 01 01 40 00 00 00 00 00 00 00

001:006:000:STREAM             1526163229.984005
 08 E0 01 01 00 00 00 00 00 00 00 00

001:006:000:STREAM             1526163230.862461
 08 E0 01 01 40 00 00 00 00 00 00 00

001:006:000:STREAM             1526163231.092505
 08 E0 01 01 00 00 00 00 00 00 00 00

001:006:000:STREAM             1526163232.900810
 08 E0 01 01 80 00 00 00 00 00 00 00

001:006:000:STREAM             1526163233.130978
 08 E0 01 01 00 00 00 00 00 00 00 00

001:006:000:STREAM             1526163234.014730
 08 E0 01 01 80 00 00 00 00 00 00 00

001:006:000:STREAM             1526163234.257040
 08 E0 01 01 00 00 00 00 00 00 00 00

001:006:000:STREAM             1526163236.303014
 08 E0 01 01 00 01 00 00 00 00 00 00

001:006:000:STREAM             1526163236.533422
 08 E0 01 01 00 00 00 00 00 00 00 00

001:006:000:STREAM             1526163237.283548
 08 E0 01 01 00 01 00 00 00 00 00 00

001:006:000:STREAM             1526163237.567598
 08 E0 01 01 00 00 00 00 00 00 00 00

001:006:000:STREAM             1526163239.602299
 08 E0 01 01 00 02 00 00 00 00 00 00

001:006:000:STREAM             1526163239.831621
 08 E0 01 01 00 00 00 00 00 00 00 00

001:006:000:STREAM             1526163240.581748
 08 E0 01 01 00 02 00 00 00 00 00 00

001:006:000:STREAM             1526163240.872154
 08 E0 01 01 00 00 00 00 00 00 00 00

