001:006:000:STREAM             1526164308.826145
 08 80 8A B9 4E 1E 00 00 00 00 00 00

001:006:000:STREAM             1526164308.834266
 08 80 B4 B8 27 1E 00 00 00 00 00 00

001:006:000:STREAM             1526164308.839780
 08 80 9B B8 44 1E 00 00 00 00 00 00

001:006:000:STREAM             1526164308.847988
 08 80 76 B8 70 1E 00 00 00 00 00 00

001:006:000:STREAM             1526164308.853879
 08 80 43 B8 A5 1E 00 00 00 00 00 00

001:006:000:STREAM             1526164308.861885
 08 80 11 B8 D7 1E 00 00 00 00 00 00

001:006:000:STREAM             1526164308.867783
 08 80 E2 B7 00 1F 00 00 00 00 00 00

001:006:000:STREAM             1526164308.875881
 08 80 C8 B7 17 1F 00 00 00 00 00 00

001:006:000:STREAM             1526164308.881963
 08 80 B8 B7 24 1F 00 00 00 00 00 00

001:006:000:STREAM             1526164308.889806
 08 80 AA B7 2F 1F 00 00 00 00 00 00

001:006:000:STREAM             1526164308.895904
 08 80 9C B7 3B 1F 00 00 00 00 00 00

001:006:000:STREAM             1526164308.903809
 08 80 8E B7 47 1F 00 00 00 00 00 00

001:006:000:STREAM             1526164308.911924
 08 80 80 B7 52 1F 00 00 00 00 00 00

001:006:000:STREAM             1526164308.917803
 08 80 72 B7 5B 1F 00 00 00 00 00 00

001:006:000:STREAM             1526164308.925814
 08 80 63 B7 63 1F 00 00 00 00 00 00

001:006:000:STREAM             1526164308.931813
 08 80 53 B7 69 1F 00 00 00 00 00 00

001:006:000:STREAM             1526164308.939907
 08 80 43 B7 6F 1F 00 00 00 00 00 00

001:006:000:STREAM             1526164308.945815
 08 80 33 B7 74 1F 00 00 00 00 00 00

001:006:000:STREAM             1526164308.953817
 08 80 21 B7 78 1F 00 00 00 00 00 00

001:006:000:STREAM             1526164308.959971
 08 80 0F B7 7A 1F 00 00 00 00 00 00

001:006:000:STREAM             1526164308.967818
 08 80 FD B6 7C 1F 00 00 00 00 00 00

001:006:000:STREAM             1526164308.973819
 08 80 EB B6 7E 1F 00 00 00 00 00 00

001:006:000:STREAM             1526164308.981783
 08 80 D9 B6 81 1F 00 00 00 00 00 00

001:006:000:STREAM             1526164308.988026
 08 80 C7 B6 83 1F 00 00 00 00 00 00

001:006:000:STREAM             1526164308.995822
 08 80 B5 B6 83 1F 00 00 00 00 00 00

001:006:000:STREAM             1526164309.001823
 08 80 A4 B6 82 1F 00 00 00 00 00 00

001:006:000:STREAM             1526164309.009825
 08 80 94 B6 7F 1F 00 00 00 00 00 00

001:006:000:STREAM             1526164309.017789
 08 80 86 B6 7A 1F 00 00 00 00 00 00

001:006:000:STREAM             1526164309.023780
 08 80 79 B6 73 1F 00 00 00 00 00 00

001:006:000:STREAM             1526164309.032057
 08 80 6F B6 6B 1F 00 00 00 00 00 00

001:006:000:STREAM             1526164309.037965
 08 80 67 B6 61 1F 00 00 00 00 00 00

001:006:000:STREAM             1526164309.045798
 08 80 62 B6 57 1F 00 00 00 00 00 00

001:006:000:STREAM             1526164309.051816
 08 80 5F B6 4B 1F 00 00 00 00 00 00

001:006:000:STREAM             1526164309.059823
 08 80 60 B6 41 1F 00 00 00 00 00 00

001:006:000:STREAM             1526164309.065827
 08 80 63 B6 37 1F 00 00 00 00 00 00

001:006:000:STREAM             1526164309.073827
 08 80 6A B6 30 1F 00 00 00 00 00 00

001:006:000:STREAM             1526164309.079926
 08 80 73 B6 2B 1F 00 00 00 00 00 00

001:006:000:STREAM             1526164309.087816
 08 80 80 B6 28 1F 00 00 00 00 00 00

001:006:000:STREAM             1526164309.093832
 08 80 8F B6 27 1F 00 00 00 00 00 00

001:006:000:STREAM             1526164309.101908
 08 80 A2 B6 2A 1F 00 00 00 00 00 00

001:006:000:STREAM             1526164309.107796
 08 80 B8 B6 31 1F 00 00 00 00 00 00

001:006:000:STREAM             1526164309.115908
 08 81 CC B6 3C 1F 30 00 00 00 00 00

001:006:000:STREAM             1526164309.123780
 08 81 DD B6 48 1F A5 00 00 00 00 00

001:006:000:STREAM             1526164309.129776
 08 81 E9 B6 53 1F 45 01 00 00 00 00

001:006:000:STREAM             1526164309.137783
 08 81 F2 B6 5C 1F D7 01 00 00 00 00

001:006:000:STREAM             1526164309.145795
 08 81 FA B6 62 1F 5F 02 00 00 00 00

001:006:000:STREAM             1526164309.153797
 08 81 00 B7 68 1F DA 02 00 00 00 00

001:006:000:STREAM             1526164309.159796
 08 81 06 B7 6E 1F 43 03 00 00 00 00

001:006:000:STREAM             1526164309.167797
 08 81 0B B7 72 1F 99 03 00 00 00 00

001:006:000:STREAM             1526164309.175799
 08 81 0F B7 76 1F EC 03 00 00 00 00

001:006:000:STREAM             1526164309.181783
 08 81 13 B7 78 1F 44 04 00 00 00 00

001:006:000:STREAM             1526164309.189800
 08 81 17 B7 7A 1F 87 04 00 00 00 00

001:006:000:STREAM             1526164309.198049
 08 81 19 B7 7C 1F AF 04 00 00 00 00

001:006:000:STREAM             1526164309.205804
 08 81 1B B7 7E 1F B4 04 00 00 00 00

001:006:000:STREAM             1526164309.211786
 08 81 1D B7 80 1F 95 04 00 00 00 00

001:006:000:STREAM             1526164309.219805
 08 81 1F B7 82 1F 59 04 00 00 00 00

001:006:000:STREAM             1526164309.227890
 08 81 21 B7 83 1F 0E 04 00 00 00 00

001:006:000:STREAM             1526164309.233892
 08 81 23 B7 83 1F C2 03 00 00 00 00

001:006:000:STREAM             1526164309.241915
 08 81 26 B7 83 1F 8A 03 00 00 00 00

001:006:000:STREAM             1526164309.249825
 08 81 2B B7 83 1F 67 03 00 00 00 00

001:006:000:STREAM             1526164309.255916
 08 81 32 B7 82 1F 51 03 00 00 00 00

001:006:000:STREAM             1526164309.263826
 08 81 3B B7 80 1F 45 03 00 00 00 00

001:006:000:STREAM             1526164309.271915
 08 81 46 B7 7E 1F 3D 03 00 00 00 00

001:006:000:STREAM             1526164309.279911
 08 81 52 B7 7E 1F 38 03 00 00 00 00

001:006:000:STREAM             1526164309.285913
 08 81 5F B7 7E 1F 35 03 00 00 00 00

001:006:000:STREAM             1526164309.293817
 08 81 6D B7 7D 1F 34 03 00 00 00 00

001:006:000:STREAM             1526164309.301914
 08 81 7B B7 7B 1F 34 03 00 00 00 00

001:006:000:STREAM             1526164309.307900
 08 81 89 B7 79 1F 34 03 00 00 00 00

001:006:000:STREAM             1526164309.315904
 08 81 96 B7 77 1F 35 03 00 00 00 00

001:006:000:STREAM             1526164309.323904
 08 81 A2 B7 73 1F 34 03 00 00 00 00

001:006:000:STREAM             1526164309.329821
 08 81 AE B7 6F 1F 34 03 00 00 00 00

001:006:000:STREAM             1526164309.337821
 08 81 B8 B7 6B 1F 34 03 00 00 00 00

001:006:000:STREAM             1526164309.345823
 08 81 C2 B7 69 1F 33 03 00 00 00 00

001:006:000:STREAM             1526164309.353823
 08 81 CC B7 65 1F 32 03 00 00 00 00

001:006:000:STREAM             1526164309.359807
 08 81 D6 B7 61 1F 32 03 00 00 00 00

001:006:000:STREAM             1526164309.367825
 08 81 E0 B7 5B 1F 30 03 00 00 00 00

001:006:000:STREAM             1526164309.375809
 08 81 EC B7 53 1F 30 03 00 00 00 00

001:006:000:STREAM             1526164309.381827
 08 81 FA B7 47 1F 30 03 00 00 00 00

001:006:000:STREAM             1526164309.389827
 08 81 0D B8 33 1F 31 03 00 00 00 00

001:006:000:STREAM             1526164309.397826
 08 81 24 B8 13 1F 31 03 00 00 00 00

001:006:000:STREAM             1526164309.405830
 08 81 41 B8 E2 1E 33 03 00 00 00 00

001:006:000:STREAM             1526164309.411831
 08 81 62 B8 9A 1E 32 03 00 00 00 00

001:006:000:STREAM             1526164309.419832
 08 81 86 B8 39 1E 2F 03 00 00 00 00

001:006:000:STREAM             1526164309.427832
 08 81 AD B8 BF 1D 22 03 00 00 00 00

001:006:000:STREAM             1526164309.433833
 08 81 D5 B8 31 1D 06 03 00 00 00 00

001:006:000:STREAM             1526164309.441834
 08 81 FF B8 8D 1C DA 02 00 00 00 00

001:006:000:STREAM             1526164309.449834
 08 81 29 B9 D3 1B A5 02 00 00 00 00

001:006:000:STREAM             1526164309.457836
 08 81 55 B9 01 1B 73 02 00 00 00 00

001:006:000:STREAM             1526164309.463839
 08 81 82 B9 1B 1A 4C 02 00 00 00 00

001:006:000:STREAM             1526164309.471839
 08 81 AF B9 2C 19 34 02 00 00 00 00

001:006:000:STREAM             1526164309.479822
 08 81 DD B9 3C 18 27 02 00 00 00 00

001:006:000:STREAM             1526164309.485839
 08 81 08 BA 5A 17 23 02 00 00 00 00

001:006:000:STREAM             1526164309.493825
 08 81 30 BA 8A 16 30 02 00 00 00 00

001:006:000:STREAM             1526164309.501824
 08 81 57 BA C9 15 4C 02 00 00 00 00

001:006:000:STREAM             1526164309.507829
 08 81 7D BA 12 15 73 02 00 00 00 00

001:006:000:STREAM             1526164309.515837
 08 81 A1 BA 63 14 A0 02 00 00 00 00

001:006:000:STREAM             1526164309.523843
 08 81 C7 BA AF 13 CF 02 00 00 00 00

001:006:000:STREAM             1526164309.531833
 08 81 EF BA F1 12 F8 02 00 00 00 00

001:006:000:STREAM             1526164309.537844
 08 81 19 BB 2C 12 1B 03 00 00 00 00

001:006:000:STREAM             1526164309.545934
 08 81 47 BB 62 11 3A 03 00 00 00 00

001:006:000:STREAM             1526164309.553847
 08 81 76 BB 9A 10 5A 03 00 00 00 00

001:006:000:STREAM             1526164309.560016
 08 81 A6 BB D1 0F 7B 03 00 00 00 00

001:006:000:STREAM             1526164309.567853
 08 81 D6 BB 07 0F 97 03 00 00 00 00

001:006:000:STREAM             1526164309.575851
 08 81 06 BC 39 0E A8 03 00 00 00 00

001:006:000:STREAM             1526164309.583832
 08 81 36 BC 69 0D AF 03 00 00 00 00

001:006:000:STREAM             1526164309.589987
 08 81 68 BC 8F 0C AC 03 00 00 00 00

001:006:000:STREAM             1526164309.596017
 08 81 9C BC A7 0B 9E 03 00 00 00 00

001:006:000:STREAM             1526164309.603852
 08 81 D2 BC B4 0A 87 03 00 00 00 00

001:006:000:STREAM             1526164309.609840
 08 81 09 BD BD 09 71 03 00 00 00 00

001:006:000:STREAM             1526164309.617841
 08 81 3D BD C3 08 5F 03 00 00 00 00

001:006:000:STREAM             1526164309.623841
 08 81 71 BD C0 07 53 03 00 00 00 00

001:006:000:STREAM             1526164309.631843
 08 81 A1 BD B4 06 4C 03 00 00 00 00

001:006:000:STREAM             1526164309.641863
 08 81 CE BD 9D 05 4A 03 00 00 00 00

001:006:000:STREAM             1526164309.649862
 08 81 F8 BD 6E 04 51 03 00 00 00 00

001:006:000:STREAM             1526164309.659864
 08 81 20 BE 2F 03 61 03 00 00 00 00

001:006:000:STREAM             1526164309.667863
 08 81 46 BE 0E 02 81 03 00 00 00 00

001:006:000:STREAM             1526164309.677866
 08 81 68 BE 31 01 B4 03 00 00 00 00

001:006:000:STREAM             1526164309.687864
 08 81 86 BE A6 00 F6 03 00 00 00 00

001:006:000:STREAM             1526164309.695865
 08 81 9B BE 60 00 38 04 00 00 00 00

001:006:000:STREAM             1526164309.705852
 08 81 A7 BE 3C 00 71 04 00 00 00 00

001:006:000:STREAM             1526164311.306483
 08 80 3C B8 E0 AB 00 00 00 00 00 00

001:006:000:STREAM             1526164311.312472
 08 80 3D B8 88 AC 00 00 00 00 00 00

001:006:000:STREAM             1526164311.320093
 08 80 3D B8 74 AC 00 00 00 00 00 00

001:006:000:STREAM             1526164311.326088
 08 80 46 B8 64 AC 00 00 00 00 00 00

001:006:000:STREAM             1526164311.334873
 08 80 4F B8 4C AC 00 00 00 00 00 00

001:006:000:STREAM             1526164311.342769
 08 80 59 B8 3C AC 00 00 00 00 00 00

001:006:000:STREAM             1526164311.348102
 08 80 5D B8 30 AC 00 00 00 00 00 00

001:006:000:STREAM             1526164311.356233
 08 80 61 B8 2A AC 00 00 00 00 00 00

001:006:000:STREAM             1526164311.362217
 08 80 63 B8 25 AC 00 00 00 00 00 00

001:006:000:STREAM             1526164311.370098
 08 80 64 B8 21 AC 00 00 00 00 00 00

001:006:000:STREAM             1526164311.376100
 08 80 64 B8 1B AC 00 00 00 00 00 00

001:006:000:STREAM             1526164311.384106
 08 80 62 B8 15 AC 00 00 00 00 00 00

001:006:000:STREAM             1526164311.390234
 08 80 5E B8 0F AC 00 00 00 00 00 00

001:006:000:STREAM             1526164311.398902
 08 80 59 B8 0A AC 00 00 00 00 00 00

001:006:000:STREAM             1526164311.404906
 08 80 53 B8 02 AC 00 00 00 00 00 00

001:006:000:STREAM             1526164311.412127
 08 80 4A B8 F8 AB 00 00 00 00 00 00

001:006:000:STREAM             1526164311.418237
 08 80 3F B8 ED AB 00 00 00 00 00 00

001:006:000:STREAM             1526164311.426229
 08 80 32 B8 E2 AB 00 00 00 00 00 00

001:006:000:STREAM             1526164311.434253
 08 80 23 B8 D7 AB 00 00 00 00 00 00

001:006:000:STREAM             1526164311.440134
 08 80 13 B8 CB AB 00 00 00 00 00 00

001:006:000:STREAM             1526164311.448131
 08 80 01 B8 BE AB 00 00 00 00 00 00

001:006:000:STREAM             1526164311.454265
 08 80 EF B7 B0 AB 00 00 00 00 00 00

001:006:000:STREAM             1526164311.462999
 08 80 DF B7 A0 AB 00 00 00 00 00 00

001:006:000:STREAM             1526164311.468130
 08 80 CF B7 8D AB 00 00 00 00 00 00

001:006:000:STREAM             1526164311.476147
 08 80 C0 B7 79 AB 00 00 00 00 00 00

001:006:000:STREAM             1526164311.482934
 08 80 B2 B7 63 AB 00 00 00 00 00 00

001:006:000:STREAM             1526164311.490100
 08 80 A4 B7 4B AB 00 00 00 00 00 00

001:006:000:STREAM             1526164311.496133
 08 80 97 B7 30 AB 00 00 00 00 00 00

001:006:000:STREAM             1526164311.504129
 08 80 8B B7 13 AB 00 00 00 00 00 00

001:006:000:STREAM             1526164311.510402
 08 80 7F B7 F4 AA 00 00 00 00 00 00

001:006:000:STREAM             1526164311.518409
 08 80 75 B7 D2 AA 00 00 00 00 00 00

001:006:000:STREAM             1526164311.524154
 08 80 6B B7 B0 AA 00 00 00 00 00 00

001:006:000:STREAM             1526164311.532119
 08 80 62 B7 8F AA 00 00 00 00 00 00

001:006:000:STREAM             1526164311.540136
 08 80 5B B7 70 AA 00 00 00 00 00 00

001:006:000:STREAM             1526164311.546125
 08 80 56 B7 54 AA 00 00 00 00 00 00

001:006:000:STREAM             1526164311.554129
 08 80 54 B7 3A AA 00 00 00 00 00 00

001:006:000:STREAM             1526164311.560127
 08 80 54 B7 23 AA 00 00 00 00 00 00

001:006:000:STREAM             1526164311.568124
 08 80 57 B7 0F AA 00 00 00 00 00 00

001:006:000:STREAM             1526164311.574130
 08 80 5C B7 FC A9 00 00 00 00 00 00

001:006:000:STREAM             1526164311.582112
 08 80 63 B7 EC A9 00 00 00 00 00 00

001:006:000:STREAM             1526164311.588125
 08 80 6C B7 DD A9 00 00 00 00 00 00

001:006:000:STREAM             1526164311.596112
 08 80 76 B7 D0 A9 00 00 00 00 00 00

001:006:000:STREAM             1526164311.602134
 08 80 80 B7 C4 A9 00 00 00 00 00 00

001:006:000:STREAM             1526164311.610134
 08 80 8A B7 B8 A9 00 00 00 00 00 00

001:006:000:STREAM             1526164311.616148
 08 80 94 B7 AA A9 00 00 00 00 00 00

001:006:000:STREAM             1526164311.624098
 08 80 9C B7 9D A9 00 00 00 00 00 00

001:006:000:STREAM             1526164311.630133
 08 80 A4 B7 90 A9 00 00 00 00 00 00

001:006:000:STREAM             1526164311.638132
 08 80 AB B7 82 A9 00 00 00 00 00 00

001:006:000:STREAM             1526164311.646135
 08 80 B1 B7 75 A9 00 00 00 00 00 00

001:006:000:STREAM             1526164311.652133
 08 80 B7 B7 69 A9 00 00 00 00 00 00

001:006:000:STREAM             1526164311.660133
 08 80 BF B7 5D A9 00 00 00 00 00 00

001:006:000:STREAM             1526164311.666134
 08 80 C7 B7 51 A9 00 00 00 00 00 00

001:006:000:STREAM             1526164311.674141
 08 80 CF B7 47 A9 00 00 00 00 00 00

001:006:000:STREAM             1526164311.680136
 08 80 D8 B7 3E A9 00 00 00 00 00 00

001:006:000:STREAM             1526164311.688153
 08 80 E2 B7 36 A9 00 00 00 00 00 00

001:006:000:STREAM             1526164311.694137
 08 80 ED B7 30 A9 00 00 00 00 00 00

001:006:000:STREAM             1526164311.702124
 08 80 F9 B7 2C A9 00 00 00 00 00 00

001:006:000:STREAM             1526164311.708141
 08 80 07 B8 2B A9 00 00 00 00 00 00

001:006:000:STREAM             1526164311.716140
 08 80 17 B8 2E A9 00 00 00 00 00 00

001:006:000:STREAM             1526164311.722141
 08 80 29 B8 35 A9 00 00 00 00 00 00

001:006:000:STREAM             1526164311.730141
 08 80 3E B8 40 A9 00 00 00 00 00 00

001:006:000:STREAM             1526164311.736231
 08 80 57 B8 51 A9 00 00 00 00 00 00

001:006:000:STREAM             1526164311.744159
 08 80 75 B8 68 A9 00 00 00 00 00 00

001:006:000:STREAM             1526164311.752165
 08 80 96 B8 86 A9 00 00 00 00 00 00

001:006:000:STREAM             1526164311.758134
 08 80 BD B8 AD A9 00 00 00 00 00 00

001:006:000:STREAM             1526164311.766166
 08 80 EA B8 DE A9 00 00 00 00 00 00

001:006:000:STREAM             1526164311.772166
 08 80 1D B9 19 AA 00 00 00 00 00 00

001:006:000:STREAM             1526164311.780164
 08 80 54 B9 5D AA 00 00 00 00 00 00

001:006:000:STREAM             1526164311.786135
 08 80 8F B9 AB AA 00 00 00 00 00 00

001:006:000:STREAM             1526164311.794134
 08 80 CE B9 01 AB 00 00 00 00 00 00

001:006:000:STREAM             1526164311.800151
 08 80 10 BA 5A AB 00 00 00 00 00 00

001:006:000:STREAM             1526164311.808167
 08 80 4F BA B3 AB 00 00 00 00 00 00

001:006:000:STREAM             1526164311.814136
 08 81 7C BA 04 AC 4E 00 00 00 00 00

001:006:000:STREAM             1526164311.822161
 08 81 93 BA 4D AC 28 01 00 00 00 00

001:006:000:STREAM             1526164311.830121
 08 81 94 BA 8A AC 27 02 00 00 00 00

001:006:000:STREAM             1526164311.838159
 08 81 87 BA BD AC 0F 03 00 00 00 00

001:006:000:STREAM             1526164311.844163
 08 81 75 BA E6 AC C7 03 00 00 00 00

001:006:000:STREAM             1526164311.852188
 08 81 64 BA 06 AD 55 04 00 00 00 00

001:006:000:STREAM             1526164311.860145
 08 81 55 BA 1F AD CA 04 00 00 00 00

001:006:000:STREAM             1526164311.866163
 08 81 47 BA 34 AD 31 05 00 00 00 00

001:006:000:STREAM             1526164311.874165
 08 81 3B BA 45 AD 88 05 00 00 00 00

001:006:000:STREAM             1526164311.882164
 08 81 2F BA 53 AD C3 05 00 00 00 00

001:006:000:STREAM             1526164311.890167
 08 81 24 BA 5F AD EA 05 00 00 00 00

001:006:000:STREAM             1526164311.896167
 08 81 18 BA 6A AD 03 06 00 00 00 00

001:006:000:STREAM             1526164311.904166
 08 81 0D BA 74 AD 11 06 00 00 00 00

001:006:000:STREAM             1526164311.912169
 08 81 02 BA 7E AD 17 06 00 00 00 00

001:006:000:STREAM             1526164311.918191
 08 81 F8 B9 86 AD 17 06 00 00 00 00

001:006:000:STREAM             1526164311.926165
 08 81 EE B9 8E AD 13 06 00 00 00 00

001:006:000:STREAM             1526164311.934200
 08 81 E4 B9 96 AD 0F 06 00 00 00 00

001:006:000:STREAM             1526164311.940163
 08 81 DA B9 9E AD 0A 06 00 00 00 00

001:006:000:STREAM             1526164311.948171
 08 81 D0 B9 A6 AD 04 06 00 00 00 00

001:006:000:STREAM             1526164311.956171
 08 81 C4 B9 AF AD EF 05 00 00 00 00

001:006:000:STREAM             1526164311.964176
 08 81 B8 B9 B9 AD CB 05 00 00 00 00

001:006:000:STREAM             1526164311.970178
 08 81 AA B9 C4 AD 95 05 00 00 00 00

001:006:000:STREAM             1526164311.978176
 08 81 9A B9 D3 AD 55 05 00 00 00 00

001:006:000:STREAM             1526164311.986174
 08 81 87 B9 E7 AD 20 05 00 00 00 00

001:006:000:STREAM             1526164311.992180
 08 81 73 B9 00 AE F7 04 00 00 00 00

001:006:000:STREAM             1526164312.000179
 08 81 5C B9 22 AE CA 04 00 00 00 00

001:006:000:STREAM             1526164312.008181
 08 81 43 B9 4F AE A7 04 00 00 00 00

001:006:000:STREAM             1526164312.016144
 08 81 28 B9 89 AE 90 04 00 00 00 00

001:006:000:STREAM             1526164312.022185
 08 81 0B B9 D3 AE 80 04 00 00 00 00

001:006:000:STREAM             1526164312.030185
 08 81 EB B8 34 AF 76 04 00 00 00 00

001:006:000:STREAM             1526164312.038367
 08 81 C8 B8 AF AF 70 04 00 00 00 00

001:006:000:STREAM             1526164312.044188
 08 81 A2 B8 47 B0 6E 04 00 00 00 00

001:006:000:STREAM             1526164312.052191
 08 81 7C B8 F9 B0 6E 04 00 00 00 00

001:006:000:STREAM             1526164312.060187
 08 81 55 B8 BF B1 70 04 00 00 00 00

001:006:000:STREAM             1526164312.068189
 08 81 2F B8 8A B2 74 04 00 00 00 00

001:006:000:STREAM             1526164312.074190
 08 81 0B B8 50 B3 7B 04 00 00 00 00

001:006:000:STREAM             1526164312.082192
 08 81 E9 B7 0C B4 7F 04 00 00 00 00

001:006:000:STREAM             1526164312.090191
 08 81 C8 B7 BA B4 7F 04 00 00 00 00

001:006:000:STREAM             1526164312.096282
 08 81 A8 B7 5C B5 83 04 00 00 00 00

001:006:000:STREAM             1526164312.104194
 08 81 88 B7 F9 B5 87 04 00 00 00 00

001:006:000:STREAM             1526164312.112196
 08 81 66 B7 97 B6 8B 04 00 00 00 00

001:006:000:STREAM             1526164312.118191
 08 81 44 B7 3B B7 90 04 00 00 00 00

001:006:000:STREAM             1526164312.126198
 08 81 20 B7 E5 B7 93 04 00 00 00 00

001:006:000:STREAM             1526164312.134192
 08 81 FC B6 9A B8 8D 04 00 00 00 00

001:006:000:STREAM             1526164312.142202
 08 81 DA B6 56 B9 7C 04 00 00 00 00

001:006:000:STREAM             1526164312.148199
 08 81 BA B6 14 BA 5F 04 00 00 00 00

001:006:000:STREAM             1526164312.156202
 08 81 9F B6 D6 BA 3F 04 00 00 00 00

001:006:000:STREAM             1526164312.164203
 08 81 88 B6 9E BB 25 04 00 00 00 00

001:006:000:STREAM             1526164312.170167
 08 81 76 B6 6B BC 13 04 00 00 00 00

001:006:000:STREAM             1526164312.178198
 08 81 67 B6 42 BD 04 04 00 00 00 00

001:006:000:STREAM             1526164312.186268
 08 81 5A B6 21 BE F9 03 00 00 00 00

001:006:000:STREAM             1526164312.192206
 08 81 4E B6 05 BF F1 03 00 00 00 00

001:006:000:STREAM             1526164312.200209
 08 81 41 B6 E3 BF EA 03 00 00 00 00

001:006:000:STREAM             1526164312.208209
 08 81 34 B6 B5 C0 E4 03 00 00 00 00

001:006:000:STREAM             1526164312.216209
 08 81 27 B6 79 C1 E3 03 00 00 00 00

001:006:000:STREAM             1526164312.222211
 08 81 1B B6 31 C2 F0 03 00 00 00 00

001:006:000:STREAM             1526164312.230212
 08 81 0F B6 E4 C2 0E 04 00 00 00 00

001:006:000:STREAM             1526164312.238214
 08 81 02 B6 91 C3 3E 04 00 00 00 00

001:006:000:STREAM             1526164312.244179
 08 81 F4 B5 44 C4 6F 04 00 00 00 00

001:006:000:STREAM             1526164312.252213
 08 81 E6 B5 06 C5 94 04 00 00 00 00

001:006:000:STREAM             1526164312.258225
 08 81 D9 B5 DE C5 AF 04 00 00 00 00

001:006:000:STREAM             1526164312.266212
 08 81 CE B5 C8 C6 C0 04 00 00 00 00

001:006:000:STREAM             1526164312.272217
 08 81 C7 B5 BD C7 C8 04 00 00 00 00

001:006:000:STREAM             1526164312.280217
 08 81 C5 B5 BD C8 CC 04 00 00 00 00

001:006:000:STREAM             1526164312.286220
 08 81 C8 B5 C9 C9 CD 04 00 00 00 00

001:006:000:STREAM             1526164312.294298
 08 81 CF B5 D8 CA CA 04 00 00 00 00

001:006:000:STREAM             1526164312.304222
 08 81 DB B5 F5 CB C0 04 00 00 00 00

001:006:000:STREAM             1526164312.312221
 08 81 E9 B5 18 CD B7 04 00 00 00 00

001:006:000:STREAM             1526164312.322222
 08 81 F6 B5 43 CE B2 04 00 00 00 00

001:006:000:STREAM             1526164312.330224
 08 81 FE B5 57 CF AD 04 00 00 00 00

001:006:000:STREAM             1526164312.340222
 08 81 FF B5 32 D0 A6 04 00 00 00 00

001:006:000:STREAM             1526164312.348210
 08 81 FA B5 C2 D0 9D 04 00 00 00 00

001:006:000:STREAM             1526164312.358190
 08 81 EE B5 10 D1 99 04 00 00 00 00

001:006:000:STREAM             1526164312.366225
 08 81 DB B5 3C D1 9A 04 00 00 00 00

001:006:000:STREAM             1526164314.541195
 08 80 74 1C 02 68 00 00 00 00 00 00

001:006:000:STREAM             1526164314.548902
 08 80 DE 1B 80 67 00 00 00 00 00 00

001:006:000:STREAM             1526164314.554491
 08 80 DE 1B 63 67 00 00 00 00 00 00

001:006:000:STREAM             1526164314.563066
 08 80 E1 1B 3C 67 00 00 00 00 00 00

001:006:000:STREAM             1526164314.568528
 08 80 E4 1B 00 67 00 00 00 00 00 00

001:006:000:STREAM             1526164314.576766
 08 80 E9 1B C4 66 00 00 00 00 00 00

001:006:000:STREAM             1526164314.582485
 08 80 ED 1B 81 66 00 00 00 00 00 00

001:006:000:STREAM             1526164314.590586
 08 80 F0 1B 59 66 00 00 00 00 00 00

001:006:000:STREAM             1526164314.596501
 08 80 F2 1B 3F 66 00 00 00 00 00 00

001:006:000:STREAM             1526164314.604605
 08 80 F4 1B 26 66 00 00 00 00 00 00

001:006:000:STREAM             1526164314.612524
 08 80 F7 1B 09 66 00 00 00 00 00 00

001:006:000:STREAM             1526164314.618600
 08 80 FB 1B E5 65 00 00 00 00 00 00

001:006:000:STREAM             1526164314.626601
 08 80 00 1C BC 65 00 00 00 00 00 00

001:006:000:STREAM             1526164314.632506
 08 80 06 1C 8F 65 00 00 00 00 00 00

001:006:000:STREAM             1526164314.640609
 08 80 0C 1C 61 65 00 00 00 00 00 00

001:006:000:STREAM             1526164314.646611
 08 80 12 1C 33 65 00 00 00 00 00 00

001:006:000:STREAM             1526164314.654605
 08 80 18 1C 06 65 00 00 00 00 00 00

001:006:000:STREAM             1526164314.660521
 08 80 1D 1C DC 64 00 00 00 00 00 00

001:006:000:STREAM             1526164314.668532
 08 80 21 1C B6 64 00 00 00 00 00 00

001:006:000:STREAM             1526164314.674543
 08 80 24 1C 95 64 00 00 00 00 00 00

001:006:000:STREAM             1526164314.682614
 08 80 23 1C 79 64 00 00 00 00 00 00

001:006:000:STREAM             1526164314.688595
 08 80 20 1C 5E 64 00 00 00 00 00 00

001:006:000:STREAM             1526164314.696543
 08 80 19 1C 46 64 00 00 00 00 00 00

001:006:000:STREAM             1526164314.702613
 08 80 10 1C 2F 64 00 00 00 00 00 00

001:006:000:STREAM             1526164314.710619
 08 80 05 1C 1A 64 00 00 00 00 00 00

001:006:000:STREAM             1526164314.718646
 08 80 FA 1B 0B 64 00 00 00 00 00 00

001:006:000:STREAM             1526164314.724506
 08 80 F0 1B 00 64 00 00 00 00 00 00

001:006:000:STREAM             1526164314.732503
 08 80 E6 1B F9 63 00 00 00 00 00 00

001:006:000:STREAM             1526164314.738521
 08 80 DC 1B F8 63 00 00 00 00 00 00

001:006:000:STREAM             1526164314.746522
 08 80 D3 1B FC 63 00 00 00 00 00 00

001:006:000:STREAM             1526164314.752530
 08 80 CD 1B 05 64 00 00 00 00 00 00

001:006:000:STREAM             1526164314.760506
 08 80 CA 1B 11 64 00 00 00 00 00 00

001:006:000:STREAM             1526164314.766523
 08 80 CC 1B 21 64 00 00 00 00 00 00

001:006:000:STREAM             1526164314.774525
 08 80 D6 1B 36 64 00 00 00 00 00 00

001:006:000:STREAM             1526164314.780511
 08 80 EB 1B 51 64 00 00 00 00 00 00

001:006:000:STREAM             1526164314.788523
 08 80 0D 1C 73 64 00 00 00 00 00 00

001:006:000:STREAM             1526164314.794526
 08 80 3B 1C A4 64 00 00 00 00 00 00

001:006:000:STREAM             1526164314.802529
 08 81 5E 1C E3 64 99 00 00 00 00 00

001:006:000:STREAM             1526164314.810531
 08 81 61 1C 2F 65 9E 01 00 00 00 00

001:006:000:STREAM             1526164314.818509
 08 81 37 1C 7D 65 BD 02 00 00 00 00

001:006:000:STREAM             1526164314.824514
 08 81 F0 1B C3 65 BE 03 00 00 00 00

001:006:000:STREAM             1526164314.832626
 08 81 9E 1B FC 65 A5 04 00 00 00 00

001:006:000:STREAM             1526164314.840517
 08 81 56 1B 26 66 6C 05 00 00 00 00

001:006:000:STREAM             1526164314.846534
 08 81 1E 1B 42 66 09 06 00 00 00 00

001:006:000:STREAM             1526164314.854537
 08 81 F6 1A 54 66 85 06 00 00 00 00

001:006:000:STREAM             1526164314.862536
 08 81 DA 1A 61 66 DF 06 00 00 00 00

001:006:000:STREAM             1526164314.868537
 08 81 C8 1A 68 66 1C 07 00 00 00 00

001:006:000:STREAM             1526164314.876536
 08 81 BB 1A 6D 66 48 07 00 00 00 00

001:006:000:STREAM             1526164314.884554
 08 81 B1 1A 70 66 70 07 00 00 00 00

001:006:000:STREAM             1526164314.892552
 08 81 A7 1A 72 66 94 07 00 00 00 00

001:006:000:STREAM             1526164314.898735
 08 81 9D 1A 74 66 AF 07 00 00 00 00

001:006:000:STREAM             1526164314.906755
 08 81 92 1A 76 66 C4 07 00 00 00 00

001:006:000:STREAM             1526164314.914767
 08 81 85 1A 76 66 D7 07 00 00 00 00

001:006:000:STREAM             1526164314.920556
 08 81 76 1A 76 66 E7 07 00 00 00 00

001:006:000:STREAM             1526164314.928559
 08 81 65 1A 75 66 F0 07 00 00 00 00

001:006:000:STREAM             1526164314.936560
 08 81 51 1A 73 66 F3 07 00 00 00 00

001:006:000:STREAM             1526164314.944562
 08 81 39 1A 71 66 F2 07 00 00 00 00

001:006:000:STREAM             1526164314.950646
 08 81 1C 1A 6D 66 EA 07 00 00 00 00

001:006:000:STREAM             1526164314.958644
 08 81 F8 19 68 66 E3 07 00 00 00 00

001:006:000:STREAM             1526164314.966648
 08 81 CC 19 60 66 DE 07 00 00 00 00

001:006:000:STREAM             1526164314.972565
 08 81 9A 19 56 66 DA 07 00 00 00 00

001:006:000:STREAM             1526164314.980565
 08 81 60 19 49 66 D7 07 00 00 00 00

001:006:000:STREAM             1526164314.988566
 08 81 1F 19 3A 66 D6 07 00 00 00 00

001:006:000:STREAM             1526164314.994653
 08 81 D5 18 28 66 D3 07 00 00 00 00

001:006:000:STREAM             1526164315.002654
 08 81 84 18 14 66 D1 07 00 00 00 00

001:006:000:STREAM             1526164315.010650
 08 81 2C 18 00 66 CE 07 00 00 00 00

001:006:000:STREAM             1526164315.018650
 08 81 CF 17 ED 65 CE 07 00 00 00 00

001:006:000:STREAM             1526164315.024572
 08 81 6A 17 DA 65 CA 07 00 00 00 00

001:006:000:STREAM             1526164315.032574
 08 81 FD 16 C6 65 BD 07 00 00 00 00

001:006:000:STREAM             1526164315.040577
 08 81 88 16 B2 65 AE 07 00 00 00 00

001:006:000:STREAM             1526164315.046557
 08 81 0A 16 9E 65 9F 07 00 00 00 00

001:006:000:STREAM             1526164315.054658
 08 81 80 15 88 65 8F 07 00 00 00 00

001:006:000:STREAM             1526164315.062655
 08 81 EF 14 71 65 81 07 00 00 00 00

001:006:000:STREAM             1526164315.070662
 08 81 5E 14 59 65 6D 07 00 00 00 00

001:006:000:STREAM             1526164315.076578
 08 81 CF 13 40 65 5E 07 00 00 00 00

001:006:000:STREAM             1526164315.084579
 08 81 44 13 26 65 56 07 00 00 00 00

001:006:000:STREAM             1526164315.092580
 08 81 BD 12 0D 65 53 07 00 00 00 00

001:006:000:STREAM             1526164315.098581
 08 81 3B 12 F5 64 50 07 00 00 00 00

001:006:000:STREAM             1526164315.106581
 08 81 BD 11 DF 64 50 07 00 00 00 00

001:006:000:STREAM             1526164315.114667
 08 81 40 11 C9 64 50 07 00 00 00 00

001:006:000:STREAM             1526164315.120665
 08 81 C3 10 B5 64 50 07 00 00 00 00

001:006:000:STREAM             1526164315.128570
 08 81 43 10 A1 64 48 07 00 00 00 00

001:006:000:STREAM             1526164315.136666
 08 81 B9 0F 8D 64 3F 07 00 00 00 00

001:006:000:STREAM             1526164315.142668
 08 81 25 0F 79 64 39 07 00 00 00 00

001:006:000:STREAM             1526164315.150670
 08 81 88 0E 65 64 38 07 00 00 00 00

001:006:000:STREAM             1526164315.156670
 08 81 ED 0D 53 64 38 07 00 00 00 00

001:006:000:STREAM             1526164315.162673
 08 81 57 0D 43 64 38 07 00 00 00 00

001:006:000:STREAM             1526164315.170560
 08 81 C6 0C 36 64 39 07 00 00 00 00

001:006:000:STREAM             1526164315.176671
 08 81 39 0C 2B 64 3F 07 00 00 00 00

001:006:000:STREAM             1526164315.184673
 08 81 B5 0B 23 64 4F 07 00 00 00 00

001:006:000:STREAM             1526164315.190584
 08 81 38 0B 1E 64 65 07 00 00 00 00

001:006:000:STREAM             1526164315.198677
 08 81 C0 0A 1B 64 7D 07 00 00 00 00

001:006:000:STREAM             1526164315.204679
 08 81 49 0A 1B 64 92 07 00 00 00 00

001:006:000:STREAM             1526164315.212676
 08 81 D0 09 1B 64 A7 07 00 00 00 00

001:006:000:STREAM             1526164315.218580
 08 81 54 09 1D 64 BA 07 00 00 00 00

001:006:000:STREAM             1526164315.228683
 08 81 CE 08 1F 64 CA 07 00 00 00 00

001:006:000:STREAM             1526164315.236685
 08 81 2D 08 23 64 D9 07 00 00 00 00

001:006:000:STREAM             1526164315.246705
 08 81 6B 07 28 64 E7 07 00 00 00 00

001:006:000:STREAM             1526164315.254687
 08 81 87 06 31 64 F6 07 00 00 00 00

001:006:000:STREAM             1526164315.264702
 08 81 8E 05 3E 64 02 08 00 00 00 00

001:006:000:STREAM             1526164315.272683
 08 81 8B 04 4F 64 0E 08 00 00 00 00

001:006:000:STREAM             1526164315.282746
 08 81 84 03 64 64 18 08 00 00 00 00

001:006:000:STREAM             1526164315.292718
 08 81 85 02 7D 64 1F 08 00 00 00 00

001:006:000:STREAM             1526164315.300763
 08 81 A8 01 99 64 22 08 00 00 00 00

001:006:000:STREAM             1526164315.310777
 08 81 05 01 B6 64 29 08 00 00 00 00

001:006:000:STREAM             1526164315.318728
 08 81 A2 00 D2 64 32 08 00 00 00 00

001:006:000:STREAM             1526164315.328726
 08 81 6A 00 EE 64 38 08 00 00 00 00

001:006:000:STREAM             1526164315.336751
 08 81 4A 00 0A 65 3C 08 00 00 00 00

001:006:000:STREAM             1526164315.346616
 08 81 36 00 24 65 3F 08 00 00 00 00

001:006:000:STREAM             1526164315.354795
 08 81 2A 00 3B 65 44 08 00 00 00 00

001:006:000:STREAM             1526164315.364601
 08 81 22 00 51 65 4D 08 00 00 00 00

001:006:000:STREAM             1526164317.359267
 08 80 B3 5F 66 68 00 00 01 00 00 00

001:006:000:STREAM             1526164317.363259
 08 80 0C 61 71 68 00 00 01 00 00 00

001:006:000:STREAM             1526164317.367258
 08 80 02 61 7E 68 00 00 01 00 00 00

001:006:000:STREAM             1526164317.368894
 08 80 F6 60 85 68 00 00 01 00 00 00

001:006:000:STREAM             1526164317.372844
 08 80 EC 60 89 68 00 00 01 00 00 00

001:006:000:STREAM             1526164317.376844
 08 80 E1 60 91 68 00 00 01 00 00 00

001:006:000:STREAM             1526164317.380844
 08 80 CC 60 A1 68 00 00 01 00 00 00

001:006:000:STREAM             1526164317.382861
 08 80 B5 60 B0 68 00 00 01 00 00 00

001:006:000:STREAM             1526164317.386862
 08 80 C8 60 BA 68 00 00 01 00 00 00

001:006:000:STREAM             1526164317.390959
 08 80 B7 60 C9 68 00 00 01 00 00 00

001:006:000:STREAM             1526164317.394961
 08 80 A4 60 DB 68 00 00 01 00 00 00

001:006:000:STREAM             1526164317.396847
 08 80 96 60 EB 68 00 00 01 00 00 00

001:006:000:STREAM             1526164317.400860
 08 80 87 60 FA 68 00 00 01 00 00 00

001:006:000:STREAM             1526164317.404863
 08 80 81 60 06 69 00 00 01 00 00 00

001:006:000:STREAM             1526164317.408848
 08 80 6B 60 10 69 00 00 01 00 00 00

001:006:000:STREAM             1526164317.412862
 08 80 60 60 18 69 00 00 01 00 00 00

001:006:000:STREAM             1526164317.414959
 08 80 59 60 1F 69 00 00 01 00 00 00

001:006:000:STREAM             1526164317.418869
 08 80 54 60 25 69 00 00 01 00 00 00

001:006:000:STREAM             1526164317.422960
 08 80 4F 60 2B 69 00 00 01 00 00 00

001:006:000:STREAM             1526164317.426965
 08 80 4B 60 31 69 00 00 01 00 00 00

001:006:000:STREAM             1526164317.428865
 08 80 47 60 38 69 00 00 01 00 00 00

001:006:000:STREAM             1526164317.432867
 08 80 44 60 3F 69 00 00 01 00 00 00

001:006:000:STREAM             1526164317.436851
 08 80 42 60 47 69 00 00 01 00 00 00

001:006:000:STREAM             1526164317.440866
 08 80 40 60 4F 69 00 00 01 00 00 00

001:006:000:STREAM             1526164317.442964
 08 80 3F 60 58 69 00 00 01 00 00 00

001:006:000:STREAM             1526164317.446968
 08 80 3F 60 61 69 00 00 01 00 00 00

001:006:000:STREAM             1526164317.450883
 08 80 40 60 6A 69 00 00 01 00 00 00

001:006:000:STREAM             1526164317.454971
 08 80 42 60 74 69 00 00 01 00 00 00

001:006:000:STREAM             1526164317.458969
 08 80 45 60 7E 69 00 00 01 00 00 00

001:006:000:STREAM             1526164317.460869
 08 80 49 60 88 69 00 00 01 00 00 00

001:006:000:STREAM             1526164317.464954
 08 80 4D 60 93 69 00 00 01 00 00 00

001:006:000:STREAM             1526164317.468856
 08 80 52 60 9F 69 00 00 01 00 00 00

001:006:000:STREAM             1526164317.472858
 08 80 58 60 AB 69 00 00 01 00 00 00

001:006:000:STREAM             1526164317.474972
 08 80 5F 60 B8 69 00 00 01 00 00 00

001:006:000:STREAM             1526164317.478973
 08 80 67 60 C5 69 00 00 01 00 00 00

001:006:000:STREAM             1526164317.482956
 08 80 70 60 D2 69 00 00 01 00 00 00

001:006:000:STREAM             1526164317.486956
 08 80 7A 60 E0 69 00 00 01 00 00 00

001:006:000:STREAM             1526164317.488856
 08 80 85 60 EE 69 00 00 01 00 00 00

001:006:000:STREAM             1526164317.492856
 08 80 90 60 FC 69 00 00 01 00 00 00

001:006:000:STREAM             1526164317.496875
 08 80 9C 60 0B 6A 00 00 01 00 00 00

001:006:000:STREAM             1526164317.500859
 08 80 A9 60 1B 6A 00 00 01 00 00 00

001:006:000:STREAM             1526164317.504875
 08 80 B7 60 2C 6A 00 00 01 00 00 00

001:006:000:STREAM             1526164317.506978
 08 80 C6 60 3E 6A 00 00 01 00 00 00

001:006:000:STREAM             1526164317.510967
 08 80 D5 60 51 6A 00 00 01 00 00 00

001:006:000:STREAM             1526164317.514979
 08 80 E4 60 66 6A 00 00 01 00 00 00

001:006:000:STREAM             1526164317.518977
 08 80 F2 60 7B 6A 00 00 01 00 00 00

001:006:000:STREAM             1526164317.520878
 08 81 FE 60 8F 6A 3F 00 01 00 00 00

001:006:000:STREAM             1526164317.524863
 08 81 09 61 A2 6A 97 00 01 00 00 00

001:006:000:STREAM             1526164317.528878
 08 81 11 61 B2 6A 2E 01 01 00 00 00

001:006:000:STREAM             1526164317.532882
 08 81 18 61 C0 6A EB 01 01 00 00 00

001:006:000:STREAM             1526164317.536865
 08 81 1D 61 CB 6A C0 02 01 00 00 00

001:006:000:STREAM             1526164317.540880
 08 81 21 61 D5 6A A3 03 01 00 00 00

001:006:000:STREAM             1526164317.544883
 08 81 24 61 DD 6A 86 04 01 00 00 00

001:006:000:STREAM             1526164317.546976
 08 81 27 61 E4 6A 64 05 01 00 00 00

001:006:000:STREAM             1526164317.550982
 08 81 29 61 EA 6A 36 06 01 00 00 00

001:006:000:STREAM             1526164317.554977
 08 81 2B 61 EF 6A FF 06 01 00 00 00

001:006:000:STREAM             1526164317.558984
 08 81 2D 61 F3 6A BD 07 01 00 00 00

001:006:000:STREAM             1526164317.562985
 08 81 2E 61 F7 6A 6F 08 01 00 00 00

001:006:000:STREAM             1526164317.566985
 08 81 2F 61 FB 6A 14 09 01 00 00 00

001:006:000:STREAM             1526164317.570985
 08 81 30 61 FE 6A A9 09 01 00 00 00

001:006:000:STREAM             1526164317.572872
 08 81 31 61 01 6B 29 0A 01 00 00 00

001:006:000:STREAM             1526164317.576886
 08 81 32 61 04 6B 94 0A 01 00 00 00

001:006:000:STREAM             1526164317.580869
 08 81 33 61 06 6B E9 0A 01 00 00 00

001:006:000:STREAM             1526164317.584872
 08 81 34 61 08 6B 2B 0B 01 00 00 00

001:006:000:STREAM             1526164317.588890
 08 81 35 61 0A 6B 5E 0B 01 00 00 00

001:006:000:STREAM             1526164317.592869
 08 81 36 61 0C 6B 85 0B 01 00 00 00

001:006:000:STREAM             1526164317.596888
 08 81 38 61 0E 6B A0 0B 01 00 00 00

001:006:000:STREAM             1526164317.599001
 08 81 3A 61 0F 6B B4 0B 01 00 00 00

001:006:000:STREAM             1526164317.603019
 08 81 3B 61 10 6B C1 0B 01 00 00 00

001:006:000:STREAM             1526164317.606994
 08 81 3C 61 11 6B C7 0B 01 00 00 00

001:006:000:STREAM             1526164317.611000
 08 81 3D 61 12 6B C9 0B 01 00 00 00

001:006:000:STREAM             1526164317.615015
 08 81 3E 61 13 6B C5 0B 01 00 00 00

001:006:000:STREAM             1526164317.619016
 08 81 3F 61 14 6B BC 0B 01 00 00 00

001:006:000:STREAM             1526164317.623022
 08 81 40 61 15 6B B0 0B 01 00 00 00

001:006:000:STREAM             1526164317.624875
 08 81 41 61 15 6B A1 0B 01 00 00 00

001:006:000:STREAM             1526164317.628892
 08 81 42 61 15 6B 8F 0B 01 00 00 00

001:006:000:STREAM             1526164317.632893
 08 81 43 61 16 6B 7E 0B 01 00 00 00

001:006:000:STREAM             1526164317.636873
 08 81 44 61 16 6B 6E 0B 01 00 00 00

001:006:000:STREAM             1526164317.640876
 08 81 45 61 16 6B 60 0B 01 00 00 00

001:006:000:STREAM             1526164317.644875
 08 81 46 61 16 6B 54 0B 01 00 00 00

001:006:000:STREAM             1526164317.648879
 08 81 47 61 16 6B 4B 0B 01 00 00 00

001:006:000:STREAM             1526164317.650894
 08 81 49 61 16 6B 43 0B 01 00 00 00

001:006:000:STREAM             1526164317.654991
 08 81 4B 61 16 6B 3D 0B 01 00 00 00

001:006:000:STREAM             1526164317.658989
 08 81 4D 61 16 6B 38 0B 01 00 00 00

001:006:000:STREAM             1526164317.662991
 08 81 50 61 15 6B 35 0B 01 00 00 00

001:006:000:STREAM             1526164317.666884
 08 81 53 61 14 6B 31 0B 01 00 00 00

001:006:000:STREAM             1526164317.670896
 08 81 57 61 13 6B 2E 0B 01 00 00 00

001:006:000:STREAM             1526164317.674898
 08 81 5C 61 11 6B 2B 0B 01 00 00 00

001:006:000:STREAM             1526164317.676895
 08 81 61 61 0F 6B 27 0B 01 00 00 00

001:006:000:STREAM             1526164317.680900
 08 81 67 61 0D 6B 24 0B 01 00 00 00

001:006:000:STREAM             1526164317.684900
 08 81 6E 61 0A 6B 20 0B 01 00 00 00

001:006:000:STREAM             1526164317.688900
 08 81 76 61 07 6B 1B 0B 01 00 00 00

001:006:000:STREAM             1526164317.692899
 08 81 7F 61 03 6B 11 0B 01 00 00 00

001:006:000:STREAM             1526164317.696997
 08 81 89 61 FF 6A 06 0B 01 00 00 00

001:006:000:STREAM             1526164317.700901
 08 81 95 61 FA 6A F9 0A 01 00 00 00

001:006:000:STREAM             1526164317.702899
 08 81 A2 61 F4 6A EA 0A 01 00 00 00

001:006:000:STREAM             1526164317.706902
 08 81 B2 61 EE 6A DA 0A 01 00 00 00

001:006:000:STREAM             1526164317.710903
 08 81 C4 61 E7 6A C8 0A 01 00 00 00

001:006:000:STREAM             1526164317.714903
 08 81 D8 61 DF 6A B5 0A 01 00 00 00

001:006:000:STREAM             1526164317.718904
 08 81 EF 61 D6 6A 9E 0A 01 00 00 00

001:006:000:STREAM             1526164317.722903
 08 81 08 62 CC 6A 87 0A 01 00 00 00

001:006:000:STREAM             1526164317.726904
 08 81 24 62 C1 6A 6E 0A 01 00 00 00

001:006:000:STREAM             1526164317.728887
 08 81 42 62 B5 6A 56 0A 01 00 00 00

001:006:000:STREAM             1526164317.732906
 08 81 63 62 A8 6A 3F 0A 01 00 00 00

001:006:000:STREAM             1526164317.736906
 08 81 86 62 9B 6A 2A 0A 01 00 00 00

001:006:000:STREAM             1526164317.740911
 08 81 AC 62 8D 6A 14 0A 01 00 00 00

001:006:000:STREAM             1526164317.744907
 08 81 D4 62 7F 6A FE 09 01 00 00 00

001:006:000:STREAM             1526164317.748907
 08 81 FF 62 70 6A E8 09 01 00 00 00

001:006:000:STREAM             1526164317.752908
 08 81 2C 63 60 6A D4 09 01 00 00 00

001:006:000:STREAM             1526164317.754908
 08 81 5C 63 50 6A C3 09 01 00 00 00

001:006:000:STREAM             1526164317.759093
 08 81 8F 63 40 6A B4 09 01 00 00 00

001:006:000:STREAM             1526164317.762909
 08 81 C3 63 2F 6A A8 09 01 00 00 00

001:006:000:STREAM             1526164317.766909
 08 81 FB 63 1E 6A 9C 09 01 00 00 00

001:006:000:STREAM             1526164317.770899
 08 81 38 64 0C 6A 92 09 01 00 00 00

001:006:000:STREAM             1526164317.774910
 08 81 79 64 FA 69 87 09 01 00 00 00

001:006:000:STREAM             1526164317.778910
 08 81 BD 64 E7 69 78 09 01 00 00 00

001:006:000:STREAM             1526164317.780911
 08 81 04 65 D4 69 65 09 01 00 00 00

001:006:000:STREAM             1526164317.784912
 08 81 4F 65 C1 69 50 09 01 00 00 00

001:006:000:STREAM             1526164317.789154
 08 81 9D 65 AD 69 3F 09 01 00 00 00

001:006:000:STREAM             1526164317.792914
 08 81 EC 65 9A 69 30 09 01 00 00 00

001:006:000:STREAM             1526164317.796913
 08 81 3F 66 87 69 25 09 01 00 00 00

001:006:000:STREAM             1526164317.798912
 08 81 96 66 74 69 1C 09 01 00 00 00

001:006:000:STREAM             1526164317.802914
 08 81 F1 66 61 69 15 09 01 00 00 00

001:006:000:STREAM             1526164317.806915
 08 81 51 67 4E 69 0F 09 01 00 00 00

001:006:000:STREAM             1526164317.810916
 08 81 B3 67 3C 69 0B 09 01 00 00 00

001:006:000:STREAM             1526164317.812915
 08 81 17 68 2A 69 07 09 01 00 00 00

001:006:000:STREAM             1526164317.816915
 08 81 7C 68 18 69 04 09 01 00 00 00

001:006:000:STREAM             1526164317.821001
 08 81 E1 68 06 69 03 09 01 00 00 00

001:006:000:STREAM             1526164317.824920
 08 81 44 69 F4 68 02 09 01 00 00 00

001:006:000:STREAM             1526164317.826916
 08 81 A5 69 E3 68 03 09 01 00 00 00

001:006:000:STREAM             1526164317.830917
 08 81 04 6A D2 68 05 09 01 00 00 00

001:006:000:STREAM             1526164317.834919
 08 81 64 6A C1 68 09 09 01 00 00 00

001:006:000:STREAM             1526164317.836919
 08 81 C3 6A B0 68 0F 09 01 00 00 00

001:006:000:STREAM             1526164317.840919
 08 81 21 6B 9F 68 16 09 01 00 00 00

001:006:000:STREAM             1526164317.844920
 08 81 7F 6B 8E 68 1F 09 01 00 00 00

001:006:000:STREAM             1526164317.848925
 08 81 DD 6B 7D 68 26 09 01 00 00 00

001:006:000:STREAM             1526164317.850920
 08 81 3C 6C 6C 68 2D 09 01 00 00 00

001:006:000:STREAM             1526164317.854922
 08 81 9B 6C 5B 68 30 09 01 00 00 00

001:006:000:STREAM             1526164317.858919
 08 81 F9 6C 4B 68 33 09 01 00 00 00

001:006:000:STREAM             1526164317.862922
 08 81 59 6D 3B 68 39 09 01 00 00 00

001:006:000:STREAM             1526164317.867006
 08 81 BF 6D 2B 68 40 09 01 00 00 00

001:006:000:STREAM             1526164317.873006
 08 81 2C 6E 1B 68 49 09 01 00 00 00

001:006:000:STREAM             1526164317.877005
 08 81 9F 6E 0C 68 50 09 01 00 00 00

001:006:000:STREAM             1526164317.880925
 08 81 18 6F FD 67 58 09 01 00 00 00

001:006:000:STREAM             1526164317.884924
 08 81 98 6F ED 67 62 09 01 00 00 00

001:006:000:STREAM             1526164317.890925
 08 81 1A 70 DD 67 6C 09 01 00 00 00

001:006:000:STREAM             1526164317.894910
 08 81 9E 70 CD 67 78 09 01 00 00 00

001:006:000:STREAM             1526164317.898927
 08 81 23 71 BD 67 8A 09 01 00 00 00

001:006:000:STREAM             1526164317.904928
 08 81 A8 71 AD 67 9E 09 01 00 00 00

001:006:000:STREAM             1526164317.908928
 08 81 26 72 9D 67 B1 09 01 00 00 00

001:006:000:STREAM             1526164317.912929
 08 81 9A 72 8C 67 C1 09 01 00 00 00

001:006:000:STREAM             1526164317.916931
 08 81 00 73 7B 67 D0 09 01 00 00 00

001:006:000:STREAM             1526164317.922931
 08 81 56 73 6A 67 DC 09 01 00 00 00

001:006:000:STREAM             1526164317.926931
 08 81 9B 73 58 67 E5 09 01 00 00 00

001:006:000:STREAM             1526164317.930932
 08 81 CE 73 47 67 EC 09 01 00 00 00

001:006:000:STREAM             1526164317.936932
 08 81 F3 73 37 67 F3 09 01 00 00 00

001:006:000:STREAM             1526164317.940933
 08 81 0F 74 27 67 F9 09 01 00 00 00

001:006:000:STREAM             1526164317.945016
 08 81 24 74 17 67 02 0A 01 00 00 00

001:006:000:STREAM             1526164317.948932
 08 81 33 74 08 67 0F 0A 01 00 00 00

001:006:000:STREAM             1526164317.954933
 08 81 3F 74 F9 66 26 0A 01 00 00 00

001:006:000:STREAM             1526164317.958935
 08 81 48 74 EA 66 46 0A 01 00 00 00

001:006:000:STREAM             1526164317.962935
 08 81 4F 74 DB 66 66 0A 01 00 00 00

001:006:000:STREAM             1526164317.966935
 08 81 54 74 CC 66 82 0A 01 00 00 00

001:006:000:STREAM             1526164317.972937
 08 81 58 74 BE 66 9C 0A 01 00 00 00

001:006:000:STREAM             1526164317.976920
 08 81 5C 74 AF 66 BF 0A 01 00 00 00

