001:013:000:STREAM             1508607510.340793
 08 80 F2 A3 0B 5D 00 00 00 00 00 00

001:013:000:STREAM             1508607510.358549
 08 80 F2 A3 0B 5D 00 00 00 00 00 00

001:013:000:STREAM             1508607510.378585
 08 80 F2 A3 0B 5D 00 00 00 00 00 00

001:013:000:STREAM             1508607510.396542
 08 80 F2 A3 0B 5D 00 00 00 00 00 00

001:013:000:STREAM             1508607510.400762
 08 80 FA A2 48 62 00 00 00 00 00 00

001:013:000:STREAM             1508607510.402718
 08 80 02 A3 5B 62 00 00 00 00 00 00

001:013:000:STREAM             1508607510.406775
 08 80 F2 A2 51 62 00 00 00 00 00 00

001:013:000:STREAM             1508607510.410763
 08 80 F9 A2 48 62 00 00 00 00 00 00

001:013:000:STREAM             1508607510.414547
 08 80 03 A3 40 62 00 00 00 00 00 00

001:013:000:STREAM             1508607510.416526
 08 80 11 A3 2C 62 00 00 00 00 00 00

001:013:000:STREAM             1508607510.420772
 08 80 3A A3 1A 62 00 00 00 00 00 00

001:013:000:STREAM             1508607510.424779
 08 80 3E A3 0D 62 00 00 00 00 00 00

001:013:000:STREAM             1508607510.428778
 08 80 4F A3 FB 61 00 00 00 00 00 00

001:013:000:STREAM             1508607510.430740
 08 80 58 A3 EF 61 00 00 00 00 00 00

001:013:000:STREAM             1508607510.434544
 08 80 57 A3 E4 61 00 00 00 00 00 00

001:013:000:STREAM             1508607510.438723
 08 80 70 A3 D9 61 00 00 00 00 00 00

001:013:000:STREAM             1508607510.442748
 08 80 7E A3 CB 61 00 00 00 00 00 00

001:013:000:STREAM             1508607510.444538
 08 80 85 A3 C2 61 00 00 00 00 00 00

001:013:000:STREAM             1508607510.448533
 08 80 88 A3 BC 61 00 00 00 00 00 00

001:013:000:STREAM             1508607510.452723
 08 80 8A A3 B5 61 00 00 00 00 00 00

001:013:000:STREAM             1508607510.456693
 08 80 8C A3 AF 61 00 00 00 00 00 00

001:013:000:STREAM             1508607510.458683
 08 80 8F A3 A9 61 00 00 00 00 00 00

001:013:000:STREAM             1508607510.462730
 08 80 93 A3 A3 61 00 00 00 00 00 00

001:013:000:STREAM             1508607510.466685
 08 80 98 A3 9D 61 00 00 00 00 00 00

001:013:000:STREAM             1508607510.470526
 08 80 9D A3 97 61 00 00 00 00 00 00

001:013:000:STREAM             1508607510.472739
 08 80 A2 A3 8F 61 00 00 00 00 00 00

001:013:000:STREAM             1508607510.476529
 08 80 A6 A3 87 61 00 00 00 00 00 00

001:013:000:STREAM             1508607510.480683
 08 80 AB A3 7E 61 00 00 00 00 00 00

001:013:000:STREAM             1508607510.484733
 08 80 B0 A3 74 61 00 00 00 00 00 00

001:013:000:STREAM             1508607510.486739
 08 80 B6 A3 6B 61 00 00 00 00 00 00

001:013:000:STREAM             1508607510.490701
 08 80 BB A3 62 61 00 00 00 00 00 00

001:013:000:STREAM             1508607510.494547
 08 80 C0 A3 59 61 00 00 00 00 00 00

001:013:000:STREAM             1508607510.498736
 08 80 C6 A3 4F 61 00 00 00 00 00 00

001:013:000:STREAM             1508607510.500541
 08 80 CB A3 44 61 00 00 00 00 00 00

001:013:000:STREAM             1508607510.504728
 08 80 D2 A3 38 61 00 00 00 00 00 00

001:013:000:STREAM             1508607510.508536
 08 80 D8 A3 2C 61 00 00 00 00 00 00

001:013:000:STREAM             1508607510.512501
 08 80 DE A3 21 61 00 00 00 00 00 00

001:013:000:STREAM             1508607510.514532
 08 80 E5 A3 16 61 00 00 00 00 00 00

001:013:000:STREAM             1508607510.518593
 08 80 EB A3 0C 61 00 00 00 00 00 00

001:013:000:STREAM             1508607510.522753
 08 80 F1 A3 02 61 00 00 00 00 00 00

001:013:000:STREAM             1508607510.526777
 08 80 F7 A3 F9 60 00 00 00 00 00 00

001:013:000:STREAM             1508607510.528741
 08 80 FD A3 F0 60 00 00 00 00 00 00

001:013:000:STREAM             1508607510.532775
 08 80 03 A4 E8 60 00 00 00 00 00 00

001:013:000:STREAM             1508607510.536542
 08 80 08 A4 E0 60 00 00 00 00 00 00

001:013:000:STREAM             1508607510.540584
 08 80 0D A4 D8 60 00 00 00 00 00 00

001:013:000:STREAM             1508607510.542707
 08 80 11 A4 D0 60 00 00 00 00 00 00

001:013:000:STREAM             1508607510.546725
 08 80 15 A4 C9 60 00 00 00 00 00 00

001:013:000:STREAM             1508607510.550681
 08 80 19 A4 C2 60 00 00 00 00 00 00

001:013:000:STREAM             1508607510.554547
 08 80 1E A4 BB 60 00 00 00 00 00 00

001:013:000:STREAM             1508607510.556518
 08 80 26 A4 B5 60 00 00 00 00 00 00

001:013:000:STREAM             1508607510.560718
 08 80 2D A4 AF 60 00 00 00 00 00 00

001:013:000:STREAM             1508607510.564776
 08 80 33 A4 AA 60 00 00 00 00 00 00

001:013:000:STREAM             1508607510.568656
 08 80 39 A4 A5 60 00 00 00 00 00 00

001:013:000:STREAM             1508607510.570581
 08 80 3A A4 A0 60 00 00 00 00 00 00

001:013:000:STREAM             1508607510.574549
 08 80 3A A4 9B 60 00 00 00 00 00 00

001:013:000:STREAM             1508607510.578729
 08 80 3A A4 97 60 00 00 00 00 00 00

001:013:000:STREAM             1508607510.582548
 08 80 39 A4 93 60 00 00 00 00 00 00

001:013:000:STREAM             1508607510.584742
 08 80 37 A4 90 60 00 00 00 00 00 00

001:013:000:STREAM             1508607510.588769
 08 80 36 A4 8D 60 00 00 00 00 00 00

001:013:000:STREAM             1508607510.592754
 08 80 35 A4 8A 60 00 00 00 00 00 00

001:013:000:STREAM             1508607510.596532
 08 80 33 A4 87 60 00 00 00 00 00 00

001:013:000:STREAM             1508607510.598727
 08 80 32 A4 84 60 00 00 00 00 00 00

001:013:000:STREAM             1508607510.602571
 08 80 30 A4 81 60 00 00 00 00 00 00

001:013:000:STREAM             1508607510.606724
 08 80 2E A4 7E 60 00 00 00 00 00 00

001:013:000:STREAM             1508607510.610701
 08 80 2C A4 7B 60 00 00 00 00 00 00

001:013:000:STREAM             1508607510.612742
 08 80 29 A4 79 60 00 00 00 00 00 00

001:013:000:STREAM             1508607510.616534
 08 80 26 A4 77 60 00 00 00 00 00 00

001:013:000:STREAM             1508607510.620722
 08 80 24 A4 75 60 00 00 00 00 00 00

001:013:000:STREAM             1508607510.624775
 08 80 23 A4 73 60 00 00 00 00 00 00

001:013:000:STREAM             1508607510.626739
 08 80 23 A4 71 60 00 00 00 00 00 00

001:013:000:STREAM             1508607510.630730
 08 80 23 A4 6F 60 00 00 00 00 00 00

001:013:000:STREAM             1508607510.634548
 08 80 23 A4 6D 60 00 00 00 00 00 00

001:013:000:STREAM             1508607510.638737
 08 80 23 A4 6C 60 00 00 00 00 00 00

001:013:000:STREAM             1508607510.640685
 08 80 23 A4 6A 60 00 00 00 00 00 00

001:013:000:STREAM             1508607510.644775
 08 80 23 A4 68 60 00 00 00 00 00 00

001:013:000:STREAM             1508607510.648776
 08 80 24 A4 66 60 00 00 00 00 00 00

001:013:000:STREAM             1508607510.652747
 08 80 26 A4 65 60 00 00 00 00 00 00

001:013:000:STREAM             1508607510.654542
 08 80 29 A4 64 60 00 00 00 00 00 00

001:013:000:STREAM             1508607510.658705
 08 80 2C A4 63 60 00 00 00 00 00 00

001:013:000:STREAM             1508607510.662760
 08 80 2F A4 62 60 00 00 00 00 00 00

001:013:000:STREAM             1508607510.666777
 08 80 32 A4 61 60 00 00 00 00 00 00

001:013:000:STREAM             1508607510.668743
 08 80 35 A4 60 60 00 00 00 00 00 00

001:013:000:STREAM             1508607510.672749
 08 80 38 A4 5F 60 00 00 00 00 00 00

001:013:000:STREAM             1508607510.676536
 08 80 3C A4 5E 60 00 00 00 00 00 00

001:013:000:STREAM             1508607510.680711
 08 80 3F A4 5D 60 00 00 00 00 00 00

001:013:000:STREAM             1508607510.682740
 08 80 42 A4 5D 60 00 00 00 00 00 00

001:013:000:STREAM             1508607510.686753
 08 80 45 A4 5C 60 00 00 00 00 00 00

001:013:000:STREAM             1508607510.690746
 08 80 48 A4 5B 60 00 00 00 00 00 00

001:013:000:STREAM             1508607510.694591
 08 80 4B A4 5A 60 00 00 00 00 00 00

001:013:000:STREAM             1508607510.696532
 08 80 4F A4 59 60 00 00 00 00 00 00

001:013:000:STREAM             1508607510.700753
 08 80 53 A4 58 60 00 00 00 00 00 00

001:013:000:STREAM             1508607510.704617
 08 80 58 A4 57 60 00 00 00 00 00 00

001:013:000:STREAM             1508607510.708537
 08 80 5C A4 55 60 00 00 00 00 00 00

001:013:000:STREAM             1508607510.710744
 08 80 60 A4 53 60 00 00 00 00 00 00

001:013:000:STREAM             1508607510.714529
 08 80 64 A4 50 60 00 00 00 00 00 00

001:013:000:STREAM             1508607510.718669
 08 80 69 A4 4D 60 00 00 00 00 00 00

001:013:000:STREAM             1508607510.722672
 08 80 6F A4 4A 60 00 00 00 00 00 00

001:013:000:STREAM             1508607510.724737
 08 80 76 A4 47 60 00 00 00 00 00 00

001:013:000:STREAM             1508607510.728541
 08 80 7D A4 45 60 00 00 00 00 00 00

001:013:000:STREAM             1508607510.732774
 08 80 84 A4 43 60 00 00 00 00 00 00

001:013:000:STREAM             1508607510.736536
 08 80 8C A4 41 60 00 00 00 00 00 00

001:013:000:STREAM             1508607510.738723
 08 80 94 A4 3F 60 00 00 00 00 00 00

001:013:000:STREAM             1508607510.742547
 08 80 9C A4 3D 60 00 00 00 00 00 00

001:013:000:STREAM             1508607510.746782
 08 80 A4 A4 3B 60 00 00 00 00 00 00

001:013:000:STREAM             1508607510.750583
 08 80 AC A4 3A 60 00 00 00 00 00 00

001:013:000:STREAM             1508607510.752718
 08 80 B4 A4 39 60 00 00 00 00 00 00

001:013:000:STREAM             1508607510.756530
 08 80 BC A4 38 60 00 00 00 00 00 00

001:013:000:STREAM             1508607510.760744
 08 80 C4 A4 38 60 00 00 00 00 00 00

001:013:000:STREAM             1508607510.764777
 08 80 CC A4 38 60 00 00 00 00 00 00

001:013:000:STREAM             1508607510.766741
 08 80 D3 A4 38 60 00 00 00 00 00 00

001:013:000:STREAM             1508607510.770666
 08 80 DB A4 39 60 00 00 00 00 00 00

001:013:000:STREAM             1508607510.774545
 08 80 E2 A4 3A 60 00 00 00 00 00 00

001:013:000:STREAM             1508607510.778740
 08 80 E8 A4 3B 60 00 00 00 00 00 00

001:013:000:STREAM             1508607510.780665
 08 80 EE A4 3C 60 00 00 00 00 00 00

001:013:000:STREAM             1508607510.784733
 08 80 F3 A4 3E 60 00 00 00 00 00 00

001:013:000:STREAM             1508607510.788745
 08 80 F8 A4 40 60 00 00 00 00 00 00

001:013:000:STREAM             1508607510.792750
 08 80 FC A4 42 60 00 00 00 00 00 00

001:013:000:STREAM             1508607510.794529
 08 80 FF A4 45 60 00 00 00 00 00 00

001:013:000:STREAM             1508607510.798571
 08 80 02 A5 48 60 00 00 00 00 00 00

001:013:000:STREAM             1508607510.802775
 08 80 05 A5 4B 60 00 00 00 00 00 00

001:013:000:STREAM             1508607510.806780
 08 80 08 A5 4E 60 00 00 00 00 00 00

001:013:000:STREAM             1508607510.808535
 08 80 0B A5 51 60 00 00 00 00 00 00

001:013:000:STREAM             1508607510.812746
 08 80 0D A5 54 60 00 00 00 00 00 00

001:013:000:STREAM             1508607510.816521
 08 80 0F A5 57 60 00 00 00 00 00 00

001:013:000:STREAM             1508607510.820719
 08 80 12 A5 5A 60 00 00 00 00 00 00

001:013:000:STREAM             1508607510.822529
 08 80 15 A5 5D 60 00 00 00 00 00 00

001:013:000:STREAM             1508607510.826680
 08 80 18 A5 5F 60 00 00 00 00 00 00

001:013:000:STREAM             1508607510.830777
 08 80 1B A5 61 60 00 00 00 00 00 00

001:013:000:STREAM             1508607510.834542
 08 80 1E A5 62 60 00 00 00 00 00 00

001:013:000:STREAM             1508607510.836517
 08 80 22 A5 63 60 00 00 00 00 00 00

001:013:000:STREAM             1508607510.840768
 08 80 27 A5 64 60 00 00 00 00 00 00

001:013:000:STREAM             1508607510.844760
 08 80 2C A5 64 60 00 00 00 00 00 00

001:013:000:STREAM             1508607510.848750
 08 80 31 A5 64 60 00 00 00 00 00 00

001:013:000:STREAM             1508607510.850586
 08 80 36 A5 64 60 00 00 00 00 00 00

001:013:000:STREAM             1508607510.854541
 08 80 3A A5 63 60 00 00 00 00 00 00

001:013:000:STREAM             1508607510.858590
 08 80 3D A5 62 60 00 00 00 00 00 00

001:013:000:STREAM             1508607510.862776
 08 80 40 A5 61 60 00 00 00 00 00 00

001:013:000:STREAM             1508607510.864735
 08 80 42 A5 60 60 00 00 00 00 00 00

001:013:000:STREAM             1508607510.868759
 08 80 43 A5 5F 60 00 00 00 00 00 00

001:013:000:STREAM             1508607510.872774
 08 80 44 A5 5E 60 00 00 00 00 00 00

001:013:000:STREAM             1508607510.876530
 08 80 44 A5 5D 60 00 00 00 00 00 00

001:013:000:STREAM             1508607510.878724
 08 80 44 A5 5C 60 00 00 00 00 00 00

001:013:000:STREAM             1508607510.882773
 08 80 44 A5 5B 60 00 00 00 00 00 00

001:013:000:STREAM             1508607510.886680
 08 80 44 A5 5A 60 00 00 00 00 00 00

001:013:000:STREAM             1508607510.890777
 08 80 44 A5 59 60 00 00 00 00 00 00

001:013:000:STREAM             1508607510.892747
 08 80 44 A5 58 60 00 00 00 00 00 00

001:013:000:STREAM             1508607510.896528
 08 80 44 A5 58 60 00 00 00 00 00 00

001:013:000:STREAM             1508607510.900771
 08 80 44 A5 58 60 00 00 00 00 00 00

001:013:000:STREAM             1508607510.904776
 08 80 44 A5 58 60 00 00 00 00 00 00

001:013:000:STREAM             1508607510.906729
 08 80 43 A5 58 60 00 00 00 00 00 00

001:013:000:STREAM             1508607510.910656
 08 80 42 A5 58 60 00 00 00 00 00 00

001:013:000:STREAM             1508607510.914547
 08 80 42 A5 59 60 00 00 00 00 00 00

001:013:000:STREAM             1508607510.918728
 08 80 42 A5 5A 60 00 00 00 00 00 00

001:013:000:STREAM             1508607510.920738
 08 80 42 A5 5B 60 00 00 00 00 00 00

001:013:000:STREAM             1508607510.924780
 08 80 43 A5 5C 60 00 00 00 00 00 00

001:013:000:STREAM             1508607510.928726
 08 80 43 A5 5C 60 00 00 00 00 00 00

001:013:000:STREAM             1508607510.932733
 08 80 43 A5 5C 60 00 00 00 00 00 00

001:013:000:STREAM             1508607510.934534
 08 80 43 A5 5C 60 00 00 00 00 00 00

001:013:000:STREAM             1508607510.938583
 08 80 43 A5 5C 60 00 00 00 00 00 00

001:013:000:STREAM             1508607510.942754
 08 80 43 A5 5C 60 00 00 00 00 00 00

001:013:000:STREAM             1508607510.946748
 08 80 43 A5 5C 60 00 00 00 00 00 00

001:013:000:STREAM             1508607510.948591
 08 80 43 A5 5C 60 00 00 00 00 00 00

001:013:000:STREAM             1508607510.952591
 08 80 43 A5 5C 60 00 00 00 00 00 00

001:013:000:STREAM             1508607510.956532
 08 80 43 A5 5C 60 00 00 00 00 00 00

001:013:000:STREAM             1508607510.960760
 08 80 43 A5 5C 60 00 00 00 00 00 00

001:013:000:STREAM             1508607510.962714
 08 80 43 A5 5C 60 00 00 00 00 00 00

001:013:000:STREAM             1508607510.966734
 08 80 43 A5 5C 60 00 00 00 00 00 00

001:013:000:STREAM             1508607510.970548
 08 80 43 A5 5C 60 00 00 00 00 00 00

001:013:000:STREAM             1508607510.974577
 08 80 43 A5 5C 60 00 00 00 00 00 00

001:013:000:STREAM             1508607510.976552
 08 80 43 A5 5C 60 00 00 00 00 00 00

001:013:000:STREAM             1508607510.980799
 08 80 43 A5 5C 60 00 00 00 00 00 00

001:013:000:STREAM             1508607510.984539
 08 80 43 A5 5C 60 00 00 00 00 00 00

001:013:000:STREAM             1508607510.988780
 08 80 43 A5 5C 60 00 00 00 00 00 00

001:013:000:STREAM             1508607510.990795
 08 80 43 A5 5C 60 00 00 00 00 00 00

001:013:000:STREAM             1508607510.994568
 08 80 43 A5 5C 60 00 00 00 00 00 00

001:013:000:STREAM             1508607510.998651
 08 80 43 A5 5C 60 00 00 00 00 00 00

001:013:000:STREAM             1508607511.002757
 08 80 43 A5 5C 60 00 00 00 00 00 00

001:013:000:STREAM             1508607511.004683
 08 80 43 A5 63 60 00 00 00 00 00 00

001:013:000:STREAM             1508607511.008684
 08 80 43 A5 69 60 00 00 00 00 00 00

001:013:000:STREAM             1508607511.012677
 08 80 44 A5 6F 60 00 00 00 00 00 00

001:013:000:STREAM             1508607511.016538
 08 80 45 A5 74 60 00 00 00 00 00 00

001:013:000:STREAM             1508607511.018573
 08 80 47 A5 79 60 00 00 00 00 00 00

001:013:000:STREAM             1508607511.022743
 08 80 49 A5 7D 60 00 00 00 00 00 00

001:013:000:STREAM             1508607511.026772
 08 80 4C A5 81 60 00 00 00 00 00 00

001:013:000:STREAM             1508607511.030668
 08 80 4F A5 84 60 00 00 00 00 00 00

001:013:000:STREAM             1508607511.032742
 08 80 52 A5 86 60 00 00 00 00 00 00

001:013:000:STREAM             1508607511.036537
 08 80 55 A5 88 60 00 00 00 00 00 00

001:013:000:STREAM             1508607511.040660
 08 80 59 A5 8A 60 00 00 00 00 00 00

001:013:000:STREAM             1508607511.044738
 08 80 5D A5 8B 60 00 00 00 00 00 00

001:013:000:STREAM             1508607511.046523
 08 80 61 A5 8C 60 00 00 00 00 00 00

001:013:000:STREAM             1508607511.050518
 08 80 65 A5 8D 60 00 00 00 00 00 00

001:013:000:STREAM             1508607511.054511
 08 80 67 A5 8E 60 00 00 00 00 00 00

001:013:000:STREAM             1508607511.058531
 08 80 68 A5 8F 60 00 00 00 00 00 00

001:013:000:STREAM             1508607511.060570
 08 80 69 A5 90 60 00 00 00 00 00 00

001:013:000:STREAM             1508607511.064587
 08 80 6A A5 91 60 00 00 00 00 00 00

001:013:000:STREAM             1508607511.068759
 08 80 6B A5 93 60 00 00 00 00 00 00

001:013:000:STREAM             1508607511.072782
 08 80 6D A5 95 60 00 00 00 00 00 00

001:013:000:STREAM             1508607511.074718
 08 80 6F A5 98 60 00 00 00 00 00 00

001:013:000:STREAM             1508607511.078534
 08 80 72 A5 9B 60 00 00 00 00 00 00

001:013:000:STREAM             1508607511.082540
 08 80 75 A5 9F 60 00 00 00 00 00 00

001:013:000:STREAM             1508607511.086753
 08 80 78 A5 A4 60 00 00 00 00 00 00

001:013:000:STREAM             1508607511.088669
 08 80 7A A5 A9 60 00 00 00 00 00 00

001:013:000:STREAM             1508607511.092578
 08 80 7C A5 AE 60 00 00 00 00 00 00

001:013:000:STREAM             1508607511.096534
 08 80 7E A5 B4 60 00 00 00 00 00 00

001:013:000:STREAM             1508607511.100547
 08 80 80 A5 BA 60 00 00 00 00 00 00

001:013:000:STREAM             1508607511.102526
 08 80 83 A5 C0 60 00 00 00 00 00 00

001:013:000:STREAM             1508607511.106709
 08 80 86 A5 C6 60 00 00 00 00 00 00

001:013:000:STREAM             1508607511.110723
 08 80 89 A5 CC 60 00 00 00 00 00 00

001:013:000:STREAM             1508607511.114759
 08 80 8D A5 D2 60 00 00 00 00 00 00

001:013:000:STREAM             1508607511.116542
 08 80 91 A5 D8 60 00 00 00 00 00 00

001:013:000:STREAM             1508607511.120725
 08 80 95 A5 DE 60 00 00 00 00 00 00

001:013:000:STREAM             1508607511.124737
 08 80 99 A5 E4 60 00 00 00 00 00 00

001:013:000:STREAM             1508607511.128778
 08 80 9E A5 EA 60 00 00 00 00 00 00

001:013:000:STREAM             1508607511.130738
 08 80 A3 A5 F0 60 00 00 00 00 00 00

001:013:000:STREAM             1508607511.134738
 08 80 A8 A5 F6 60 00 00 00 00 00 00

001:013:000:STREAM             1508607511.138532
 08 80 AD A5 FB 60 00 00 00 00 00 00

001:013:000:STREAM             1508607511.142540
 08 80 B2 A5 00 61 00 00 00 00 00 00

001:013:000:STREAM             1508607511.148540
 08 80 B6 A5 FF 60 00 00 00 00 00 00

001:013:000:STREAM             1508607511.156547
 08 82 BB A5 FF 60 00 00 00 00 00 00

001:013:000:STREAM             1508607511.162738
 08 82 C0 A5 00 61 00 00 00 00 00 00

001:013:000:STREAM             1508607511.170782
 08 82 C5 A5 02 61 00 00 00 00 00 00

001:013:000:STREAM             1508607511.176549
 08 82 CD A5 0E 61 00 00 00 00 00 00

001:013:000:STREAM             1508607511.184699
 08 82 D5 A5 1C 61 00 00 00 00 00 00

001:013:000:STREAM             1508607511.190747
 08 82 DE A5 2C 61 00 00 00 00 00 00

001:013:000:STREAM             1508607511.198551
 08 82 E6 A5 3D 61 00 00 00 00 00 00

001:013:000:STREAM             1508607511.204777
 08 82 EC A5 51 61 00 00 00 00 00 00

001:013:000:STREAM             1508607511.212736
 08 82 F2 A5 66 61 00 00 00 00 00 00

001:013:000:STREAM             1508607511.218586
 08 82 F8 A5 7A 61 00 00 00 00 00 00

001:013:000:STREAM             1508607511.226778
 08 82 FE A5 8E 61 00 00 00 00 00 00

001:013:000:STREAM             1508607511.232709
 08 82 05 A6 A0 61 00 00 00 00 00 00

001:013:000:STREAM             1508607511.240757
 08 82 0D A6 B0 61 00 00 00 00 00 00

001:013:000:STREAM             1508607511.246787
 08 82 15 A6 BD 61 00 00 00 00 00 00

001:013:000:STREAM             1508607511.252551
 08 82 1F A6 C6 61 00 00 00 00 00 00

001:013:000:STREAM             1508607511.260674
 08 82 2A A6 CC 61 00 00 00 00 00 00

001:013:000:STREAM             1508607511.266781
 08 82 37 A6 D0 61 00 00 00 00 00 00

001:013:000:STREAM             1508607511.274772
 08 82 43 A6 D1 61 00 00 00 00 00 00

001:013:000:STREAM             1508607511.280583
 08 82 50 A6 D0 61 00 00 00 00 00 00

001:013:000:STREAM             1508607511.288744
 08 82 5E A6 CD 61 00 00 00 00 00 00

001:013:000:STREAM             1508607511.294785
 08 82 6B A6 C8 61 00 00 00 00 00 00

001:013:000:STREAM             1508607511.302753
 08 82 78 A6 C2 61 00 00 00 00 00 00

001:013:000:STREAM             1508607511.308678
 08 82 84 A6 BB 61 00 00 00 00 00 00

001:013:000:STREAM             1508607511.316549
 08 82 8F A6 B3 61 00 00 00 00 00 00

001:013:000:STREAM             1508607511.322541
 08 82 9A A6 AB 61 00 00 00 00 00 00

001:013:000:STREAM             1508607511.330678
 08 82 A3 A6 A2 61 00 00 00 00 00 00

001:013:000:STREAM             1508607511.336772
 08 82 AB A6 98 61 00 00 00 00 00 00

001:013:000:STREAM             1508607511.344742
 08 82 B3 A6 8E 61 00 00 00 00 00 00

001:013:000:STREAM             1508607511.350582
 08 82 BA A6 83 61 00 00 00 00 00 00

001:013:000:STREAM             1508607511.358680
 08 82 C0 A6 78 61 00 00 00 00 00 00

001:013:000:STREAM             1508607511.364692
 08 82 C5 A6 6B 61 00 00 00 00 00 00

001:013:000:STREAM             1508607511.372671
 08 82 C9 A6 5D 61 00 00 00 00 00 00

001:013:000:STREAM             1508607511.378789
 08 82 CC A6 4F 61 00 00 00 00 00 00

001:013:000:STREAM             1508607511.386749
 08 82 CF A6 41 61 00 00 00 00 00 00

001:013:000:STREAM             1508607511.392547
 08 82 D1 A6 33 61 00 00 00 00 00 00

001:013:000:STREAM             1508607511.400725
 08 80 D2 A6 25 61 00 00 00 00 00 00

001:013:000:STREAM             1508607511.406541
 08 80 D3 A6 17 61 00 00 00 00 00 00

001:013:000:STREAM             1508607511.410544
 08 80 D3 A6 09 61 00 00 00 00 00 00

001:013:000:STREAM             1508607511.414783
 08 80 D2 A6 FC 60 00 00 00 00 00 00

001:013:000:STREAM             1508607511.418581
 08 80 D0 A6 EF 60 00 00 00 00 00 00

001:013:000:STREAM             1508607511.420742
 08 80 CE A6 E3 60 00 00 00 00 00 00

001:013:000:STREAM             1508607511.424548
 08 80 CD A6 D8 60 00 00 00 00 00 00

001:013:000:STREAM             1508607511.428541
 08 80 CC A6 CE 60 00 00 00 00 00 00

001:013:000:STREAM             1508607511.432782
 08 80 CA A6 C4 60 00 00 00 00 00 00

001:013:000:STREAM             1508607511.434544
 08 80 C8 A6 BB 60 00 00 00 00 00 00

001:013:000:STREAM             1508607511.438668
 08 80 C6 A6 B3 60 00 00 00 00 00 00

001:013:000:STREAM             1508607511.442750
 08 80 C4 A6 AB 60 00 00 00 00 00 00

001:013:000:STREAM             1508607511.446541
 08 80 C2 A6 A4 60 00 00 00 00 00 00

001:013:000:STREAM             1508607511.448533
 08 80 BF A6 9E 60 00 00 00 00 00 00

001:013:000:STREAM             1508607511.452504
 08 80 BC A6 98 60 00 00 00 00 00 00

001:013:000:STREAM             1508607511.456572
 08 80 B9 A6 93 60 00 00 00 00 00 00

001:013:000:STREAM             1508607511.460739
 08 80 B9 A6 93 60 00 00 00 00 00 00

001:013:000:STREAM             1508607511.462708
 08 80 B9 A6 93 60 00 00 00 00 00 00

001:013:000:STREAM             1508607511.466520
 08 80 B9 A6 93 60 00 00 00 00 00 00

001:013:000:STREAM             1508607511.470727
 08 80 B9 A6 93 60 00 00 00 00 00 00

001:013:000:STREAM             1508607511.474523
 08 80 B9 A6 93 60 00 00 00 00 00 00

001:013:000:STREAM             1508607511.476722
 08 80 B9 A6 93 60 00 00 00 00 00 00

001:013:000:STREAM             1508607511.480749
 08 80 B9 A6 93 60 00 00 00 00 00 00

001:013:000:STREAM             1508607511.484538
 08 80 B9 A6 93 60 00 00 00 00 00 00

001:013:000:STREAM             1508607511.488734
 08 80 B9 A6 93 60 00 00 00 00 00 00

001:013:000:STREAM             1508607511.490713
 08 80 B9 A6 93 60 00 00 00 00 00 00

001:013:000:STREAM             1508607511.494754
 08 80 B7 A6 8B 60 00 00 00 00 00 00

001:013:000:STREAM             1508607511.498670
 08 80 B7 A6 8B 60 00 00 00 00 00 00

001:013:000:STREAM             1508607511.502586
 08 80 B7 A6 8B 60 00 00 00 00 00 00

001:013:000:STREAM             1508607511.504534
 08 80 B9 A6 82 60 00 00 00 00 00 00

001:013:000:STREAM             1508607511.508549
 08 80 BB A6 79 60 00 00 00 00 00 00

001:013:000:STREAM             1508607511.512741
 08 80 BE A6 71 60 00 00 00 00 00 00

001:013:000:STREAM             1508607511.516543
 08 80 C0 A6 69 60 00 00 00 00 00 00

001:013:000:STREAM             1508607511.518699
 08 80 C2 A6 61 60 00 00 00 00 00 00

001:013:000:STREAM             1508607511.522770
 08 80 C4 A6 59 60 00 00 00 00 00 00

001:013:000:STREAM             1508607511.526530
 08 80 C7 A6 52 60 00 00 00 00 00 00

001:013:000:STREAM             1508607511.530742
 08 80 CA A6 4B 60 00 00 00 00 00 00

001:013:000:STREAM             1508607511.532744
 08 80 CD A6 45 60 00 00 00 00 00 00

001:013:000:STREAM             1508607511.536677
 08 80 D0 A6 3F 60 00 00 00 00 00 00

001:013:000:STREAM             1508607511.540747
 08 80 D3 A6 3A 60 00 00 00 00 00 00

001:013:000:STREAM             1508607511.544576
 08 80 D5 A6 36 60 00 00 00 00 00 00

001:013:000:STREAM             1508607511.546529
 08 80 D8 A6 32 60 00 00 00 00 00 00

001:013:000:STREAM             1508607511.550709
 08 80 DB A6 2E 60 00 00 00 00 00 00

001:013:000:STREAM             1508607511.554771
 08 80 DB A6 2E 60 00 00 00 00 00 00

001:013:000:STREAM             1508607511.558583
 08 80 E0 A6 2C 60 00 00 00 00 00 00

001:013:000:STREAM             1508607511.560577
 08 80 E6 A6 2A 60 00 00 00 00 00 00

001:013:000:STREAM             1508607511.564539
 08 80 EC A6 29 60 00 00 00 00 00 00

001:013:000:STREAM             1508607511.568739
 08 80 F2 A6 29 60 00 00 00 00 00 00

001:013:000:STREAM             1508607511.572718
 08 80 F8 A6 2A 60 00 00 00 00 00 00

001:013:000:STREAM             1508607511.574706
 08 80 FF A6 2C 60 00 00 00 00 00 00

001:013:000:STREAM             1508607511.578745
 08 80 06 A7 2E 60 00 00 00 00 00 00

001:013:000:STREAM             1508607511.582534
 08 80 0D A7 31 60 00 00 00 00 00 00

001:013:000:STREAM             1508607511.586632
 08 80 14 A7 34 60 00 00 00 00 00 00

001:013:000:STREAM             1508607511.588727
 08 80 1A A7 37 60 00 00 00 00 00 00

001:013:000:STREAM             1508607511.592777
 08 80 21 A7 3A 60 00 00 00 00 00 00

001:013:000:STREAM             1508607511.596540
 08 80 28 A7 3D 60 00 00 00 00 00 00

001:013:000:STREAM             1508607511.600781
 08 80 2F A7 40 60 00 00 00 00 00 00

001:013:000:STREAM             1508607511.602541
 08 80 36 A7 43 60 00 00 00 00 00 00

001:013:000:STREAM             1508607511.606543
 08 80 3D A7 46 60 00 00 00 00 00 00

001:013:000:STREAM             1508607511.610709
 08 80 43 A7 4A 60 00 00 00 00 00 00

001:013:000:STREAM             1508607511.614768
 08 80 49 A7 4E 60 00 00 00 00 00 00

001:013:000:STREAM             1508607511.616515
 08 80 4F A7 52 60 00 00 00 00 00 00

001:013:000:STREAM             1508607511.620526
 08 80 54 A7 57 60 00 00 00 00 00 00

001:013:000:STREAM             1508607511.624497
 08 80 59 A7 5C 60 00 00 00 00 00 00

001:013:000:STREAM             1508607511.628572
 08 80 5D A7 61 60 00 00 00 00 00 00

001:013:000:STREAM             1508607511.630698
 08 80 61 A7 66 60 00 00 00 00 00 00

001:013:000:STREAM             1508607511.634575
 08 80 65 A7 6C 60 00 00 00 00 00 00

001:013:000:STREAM             1508607511.638740
 08 80 68 A7 72 60 00 00 00 00 00 00

001:013:000:STREAM             1508607511.642548
 08 80 6B A7 78 60 00 00 00 00 00 00

001:013:000:STREAM             1508607511.644518
 08 80 6E A7 7F 60 00 00 00 00 00 00

001:013:000:STREAM             1508607511.648574
 08 80 71 A7 86 60 00 00 00 00 00 00

001:013:000:STREAM             1508607511.652570
 08 80 71 A7 8D 60 00 00 00 00 00 00

001:013:000:STREAM             1508607511.656539
 08 80 71 A7 95 60 00 00 00 00 00 00

001:013:000:STREAM             1508607511.658703
 08 80 70 A7 9D 60 00 00 00 00 00 00

001:013:000:STREAM             1508607511.662546
 08 80 6F A7 A5 60 00 00 00 00 00 00

001:013:000:STREAM             1508607511.666717
 08 80 70 A7 AE 60 00 00 00 00 00 00

001:013:000:STREAM             1508607511.670781
 08 80 71 A7 B7 60 00 00 00 00 00 00

001:013:000:STREAM             1508607511.672743
 08 80 71 A7 C0 60 00 00 00 00 00 00

001:013:000:STREAM             1508607511.676541
 08 80 71 A7 C9 60 00 00 00 00 00 00

001:013:000:STREAM             1508607511.680733
 08 80 71 A7 D2 60 00 00 00 00 00 00

001:013:000:STREAM             1508607511.684537
 08 80 70 A7 DC 60 00 00 00 00 00 00

001:013:000:STREAM             1508607511.686725
 08 80 6F A7 E6 60 00 00 00 00 00 00

001:013:000:STREAM             1508607511.690776
 08 80 6E A7 F0 60 00 00 00 00 00 00

001:013:000:STREAM             1508607511.694677
 08 80 6D A7 FA 60 00 00 00 00 00 00

001:013:000:STREAM             1508607511.698554
 08 80 6B A7 03 61 00 00 00 00 00 00

001:013:000:STREAM             1508607511.700730
 08 80 69 A7 0C 61 00 00 00 00 00 00

001:013:000:STREAM             1508607511.704532
 08 80 66 A7 15 61 00 00 00 00 00 00

001:013:000:STREAM             1508607511.708682
 08 80 63 A7 1E 61 00 00 00 00 00 00

001:013:000:STREAM             1508607511.712586
 08 80 60 A7 26 61 00 00 00 00 00 00

001:013:000:STREAM             1508607511.714730
 08 80 5D A7 2E 61 00 00 00 00 00 00

001:013:000:STREAM             1508607511.718780
 08 80 5A A7 36 61 00 00 00 00 00 00

001:013:000:STREAM             1508607511.722549
 08 80 58 A7 3D 61 00 00 00 00 00 00

001:013:000:STREAM             1508607511.726706
 08 80 56 A7 44 61 00 00 00 00 00 00

001:013:000:STREAM             1508607511.728743
 08 80 53 A7 4B 61 00 00 00 00 00 00

001:013:000:STREAM             1508607511.732758
 08 80 50 A7 52 61 00 00 00 00 00 00

001:013:000:STREAM             1508607511.736746
 08 80 4D A7 58 61 00 00 00 00 00 00

001:013:000:STREAM             1508607511.740776
 08 80 4A A7 5E 61 00 00 00 00 00 00

001:013:000:STREAM             1508607511.742533
 08 80 47 A7 64 61 00 00 00 00 00 00

001:013:000:STREAM             1508607511.746722
 08 80 45 A7 69 61 00 00 00 00 00 00

001:013:000:STREAM             1508607511.750663
 08 80 45 A7 69 61 00 00 00 00 00 00

001:013:000:STREAM             1508607511.754721
 08 80 45 A7 69 61 00 00 00 00 00 00

001:013:000:STREAM             1508607511.756625
 08 80 45 A7 69 61 00 00 00 00 00 00

001:013:000:STREAM             1508607511.760758
 08 80 45 A7 69 61 00 00 00 00 00 00

001:013:000:STREAM             1508607511.764532
 08 80 45 A7 69 61 00 00 00 00 00 00

001:013:000:STREAM             1508607511.768729
 08 80 45 A7 69 61 00 00 00 00 00 00

001:013:000:STREAM             1508607511.770737
 08 80 45 A7 69 61 00 00 00 00 00 00

001:013:000:STREAM             1508607511.774760
 08 80 45 A7 69 61 00 00 00 00 00 00

001:013:000:STREAM             1508607511.778768
 08 80 45 A7 69 61 00 00 00 00 00 00

001:013:000:STREAM             1508607511.782546
 08 80 45 A7 69 61 00 00 00 00 00 00

001:013:000:STREAM             1508607511.784519
 08 80 45 A7 69 61 00 00 00 00 00 00

001:013:000:STREAM             1508607511.788773
 08 80 45 A7 69 61 00 00 00 00 00 00

001:013:000:STREAM             1508607511.792775
 08 80 45 A7 69 61 00 00 00 00 00 00

001:013:000:STREAM             1508607511.796728
 08 80 45 A7 69 61 00 00 00 00 00 00

001:013:000:STREAM             1508607511.798532
 08 80 45 A7 69 61 00 00 00 00 00 00

001:013:000:STREAM             1508607511.802548
 08 80 45 A7 69 61 00 00 00 00 00 00

001:013:000:STREAM             1508607511.806726
 08 80 45 A7 69 61 00 00 00 00 00 00

001:013:000:STREAM             1508607511.810800
 08 80 45 A7 69 61 00 00 00 00 00 00

001:013:000:STREAM             1508607511.812671
 08 80 45 A7 69 61 00 00 00 00 00 00

001:013:000:STREAM             1508607511.816720
 08 80 45 A7 69 61 00 00 00 00 00 00

001:013:000:STREAM             1508607511.820748
 08 80 45 A7 69 61 00 00 00 00 00 00

001:013:000:STREAM             1508607511.824561
 08 80 45 A7 69 61 00 00 00 00 00 00

001:013:000:STREAM             1508607511.826699
 08 80 45 A7 69 61 00 00 00 00 00 00

001:013:000:STREAM             1508607511.830748
 08 80 45 A7 69 61 00 00 00 00 00 00

001:013:000:STREAM             1508607511.834705
 08 80 45 A7 69 61 00 00 00 00 00 00

001:013:000:STREAM             1508607511.838770
 08 80 45 A7 69 61 00 00 00 00 00 00

001:013:000:STREAM             1508607511.840739
 08 80 45 A7 69 61 00 00 00 00 00 00

001:013:000:STREAM             1508607511.844566
 08 80 45 A7 69 61 00 00 00 00 00 00

001:013:000:STREAM             1508607511.848591
 08 80 45 A7 69 61 00 00 00 00 00 00

001:013:000:STREAM             1508607511.852704
 08 80 45 A7 69 61 00 00 00 00 00 00

001:013:000:STREAM             1508607511.854688
 08 80 45 A7 69 61 00 00 00 00 00 00

001:013:000:STREAM             1508607511.858697
 08 80 45 A7 69 61 00 00 00 00 00 00

001:013:000:STREAM             1508607511.862784
 08 80 45 A7 69 61 00 00 00 00 00 00

001:013:000:STREAM             1508607511.866536
 08 80 45 A7 69 61 00 00 00 00 00 00

001:013:000:STREAM             1508607511.868732
 08 80 45 A7 68 61 00 00 00 00 00 00

001:013:000:STREAM             1508607511.872740
 08 80 45 A7 67 61 00 00 00 00 00 00

001:013:000:STREAM             1508607511.876765
 08 80 45 A7 66 61 00 00 00 00 00 00

001:013:000:STREAM             1508607511.880713
 08 80 45 A7 64 61 00 00 00 00 00 00

001:013:000:STREAM             1508607511.882743
 08 80 45 A7 62 61 00 00 00 00 00 00

001:013:000:STREAM             1508607511.886539
 08 80 45 A7 5F 61 00 00 00 00 00 00

001:013:000:STREAM             1508607511.890753
 08 80 45 A7 5C 61 00 00 00 00 00 00

001:013:000:STREAM             1508607511.894581
 08 80 45 A7 5C 61 00 00 00 00 00 00

001:013:000:STREAM             1508607511.896715
 08 80 45 A7 5C 61 00 00 00 00 00 00

001:013:000:STREAM             1508607511.900549
 08 80 45 A7 5C 61 00 00 00 00 00 00

001:013:000:STREAM             1508607511.904546
 08 80 45 A7 5C 61 00 00 00 00 00 00

001:013:000:STREAM             1508607511.908672
 08 80 45 A7 5C 61 00 00 00 00 00 00

001:013:000:STREAM             1508607511.910743
 08 80 45 A7 5C 61 00 00 00 00 00 00

001:013:000:STREAM             1508607511.914712
 08 80 45 A7 5C 61 00 00 00 00 00 00

001:013:000:STREAM             1508607511.918718
 08 80 45 A7 5C 61 00 00 00 00 00 00

001:013:000:STREAM             1508607511.922586
 08 80 45 A7 5C 61 00 00 00 00 00 00

001:013:000:STREAM             1508607511.924531
 08 80 45 A7 5C 61 00 00 00 00 00 00

001:013:000:STREAM             1508607511.928731
 08 80 45 A7 5C 61 00 00 00 00 00 00

001:013:000:STREAM             1508607511.932779
 08 80 45 A7 5C 61 00 00 00 00 00 00

001:013:000:STREAM             1508607511.936748
 08 80 45 A7 5C 61 00 00 00 00 00 00

001:013:000:STREAM             1508607511.938713
 08 80 45 A7 5C 61 00 00 00 00 00 00

001:013:000:STREAM             1508607511.942585
 08 80 45 A7 5C 61 00 00 00 00 00 00

001:013:000:STREAM             1508607511.946531
 08 80 45 A7 5C 61 00 00 00 00 00 00

001:013:000:STREAM             1508607511.950714
 08 80 45 A7 5C 61 00 00 00 00 00 00

001:013:000:STREAM             1508607511.952543
 08 80 45 A7 5C 61 00 00 00 00 00 00

001:013:000:STREAM             1508607511.956781
 08 80 45 A7 5C 61 00 00 00 00 00 00

001:013:000:STREAM             1508607511.960752
 08 80 45 A7 5C 61 00 00 00 00 00 00

001:013:000:STREAM             1508607511.964532
 08 80 45 A7 5C 61 00 00 00 00 00 00

001:013:000:STREAM             1508607511.966518
 08 80 45 A7 5C 61 00 00 00 00 00 00

001:013:000:STREAM             1508607511.970740
 08 80 45 A7 5C 61 00 00 00 00 00 00

001:013:000:STREAM             1508607511.974670
 08 80 45 A7 5C 61 00 00 00 00 00 00

001:013:000:STREAM             1508607511.978778
 08 80 45 A7 5C 61 00 00 00 00 00 00

001:013:000:STREAM             1508607511.980693
 08 80 45 A7 5C 61 00 00 00 00 00 00

001:013:000:STREAM             1508607511.984539
 08 80 45 A7 5C 61 00 00 00 00 00 00

001:013:000:STREAM             1508607511.988544
 08 80 45 A7 5C 61 00 00 00 00 00 00

001:013:000:STREAM             1508607511.992573
 08 80 45 A7 5C 61 00 00 00 00 00 00

001:013:000:STREAM             1508607511.994569
 08 80 45 A7 5C 61 00 00 00 00 00 00

001:013:000:STREAM             1508607511.998778
 08 80 45 A7 5C 61 00 00 00 00 00 00

001:013:000:STREAM             1508607512.002545
 08 80 41 A7 5B 61 00 00 00 00 00 00

001:013:000:STREAM             1508607512.006530
 08 80 3D A7 5B 61 00 00 00 00 00 00

001:013:000:STREAM             1508607512.008691
 08 80 39 A7 5B 61 00 00 00 00 00 00

001:013:000:STREAM             1508607512.012715
 08 80 35 A7 5B 61 00 00 00 00 00 00

001:013:000:STREAM             1508607512.016778
 08 80 33 A7 5C 61 00 00 00 00 00 00

001:013:000:STREAM             1508607512.020705
 08 80 31 A7 5D 61 00 00 00 00 00 00

001:013:000:STREAM             1508607512.022713
 08 80 30 A7 5F 61 00 00 00 00 00 00

001:013:000:STREAM             1508607512.026530
 08 80 2F A7 61 61 00 00 00 00 00 00

001:013:000:STREAM             1508607512.030654
 08 80 2E A7 63 61 00 00 00 00 00 00

001:013:000:STREAM             1508607512.034731
 08 80 2D A7 65 61 00 00 00 00 00 00

001:013:000:STREAM             1508607512.036655
 08 80 2D A7 67 61 00 00 00 00 00 00

001:013:000:STREAM             1508607512.040683
 08 80 2D A7 6A 61 00 00 00 00 00 00

001:013:000:STREAM             1508607512.044544
 08 80 2D A7 6D 61 00 00 00 00 00 00

001:013:000:STREAM             1508607512.048546
 08 80 2E A7 70 61 00 00 00 00 00 00

001:013:000:STREAM             1508607512.050509
 08 80 2F A7 74 61 00 00 00 00 00 00

001:013:000:STREAM             1508607512.054511
 08 80 30 A7 77 61 00 00 00 00 00 00

001:013:000:STREAM             1508607512.058579
 08 80 32 A7 7A 61 00 00 00 00 00 00

001:013:000:STREAM             1508607512.062739
 08 80 34 A7 7D 61 00 00 00 00 00 00

001:013:000:STREAM             1508607512.064535
 08 80 34 A7 7D 61 00 00 00 00 00 00

001:013:000:STREAM             1508607512.068719
 08 80 37 A7 80 61 00 00 00 00 00 00

001:013:000:STREAM             1508607512.072577
 08 80 3B A7 83 61 00 00 00 00 00 00

001:013:000:STREAM             1508607512.076751
 08 80 3F A7 86 61 00 00 00 00 00 00

001:013:000:STREAM             1508607512.078742
 08 80 44 A7 89 61 00 00 00 00 00 00

001:013:000:STREAM             1508607512.082741
 08 80 49 A7 8C 61 00 00 00 00 00 00

001:013:000:STREAM             1508607512.086547
 08 80 4F A7 8F 61 00 00 00 00 00 00

001:013:000:STREAM             1508607512.090544
 08 80 55 A7 91 61 00 00 00 00 00 00

001:013:000:STREAM             1508607512.092751
 08 80 5C A7 93 61 00 00 00 00 00 00

001:013:000:STREAM             1508607512.096776
 08 80 63 A7 95 61 00 00 00 00 00 00

001:013:000:STREAM             1508607512.100710
 08 80 6A A7 96 61 00 00 00 00 00 00

001:013:000:STREAM             1508607512.104544
 08 80 72 A7 97 61 00 00 00 00 00 00

001:013:000:STREAM             1508607512.106543
 08 80 7A A7 98 61 00 00 00 00 00 00

001:013:000:STREAM             1508607512.110760
 08 80 82 A7 99 61 00 00 00 00 00 00

001:013:000:STREAM             1508607512.114730
 08 80 8A A7 9A 61 00 00 00 00 00 00

001:013:000:STREAM             1508607512.118781
 08 80 92 A7 9B 61 00 00 00 00 00 00

001:013:000:STREAM             1508607512.120739
 08 80 9A A7 9C 61 00 00 00 00 00 00

001:013:000:STREAM             1508607512.124545
 08 80 A2 A7 9D 61 00 00 00 00 00 00

001:013:000:STREAM             1508607512.128725
 08 80 AB A7 9E 61 00 00 00 00 00 00

001:013:000:STREAM             1508607512.132746
 08 80 B4 A7 9F 61 00 00 00 00 00 00

001:013:000:STREAM             1508607512.134545
 08 80 BC A7 A1 61 00 00 00 00 00 00

001:013:000:STREAM             1508607512.138786
 08 80 C4 A7 A3 61 00 00 00 00 00 00

001:013:000:STREAM             1508607512.142692
 08 80 CC A7 A5 61 00 00 00 00 00 00

001:013:000:STREAM             1508607512.146534
 08 80 D3 A7 A8 61 00 00 00 00 00 00

001:013:000:STREAM             1508607512.148735
 08 80 DB A7 AB 61 00 00 00 00 00 00

001:013:000:STREAM             1508607512.152751
 08 80 E3 A7 AF 61 00 00 00 00 00 00

001:013:000:STREAM             1508607512.156596
 08 80 EB A7 B3 61 00 00 00 00 00 00

001:013:000:STREAM             1508607512.160592
 08 80 F3 A7 B8 61 00 00 00 00 00 00

001:013:000:STREAM             1508607512.162574
 08 80 FA A7 BD 61 00 00 00 00 00 00

001:013:000:STREAM             1508607512.166530
 08 80 01 A8 C3 61 00 00 00 00 00 00

001:013:000:STREAM             1508607512.170549
 08 80 08 A8 CA 61 00 00 00 00 00 00

001:013:000:STREAM             1508607512.174725
 08 80 0E A8 D2 61 00 00 00 00 00 00

001:013:000:STREAM             1508607512.176586
 08 80 14 A8 DB 61 00 00 00 00 00 00

001:013:000:STREAM             1508607512.180543
 08 80 1A A8 E4 61 00 00 00 00 00 00

001:013:000:STREAM             1508607512.184550
 08 80 1F A8 EE 61 00 00 00 00 00 00

001:013:000:STREAM             1508607512.188746
 08 80 24 A8 F9 61 00 00 00 00 00 00

001:013:000:STREAM             1508607512.190545
 08 80 29 A8 05 62 00 00 00 00 00 00

001:013:000:STREAM             1508607512.194773
 08 80 2E A8 12 62 00 00 00 00 00 00

001:013:000:STREAM             1508607512.198551
 08 80 32 A8 1F 62 00 00 00 00 00 00

001:013:000:STREAM             1508607512.202709
 08 80 35 A8 2C 62 00 00 00 00 00 00

001:013:000:STREAM             1508607512.204549
 08 80 38 A8 39 62 00 00 00 00 00 00

001:013:000:STREAM             1508607512.208694
 08 80 3A A8 47 62 00 00 00 00 00 00

001:013:000:STREAM             1508607512.212695
 08 80 3C A8 55 62 00 00 00 00 00 00

001:013:000:STREAM             1508607512.216768
 08 80 3D A8 63 62 00 00 00 00 00 00

001:013:000:STREAM             1508607512.218741
 08 80 3E A8 71 62 00 00 00 00 00 00

001:013:000:STREAM             1508607512.222748
 08 80 3E A8 7F 62 00 00 00 00 00 00

001:013:000:STREAM             1508607512.226544
 08 80 3E A8 8E 62 00 00 00 00 00 00

001:013:000:STREAM             1508607512.230774
 08 80 3D A8 9E 62 00 00 00 00 00 00

001:013:000:STREAM             1508607512.232593
 08 80 3C A8 AE 62 00 00 00 00 00 00

001:013:000:STREAM             1508607512.236775
 08 80 3B A8 BE 62 00 00 00 00 00 00

001:013:000:STREAM             1508607512.240681
 08 80 39 A8 CE 62 00 00 00 00 00 00

001:013:000:STREAM             1508607512.244541
 08 80 37 A8 DF 62 00 00 00 00 00 00

001:013:000:STREAM             1508607512.246517
 08 80 34 A8 F1 62 00 00 00 00 00 00

001:013:000:STREAM             1508607512.250535
 08 80 31 A8 02 63 00 00 00 00 00 00

001:013:000:STREAM             1508607512.254783
 08 80 2D A8 13 63 00 00 00 00 00 00

001:013:000:STREAM             1508607512.258546
 08 80 28 A8 25 63 00 00 00 00 00 00

001:013:000:STREAM             1508607512.260539
 08 80 23 A8 37 63 00 00 00 00 00 00

001:013:000:STREAM             1508607512.264549
 08 80 1D A8 4A 63 00 00 00 00 00 00

001:013:000:STREAM             1508607512.268725
 08 80 17 A8 5C 63 00 00 00 00 00 00

001:013:000:STREAM             1508607512.272756
 08 80 10 A8 6E 63 00 00 00 00 00 00

001:013:000:STREAM             1508607512.274736
 08 80 09 A8 7F 63 00 00 00 00 00 00

001:013:000:STREAM             1508607512.278762
 08 80 02 A8 8F 63 00 00 00 00 00 00

001:013:000:STREAM             1508607512.282582
 08 80 FB A7 9F 63 00 00 00 00 00 00

001:013:000:STREAM             1508607512.286537
 08 80 F4 A7 AF 63 00 00 00 00 00 00

001:013:000:STREAM             1508607512.288734
 08 80 ED A7 BE 63 00 00 00 00 00 00

001:013:000:STREAM             1508607512.292684
 08 80 E6 A7 CD 63 00 00 00 00 00 00

001:013:000:STREAM             1508607512.296777
 08 80 E0 A7 DB 63 00 00 00 00 00 00

001:013:000:STREAM             1508607512.300707
 08 80 D9 A7 E9 63 00 00 00 00 00 00

001:013:000:STREAM             1508607512.302572
 08 80 D3 A7 F6 63 00 00 00 00 00 00

001:013:000:STREAM             1508607512.306536
 08 80 CD A7 02 64 00 00 00 00 00 00

001:013:000:STREAM             1508607512.310545
 08 80 C7 A7 0D 64 00 00 00 00 00 00

001:013:000:STREAM             1508607512.314697
 08 80 C1 A7 17 64 00 00 00 00 00 00

001:013:000:STREAM             1508607512.316542
 08 80 BC A7 20 64 00 00 00 00 00 00

001:013:000:STREAM             1508607512.320766
 08 80 B8 A7 29 64 00 00 00 00 00 00

001:013:000:STREAM             1508607512.324557
 08 80 B4 A7 31 64 00 00 00 00 00 00

001:013:000:STREAM             1508607512.328731
 08 80 B0 A7 39 64 00 00 00 00 00 00

001:013:000:STREAM             1508607512.330691
 08 80 AD A7 40 64 00 00 00 00 00 00

001:013:000:STREAM             1508607512.334587
 08 80 AA A7 46 64 00 00 00 00 00 00

001:013:000:STREAM             1508607512.338770
 08 80 A7 A7 4C 64 00 00 00 00 00 00

001:013:000:STREAM             1508607512.342731
 08 80 A7 A7 4C 64 00 00 00 00 00 00

001:013:000:STREAM             1508607512.344544
 08 80 A7 A7 4C 64 00 00 00 00 00 00

001:013:000:STREAM             1508607512.348572
 08 80 A7 A7 4C 64 00 00 00 00 00 00

001:013:000:STREAM             1508607512.352575
 08 80 A7 A7 4C 64 00 00 00 00 00 00

001:013:000:STREAM             1508607512.356690
 08 80 A7 A7 4C 64 00 00 00 00 00 00

001:013:000:STREAM             1508607512.358685
 08 80 A7 A7 4C 64 00 00 00 00 00 00

001:013:000:STREAM             1508607512.362738
 08 80 A7 A7 4C 64 00 00 00 00 00 00

001:013:000:STREAM             1508607512.366536
 08 80 A7 A7 4C 64 00 00 00 00 00 00

001:013:000:STREAM             1508607512.370771
 08 80 A7 A7 4C 64 00 00 00 00 00 00

001:013:000:STREAM             1508607512.372673
 08 80 A7 A7 4C 64 00 00 00 00 00 00

001:013:000:STREAM             1508607512.376582
 08 80 A7 A7 4C 64 00 00 00 00 00 00

001:013:000:STREAM             1508607512.380759
 08 80 A7 A7 4C 64 00 00 00 00 00 00

001:013:000:STREAM             1508607512.384548
 08 80 A7 A7 4C 64 00 00 00 00 00 00

001:013:000:STREAM             1508607512.386520
 08 80 A7 A7 4C 64 00 00 00 00 00 00

001:013:000:STREAM             1508607512.390774
 08 80 A7 A7 4C 64 00 00 00 00 00 00

001:013:000:STREAM             1508607512.394817
 08 80 A7 A7 4C 64 00 00 00 00 00 00

001:013:000:STREAM             1508607512.398755
 08 80 A7 A7 4C 64 00 00 00 00 00 00

001:013:000:STREAM             1508607512.400736
 08 80 A7 A7 4C 64 00 00 00 00 00 00

001:013:000:STREAM             1508607512.404547
 08 80 A7 A7 4C 64 00 00 00 00 00 00

001:013:000:STREAM             1508607512.408690
 08 80 A7 A7 4C 64 00 00 00 00 00 00

001:013:000:STREAM             1508607512.412584
 08 80 A7 A7 4C 64 00 00 00 00 00 00

001:013:000:STREAM             1508607512.414657
 08 80 A7 A7 4C 64 00 00 00 00 00 00

001:013:000:STREAM             1508607512.418771
 08 80 A7 A7 4C 64 00 00 00 00 00 00

001:013:000:STREAM             1508607512.422781
 08 80 A7 A7 4C 64 00 00 00 00 00 00

001:013:000:STREAM             1508607512.426537
 08 80 A7 A7 4C 64 00 00 00 00 00 00

001:013:000:STREAM             1508607512.428572
 08 80 A7 A7 4C 64 00 00 00 00 00 00

001:013:000:STREAM             1508607512.432768
 08 80 AC A7 4C 64 00 00 00 00 00 00

001:013:000:STREAM             1508607512.436751
 08 80 B1 A7 4C 64 00 00 00 00 00 00

001:013:000:STREAM             1508607512.440775
 08 80 B7 A7 4B 64 00 00 00 00 00 00

001:013:000:STREAM             1508607512.442742
 08 80 BE A7 4A 64 00 00 00 00 00 00

001:013:000:STREAM             1508607512.446536
 08 80 C6 A7 49 64 00 00 00 00 00 00

001:013:000:STREAM             1508607512.450530
 08 80 CE A7 48 64 00 00 00 00 00 00

001:013:000:STREAM             1508607512.454665
 08 80 D7 A7 48 64 00 00 00 00 00 00

001:013:000:STREAM             1508607512.456724
 08 80 E1 A7 4E 64 00 00 00 00 00 00

001:013:000:STREAM             1508607512.464656
 08 84 ED A7 53 64 00 00 00 00 00 00

001:013:000:STREAM             1508607512.470723
 08 84 FC A7 58 64 00 00 00 00 00 00

001:013:000:STREAM             1508607512.478774
 08 84 10 A8 5C 64 00 00 00 00 00 00

001:013:000:STREAM             1508607512.484544
 08 84 2C A8 55 64 00 00 00 00 00 00

001:013:000:STREAM             1508607512.492761
 08 84 53 A8 4B 64 00 00 00 00 00 00

001:013:000:STREAM             1508607512.498705
 08 84 83 A8 3E 64 00 00 00 00 00 00

001:013:000:STREAM             1508607512.506693
 08 84 BA A8 2E 64 00 00 00 00 00 00

001:013:000:STREAM             1508607512.512670
 08 84 F4 A8 1D 64 00 00 00 00 00 00

001:013:000:STREAM             1508607512.520758
 08 84 2C A9 0D 64 00 00 00 00 00 00

001:013:000:STREAM             1508607512.526748
 08 84 60 A9 FE 63 00 00 00 00 00 00

001:013:000:STREAM             1508607512.534567
 08 84 8D A9 F2 63 00 00 00 00 00 00

001:013:000:STREAM             1508607512.540527
 08 84 B5 A9 E7 63 00 00 00 00 00 00

001:013:000:STREAM             1508607512.548529
 08 84 D6 A9 DE 63 00 00 00 00 00 00

001:013:000:STREAM             1508607512.554527
 08 84 F2 A9 D6 63 00 00 00 00 00 00

001:013:000:STREAM             1508607512.562516
 08 84 09 AA CE 63 00 00 00 00 00 00

001:013:000:STREAM             1508607512.568517
 08 84 1D AA C7 63 00 00 00 00 00 00

001:013:000:STREAM             1508607512.576503
 08 84 2F AA C0 63 00 00 00 00 00 00

001:013:000:STREAM             1508607512.582503
 08 84 3E AA BA 63 00 00 00 00 00 00

001:013:000:STREAM             1508607512.590556
 08 84 4A AA B5 63 00 00 00 00 00 00

001:013:000:STREAM             1508607512.596560
 08 84 55 AA B0 63 00 00 00 00 00 00

001:013:000:STREAM             1508607512.604718
 08 84 5E AA AB 63 00 00 00 00 00 00

001:013:000:STREAM             1508607512.610744
 08 84 66 AA A6 63 00 00 00 00 00 00

001:013:000:STREAM             1508607512.618729
 08 84 6D AA A1 63 00 00 00 00 00 00

001:013:000:STREAM             1508607512.624750
 08 84 73 AA 9C 63 00 00 00 00 00 00

001:013:000:STREAM             1508607512.632531
 08 84 79 AA 96 63 00 00 00 00 00 00

001:013:000:STREAM             1508607512.638701
 08 84 7F AA 8F 63 00 00 00 00 00 00

001:013:000:STREAM             1508607512.646784
 08 84 84 AA 88 63 00 00 00 00 00 00

001:013:000:STREAM             1508607512.652545
 08 84 89 AA 81 63 00 00 00 00 00 00

001:013:000:STREAM             1508607512.658664
 08 84 8E AA 79 63 00 00 00 00 00 00

001:013:000:STREAM             1508607512.666783
 08 84 93 AA 71 63 00 00 00 00 00 00

001:013:000:STREAM             1508607512.672687
 08 84 98 AA 69 63 00 00 00 00 00 00

001:013:000:STREAM             1508607512.680691
 08 84 9E AA 61 63 00 00 00 00 00 00

001:013:000:STREAM             1508607512.686748
 08 84 A3 AA 59 63 00 00 00 00 00 00

001:013:000:STREAM             1508607512.694764
 08 84 A8 AA 52 63 00 00 00 00 00 00

001:013:000:STREAM             1508607512.700584
 08 80 AE AA 4B 63 00 00 00 00 00 00

001:013:000:STREAM             1508607512.704734
 08 80 B4 AA 43 63 00 00 00 00 00 00

001:013:000:STREAM             1508607512.708661
 08 80 BA AA 3B 63 00 00 00 00 00 00

001:013:000:STREAM             1508607512.712699
 08 80 C0 AA 33 63 00 00 00 00 00 00

001:013:000:STREAM             1508607512.714737
 08 80 C5 AA 2B 63 00 00 00 00 00 00

001:013:000:STREAM             1508607512.718542
 08 80 CB AA 23 63 00 00 00 00 00 00

001:013:000:STREAM             1508607512.722571
 08 80 D1 AA 1B 63 00 00 00 00 00 00

001:013:000:STREAM             1508607512.726779
 08 80 D7 AA 13 63 00 00 00 00 00 00

001:013:000:STREAM             1508607512.728742
 08 80 DE AA 0B 63 00 00 00 00 00 00

001:013:000:STREAM             1508607512.732707
 08 80 E5 AA 03 63 00 00 00 00 00 00

001:013:000:STREAM             1508607512.736723
 08 80 EC AA FB 62 00 00 00 00 00 00

001:013:000:STREAM             1508607512.740546
 08 80 F3 AA F3 62 00 00 00 00 00 00

001:013:000:STREAM             1508607512.742718
 08 80 FA AA EB 62 00 00 00 00 00 00

001:013:000:STREAM             1508607512.746779
 08 80 00 AB E3 62 00 00 00 00 00 00

001:013:000:STREAM             1508607512.750670
 08 80 06 AB DB 62 00 00 00 00 00 00

001:013:000:STREAM             1508607512.754707
 08 80 0C AB D3 62 00 00 00 00 00 00

001:013:000:STREAM             1508607512.756713
 08 80 13 AB CC 62 00 00 00 00 00 00

001:013:000:STREAM             1508607512.760544
 08 80 19 AB C5 62 00 00 00 00 00 00

001:013:000:STREAM             1508607512.764733
 08 80 1F AB BF 62 00 00 00 00 00 00

001:013:000:STREAM             1508607512.768778
 08 80 23 AB B9 62 00 00 00 00 00 00

001:013:000:STREAM             1508607512.770691
 08 80 26 AB B4 62 00 00 00 00 00 00

001:013:000:STREAM             1508607512.774735
 08 80 29 AB B0 62 00 00 00 00 00 00

001:013:000:STREAM             1508607512.778542
 08 80 2B AB AC 62 00 00 00 00 00 00

001:013:000:STREAM             1508607512.782731
 08 80 2D AB A9 62 00 00 00 00 00 00

001:013:000:STREAM             1508607512.784732
 08 80 2F AB A7 62 00 00 00 00 00 00

001:013:000:STREAM             1508607512.788750
 08 80 30 AB A6 62 00 00 00 00 00 00

001:013:000:STREAM             1508607512.792714
 08 80 31 AB A5 62 00 00 00 00 00 00

001:013:000:STREAM             1508607512.796777
 08 80 32 AB A5 62 00 00 00 00 00 00

001:013:000:STREAM             1508607512.798530
 08 80 32 AB A5 62 00 00 00 00 00 00

001:013:000:STREAM             1508607512.802728
 08 80 32 AB A6 62 00 00 00 00 00 00

001:013:000:STREAM             1508607512.806770
 08 80 32 AB A7 62 00 00 00 00 00 00

001:013:000:STREAM             1508607512.810588
 08 80 32 AB A8 62 00 00 00 00 00 00

001:013:000:STREAM             1508607512.812749
 08 80 32 AB AA 62 00 00 00 00 00 00

001:013:000:STREAM             1508607512.816718
 08 80 32 AB AC 62 00 00 00 00 00 00

001:013:000:STREAM             1508607512.820530
 08 80 33 AB AE 62 00 00 00 00 00 00

001:013:000:STREAM             1508607512.824702
 08 80 34 AB B1 62 00 00 00 00 00 00

001:013:000:STREAM             1508607512.826730
 08 80 35 AB B4 62 00 00 00 00 00 00

001:013:000:STREAM             1508607512.830546
 08 80 36 AB B7 62 00 00 00 00 00 00

001:013:000:STREAM             1508607512.834558
 08 80 36 AB B7 62 00 00 00 00 00 00

001:013:000:STREAM             1508607512.838593
 08 80 36 AB B7 62 00 00 00 00 00 00

001:013:000:STREAM             1508607512.840521
 08 80 36 AB B7 62 00 00 00 00 00 00

001:013:000:STREAM             1508607512.844762
 08 80 36 AB B7 62 00 00 00 00 00 00

001:013:000:STREAM             1508607512.848774
 08 80 36 AB B7 62 00 00 00 00 00 00

001:013:000:STREAM             1508607512.852756
 08 80 36 AB B7 62 00 00 00 00 00 00

001:013:000:STREAM             1508607512.854611
 08 80 36 AB B7 62 00 00 00 00 00 00

001:013:000:STREAM             1508607512.858542
 08 80 36 AB B7 62 00 00 00 00 00 00

001:013:000:STREAM             1508607512.862745
 08 80 36 AB B7 62 00 00 00 00 00 00

001:013:000:STREAM             1508607512.866765
 08 80 36 AB B7 62 00 00 00 00 00 00

001:013:000:STREAM             1508607512.868742
 08 80 36 AB B7 62 00 00 00 00 00 00

001:013:000:STREAM             1508607512.872681
 08 80 36 AB B7 62 00 00 00 00 00 00

001:013:000:STREAM             1508607512.876544
 08 80 36 AB B7 62 00 00 00 00 00 00

001:013:000:STREAM             1508607512.880663
 08 80 36 AB B7 62 00 00 00 00 00 00

001:013:000:STREAM             1508607512.882742
 08 80 36 AB B7 62 00 00 00 00 00 00

001:013:000:STREAM             1508607512.886778
 08 80 36 AB B7 62 00 00 00 00 00 00

001:013:000:STREAM             1508607512.890543
 08 80 36 AB B7 62 00 00 00 00 00 00

001:013:000:STREAM             1508607512.894753
 08 80 36 AB B7 62 00 00 00 00 00 00

001:013:000:STREAM             1508607512.896532
 08 80 36 AB B7 62 00 00 00 00 00 00

001:013:000:STREAM             1508607512.900700
 08 80 36 AB B7 62 00 00 00 00 00 00

001:013:000:STREAM             1508607512.904820
 08 80 36 AB B7 62 00 00 00 00 00 00

001:013:000:STREAM             1508607512.908662
 08 80 36 AB B7 62 00 00 00 00 00 00

001:013:000:STREAM             1508607512.910536
 08 80 36 AB B7 62 00 00 00 00 00 00

001:013:000:STREAM             1508607512.914779
 08 80 36 AB B7 62 00 00 00 00 00 00

001:013:000:STREAM             1508607512.918533
 08 80 36 AB B7 62 00 00 00 00 00 00

001:013:000:STREAM             1508607512.922771
 08 80 36 AB B7 62 00 00 00 00 00 00

001:013:000:STREAM             1508607512.924722
 08 80 36 AB B7 62 00 00 00 00 00 00

001:013:000:STREAM             1508607512.928749
 08 80 36 AB B7 62 00 00 00 00 00 00

001:013:000:STREAM             1508607512.932760
 08 80 36 AB B7 62 00 00 00 00 00 00

001:013:000:STREAM             1508607512.936543
 08 80 36 AB B7 62 00 00 00 00 00 00

001:013:000:STREAM             1508607512.938519
 08 80 36 AB B7 62 00 00 00 00 00 00

001:013:000:STREAM             1508607512.942749
 08 80 36 AB B7 62 00 00 00 00 00 00

001:013:000:STREAM             1508607512.946776
 08 80 36 AB B7 62 00 00 00 00 00 00

001:013:000:STREAM             1508607512.950723
 08 80 3A AB B5 62 00 00 00 00 00 00

001:013:000:STREAM             1508607512.952743
 08 80 3E AB B2 62 00 00 00 00 00 00

001:013:000:STREAM             1508607512.956542
 08 80 42 AB AF 62 00 00 00 00 00 00

001:013:000:STREAM             1508607512.960574
 08 80 46 AB AB 62 00 00 00 00 00 00

001:013:000:STREAM             1508607512.964547
 08 80 49 AB A7 62 00 00 00 00 00 00

001:013:000:STREAM             1508607512.966749
 08 80 4C AB A3 62 00 00 00 00 00 00

001:013:000:STREAM             1508607512.970735
 08 80 4F AB 9F 62 00 00 00 00 00 00

001:013:000:STREAM             1508607512.974554
 08 80 52 AB 9B 62 00 00 00 00 00 00

001:013:000:STREAM             1508607512.978559
 08 80 55 AB 96 62 00 00 00 00 00 00

001:013:000:STREAM             1508607512.980550
 08 80 58 AB 92 62 00 00 00 00 00 00

001:013:000:STREAM             1508607512.984738
 08 80 5B AB 8E 62 00 00 00 00 00 00

001:013:000:STREAM             1508607512.988548
 08 80 5D AB 8A 62 00 00 00 00 00 00

001:013:000:STREAM             1508607512.992714
 08 80 5D AB 8A 62 00 00 00 00 00 00

001:013:000:STREAM             1508607512.994742
 08 80 5D AB 8A 62 00 00 00 00 00 00

001:013:000:STREAM             1508607512.998545
 08 80 5D AB 8A 62 00 00 00 00 00 00

001:013:000:STREAM             1508607513.002716
 08 80 5D AB 8A 62 00 00 00 00 00 00

001:013:000:STREAM             1508607513.006735
 08 80 5D AB 8A 62 00 00 00 00 00 00

001:013:000:STREAM             1508607513.008536
 08 80 5D AB 8A 62 00 00 00 00 00 00

001:013:000:STREAM             1508607513.012778
 08 80 5D AB 8A 62 00 00 00 00 00 00

001:013:000:STREAM             1508607513.016540
 08 80 5D AB 8A 62 00 00 00 00 00 00

001:013:000:STREAM             1508607513.020536
 08 80 5D AB 8A 62 00 00 00 00 00 00

001:013:000:STREAM             1508607513.022665
 08 80 5D AB 8A 62 00 00 00 00 00 00

001:013:000:STREAM             1508607513.026695
 08 80 5D AB 8A 62 00 00 00 00 00 00

001:013:000:STREAM             1508607513.030583
 08 80 5D AB 8A 62 00 00 00 00 00 00

001:013:000:STREAM             1508607513.034731
 08 80 5D AB 8A 62 00 00 00 00 00 00

001:013:000:STREAM             1508607513.036742
 08 80 5D AB 8A 62 00 00 00 00 00 00

001:013:000:STREAM             1508607513.040526
 08 80 5D AB 8A 62 00 00 00 00 00 00

001:013:000:STREAM             1508607513.044734
 08 80 5D AB 8A 62 00 00 00 00 00 00

001:013:000:STREAM             1508607513.048559
 08 80 5D AB 8A 62 00 00 00 00 00 00

001:013:000:STREAM             1508607513.050507
 08 80 5A AB 87 62 00 00 00 00 00 00

001:013:000:STREAM             1508607513.054511
 08 80 56 AB 85 62 00 00 00 00 00 00

001:013:000:STREAM             1508607513.058549
 08 80 52 AB 83 62 00 00 00 00 00 00

001:013:000:STREAM             1508607513.062529
 08 80 4E AB 81 62 00 00 00 00 00 00

001:013:000:STREAM             1508607513.064571
 08 80 4A AB 7F 62 00 00 00 00 00 00

001:013:000:STREAM             1508607513.068515
 08 80 46 AB 7D 62 00 00 00 00 00 00

001:013:000:STREAM             1508607513.072572
 08 80 42 AB 7C 62 00 00 00 00 00 00

001:013:000:STREAM             1508607513.076586
 08 80 3D AB 7B 62 00 00 00 00 00 00

001:013:000:STREAM             1508607513.078535
 08 80 39 AB 7A 62 00 00 00 00 00 00

001:013:000:STREAM             1508607513.082538
 08 80 34 AB 79 62 00 00 00 00 00 00

001:013:000:STREAM             1508607513.086526
 08 80 2F AB 79 62 00 00 00 00 00 00

001:013:000:STREAM             1508607513.090489
 08 80 2A AB 79 62 00 00 00 00 00 00

001:013:000:STREAM             1508607513.092725
 08 80 25 AB 7A 62 00 00 00 00 00 00

001:013:000:STREAM             1508607513.096764
 08 80 20 AB 7B 62 00 00 00 00 00 00

001:013:000:STREAM             1508607513.100504
 08 80 1A AB 7C 62 00 00 00 00 00 00

001:013:000:STREAM             1508607513.104712
 08 80 14 AB 7E 62 00 00 00 00 00 00

001:013:000:STREAM             1508607513.106674
 08 80 0E AB 80 62 00 00 00 00 00 00

001:013:000:STREAM             1508607513.110664
 08 80 08 AB 82 62 00 00 00 00 00 00

001:013:000:STREAM             1508607513.114764
 08 80 02 AB 85 62 00 00 00 00 00 00

001:013:000:STREAM             1508607513.118510
 08 80 FB AA 88 62 00 00 00 00 00 00

001:013:000:STREAM             1508607513.120698
 08 80 F3 AA 8B 62 00 00 00 00 00 00

001:013:000:STREAM             1508607513.124755
 08 80 EB AA 8E 62 00 00 00 00 00 00

001:013:000:STREAM             1508607513.128680
 08 80 E3 AA 92 62 00 00 00 00 00 00

001:013:000:STREAM             1508607513.132717
 08 80 DB AA 96 62 00 00 00 00 00 00

001:013:000:STREAM             1508607513.134719
 08 80 D3 AA 9A 62 00 00 00 00 00 00

001:013:000:STREAM             1508607513.138524
 08 80 CC AA 9E 62 00 00 00 00 00 00

001:013:000:STREAM             1508607513.142732
 08 80 C5 AA A2 62 00 00 00 00 00 00

001:013:000:STREAM             1508607513.146730
 08 80 BF AA A6 62 00 00 00 00 00 00

001:013:000:STREAM             1508607513.148660
 08 80 B9 AA A9 62 00 00 00 00 00 00

001:013:000:STREAM             1508607513.152763
 08 80 B3 AA AC 62 00 00 00 00 00 00

001:013:000:STREAM             1508607513.156547
 08 80 AD AA AF 62 00 00 00 00 00 00

001:013:000:STREAM             1508607513.160721
 08 80 A7 AA B2 62 00 00 00 00 00 00

001:013:000:STREAM             1508607513.162591
 08 80 A2 AA B5 62 00 00 00 00 00 00

001:013:000:STREAM             1508607513.166714
 08 80 9D AA B7 62 00 00 00 00 00 00

001:013:000:STREAM             1508607513.170766
 08 80 98 AA B9 62 00 00 00 00 00 00

001:013:000:STREAM             1508607513.174689
 08 80 94 AA BA 62 00 00 00 00 00 00

001:013:000:STREAM             1508607513.176533
 08 80 90 AA BB 62 00 00 00 00 00 00

001:013:000:STREAM             1508607513.180719
 08 80 8C AA BC 62 00 00 00 00 00 00

001:013:000:STREAM             1508607513.184544
 08 80 89 AA BD 62 00 00 00 00 00 00

001:013:000:STREAM             1508607513.188726
 08 80 86 AA BE 62 00 00 00 00 00 00

001:013:000:STREAM             1508607513.190743
 08 80 83 AA BE 62 00 00 00 00 00 00

001:013:000:STREAM             1508607513.194778
 08 80 80 AA BE 62 00 00 00 00 00 00

001:013:000:STREAM             1508607513.198541
 08 80 7E AA BE 62 00 00 00 00 00 00

001:013:000:STREAM             1508607513.202773
 08 80 7D AA BE 62 00 00 00 00 00 00

001:013:000:STREAM             1508607513.204738
 08 80 7C AA BD 62 00 00 00 00 00 00

001:013:000:STREAM             1508607513.208660
 08 80 7B AA BC 62 00 00 00 00 00 00

001:013:000:STREAM             1508607513.212780
 08 80 7B AA BB 62 00 00 00 00 00 00

001:013:000:STREAM             1508607513.216537
 08 80 7A AA B9 62 00 00 00 00 00 00

001:013:000:STREAM             1508607513.218524
 08 80 7A AA B7 62 00 00 00 00 00 00

001:013:000:STREAM             1508607513.222772
 08 80 7A AA B4 62 00 00 00 00 00 00

001:013:000:STREAM             1508607513.226694
 08 80 7A AA B1 62 00 00 00 00 00 00

001:013:000:STREAM             1508607513.230551
 08 80 7B AA AE 62 00 00 00 00 00 00

001:013:000:STREAM             1508607513.232718
 08 80 7C AA AA 62 00 00 00 00 00 00

001:013:000:STREAM             1508607513.236526
 08 80 7D AA A6 62 00 00 00 00 00 00

001:013:000:STREAM             1508607513.240569
 08 80 7E AA A1 62 00 00 00 00 00 00

001:013:000:STREAM             1508607513.244757
 08 80 80 AA 9B 62 00 00 00 00 00 00

001:013:000:STREAM             1508607513.246707
 08 80 82 AA 95 62 00 00 00 00 00 00

001:013:000:STREAM             1508607513.250653
 08 80 84 AA 8E 62 00 00 00 00 00 00

001:013:000:STREAM             1508607513.254769
 08 80 87 AA 86 62 00 00 00 00 00 00

001:013:000:STREAM             1508607513.258539
 08 80 89 AA 7D 62 00 00 00 00 00 00

001:013:000:STREAM             1508607513.260728
 08 80 8B AA 74 62 00 00 00 00 00 00

001:013:000:STREAM             1508607513.264548
 08 80 8D AA 6A 62 00 00 00 00 00 00

001:013:000:STREAM             1508607513.268584
 08 80 8F AA 5F 62 00 00 00 00 00 00

001:013:000:STREAM             1508607513.272774
 08 80 92 AA 54 62 00 00 00 00 00 00

001:013:000:STREAM             1508607513.274738
 08 80 96 AA 47 62 00 00 00 00 00 00

001:013:000:STREAM             1508607513.278535
 08 80 9A AA 3A 62 00 00 00 00 00 00

001:013:000:STREAM             1508607513.282705
 08 80 9E AA 2C 62 00 00 00 00 00 00

001:013:000:STREAM             1508607513.286659
 08 80 A2 AA 1E 62 00 00 00 00 00 00

001:013:000:STREAM             1508607513.288744
 08 80 A5 AA 0F 62 00 00 00 00 00 00

001:013:000:STREAM             1508607513.292779
 08 80 A7 AA FF 61 00 00 00 00 00 00

001:013:000:STREAM             1508607513.296543
 08 80 A9 AA EF 61 00 00 00 00 00 00

001:013:000:STREAM             1508607513.300731
 08 80 AA AA DD 61 00 00 00 00 00 00

001:013:000:STREAM             1508607513.302685
 08 80 AA AA CB 61 00 00 00 00 00 00

001:013:000:STREAM             1508607513.306538
 08 80 AA AA B7 61 00 00 00 00 00 00

001:013:000:STREAM             1508607513.310752
 08 80 A9 AA A3 61 00 00 00 00 00 00

001:013:000:STREAM             1508607513.314777
 08 80 A6 AA 8D 61 00 00 00 00 00 00

001:013:000:STREAM             1508607513.316542
 08 80 A2 AA 75 61 00 00 00 00 00 00

001:013:000:STREAM             1508607513.320722
 08 80 9B AA 5A 61 00 00 00 00 00 00

001:013:000:STREAM             1508607513.324777
 08 80 92 AA 3D 61 00 00 00 00 00 00

001:013:000:STREAM             1508607513.328748
 08 80 85 AA 1D 61 00 00 00 00 00 00

001:013:000:STREAM             1508607513.330738
 08 80 74 AA F9 60 00 00 00 00 00 00

001:013:000:STREAM             1508607513.334707
 08 80 5F AA D0 60 00 00 00 00 00 00

001:013:000:STREAM             1508607513.338540
 08 80 46 AA A4 60 00 00 00 00 00 00

001:013:000:STREAM             1508607513.342774
 08 80 28 AA 74 60 00 00 00 00 00 00

001:013:000:STREAM             1508607513.344739
 08 80 05 AA 41 60 00 00 00 00 00 00

001:013:000:STREAM             1508607513.348733
 08 80 DD A9 0C 60 00 00 00 00 00 00

001:013:000:STREAM             1508607513.352759
 08 80 B3 A9 D8 5F 00 00 00 00 00 00

001:013:000:STREAM             1508607513.356541
 08 80 86 A9 A5 5F 00 00 00 00 00 00

001:013:000:STREAM             1508607513.358532
 08 80 57 A9 73 5F 00 00 00 00 00 00

001:013:000:STREAM             1508607513.362777
 08 80 25 A9 44 5F 00 00 00 00 00 00

001:013:000:STREAM             1508607513.366692
 08 80 ED A8 16 5F 00 00 00 00 00 00

001:013:000:STREAM             1508607513.370589
 08 80 B4 A8 E8 5E 00 00 00 00 00 00

001:013:000:STREAM             1508607513.372747
 08 80 7A A8 BD 5E 00 00 00 00 00 00

001:013:000:STREAM             1508607513.392792
 08 80 7A A8 BD 5E 00 00 00 00 00 00

