 05 01 09 02 A1 01 05 01 09 02 A1 02 85 01 09 01
 A1 00 05 09 19 01 29 05 95 05 75 01 15 00 25 01
 81 02 95 03 81 01 05 01 09 30 09 31 95 02 75 10
 16 00 80 26 FF 7F 81 06 A1 02 85 02 09 48 15 00
 25 01 35 01 45 04 95 01 75 02 B1 02 85 01 09 38
 35 00 45 00 15 81 25 7F 75 08 81 06 C0 A1 02 85
 02 09 48 15 00 25 01 35 01 45 04 75 02 B1 02 35
 00 45 00 75 04 B1 01 85 01 05 0C 0A 38 02 15 81
 25 7F 75 08 81 06 C0 C0 C0 C0 06 01 FF 09 00 A1
 01 85 08 15 00 26 FF 00 09 00 75 08 95 05 B1 02
 C0 05 0D 09 02 A1 01 85 0A 09 20 A1 00 09 42 09
 44 09 45 09 3C 09 43 09 44 15 00 25 01 75 01 95
 06 81 02 09 32 75 01 95 01 81 02 81 03 05 01 09
 30 09 31 55 0D 65 33 26 FF 7F 35 00 46 00 08 75
 10 95 02 81 02 05 0D 09 30 26 FF 07 75 10 95 01
 81 02 C0 C0
