001:002:000:STREAM             1457856246.599881
 07 E0 01 01 10 00 00 00

001:002:000:STREAM             1457856246.763827
 07 E0 01 01 00 00 00 00

001:002:000:STREAM             1457856248.915775
 07 E0 01 01 08 00 00 00

001:002:000:STREAM             1457856249.101741
 07 E0 01 01 00 00 00 00

001:002:000:STREAM             1457856249.965734
 07 E0 01 01 04 00 00 00

001:002:000:STREAM             1457856250.151680
 07 E0 01 01 00 00 00 00

001:002:000:STREAM             1457856251.263669
 07 E0 01 01 02 00 00 00

001:002:000:STREAM             1457856251.459657
 07 E0 01 01 00 00 00 00

001:002:000:STREAM             1457856252.333610
 07 E0 01 01 01 00 00 00

001:002:000:STREAM             1457856252.529576
 07 E0 01 01 00 00 00 00

001:002:000:STREAM             1457856254.187504
 07 E0 01 01 20 00 00 00

001:002:000:STREAM             1457856254.363522
 07 E0 01 01 00 00 00 00

