001:002:000:STREAM             1457856190.060421
 07 E0 01 10 01 00 00 00

001:002:000:STREAM             1457856190.070350
 07 E0 01 10 00 00 00 00

001:002:000:STREAM             1457856190.122388
 07 E0 01 10 01 00 00 00

001:002:000:STREAM             1457856190.132352
 07 E0 01 10 00 00 00 00

001:002:000:STREAM             1457856190.154355
 07 E0 01 10 01 00 00 00

001:002:000:STREAM             1457856190.164379
 07 E0 01 10 00 00 00 00

001:002:000:STREAM             1457856190.194362
 07 E0 01 10 01 00 00 00

001:002:000:STREAM             1457856190.204352
 07 E0 01 10 00 00 00 00

001:002:000:STREAM             1457856190.256404
 07 E0 01 10 01 00 00 00

001:002:000:STREAM             1457856190.266339
 07 E0 01 10 00 00 00 00

001:002:000:STREAM             1457856190.298350
 07 E0 01 10 01 00 00 00

001:002:000:STREAM             1457856190.308389
 07 E0 01 10 00 00 00 00

001:002:000:STREAM             1457856190.360405
 07 E0 01 10 01 00 00 00

001:002:000:STREAM             1457856190.370351
 07 E0 01 10 00 00 00 00

001:002:000:STREAM             1457856190.422398
 07 E0 01 10 01 00 00 00

001:002:000:STREAM             1457856190.432360
 07 E0 01 10 00 00 00 00

001:002:000:STREAM             1457856190.472351
 07 E0 01 10 01 00 00 00

001:002:000:STREAM             1457856190.484331
 07 E0 01 10 00 00 00 00

001:002:000:STREAM             1457856190.524348
 07 E0 01 10 01 00 00 00

001:002:000:STREAM             1457856190.534347
 07 E0 01 10 00 00 00 00

001:002:000:STREAM             1457856190.606335
 07 E0 01 10 01 00 00 00

001:002:000:STREAM             1457856190.618335
 07 E0 01 10 00 00 00 00

001:002:000:STREAM             1457856190.658338
 07 E0 01 10 01 00 00 00

001:002:000:STREAM             1457856190.668345
 07 E0 01 10 00 00 00 00

001:002:000:STREAM             1457856190.700340
 07 E0 01 10 01 00 00 00

001:002:000:STREAM             1457856190.710326
 07 E0 01 10 00 00 00 00

001:002:000:STREAM             1457856190.720323
 07 E0 01 10 01 00 00 00

001:002:000:STREAM             1457856190.730301
 07 E0 01 10 00 00 00 00

001:002:000:STREAM             1457856190.762331
 07 E0 01 10 01 00 00 00

001:002:000:STREAM             1457856190.772319
 07 E0 01 10 00 00 00 00

001:002:000:STREAM             1457856190.802334
 07 E0 01 10 01 00 00 00

001:002:000:STREAM             1457856190.812312
 07 E0 01 10 00 00 00 00

001:002:000:STREAM             1457856190.834368
 07 E0 01 10 01 00 00 00

001:002:000:STREAM             1457856190.844324
 07 E0 01 10 00 00 00 00

001:002:000:STREAM             1457856190.874341
 07 E0 01 10 01 00 00 00

001:002:000:STREAM             1457856190.886324
 07 E0 01 10 00 00 00 00

001:002:000:STREAM             1457856190.936343
 07 E0 01 10 01 00 00 00

001:002:000:STREAM             1457856190.946327
 07 E0 01 10 00 00 00 00

001:002:000:STREAM             1457856190.978315
 07 E0 01 10 01 00 00 00

001:002:000:STREAM             1457856190.988320
 07 E0 01 10 00 00 00 00

001:002:000:STREAM             1457856191.050320
 07 E0 01 10 01 00 00 00

001:002:000:STREAM             1457856191.060283
 07 E0 01 10 00 00 00 00

