001:002:000:STREAM             1457856092.902714
 07 80 A8 42 DA 22 00 00

001:002:000:STREAM             1457856092.924705
 07 80 99 42 CC 22 00 00

001:002:000:STREAM             1457856092.936706
 07 80 88 42 BC 22 00 00

001:002:000:STREAM             1457856092.942701
 07 80 7A 42 B0 22 00 00

001:002:000:STREAM             1457856092.948700
 07 80 6D 42 A4 22 00 00

001:002:000:STREAM             1457856092.952697
 07 80 61 42 9A 22 00 00

001:002:000:STREAM             1457856092.958694
 07 80 55 42 90 22 00 00

001:002:000:STREAM             1457856092.964682
 07 80 4A 42 90 22 00 00

001:002:000:STREAM             1457856092.970698
 07 80 40 42 86 22 00 00

001:002:000:STREAM             1457856092.982703
 07 80 33 42 7D 22 00 00

001:002:000:STREAM             1457856092.988698
 07 80 28 42 7D 22 00 00

001:002:000:STREAM             1457856092.994658
 07 80 1F 42 75 22 00 00

001:002:000:STREAM             1457856093.000670
 07 80 17 42 75 22 00 00

001:002:000:STREAM             1457856093.012694
 07 80 0D 42 75 22 00 00

001:002:000:STREAM             1457856093.020697
 07 80 05 42 6E 22 00 00

001:002:000:STREAM             1457856093.026692
 07 80 FE 41 6E 22 00 00

001:002:000:STREAM             1457856093.038692
 07 80 F6 41 6E 22 00 00

001:002:000:STREAM             1457856093.044695
 07 80 F6 41 66 22 00 00

001:002:000:STREAM             1457856093.050696
 07 80 EC 41 66 22 00 00

001:002:000:STREAM             1457856093.056687
 07 80 E5 41 5F 22 00 00

001:002:000:STREAM             1457856093.062683
 07 80 DE 41 59 22 00 00

001:002:000:STREAM             1457856093.070685
 07 80 D8 41 54 22 00 00

001:002:000:STREAM             1457856093.076696
 07 80 D2 41 54 22 00 00

001:002:000:STREAM             1457856093.082691
 07 80 CC 41 4E 22 00 00

001:002:000:STREAM             1457856093.096703
 07 80 C3 41 48 22 00 00

001:002:000:STREAM             1457856093.102681
 07 80 BC 41 48 22 00 00

001:002:000:STREAM             1457856093.108679
 07 80 B6 41 42 22 00 00

001:002:000:STREAM             1457856093.114691
 07 80 B0 41 3D 22 00 00

001:002:000:STREAM             1457856093.122673
 07 80 AB 41 3D 22 00 00

001:002:000:STREAM             1457856093.134724
 07 80 A5 41 38 22 00 00

001:002:000:STREAM             1457856093.148677
 07 80 9F 41 38 22 00 00

001:002:000:STREAM             1457856093.154689
 07 80 9A 41 33 22 00 00

001:002:000:STREAM             1457856093.168693
 07 80 93 41 33 22 00 00

001:002:000:STREAM             1457856093.174670
 07 80 8D 41 33 22 00 00

001:002:000:STREAM             1457856093.182692
 07 80 87 41 2E 22 00 00

001:002:000:STREAM             1457856093.188688
 07 80 81 41 2E 22 00 00

001:002:000:STREAM             1457856093.202686
 07 80 7B 41 2E 22 00 00

001:002:000:STREAM             1457856093.208686
 07 80 76 41 2E 22 00 00

001:002:000:STREAM             1457856093.216686
 07 80 72 41 2E 22 00 00

001:002:000:STREAM             1457856093.236683
 07 80 6D 41 2E 22 00 00

001:002:000:STREAM             1457856093.304691
 07 80 71 41 2E 22 00 00

001:002:000:STREAM             1457856093.310671
 07 80 75 41 2E 22 00 00

001:002:000:STREAM             1457856093.324689
 07 80 79 41 2E 22 00 00

001:002:000:STREAM             1457856093.338688
 07 80 7E 41 2E 22 00 00

001:002:000:STREAM             1457856093.344679
 07 80 82 41 29 22 00 00

001:002:000:STREAM             1457856093.350683
 07 80 82 41 25 22 00 00

001:002:000:STREAM             1457856093.358681
 07 80 88 41 20 22 00 00

001:002:000:STREAM             1457856093.370682
 07 80 8E 41 1A 22 00 00

001:002:000:STREAM             1457856093.384681
 07 80 93 41 15 22 00 00

001:002:000:STREAM             1457856093.402671
 07 80 99 41 15 22 00 00

001:002:000:STREAM             1457856093.408677
 07 80 99 41 10 22 00 00

001:002:000:STREAM             1457856093.422682
 07 80 9E 41 10 22 00 00

001:002:000:STREAM             1457856093.440679
 07 80 A4 41 10 22 00 00

001:002:000:STREAM             1457856093.460675
 07 80 A4 41 09 22 00 00

001:002:000:STREAM             1457856093.478680
 07 80 A4 41 01 22 00 00

001:002:000:STREAM             1457856093.490670
 07 80 A4 41 FB 21 00 00

001:002:000:STREAM             1457856093.590670
 07 80 A4 41 F5 21 00 00

001:002:000:STREAM             1457856093.632679
 07 80 AA 41 F5 21 00 00

001:002:000:STREAM             1457856093.650665
 07 80 B0 41 F5 21 00 00

001:002:000:STREAM             1457856093.670673
 07 80 B7 41 F5 21 00 00

001:002:000:STREAM             1457856093.688668
 07 80 BF 41 F5 21 00 00

001:002:000:STREAM             1457856093.712656
 07 80 C8 41 F5 21 00 00

001:002:000:STREAM             1457856093.736638
 07 80 D0 41 F5 21 00 00

001:002:000:STREAM             1457856093.748658
 07 80 D0 41 FD 21 00 00

001:002:000:STREAM             1457856093.760656
 07 80 D8 41 FD 21 00 00

001:002:000:STREAM             1457856093.766647
 07 80 D8 41 06 22 00 00

001:002:000:STREAM             1457856093.772642
 07 80 E0 41 06 22 00 00

001:002:000:STREAM             1457856093.778650
 07 80 E0 41 10 22 00 00

001:002:000:STREAM             1457856093.790656
 07 80 E9 41 1A 22 00 00

001:002:000:STREAM             1457856093.802640
 07 80 F1 41 24 22 00 00

001:002:000:STREAM             1457856093.820641
 07 80 F8 41 24 22 00 00

001:002:000:STREAM             1457856093.826637
 07 80 F8 41 2E 22 00 00

001:002:000:STREAM             1457856093.844658
 07 80 FF 41 38 22 00 00

001:002:000:STREAM             1457856093.862652
 07 80 FF 41 41 22 00 00

001:002:000:STREAM             1457856093.868654
 07 80 06 42 41 22 00 00

001:002:000:STREAM             1457856093.936656
 07 80 06 42 38 22 00 00

001:002:000:STREAM             1457856093.942646
 07 80 06 42 30 22 00 00

001:002:000:STREAM             1457856093.954654
 07 80 06 42 28 22 00 00

001:002:000:STREAM             1457856094.004652
 07 80 0C 42 28 22 00 00

001:002:000:STREAM             1457856094.022643
 07 80 12 42 28 22 00 00

001:002:000:STREAM             1457856094.042657
 07 80 18 42 28 22 00 00

001:002:000:STREAM             1457856094.054643
 07 80 1E 42 28 22 00 00

001:002:000:STREAM             1457856094.066640
 07 80 24 42 28 22 00 00

001:002:000:STREAM             1457856094.078647
 07 80 2A 42 28 22 00 00

001:002:000:STREAM             1457856094.086635
 07 80 2A 42 2F 22 00 00

001:002:000:STREAM             1457856094.092635
 07 80 31 42 2F 22 00 00

001:002:000:STREAM             1457856094.104640
 07 80 39 42 36 22 00 00

001:002:000:STREAM             1457856094.110638
 07 80 3F 42 36 22 00 00

001:002:000:STREAM             1457856094.122638
 07 80 47 42 36 22 00 00

001:002:000:STREAM             1457856094.130634
 07 80 4D 42 3E 22 00 00

001:002:000:STREAM             1457856094.142631
 07 80 54 42 3E 22 00 00

001:002:000:STREAM             1457856094.154647
 07 80 5B 42 45 22 00 00

001:002:000:STREAM             1457856094.166661
 07 80 61 42 45 22 00 00

001:002:000:STREAM             1457856094.172642
 07 80 61 42 4E 22 00 00

001:002:000:STREAM             1457856094.178644
 07 80 67 42 4E 22 00 00

001:002:000:STREAM             1457856094.186643
 07 80 67 42 55 22 00 00

001:002:000:STREAM             1457856094.192646
 07 80 6E 42 55 22 00 00

001:002:000:STREAM             1457856094.198635
 07 80 6E 42 5C 22 00 00

001:002:000:STREAM             1457856094.204642
 07 80 75 42 5C 22 00 00

001:002:000:STREAM             1457856094.216642
 07 80 7C 42 64 22 00 00

001:002:000:STREAM             1457856094.222641
 07 80 83 42 64 22 00 00

001:002:000:STREAM             1457856094.234644
 07 80 8A 42 6C 22 00 00

001:002:000:STREAM             1457856094.246640
 07 80 91 42 6C 22 00 00

001:002:000:STREAM             1457856094.260640
 07 80 91 42 75 22 00 00

001:002:000:STREAM             1457856094.266639
 07 80 98 42 75 22 00 00

001:002:000:STREAM             1457856094.272624
 07 80 98 42 7E 22 00 00

001:002:000:STREAM             1457856094.278650
 07 80 9F 42 7E 22 00 00

001:002:000:STREAM             1457856094.284643
 07 80 9F 42 86 22 00 00

001:002:000:STREAM             1457856094.290673
 07 80 A7 42 86 22 00 00

001:002:000:STREAM             1457856094.296675
 07 80 A7 42 8F 22 00 00

001:002:000:STREAM             1457856094.302674
 07 80 B1 42 8F 22 00 00

001:002:000:STREAM             1457856094.308616
 07 80 B1 42 98 22 00 00

001:002:000:STREAM             1457856094.314658
 07 80 B9 42 98 22 00 00

001:002:000:STREAM             1457856094.326623
 07 80 B9 42 A0 22 00 00

001:002:000:STREAM             1457856094.332673
 07 80 C1 42 A0 22 00 00

001:002:000:STREAM             1457856094.338673
 07 80 C1 42 A9 22 00 00

001:002:000:STREAM             1457856094.350622
 07 80 C1 42 B2 22 00 00

001:002:000:STREAM             1457856094.362677
 07 80 C1 42 BB 22 00 00

001:002:000:STREAM             1457856094.374632
 07 80 C8 42 BB 22 00 00

001:002:000:STREAM             1457856094.380670
 07 80 C8 42 C4 22 00 00

001:002:000:STREAM             1457856094.422670
 07 80 CF 42 C4 22 00 00

001:002:000:STREAM             1457856094.524652
 07 80 CF 42 BD 22 00 00

001:002:000:STREAM             1457856094.542648
 07 80 CF 42 B5 22 00 00

001:002:000:STREAM             1457856094.578651
 07 80 CF 42 AD 22 00 00

001:002:000:STREAM             1457856094.680649
 07 80 CF 42 B5 22 00 00

001:002:000:STREAM             1457856094.722644
 07 80 CF 42 BD 22 00 00

001:002:000:STREAM             1457856094.790652
 07 80 CF 42 C6 22 00 00

001:002:000:STREAM             1457856094.814640
 07 80 CF 42 CE 22 00 00

001:002:000:STREAM             1457856094.862637
 07 80 CF 42 D7 22 00 00

001:002:000:STREAM             1457856094.898652
 07 80 CF 42 DF 22 00 00

001:002:000:STREAM             1457856095.002658
 07 80 CF 42 E7 22 00 00

001:002:000:STREAM             1457856095.100610
 07 80 CF 42 E7 22 00 00

001:002:000:STREAM             1457856095.278603
 07 80 CF 42 EF 22 00 00

001:002:000:STREAM             1457856095.284585
 07 80 CF 42 EF 22 00 00

001:002:000:STREAM             1457856095.352599
 07 80 D5 42 EF 22 00 00

001:002:000:STREAM             1457856095.384594
 07 80 DC 42 EF 22 00 00

001:002:000:STREAM             1457856095.402584
 07 80 DC 42 F7 22 00 00

001:002:000:STREAM             1457856095.420594
 07 80 DC 42 FE 22 00 00

001:002:000:STREAM             1457856095.432588
 07 80 E2 42 FE 22 00 00

001:002:000:STREAM             1457856095.458584
 07 80 E2 42 05 23 00 00

001:002:000:STREAM             1457856095.464586
 07 80 E8 42 05 23 00 00

001:002:000:STREAM             1457856095.488558
 07 80 E8 42 0D 23 00 00

001:002:000:STREAM             1457856095.518579
 07 80 E8 42 14 23 00 00

001:002:000:STREAM             1457856095.530577
 07 80 EF 42 14 23 00 00

001:002:000:STREAM             1457856095.544564
 07 80 EF 42 1B 23 00 00

001:002:000:STREAM             1457856095.568567
 07 80 EF 42 23 23 00 00

001:002:000:STREAM             1457856095.592583
 07 80 F5 42 2A 23 00 00

001:002:000:STREAM             1457856095.630588
 07 80 F5 42 32 23 00 00

001:002:000:STREAM             1457856095.662578
 07 80 F5 42 3A 23 00 00

001:002:000:STREAM             1457856095.788538
 07 80 F5 42 42 23 00 00

001:002:000:STREAM             1457856095.928573
 07 80 F5 42 4A 23 00 00

001:002:000:STREAM             1457856095.978529
 07 80 F5 42 52 23 00 00

001:002:000:STREAM             1457856096.004562
 07 80 F5 42 5A 23 00 00

001:002:000:STREAM             1457856096.016556
 07 80 F5 42 60 23 00 00

001:002:000:STREAM             1457856096.054563
 07 80 FA 42 60 23 00 00

001:002:000:STREAM             1457856096.066550
 07 80 FA 42 66 23 00 00

001:002:000:STREAM             1457856096.104559
 07 80 FA 42 6D 23 00 00

001:002:000:STREAM             1457856096.130544
 07 80 FA 42 73 23 00 00

001:002:000:STREAM             1457856096.162566
 07 80 FF 42 73 23 00 00

001:002:000:STREAM             1457856096.180551
 07 80 FF 42 79 23 00 00

001:002:000:STREAM             1457856096.220556
 07 80 FF 42 7F 23 00 00

001:002:000:STREAM             1457856096.392547
 07 80 FF 42 85 23 00 00

001:002:000:STREAM             1457856096.502553
 07 80 F9 42 85 23 00 00

001:002:000:STREAM             1457856096.540539
 07 80 F9 42 85 23 00 00

001:002:000:STREAM             1457856096.546534
 07 80 F1 42 85 23 00 00

001:002:000:STREAM             1457856096.572531
 07 84 EB 42 85 23 00 00

001:002:000:STREAM             1457856096.592528
 07 84 EB 42 7F 23 00 00

001:002:000:STREAM             1457856096.604522
 07 84 EB 42 77 23 00 00

001:002:000:STREAM             1457856096.610528
 07 84 E3 42 6F 23 00 00

001:002:000:STREAM             1457856096.618523
 07 84 E3 42 69 23 00 00

001:002:000:STREAM             1457856096.624534
 07 84 DD 42 63 23 00 00

001:002:000:STREAM             1457856096.630525
 07 84 DD 42 5E 23 00 00

001:002:000:STREAM             1457856096.636527
 07 84 DD 42 58 23 00 00

001:002:000:STREAM             1457856096.644527
 07 84 DD 42 53 23 00 00

001:002:000:STREAM             1457856096.650526
 07 84 DD 42 4E 23 00 00

001:002:000:STREAM             1457856096.662529
 07 84 DD 42 47 23 00 00

001:002:000:STREAM             1457856096.670526
 07 84 DD 42 41 23 00 00

001:002:000:STREAM             1457856096.676529
 07 84 D6 42 41 23 00 00

001:002:000:STREAM             1457856096.682525
 07 84 D6 42 3C 23 00 00

001:002:000:STREAM             1457856096.702532
 07 84 D6 42 36 23 00 00

001:002:000:STREAM             1457856096.748498
 07 80 D6 42 36 23 00 00

001:002:000:STREAM             1457856096.754490
 07 80 D6 42 3C 23 00 00

001:002:000:STREAM             1457856096.768499
 07 80 DC 42 44 23 00 00

001:002:000:STREAM             1457856096.780513
 07 80 E2 42 4A 23 00 00

001:002:000:STREAM             1457856096.794519
 07 80 E8 42 4A 23 00 00

001:002:000:STREAM             1457856096.800507
 07 80 E8 42 50 23 00 00

001:002:000:STREAM             1457856096.818524
 07 80 ED 42 50 23 00 00

001:002:000:STREAM             1457856096.832524
 07 80 ED 42 56 23 00 00

001:002:000:STREAM             1457856096.850530
 07 80 F3 42 56 23 00 00

001:002:000:STREAM             1457856096.896531
 07 80 F3 42 5C 23 00 00

001:002:000:STREAM             1457856096.908524
 07 80 F8 42 5C 23 00 00

001:002:000:STREAM             1457856096.934526
 07 80 F8 42 63 23 00 00

001:002:000:STREAM             1457856096.966517
 07 80 F8 42 6A 23 00 00

001:002:000:STREAM             1457856097.122515
 07 80 F8 42 62 23 00 00

001:002:000:STREAM             1457856097.140513
 07 80 F8 42 5C 23 00 00

001:002:000:STREAM             1457856097.154510
 07 80 F8 42 56 23 00 00

001:002:000:STREAM             1457856097.172506
 07 80 F0 42 4F 23 00 00

001:002:000:STREAM             1457856097.184502
 07 80 F0 42 48 23 00 00

001:002:000:STREAM             1457856097.196506
 07 80 F0 42 40 23 00 00

001:002:000:STREAM             1457856097.208498
 07 80 F0 42 38 23 00 00

001:002:000:STREAM             1457856097.220500
 07 80 F0 42 31 23 00 00

001:002:000:STREAM             1457856097.238517
 07 80 F0 42 28 23 00 00

001:002:000:STREAM             1457856097.250509
 07 80 F0 42 1F 23 00 00

001:002:000:STREAM             1457856097.328511
 07 C0 F0 42 1F 23 00 00

