001:002:000:STREAM             1457855968.956285
 07 80 FB 40 D0 22 00 00

001:002:000:STREAM             1457855968.962234
 07 80 0F 41 D0 22 00 00

001:002:000:STREAM             1457855968.972209
 07 80 24 41 D0 22 00 00

001:002:000:STREAM             1457855969.028286
 07 80 16 41 DD 22 00 00

001:002:000:STREAM             1457855969.046240
 07 80 07 41 DD 22 00 00

001:002:000:STREAM             1457855969.064266
 07 80 FD 40 E7 22 00 00

001:002:000:STREAM             1457855969.076258
 07 80 F3 40 E7 22 00 00

001:002:000:STREAM             1457855969.088236
 07 80 E7 40 F0 22 00 00

001:002:000:STREAM             1457855969.094228
 07 80 DC 40 F0 22 00 00

001:002:000:STREAM             1457855969.100227
 07 80 D0 40 FC 22 00 00

001:002:000:STREAM             1457855969.106237
 07 80 C3 40 07 23 00 00

001:002:000:STREAM             1457855969.112274
 07 80 B5 40 13 23 00 00

001:002:000:STREAM             1457855969.120217
 07 80 A7 40 21 23 00 00

001:002:000:STREAM             1457855969.126236
 07 80 9A 40 30 23 00 00

001:002:000:STREAM             1457855969.132231
 07 80 8E 40 40 23 00 00

001:002:000:STREAM             1457855969.138282
 07 80 81 40 51 23 00 00

001:002:000:STREAM             1457855969.144225
 07 80 75 40 62 23 00 00

001:002:000:STREAM             1457855969.152231
 07 80 6A 40 73 23 00 00

001:002:000:STREAM             1457855969.158230
 07 80 5F 40 84 23 00 00

001:002:000:STREAM             1457855969.164261
 07 80 55 40 94 23 00 00

001:002:000:STREAM             1457855969.170277
 07 80 4B 40 A2 23 00 00

001:002:000:STREAM             1457855969.178215
 07 80 43 40 B0 23 00 00

001:002:000:STREAM             1457855969.184252
 07 80 3D 40 BD 23 00 00

001:002:000:STREAM             1457855969.190266
 07 80 3D 40 C8 23 00 00

001:002:000:STREAM             1457855969.198219
 07 80 37 40 D2 23 00 00

001:002:000:STREAM             1457855969.204221
 07 80 37 40 DA 23 00 00

001:002:000:STREAM             1457855969.210266
 07 80 37 40 E1 23 00 00

001:002:000:STREAM             1457855969.224272
 07 80 37 40 E6 23 00 00

001:002:000:STREAM             1457855969.258271
 07 80 37 40 E6 23 00 00

001:002:000:STREAM             1457855969.266231
 07 80 37 40 EB 23 00 00

001:002:000:STREAM             1457855969.278271
 07 81 37 40 EB 23 0A 00

001:002:000:STREAM             1457855969.286226
 07 81 37 40 EB 23 0E 00

001:002:000:STREAM             1457855969.292254
 07 81 37 40 EB 23 15 00

001:002:000:STREAM             1457855969.300213
 07 81 37 40 EB 23 20 00

001:002:000:STREAM             1457855969.306224
 07 81 37 40 EB 23 2B 00

001:002:000:STREAM             1457855969.312273
 07 81 37 40 EB 23 36 00

001:002:000:STREAM             1457855969.320271
 07 81 37 40 EB 23 41 00

001:002:000:STREAM             1457855969.326224
 07 81 37 40 EB 23 4D 00

001:002:000:STREAM             1457855969.334220
 07 81 37 40 EB 23 59 00

001:002:000:STREAM             1457855969.340216
 07 81 37 40 EB 23 65 00

001:002:000:STREAM             1457855969.346209
 07 81 37 40 EB 23 73 00

001:002:000:STREAM             1457855969.354263
 07 81 37 40 EB 23 83 00

001:002:000:STREAM             1457855969.360241
 07 81 37 40 EB 23 95 00

001:002:000:STREAM             1457855969.368216
 07 81 37 40 EB 23 AC 00

001:002:000:STREAM             1457855969.374262
 07 81 37 40 EB 23 BF 00

001:002:000:STREAM             1457855969.380261
 07 81 37 40 EB 23 CE 00

001:002:000:STREAM             1457855969.388261
 07 81 37 40 EB 23 E1 00

001:002:000:STREAM             1457855969.394261
 07 81 37 40 EB 23 F3 00

001:002:000:STREAM             1457855969.400217
 07 81 37 40 EB 23 03 01

001:002:000:STREAM             1457855969.408260
 07 81 37 40 EB 23 11 01

001:002:000:STREAM             1457855969.414240
 07 81 37 40 EB 23 1F 01

001:002:000:STREAM             1457855969.422237
 07 81 37 40 EB 23 2C 01

001:002:000:STREAM             1457855969.428208
 07 81 37 40 EB 23 35 01

001:002:000:STREAM             1457855969.434209
 07 81 37 40 EB 23 3E 01

001:002:000:STREAM             1457855969.442206
 07 81 37 40 EB 23 48 01

001:002:000:STREAM             1457855969.448209
 07 81 37 40 EB 23 51 01

001:002:000:STREAM             1457855969.456256
 07 81 37 40 EB 23 5E 01

001:002:000:STREAM             1457855969.462209
 07 81 37 40 EB 23 6E 01

001:002:000:STREAM             1457855969.468236
 07 81 37 40 EB 23 80 01

001:002:000:STREAM             1457855969.476217
 07 81 37 40 EB 23 92 01

001:002:000:STREAM             1457855969.482255
 07 81 37 40 EB 23 A7 01

001:002:000:STREAM             1457855969.490205
 07 81 37 40 EB 23 B7 01

001:002:000:STREAM             1457855969.496212
 07 81 37 40 EB 23 D2 01

001:002:000:STREAM             1457855969.502216
 07 81 37 40 EB 23 F8 01

001:002:000:STREAM             1457855969.510204
 07 81 37 40 EB 23 22 02

001:002:000:STREAM             1457855969.516212
 07 81 37 40 EB 23 45 02

001:002:000:STREAM             1457855969.522203
 07 81 37 40 EB 23 5D 02

001:002:000:STREAM             1457855969.530206
 07 81 37 40 E6 23 76 02

001:002:000:STREAM             1457855969.536255
 07 81 37 40 E6 23 8B 02

001:002:000:STREAM             1457855969.544199
 07 81 37 40 E2 23 97 02

001:002:000:STREAM             1457855969.550233
 07 81 37 40 E2 23 A7 02

001:002:000:STREAM             1457855969.556203
 07 81 37 40 E2 23 BA 02

001:002:000:STREAM             1457855969.564236
 07 81 37 40 DE 23 C7 02

001:002:000:STREAM             1457855969.570200
 07 81 37 40 DE 23 D1 02

001:002:000:STREAM             1457855969.576237
 07 81 37 40 DE 23 DD 02

001:002:000:STREAM             1457855969.584240
 07 81 37 40 D9 23 E1 02

001:002:000:STREAM             1457855969.590255
 07 81 37 40 D9 23 E6 02

001:002:000:STREAM             1457855969.598202
 07 81 37 40 D9 23 E8 02

001:002:000:STREAM             1457855969.604269
 07 81 37 40 D9 23 ED 02

001:002:000:STREAM             1457855969.610186
 07 81 37 40 D9 23 EB 02

001:002:000:STREAM             1457855969.618212
 07 81 37 40 D4 23 EB 02

001:002:000:STREAM             1457855969.624253
 07 81 37 40 D4 23 E8 02

001:002:000:STREAM             1457855969.638251
 07 81 37 40 CF 23 EC 02

001:002:000:STREAM             1457855969.644209
 07 81 37 40 CF 23 E8 02

001:002:000:STREAM             1457855969.650199
 07 81 32 40 CF 23 E8 02

001:002:000:STREAM             1457855969.658250
 07 81 32 40 CB 23 E5 02

001:002:000:STREAM             1457855969.664209
 07 81 32 40 CB 23 E2 02

001:002:000:STREAM             1457855969.672184
 07 81 32 40 C7 23 DE 02

001:002:000:STREAM             1457855969.678203
 07 81 32 40 C7 23 E0 02

001:002:000:STREAM             1457855969.684205
 07 81 32 40 C7 23 DE 02

001:002:000:STREAM             1457855969.692197
 07 81 32 40 C7 23 D6 02

001:002:000:STREAM             1457855969.698235
 07 81 2D 40 C7 23 D2 02

001:002:000:STREAM             1457855969.704203
 07 81 2D 40 C7 23 CD 02

001:002:000:STREAM             1457855969.712249
 07 81 28 40 C7 23 CC 02

001:002:000:STREAM             1457855969.718201
 07 81 28 40 C7 23 C0 02

001:002:000:STREAM             1457855969.724246
 07 81 22 40 C3 23 B4 02

001:002:000:STREAM             1457855969.732188
 07 81 22 40 C3 23 A1 02

001:002:000:STREAM             1457855969.738178
 07 81 22 40 C3 23 8C 02

001:002:000:STREAM             1457855969.744213
 07 81 22 40 C3 23 79 02

001:002:000:STREAM             1457855969.752201
 07 81 1D 40 C3 23 67 02

001:002:000:STREAM             1457855969.758190
 07 81 1D 40 BE 23 58 02

001:002:000:STREAM             1457855969.764190
 07 81 1D 40 BE 23 4E 02

001:002:000:STREAM             1457855969.770189
 07 81 17 40 BA 23 47 02

001:002:000:STREAM             1457855969.778189
 07 81 17 40 BA 23 46 02

001:002:000:STREAM             1457855969.784187
 07 81 17 40 BA 23 42 02

001:002:000:STREAM             1457855969.790183
 07 81 17 40 B6 23 43 02

001:002:000:STREAM             1457855969.798189
 07 81 12 40 B6 23 40 02

001:002:000:STREAM             1457855969.804182
 07 81 12 40 B6 23 42 02

001:002:000:STREAM             1457855969.810182
 07 81 12 40 B6 23 40 02

001:002:000:STREAM             1457855969.818181
 07 81 12 40 B1 23 3E 02

001:002:000:STREAM             1457855969.824185
 07 81 12 40 B1 23 3C 02

001:002:000:STREAM             1457855969.830183
 07 81 0C 40 B1 23 38 02

001:002:000:STREAM             1457855969.838195
 07 81 0C 40 B1 23 36 02

001:002:000:STREAM             1457855969.844213
 07 81 0C 40 B1 23 33 02

001:002:000:STREAM             1457855969.856182
 07 81 0C 40 B1 23 34 02

001:002:000:STREAM             1457855969.864190
 07 81 07 40 B1 23 31 02

001:002:000:STREAM             1457855969.870201
 07 81 07 40 B1 23 30 02

001:002:000:STREAM             1457855969.876203
 07 81 07 40 B1 23 2F 02

001:002:000:STREAM             1457855969.884246
 07 81 07 40 B1 23 32 02

001:002:000:STREAM             1457855969.890196
 07 81 07 40 B1 23 30 02

001:002:000:STREAM             1457855969.896177
 07 81 07 40 B1 23 2F 02

001:002:000:STREAM             1457855969.904207
 07 81 07 40 B1 23 2C 02

001:002:000:STREAM             1457855969.910199
 07 81 07 40 B1 23 2B 02

001:002:000:STREAM             1457855969.916209
 07 81 02 40 B1 23 29 02

001:002:000:STREAM             1457855969.922199
 07 81 02 40 B1 23 20 02

001:002:000:STREAM             1457855969.930245
 07 81 02 40 B1 23 19 02

001:002:000:STREAM             1457855969.936242
 07 81 02 40 B1 23 11 02

001:002:000:STREAM             1457855969.942195
 07 81 02 40 B1 23 00 02

001:002:000:STREAM             1457855969.948183
 07 81 02 40 B7 23 E8 01

001:002:000:STREAM             1457855969.956198
 07 81 02 40 B7 23 D1 01

001:002:000:STREAM             1457855969.962199
 07 81 02 40 B7 23 BF 01

001:002:000:STREAM             1457855969.968197
 07 81 02 40 B7 23 B5 01

001:002:000:STREAM             1457855969.976190
 07 81 02 40 B7 23 AF 01

001:002:000:STREAM             1457855969.982182
 07 81 02 40 BE 23 AD 01

001:002:000:STREAM             1457855969.988182
 07 81 02 40 C5 23 AA 01

001:002:000:STREAM             1457855969.994237
 07 81 02 40 CE 23 88 01

001:002:000:STREAM             1457855970.002284
 07 81 02 40 D8 23 3E 01

001:002:000:STREAM             1457855970.008271
 07 81 09 40 E5 23 E7 00

001:002:000:STREAM             1457855970.014188
 07 81 0F 40 F4 23 96 00

001:002:000:STREAM             1457855970.020229
 07 81 14 40 04 24 55 00

001:002:000:STREAM             1457855970.028229
 07 80 14 40 17 24 00 00

001:002:000:STREAM             1457855970.034272
 07 80 1A 40 2B 24 00 00

001:002:000:STREAM             1457855970.040274
 07 80 1A 40 40 24 00 00

001:002:000:STREAM             1457855970.048225
 07 80 20 40 55 24 00 00

001:002:000:STREAM             1457855970.054256
 07 80 20 40 68 24 00 00

001:002:000:STREAM             1457855970.060210
 07 80 26 40 78 24 00 00

001:002:000:STREAM             1457855970.066207
 07 80 26 40 85 24 00 00

001:002:000:STREAM             1457855970.074252
 07 80 26 40 8F 24 00 00

001:002:000:STREAM             1457855970.080184
 07 80 26 40 96 24 00 00

001:002:000:STREAM             1457855970.092215
 07 80 26 40 9F 24 00 00

001:002:000:STREAM             1457855970.098257
 07 80 26 40 A6 24 00 00

001:002:000:STREAM             1457855970.106204
 07 80 26 40 AD 24 00 00

001:002:000:STREAM             1457855970.112183
 07 80 26 40 B6 24 00 00

001:002:000:STREAM             1457855970.118235
 07 80 26 40 C2 24 00 00

001:002:000:STREAM             1457855970.124266
 07 80 26 40 D3 24 00 00

001:002:000:STREAM             1457855970.132278
 07 80 26 40 E9 24 00 00

001:002:000:STREAM             1457855970.138189
 07 80 26 40 05 25 00 00

001:002:000:STREAM             1457855970.144185
 07 80 26 40 25 25 00 00

001:002:000:STREAM             1457855970.150201
 07 80 26 40 42 25 00 00

001:002:000:STREAM             1457855970.156221
 07 80 26 40 59 25 00 00

001:002:000:STREAM             1457855970.164232
 07 80 26 40 6B 25 00 00

001:002:000:STREAM             1457855970.170201
 07 80 32 40 78 25 00 00

001:002:000:STREAM             1457855970.190221
 07 80 32 40 85 25 00 00

001:002:000:STREAM             1457855970.196257
 07 80 40 40 85 25 00 00

001:002:000:STREAM             1457855970.214219
 07 80 4D 40 85 25 00 00

001:002:000:STREAM             1457855970.240269
 07 80 59 40 85 25 00 00

001:002:000:STREAM             1457855970.254265
 07 80 66 40 85 25 00 00

001:002:000:STREAM             1457855970.260219
 07 80 72 40 85 25 00 00

001:002:000:STREAM             1457855970.272220
 07 80 85 40 85 25 00 00

001:002:000:STREAM             1457855970.278258
 07 80 95 40 85 25 00 00

001:002:000:STREAM             1457855970.286230
 07 80 A3 40 85 25 00 00

001:002:000:STREAM             1457855970.292165
 07 80 B0 40 85 25 00 00

001:002:000:STREAM             1457855970.298196
 07 80 BD 40 85 25 00 00

001:002:000:STREAM             1457855970.310190
 07 80 CD 40 85 25 00 00

001:002:000:STREAM             1457855970.324192
 07 80 DC 40 85 25 00 00

001:002:000:STREAM             1457855970.336161
 07 80 E9 40 85 25 00 00

001:002:000:STREAM             1457855970.398183
 07 80 F6 40 85 25 00 00

001:002:000:STREAM             1457855970.530220
 07 80 F6 40 7B 25 00 00

001:002:000:STREAM             1457855970.536188
 07 80 ED 40 73 25 00 00

001:002:000:STREAM             1457855970.544156
 07 80 ED 40 6B 25 00 00

001:002:000:STREAM             1457855970.550216
 07 80 E1 40 6B 25 00 00

001:002:000:STREAM             1457855970.556236
 07 80 E1 40 61 25 00 00

001:002:000:STREAM             1457855970.562184
 07 80 D5 40 61 25 00 00

001:002:000:STREAM             1457855970.568237
 07 80 D5 40 58 25 00 00

001:002:000:STREAM             1457855970.574206
 07 80 CB 40 58 25 00 00

001:002:000:STREAM             1457855970.588232
 07 80 C2 40 4E 25 00 00

001:002:000:STREAM             1457855970.600238
 07 80 B9 40 45 25 00 00

001:002:000:STREAM             1457855970.612177
 07 80 B9 40 3B 25 00 00

001:002:000:STREAM             1457855970.618152
 07 80 B0 40 32 25 00 00

001:002:000:STREAM             1457855970.626289
 07 80 B0 40 2A 25 00 00

001:002:000:STREAM             1457855970.632181
 07 80 B0 40 23 25 00 00

001:002:000:STREAM             1457855970.638210
 07 80 A8 40 1C 25 00 00

001:002:000:STREAM             1457855970.644142
 07 80 A8 40 15 25 00 00

001:002:000:STREAM             1457855970.650203
 07 80 A8 40 0D 25 00 00

001:002:000:STREAM             1457855970.658153
 07 80 A8 40 05 25 00 00

001:002:000:STREAM             1457855970.664215
 07 80 A1 40 FC 24 00 00

001:002:000:STREAM             1457855970.670182
 07 80 A1 40 F1 24 00 00

001:002:000:STREAM             1457855970.676151
 07 80 99 40 E6 24 00 00

001:002:000:STREAM             1457855970.682206
 07 80 99 40 DA 24 00 00

001:002:000:STREAM             1457855970.690204
 07 80 99 40 CC 24 00 00

001:002:000:STREAM             1457855970.696179
 07 80 99 40 BC 24 00 00

001:002:000:STREAM             1457855970.702204
 07 80 91 40 AA 24 00 00

001:002:000:STREAM             1457855970.708223
 07 80 91 40 96 24 00 00

001:002:000:STREAM             1457855970.716151
 07 80 91 40 82 24 00 00

001:002:000:STREAM             1457855970.722176
 07 80 8B 40 6E 24 00 00

001:002:000:STREAM             1457855970.728231
 07 80 8B 40 58 24 00 00

001:002:000:STREAM             1457855970.734139
 07 80 8B 40 3F 24 00 00

001:002:000:STREAM             1457855970.742159
 07 80 8B 40 25 24 00 00

001:002:000:STREAM             1457855970.748134
 07 80 8B 40 0A 24 00 00

001:002:000:STREAM             1457855970.754147
 07 80 8B 40 EF 23 00 00

001:002:000:STREAM             1457855970.760116
 07 80 8B 40 D3 23 00 00

001:002:000:STREAM             1457855970.768145
 07 81 8B 40 B8 23 07 00

001:002:000:STREAM             1457855970.774146
 07 81 8B 40 9D 23 0A 00

001:002:000:STREAM             1457855970.780145
 07 81 82 40 81 23 0D 00

001:002:000:STREAM             1457855970.786133
 07 81 78 40 65 23 10 00

001:002:000:STREAM             1457855970.794136
 07 81 6D 40 4B 23 13 00

001:002:000:STREAM             1457855970.800142
 07 81 61 40 33 23 17 00

001:002:000:STREAM             1457855970.806141
 07 81 55 40 1E 23 1C 00

001:002:000:STREAM             1457855970.812136
 07 81 49 40 0A 23 21 00

001:002:000:STREAM             1457855970.820139
 07 81 3C 40 F8 22 27 00

001:002:000:STREAM             1457855970.826134
 07 81 2F 40 E7 22 2E 00

001:002:000:STREAM             1457855970.832139
 07 81 23 40 D7 22 39 00

001:002:000:STREAM             1457855970.840145
 07 81 17 40 C9 22 45 00

001:002:000:STREAM             1457855970.846164
 07 81 0B 40 BD 22 4F 00

001:002:000:STREAM             1457855970.854165
 07 81 01 40 B3 22 54 00

001:002:000:STREAM             1457855970.860224
 07 81 F8 3F AB 22 5A 00

001:002:000:STREAM             1457855970.866142
 07 81 F1 3F A4 22 5E 00

001:002:000:STREAM             1457855970.874195
 07 81 EA 3F 9E 22 5F 00

001:002:000:STREAM             1457855970.880199
 07 81 E3 3F 98 22 61 00

001:002:000:STREAM             1457855970.888195
 07 81 DC 3F 93 22 61 00

001:002:000:STREAM             1457855970.894146
 07 81 D5 3F 8D 22 61 00

001:002:000:STREAM             1457855970.900160
 07 81 CE 3F 87 22 63 00

001:002:000:STREAM             1457855970.908139
 07 81 C6 3F 82 22 67 00

001:002:000:STREAM             1457855970.914141
 07 81 BD 3F 82 22 74 00

001:002:000:STREAM             1457855970.920139
 07 81 B3 3F 82 22 81 00

001:002:000:STREAM             1457855970.928106
 07 81 A7 3F 82 22 95 00

001:002:000:STREAM             1457855970.934183
 07 81 99 3F 82 22 AA 00

001:002:000:STREAM             1457855970.942207
 07 81 8A 3F 82 22 BF 00

001:002:000:STREAM             1457855970.948169
 07 81 79 3F 87 22 D0 00

001:002:000:STREAM             1457855970.954223
 07 81 66 3F 8E 22 DA 00

001:002:000:STREAM             1457855970.962158
 07 81 53 3F 95 22 E2 00

001:002:000:STREAM             1457855970.968217
 07 81 41 3F 9E 22 EA 00

001:002:000:STREAM             1457855970.974193
 07 81 30 3F A7 22 F0 00

001:002:000:STREAM             1457855970.982189
 07 81 22 3F AE 22 F3 00

001:002:000:STREAM             1457855970.988188
 07 81 17 3F B3 22 F3 00

001:002:000:STREAM             1457855970.996190
 07 81 0E 3F B7 22 F6 00

001:002:000:STREAM             1457855971.002152
 07 81 0A 3F B7 22 F5 00

001:002:000:STREAM             1457855971.008178
 07 81 0A 3F B7 22 F1 00

001:002:000:STREAM             1457855971.016190
 07 81 0A 3F B7 22 EF 00

001:002:000:STREAM             1457855971.022105
 07 81 10 3F B7 22 E9 00

001:002:000:STREAM             1457855971.028192
 07 81 17 3F B7 22 E4 00

001:002:000:STREAM             1457855971.036195
 07 81 1D 3F B3 22 DF 00

001:002:000:STREAM             1457855971.042187
 07 81 20 3F AD 22 DA 00

001:002:000:STREAM             1457855971.050130
 07 81 20 3F A7 22 DA 00

001:002:000:STREAM             1457855971.056141
 07 81 20 3F A0 22 DF 00

001:002:000:STREAM             1457855971.062130
 07 81 20 3F 99 22 E9 00

001:002:000:STREAM             1457855971.070194
 07 81 1A 3F 93 22 F7 00

001:002:000:STREAM             1457855971.076144
 07 81 15 3F 8D 22 FE 00

001:002:000:STREAM             1457855971.084134
 07 81 15 3F 88 22 02 01

001:002:000:STREAM             1457855971.090141
 07 81 10 3F 83 22 00 01

001:002:000:STREAM             1457855971.096193
 07 81 10 3F 83 22 FA 00

001:002:000:STREAM             1457855971.104192
 07 81 0C 3F 83 22 F6 00

001:002:000:STREAM             1457855971.110138
 07 81 0C 3F 83 22 F3 00

001:002:000:STREAM             1457855971.124140
 07 81 0C 3F 83 22 F9 00

001:002:000:STREAM             1457855971.130135
 07 81 0C 3F 83 22 09 01

001:002:000:STREAM             1457855971.138190
 07 81 0C 3F 83 22 22 01

001:002:000:STREAM             1457855971.144132
 07 81 0C 3F 83 22 3C 01

001:002:000:STREAM             1457855971.150135
 07 81 0C 3F 83 22 54 01

001:002:000:STREAM             1457855971.158140
 07 81 08 3F 83 22 67 01

001:002:000:STREAM             1457855971.164134
 07 81 08 3F 83 22 76 01

001:002:000:STREAM             1457855971.172134
 07 81 08 3F 83 22 7E 01

001:002:000:STREAM             1457855971.178125
 07 81 08 3F 83 22 81 01

001:002:000:STREAM             1457855971.184119
 07 81 08 3F 83 22 7A 01

001:002:000:STREAM             1457855971.192156
 07 81 08 3F 83 22 76 01

001:002:000:STREAM             1457855971.198180
 07 81 08 3F 87 22 6E 01

001:002:000:STREAM             1457855971.206100
 07 81 02 3F 87 22 64 01

001:002:000:STREAM             1457855971.212141
 07 81 FE 3E 8B 22 5C 01

001:002:000:STREAM             1457855971.218136
 07 81 F9 3E 8B 22 54 01

001:002:000:STREAM             1457855971.226093
 07 81 F3 3E 8F 22 4D 01

001:002:000:STREAM             1457855971.232138
 07 81 EC 3E 8F 22 4B 01

001:002:000:STREAM             1457855971.240133
 07 81 E5 3E 93 22 48 01

001:002:000:STREAM             1457855971.246130
 07 81 E0 3E 93 22 43 01

001:002:000:STREAM             1457855971.252177
 07 81 DB 3E 97 22 3B 01

001:002:000:STREAM             1457855971.260177
 07 81 D6 3E 97 22 33 01

001:002:000:STREAM             1457855971.266129
 07 81 D6 3E 97 22 2F 01

001:002:000:STREAM             1457855971.274186
 07 81 D2 3E 9C 22 2B 01

001:002:000:STREAM             1457855971.286141
 07 81 D2 3E A1 22 2C 01

001:002:000:STREAM             1457855971.294182
 07 81 D2 3E A1 22 2E 01

001:002:000:STREAM             1457855971.300122
 07 81 CD 3E A7 22 2E 01

001:002:000:STREAM             1457855971.308139
 07 81 C9 3E AE 22 30 01

001:002:000:STREAM             1457855971.314181
 07 81 C4 3E B5 22 31 01

001:002:000:STREAM             1457855971.320181
 07 81 C0 3E BC 22 30 01

001:002:000:STREAM             1457855971.328122
 07 81 BB 3E C3 22 2E 01

001:002:000:STREAM             1457855971.334132
 07 81 B6 3E CA 22 33 01

001:002:000:STREAM             1457855971.342154
 07 81 B1 3E D0 22 36 01

001:002:000:STREAM             1457855971.348125
 07 81 AB 3E D4 22 3A 01

001:002:000:STREAM             1457855971.356181
 07 81 A5 3E D4 22 3B 01

001:002:000:STREAM             1457855971.362126
 07 81 A0 3E DA 22 3D 01

001:002:000:STREAM             1457855971.370124
 07 81 9B 3E DA 22 3F 01

001:002:000:STREAM             1457855971.376145
 07 81 96 3E DE 22 40 01

001:002:000:STREAM             1457855971.382123
 07 81 92 3E DE 22 3F 01

001:002:000:STREAM             1457855971.390128
 07 81 92 3E E2 22 43 01

001:002:000:STREAM             1457855971.396122
 07 81 8D 3E E2 22 4A 01

001:002:000:STREAM             1457855971.404123
 07 81 8D 3E E2 22 52 01

001:002:000:STREAM             1457855971.410167
 07 81 8D 3E E2 22 5E 01

001:002:000:STREAM             1457855971.418130
 07 81 8D 3E E2 22 65 01

001:002:000:STREAM             1457855971.424117
 07 81 8D 3E E2 22 6D 01

001:002:000:STREAM             1457855971.432120
 07 81 8D 3E E2 22 6F 01

001:002:000:STREAM             1457855971.438176
 07 81 8D 3E E2 22 73 01

001:002:000:STREAM             1457855971.446127
 07 81 8D 3E E2 22 76 01

001:002:000:STREAM             1457855971.458115
 07 81 8D 3E E2 22 77 01

001:002:000:STREAM             1457855971.466121
 07 81 8D 3E E2 22 7A 01

001:002:000:STREAM             1457855971.472125
 07 81 8D 3E E2 22 7C 01

001:002:000:STREAM             1457855971.480175
 07 81 8D 3E E2 22 7E 01

001:002:000:STREAM             1457855971.486114
 07 81 8D 3E E2 22 7C 01

001:002:000:STREAM             1457855971.494173
 07 81 8D 3E E2 22 7B 01

001:002:000:STREAM             1457855971.500111
 07 81 8D 3E E2 22 7F 01

001:002:000:STREAM             1457855971.514113
 07 81 8D 3E E6 22 82 01

001:002:000:STREAM             1457855971.520137
 07 81 8D 3E E6 22 85 01

001:002:000:STREAM             1457855971.528119
 07 81 8D 3E E6 22 91 01

001:002:000:STREAM             1457855971.534162
 07 81 91 3E E6 22 A3 01

001:002:000:STREAM             1457855971.542131
 07 81 94 3E E6 22 B4 01

001:002:000:STREAM             1457855971.548112
 07 81 94 3E E6 22 C6 01

001:002:000:STREAM             1457855971.556124
 07 81 97 3E E6 22 DE 01

001:002:000:STREAM             1457855971.562130
 07 81 97 3E E6 22 EE 01

001:002:000:STREAM             1457855971.570117
 07 81 97 3E E6 22 00 02

001:002:000:STREAM             1457855971.576112
 07 81 9A 3E E6 22 17 02

001:002:000:STREAM             1457855971.582109
 07 81 9A 3E E6 22 31 02

001:002:000:STREAM             1457855971.590171
 07 81 9A 3E E6 22 4D 02

001:002:000:STREAM             1457855971.596171
 07 81 9A 3E E6 22 63 02

001:002:000:STREAM             1457855971.604168
 07 81 9D 3E E6 22 80 02

001:002:000:STREAM             1457855971.610087
 07 81 9D 3E E6 22 94 02

001:002:000:STREAM             1457855971.618172
 07 81 A1 3E E6 22 A3 02

001:002:000:STREAM             1457855971.624168
 07 81 A1 3E E6 22 AF 02

001:002:000:STREAM             1457855971.632184
 07 81 A4 3E E6 22 B5 02

001:002:000:STREAM             1457855971.638109
 07 81 A4 3E E6 22 BE 02

001:002:000:STREAM             1457855971.644121
 07 81 A4 3E E6 22 BF 02

001:002:000:STREAM             1457855971.652140
 07 81 A4 3E E6 22 BA 02

001:002:000:STREAM             1457855971.658104
 07 81 A4 3E E6 22 B4 02

001:002:000:STREAM             1457855971.666140
 07 81 A8 3E E6 22 B1 02

001:002:000:STREAM             1457855971.672116
 07 81 AE 3E E6 22 AA 02

001:002:000:STREAM             1457855971.680165
 07 81 B5 3E E6 22 A2 02

001:002:000:STREAM             1457855971.686103
 07 81 BE 3E E6 22 9B 02

001:002:000:STREAM             1457855971.692126
 07 81 C8 3E E6 22 9B 02

001:002:000:STREAM             1457855971.700108
 07 81 D3 3E E6 22 97 02

001:002:000:STREAM             1457855971.706105
 07 81 DF 3E E6 22 93 02

001:002:000:STREAM             1457855971.714124
 07 81 EB 3E E6 22 93 02

001:002:000:STREAM             1457855971.720164
 07 81 F6 3E E6 22 91 02

001:002:000:STREAM             1457855971.728078
 07 81 00 3F E6 22 90 02

001:002:000:STREAM             1457855971.734087
 07 81 09 3F E6 22 90 02

001:002:000:STREAM             1457855971.740130
 07 81 10 3F E6 22 8D 02

001:002:000:STREAM             1457855971.748077
 07 81 15 3F E6 22 8F 02

001:002:000:STREAM             1457855971.754066
 07 81 1A 3F E6 22 8A 02

001:002:000:STREAM             1457855971.762094
 07 81 1D 3F E6 22 81 02

001:002:000:STREAM             1457855971.768091
 07 81 1D 3F E6 22 74 02

001:002:000:STREAM             1457855971.774142
 07 81 21 3F E6 22 67 02

001:002:000:STREAM             1457855971.782099
 07 81 21 3F E6 22 5E 02

001:002:000:STREAM             1457855971.788135
 07 81 21 3F E3 22 56 02

001:002:000:STREAM             1457855971.796111
 07 81 21 3F E0 22 4F 02

001:002:000:STREAM             1457855971.802111
 07 81 24 3F E0 22 4D 02

001:002:000:STREAM             1457855971.810092
 07 81 24 3F E0 22 47 02

001:002:000:STREAM             1457855971.816137
 07 81 24 3F DD 22 48 02

001:002:000:STREAM             1457855971.830110
 07 81 24 3F DD 22 43 02

001:002:000:STREAM             1457855971.836159
 07 81 24 3F DD 22 42 02

001:002:000:STREAM             1457855971.844158
 07 81 24 3F DA 22 45 02

001:002:000:STREAM             1457855971.850096
 07 81 24 3F D7 22 45 02

001:002:000:STREAM             1457855971.856078
 07 81 24 3F D7 22 43 02

001:002:000:STREAM             1457855971.864161
 07 81 24 3F D4 22 42 02

001:002:000:STREAM             1457855971.870149
 07 81 24 3F D4 22 3D 02

001:002:000:STREAM             1457855971.878099
 07 81 24 3F D1 22 3A 02

001:002:000:STREAM             1457855971.884146
 07 81 24 3F D1 22 35 02

001:002:000:STREAM             1457855971.890100
 07 81 24 3F CE 22 2B 02

001:002:000:STREAM             1457855971.898109
 07 81 24 3F CE 22 18 02

001:002:000:STREAM             1457855971.904146
 07 81 24 3F CB 22 F5 01

001:002:000:STREAM             1457855971.912099
 07 81 24 3F CB 22 CB 01

001:002:000:STREAM             1457855971.918100
 07 81 27 3F CB 22 9B 01

001:002:000:STREAM             1457855971.924127
 07 81 2C 3F CB 22 6D 01

001:002:000:STREAM             1457855971.932087
 07 81 32 3F CB 22 3B 01

001:002:000:STREAM             1457855971.938099
 07 81 38 3F CB 22 04 01

001:002:000:STREAM             1457855971.946105
 07 81 3F 3F CB 22 CF 00

001:002:000:STREAM             1457855971.952103
 07 81 46 3F CB 22 96 00

001:002:000:STREAM             1457855971.958125
 07 81 4C 3F CB 22 61 00

001:002:000:STREAM             1457855971.966123
 07 81 53 3F CB 22 36 00

001:002:000:STREAM             1457855971.972099
 07 80 5A 3F CB 22 00 00

001:002:000:STREAM             1457855971.978099
 07 80 62 3F C7 22 00 00

001:002:000:STREAM             1457855971.986145
 07 80 6A 3F C2 22 00 00

001:002:000:STREAM             1457855971.992127
 07 80 70 3F BC 22 00 00

001:002:000:STREAM             1457855971.998143
 07 80 74 3F B5 22 00 00

001:002:000:STREAM             1457855972.004123
 07 80 74 3F AF 22 00 00

001:002:000:STREAM             1457855972.012090
 07 80 79 3F A8 22 00 00

001:002:000:STREAM             1457855972.018114
 07 80 79 3F A2 22 00 00

001:002:000:STREAM             1457855972.024130
 07 80 7E 3F 9D 22 00 00

001:002:000:STREAM             1457855972.038142
 07 80 7E 3F 99 22 00 00

001:002:000:STREAM             1457855972.112100
 07 80 85 3F 90 22 00 00

001:002:000:STREAM             1457855972.118138
 07 80 85 3F 88 22 00 00

001:002:000:STREAM             1457855972.124089
 07 80 8D 3F 80 22 00 00

001:002:000:STREAM             1457855972.130138
 07 80 8D 3F 77 22 00 00

001:002:000:STREAM             1457855972.136090
 07 80 8D 3F 6F 22 00 00

001:002:000:STREAM             1457855972.142103
 07 80 8D 3F 68 22 00 00

001:002:000:STREAM             1457855972.148074
 07 80 8D 3F 60 22 00 00

001:002:000:STREAM             1457855972.154098
 07 80 8D 3F 58 22 00 00

001:002:000:STREAM             1457855972.160068
 07 80 8D 3F 50 22 00 00

001:002:000:STREAM             1457855972.164128
 07 80 8D 3F 47 22 00 00

001:002:000:STREAM             1457855972.170119
 07 80 8D 3F 3D 22 00 00

001:002:000:STREAM             1457855972.176081
 07 80 94 3F 33 22 00 00

001:002:000:STREAM             1457855972.182130
 07 80 94 3F 28 22 00 00

001:002:000:STREAM             1457855972.188126
 07 80 94 3F 1E 22 00 00

001:002:000:STREAM             1457855972.194142
 07 80 94 3F 13 22 00 00

001:002:000:STREAM             1457855972.198094
 07 80 9D 3F 07 22 00 00

001:002:000:STREAM             1457855972.204093
 07 80 9D 3F FD 21 00 00

001:002:000:STREAM             1457855972.210124
 07 80 9D 3F F5 21 00 00

001:002:000:STREAM             1457855972.216077
 07 C0 9D 3F F5 21 00 00

001:002:000:STREAM             1457855972.858125
 07 80 C9 40 1F 23 00 00

001:002:000:STREAM             1457855972.864104
 07 80 DB 40 1F 23 00 00

001:002:000:STREAM             1457855972.872070
 07 80 EE 40 18 23 00 00

001:002:000:STREAM             1457855972.878104
 07 80 01 41 0E 23 00 00

001:002:000:STREAM             1457855972.886049
 07 80 14 41 02 23 00 00

001:002:000:STREAM             1457855972.892079
 07 80 27 41 F4 22 00 00

001:002:000:STREAM             1457855972.898106
 07 80 3B 41 E6 22 00 00

001:002:000:STREAM             1457855972.906103
 07 80 50 41 DA 22 00 00

001:002:000:STREAM             1457855972.912052
 07 80 66 41 CE 22 00 00

001:002:000:STREAM             1457855972.920053
 07 80 7D 41 C3 22 00 00

001:002:000:STREAM             1457855972.926087
 07 80 94 41 BC 22 00 00

001:002:000:STREAM             1457855972.932090
 07 80 AB 41 B8 22 00 00

001:002:000:STREAM             1457855972.940101
 07 80 C2 41 B8 22 00 00

001:002:000:STREAM             1457855972.946101
 07 80 D9 41 B8 22 00 00

001:002:000:STREAM             1457855972.952058
 07 80 EE 41 B8 22 00 00

001:002:000:STREAM             1457855972.960060
 07 81 00 42 BE 22 09 00

001:002:000:STREAM             1457855972.966056
 07 81 0F 42 C4 22 0F 00

001:002:000:STREAM             1457855972.972049
 07 81 19 42 CA 22 19 00

001:002:000:STREAM             1457855972.980049
 07 81 1F 42 D0 22 23 00

001:002:000:STREAM             1457855972.986045
 07 81 1F 42 D8 22 2E 00

001:002:000:STREAM             1457855972.992061
 07 81 1F 42 E0 22 37 00

001:002:000:STREAM             1457855973.000079
 07 81 1B 42 E9 22 40 00

001:002:000:STREAM             1457855973.006078
 07 81 15 42 F3 22 46 00

001:002:000:STREAM             1457855973.012044
 07 81 0E 42 FE 22 49 00

001:002:000:STREAM             1457855973.020107
 07 81 07 42 0B 23 4B 00

001:002:000:STREAM             1457855973.026077
 07 81 01 42 1A 23 4C 00

001:002:000:STREAM             1457855973.034062
 07 81 01 42 2A 23 4B 00

001:002:000:STREAM             1457855973.040058
 07 81 01 42 3C 23 4B 00

001:002:000:STREAM             1457855973.046055
 07 81 01 42 4D 23 4D 00

001:002:000:STREAM             1457855973.054052
 07 81 01 42 5D 23 4D 00

001:002:000:STREAM             1457855973.060080
 07 81 01 42 6A 23 4E 00

001:002:000:STREAM             1457855973.066043
 07 81 04 42 75 23 50 00

001:002:000:STREAM             1457855973.074052
 07 81 04 42 7E 23 5C 00

001:002:000:STREAM             1457855973.080048
 07 81 07 42 84 23 6F 00

001:002:000:STREAM             1457855973.088042
 07 81 07 42 89 23 89 00

001:002:000:STREAM             1457855973.094050
 07 81 07 42 89 23 A6 00

001:002:000:STREAM             1457855973.100050
 07 81 07 42 89 23 BA 00

001:002:000:STREAM             1457855973.108056
 07 81 07 42 89 23 CA 00

001:002:000:STREAM             1457855973.114070
 07 81 FB 41 89 23 DB 00

001:002:000:STREAM             1457855973.122094
 07 81 EA 41 85 23 EB 00

001:002:000:STREAM             1457855973.128043
 07 81 D5 41 80 23 FB 00

001:002:000:STREAM             1457855973.134093
 07 81 BD 41 7A 23 07 01

001:002:000:STREAM             1457855973.142042
 07 81 A4 41 73 23 13 01

001:002:000:STREAM             1457855973.148054
 07 81 8C 41 6D 23 1B 01

001:002:000:STREAM             1457855973.156050
 07 81 74 41 67 23 1F 01

001:002:000:STREAM             1457855973.162028
 07 81 5F 41 61 23 27 01

001:002:000:STREAM             1457855973.168061
 07 81 4D 41 5B 23 30 01

001:002:000:STREAM             1457855973.176046
 07 81 3C 41 56 23 3C 01

001:002:000:STREAM             1457855973.182049
 07 81 2B 41 51 23 49 01

001:002:000:STREAM             1457855973.190098
 07 81 1A 41 4C 23 5E 01

001:002:000:STREAM             1457855973.196037
 07 81 0B 41 48 23 79 01

001:002:000:STREAM             1457855973.204039
 07 81 FD 40 48 23 94 01

001:002:000:STREAM             1457855973.210089
 07 81 EF 40 43 23 A2 01

001:002:000:STREAM             1457855973.216036
 07 81 E2 40 43 23 A9 01

001:002:000:STREAM             1457855973.224041
 07 81 D4 40 43 23 AA 01

001:002:000:STREAM             1457855973.230046
 07 81 C7 40 43 23 A6 01

001:002:000:STREAM             1457855973.238051
 07 81 BB 40 43 23 A3 01

001:002:000:STREAM             1457855973.244096
 07 81 B1 40 43 23 9F 01

001:002:000:STREAM             1457855973.252086
 07 81 A9 40 43 23 99 01

001:002:000:STREAM             1457855973.258033
 07 81 A4 40 43 23 96 01

001:002:000:STREAM             1457855973.264040
 07 81 A4 40 43 23 94 01

001:002:000:STREAM             1457855973.272032
 07 81 9E 40 43 23 95 01

001:002:000:STREAM             1457855973.278040
 07 81 9E 40 48 23 9E 01

001:002:000:STREAM             1457855973.286087
 07 81 9E 40 48 23 AC 01

001:002:000:STREAM             1457855973.292036
 07 81 9E 40 4E 23 C0 01

001:002:000:STREAM             1457855973.300086
 07 81 9E 40 4E 23 CF 01

001:002:000:STREAM             1457855973.306041
 07 81 9E 40 54 23 DD 01

001:002:000:STREAM             1457855973.312036
 07 81 9E 40 54 23 E6 01

001:002:000:STREAM             1457855973.320044
 07 81 9E 40 54 23 EF 01

001:002:000:STREAM             1457855973.326037
 07 81 9E 40 5A 23 01 02

001:002:000:STREAM             1457855973.334064
 07 81 9E 40 5F 23 13 02

001:002:000:STREAM             1457855973.340085
 07 81 9E 40 5F 23 23 02

001:002:000:STREAM             1457855973.348040
 07 81 9E 40 66 23 28 02

001:002:000:STREAM             1457855973.354033
 07 81 9E 40 6C 23 2E 02

001:002:000:STREAM             1457855973.362034
 07 81 99 40 74 23 2A 02

001:002:000:STREAM             1457855973.368064
 07 81 94 40 7C 23 2A 02

001:002:000:STREAM             1457855973.374083
 07 81 8F 40 84 23 2A 02

001:002:000:STREAM             1457855973.382028
 07 81 89 40 8B 23 37 02

001:002:000:STREAM             1457855973.388029
 07 81 89 40 8B 23 4D 02

001:002:000:STREAM             1457855973.396033
 07 81 83 40 91 23 6D 02

001:002:000:STREAM             1457855973.402081
 07 81 83 40 91 23 8D 02

001:002:000:STREAM             1457855973.410029
 07 81 83 40 91 23 9C 02

001:002:000:STREAM             1457855973.416035
 07 81 83 40 91 23 A7 02

001:002:000:STREAM             1457855973.422029
 07 81 83 40 91 23 AF 02

001:002:000:STREAM             1457855973.430043
 07 81 83 40 91 23 B3 02

001:002:000:STREAM             1457855973.436003
 07 81 83 40 91 23 B1 02

001:002:000:STREAM             1457855973.444024
 07 81 83 40 8A 23 B1 02

001:002:000:STREAM             1457855973.450062
 07 81 83 40 80 23 AE 02

001:002:000:STREAM             1457855973.458078
 07 81 83 40 75 23 AB 02

001:002:000:STREAM             1457855973.464078
 07 81 7E 40 6B 23 A6 02

001:002:000:STREAM             1457855973.470038
 07 81 7E 40 61 23 9E 02

001:002:000:STREAM             1457855973.478042
 07 81 77 40 58 23 9B 02

001:002:000:STREAM             1457855973.484080
 07 81 70 40 50 23 95 02

001:002:000:STREAM             1457855973.492024
 07 81 66 40 49 23 8C 02

001:002:000:STREAM             1457855973.498034
 07 81 58 40 44 23 7F 02

001:002:000:STREAM             1457855973.506032
 07 81 47 40 44 23 7B 02

001:002:000:STREAM             1457855973.512020
 07 81 33 40 44 23 76 02

001:002:000:STREAM             1457855973.518035
 07 81 1C 40 4A 23 74 02

001:002:000:STREAM             1457855973.526056
 07 81 04 40 52 23 71 02

001:002:000:STREAM             1457855973.532044
 07 81 EC 3F 5C 23 73 02

001:002:000:STREAM             1457855973.540018
 07 81 D5 3F 67 23 74 02

001:002:000:STREAM             1457855973.546081
 07 81 C0 3F 72 23 73 02

001:002:000:STREAM             1457855973.554047
 07 81 AD 3F 7C 23 71 02

001:002:000:STREAM             1457855973.560034
 07 81 9C 3F 85 23 71 02

001:002:000:STREAM             1457855973.566055
 07 81 8E 3F 8E 23 71 02

001:002:000:STREAM             1457855973.574019
 07 81 82 3F 96 23 74 02

001:002:000:STREAM             1457855973.580055
 07 81 77 3F 9E 23 85 02

001:002:000:STREAM             1457855973.588049
 07 81 6D 3F A5 23 96 02

001:002:000:STREAM             1457855973.594079
 07 81 65 3F AB 23 A9 02

001:002:000:STREAM             1457855973.602025
 07 81 5E 3F B0 23 B7 02

001:002:000:STREAM             1457855973.608045
 07 81 58 3F B5 23 CF 02

001:002:000:STREAM             1457855973.614078
 07 81 52 3F BA 23 E6 02

001:002:000:STREAM             1457855973.622071
 07 81 4D 3F BE 23 FA 02

001:002:000:STREAM             1457855973.628072
 07 81 48 3F BE 23 13 03

001:002:000:STREAM             1457855973.636029
 07 81 44 3F C3 23 25 03

001:002:000:STREAM             1457855973.642031
 07 81 44 3F C3 23 2F 03

001:002:000:STREAM             1457855973.650032
 07 81 44 3F C3 23 39 03

001:002:000:STREAM             1457855973.656078
 07 81 44 3F C8 23 3E 03

001:002:000:STREAM             1457855973.664023
 07 81 44 3F C8 23 40 03

001:002:000:STREAM             1457855973.670082
 07 81 44 3F C8 23 43 03

001:002:000:STREAM             1457855973.678031
 07 81 44 3F C8 23 3E 03

001:002:000:STREAM             1457855973.684047
 07 81 44 3F C8 23 41 03

001:002:000:STREAM             1457855973.692027
 07 81 49 3F C8 23 3D 03

001:002:000:STREAM             1457855973.698022
 07 81 51 3F C8 23 3D 03

001:002:000:STREAM             1457855973.706020
 07 81 5A 3F C8 23 35 03

001:002:000:STREAM             1457855973.712014
 07 81 65 3F C8 23 28 03

001:002:000:STREAM             1457855973.718019
 07 81 71 3F C8 23 11 03

001:002:000:STREAM             1457855973.726022
 07 81 7E 3F C8 23 01 03

001:002:000:STREAM             1457855973.731999
 07 81 8B 3F CD 23 F2 02

001:002:000:STREAM             1457855973.740020
 07 81 98 3F CD 23 E5 02

001:002:000:STREAM             1457855973.745995
 07 81 A4 3F D3 23 DC 02

001:002:000:STREAM             1457855973.754008
 07 81 B0 3F D3 23 DB 02

001:002:000:STREAM             1457855973.759984
 07 81 BA 3F D3 23 D8 02

001:002:000:STREAM             1457855973.768008
 07 81 C4 3F D3 23 D7 02

001:002:000:STREAM             1457855973.774011
 07 81 CE 3F D3 23 D6 02

001:002:000:STREAM             1457855973.782008
 07 81 D7 3F D3 23 D5 02

001:002:000:STREAM             1457855973.788004
 07 81 DE 3F D3 23 CE 02

001:002:000:STREAM             1457855973.796006
 07 81 E6 3F D3 23 B6 02

001:002:000:STREAM             1457855973.802006
 07 81 EF 3F D3 23 9D 02

001:002:000:STREAM             1457855973.810001
 07 81 F9 3F D8 23 82 02

001:002:000:STREAM             1457855973.818002
 07 81 06 40 DF 23 68 02

001:002:000:STREAM             1457855973.824016
 07 81 16 40 E9 23 4E 02

001:002:000:STREAM             1457855973.831985
 07 81 2A 40 F4 23 32 02

001:002:000:STREAM             1457855973.838022
 07 81 42 40 01 24 12 02

001:002:000:STREAM             1457855973.846021
 07 81 5E 40 11 24 F6 01

001:002:000:STREAM             1457855973.852002
 07 81 7C 40 22 24 DE 01

001:002:000:STREAM             1457855973.859995
 07 81 9C 40 34 24 C9 01

001:002:000:STREAM             1457855973.866043
 07 81 BC 40 46 24 BE 01

001:002:000:STREAM             1457855973.874067
 07 81 DC 40 57 24 B4 01

001:002:000:STREAM             1457855973.879977
 07 81 FC 40 67 24 AA 01

001:002:000:STREAM             1457855973.887994
 07 81 19 41 75 24 A4 01

001:002:000:STREAM             1457855973.894011
 07 81 33 41 7F 24 A1 01

001:002:000:STREAM             1457855973.902045
 07 81 48 41 85 24 8F 01

001:002:000:STREAM             1457855973.907998
 07 81 59 41 85 24 17 01

001:002:000:STREAM             1457855973.916045
 07 81 65 41 85 24 A5 00

001:002:000:STREAM             1457855973.922018
 07 81 6C 41 85 24 57 00

001:002:000:STREAM             1457855973.930012
 07 80 6C 41 7E 24 00 00

001:002:000:STREAM             1457855973.937987
 07 80 6C 41 76 24 00 00

001:002:000:STREAM             1457855973.943973
 07 80 61 41 6D 24 00 00

001:002:000:STREAM             1457855973.952021
 07 80 52 41 63 24 00 00

001:002:000:STREAM             1457855973.958057
 07 80 40 41 59 24 00 00

001:002:000:STREAM             1457855973.966045
 07 80 2A 41 4E 24 00 00

001:002:000:STREAM             1457855973.972023
 07 80 10 41 43 24 00 00

001:002:000:STREAM             1457855973.980014
 07 80 F4 40 38 24 00 00

001:002:000:STREAM             1457855973.986011
 07 80 D6 40 2C 24 00 00

001:002:000:STREAM             1457855973.994062
 07 80 B7 40 20 24 00 00

001:002:000:STREAM             1457855974.000002
 07 80 97 40 13 24 00 00

001:002:000:STREAM             1457855974.008010
 07 80 78 40 08 24 00 00

001:002:000:STREAM             1457855974.016016
 07 80 5C 40 FF 23 00 00

001:002:000:STREAM             1457855974.022064
 07 80 42 40 F7 23 00 00

001:002:000:STREAM             1457855974.030061
 07 80 2B 40 F0 23 00 00

001:002:000:STREAM             1457855974.036016
 07 80 15 40 F0 23 00 00

001:002:000:STREAM             1457855974.043994
 07 80 00 40 E8 23 00 00

001:002:000:STREAM             1457855974.050111
 07 80 EC 3F E8 23 00 00

001:002:000:STREAM             1457855974.058035
 07 80 DA 3F E1 23 00 00

001:002:000:STREAM             1457855974.064000
 07 80 C8 3F E1 23 00 00

001:002:000:STREAM             1457855974.071997
 07 80 B8 3F E1 23 00 00

001:002:000:STREAM             1457855974.080061
 07 80 A8 3F DB 23 00 00

001:002:000:STREAM             1457855974.086024
 07 80 98 3F DB 23 00 00

001:002:000:STREAM             1457855974.094012
 07 80 88 3F DB 23 00 00

001:002:000:STREAM             1457855974.100009
 07 80 78 3F DB 23 00 00

001:002:000:STREAM             1457855974.108001
 07 80 67 3F DB 23 00 00

001:002:000:STREAM             1457855974.114055
 07 80 55 3F DB 23 00 00

001:002:000:STREAM             1457855974.122006
 07 80 41 3F DB 23 00 00

001:002:000:STREAM             1457855974.127994
 07 80 2C 3F D5 23 00 00

001:002:000:STREAM             1457855974.136048
 07 80 17 3F D5 23 00 00

001:002:000:STREAM             1457855974.141995
 07 80 02 3F CE 23 00 00

001:002:000:STREAM             1457855974.150011
 07 80 EE 3E CE 23 00 00

001:002:000:STREAM             1457855974.158002
 07 80 DB 3E C8 23 00 00

001:002:000:STREAM             1457855974.164022
 07 80 CB 3E C8 23 00 00

001:002:000:STREAM             1457855974.171992
 07 80 BE 3E C8 23 00 00

001:002:000:STREAM             1457855974.178011
 07 80 B4 3E C8 23 00 00

001:002:000:STREAM             1457855974.185997
 07 80 AA 3E C8 23 00 00

001:002:000:STREAM             1457855974.191978
 07 80 A2 3E C8 23 00 00

001:002:000:STREAM             1457855974.200008
 07 80 9B 3E C8 23 00 00

001:002:000:STREAM             1457855974.214054
 07 80 91 3E C8 23 00 00

001:002:000:STREAM             1457855974.219994
 07 80 88 3E C8 23 00 00

001:002:000:STREAM             1457855974.228044
 07 80 7D 3E C8 23 00 00

001:002:000:STREAM             1457855974.235996
 07 80 70 3E C2 23 00 00

001:002:000:STREAM             1457855974.242042
 07 80 61 3E BD 23 00 00

001:002:000:STREAM             1457855974.250004
 07 80 4F 3E BD 23 00 00

001:002:000:STREAM             1457855974.255958
 07 80 3A 3E BD 23 00 00

001:002:000:STREAM             1457855974.264045
 07 80 23 3E BD 23 00 00

001:002:000:STREAM             1457855974.270044
 07 80 0D 3E BD 23 00 00

001:002:000:STREAM             1457855974.277992
 07 80 F7 3D BD 23 00 00

001:002:000:STREAM             1457855974.283987
 07 80 E3 3D BD 23 00 00

001:002:000:STREAM             1457855974.291994
 07 80 D1 3D BD 23 00 00

001:002:000:STREAM             1457855974.298042
 07 80 C2 3D BD 23 00 00

001:002:000:STREAM             1457855974.305987
 07 80 B4 3D B7 23 00 00

001:002:000:STREAM             1457855974.313996
 07 80 A8 3D B7 23 00 00

001:002:000:STREAM             1457855974.320042
 07 80 9D 3D B7 23 00 00

001:002:000:STREAM             1457855974.327994
 07 80 93 3D B7 23 00 00

001:002:000:STREAM             1457855974.334040
 07 80 8A 3D B7 23 00 00

001:002:000:STREAM             1457855974.341991
 07 80 82 3D AF 23 00 00

001:002:000:STREAM             1457855974.347991
 07 80 79 3D A8 23 00 00

001:002:000:STREAM             1457855974.356039
 07 80 6F 3D A1 23 00 00

001:002:000:STREAM             1457855974.361984
 07 80 63 3D 9A 23 00 00

001:002:000:STREAM             1457855974.369995
 07 80 56 3D 93 23 00 00

001:002:000:STREAM             1457855974.377985
 07 80 48 3D 8D 23 00 00

001:002:000:STREAM             1457855974.383989
 07 80 3B 3D 86 23 00 00

001:002:000:STREAM             1457855974.392037
 07 80 2E 3D 7E 23 00 00

001:002:000:STREAM             1457855974.398036
 07 80 23 3D 76 23 00 00

001:002:000:STREAM             1457855974.405983
 07 80 19 3D 6F 23 00 00

001:002:000:STREAM             1457855974.419972
 07 80 10 3D 67 23 00 00

001:002:000:STREAM             1457855974.504016
 07 80 10 3D 5F 23 00 00

001:002:000:STREAM             1457855974.531989
 07 80 10 3D 58 23 00 00

001:002:000:STREAM             1457855974.553984
 07 80 1D 3D 58 23 00 00

001:002:000:STREAM             1457855974.560027
 07 80 2B 3D 58 23 00 00

001:002:000:STREAM             1457855974.567984
 07 80 3A 3D 58 23 00 00

001:002:000:STREAM             1457855974.573959
 07 80 4B 3D 58 23 00 00

001:002:000:STREAM             1457855974.581959
 07 80 5D 3D 58 23 00 00

001:002:000:STREAM             1457855974.587941
 07 80 72 3D 61 23 00 00

001:002:000:STREAM             1457855974.595975
 07 80 8B 3D 61 23 00 00

001:002:000:STREAM             1457855974.602029
 07 80 A6 3D 61 23 00 00

001:002:000:STREAM             1457855974.609978
 07 80 C3 3D 61 23 00 00

001:002:000:STREAM             1457855974.615989
 07 80 E1 3D 61 23 00 00

001:002:000:STREAM             1457855974.623976
 07 80 FF 3D 61 23 00 00

001:002:000:STREAM             1457855974.629997
 07 80 1C 3E 61 23 00 00

001:002:000:STREAM             1457855974.637976
 07 80 37 3E 61 23 00 00

001:002:000:STREAM             1457855974.644028
 07 80 50 3E 61 23 00 00

001:002:000:STREAM             1457855974.651974
 07 80 67 3E 61 23 00 00

001:002:000:STREAM             1457855974.657984
 07 80 7A 3E 61 23 00 00

001:002:000:STREAM             1457855974.665979
 07 80 8A 3E 61 23 00 00

001:002:000:STREAM             1457855974.671974
 07 80 94 3E 61 23 00 00

001:002:000:STREAM             1457855974.680021
 07 80 9B 3E 61 23 00 00

001:002:000:STREAM             1457855974.741956
 07 80 91 3E 61 23 00 00

001:002:000:STREAM             1457855974.761976
 07 80 89 3E 61 23 00 00

001:002:000:STREAM             1457855974.811946
 07 80 90 3E 61 23 00 00

001:002:000:STREAM             1457855974.825972
 07 80 99 3E 61 23 00 00

001:002:000:STREAM             1457855974.831971
 07 80 A0 3E 61 23 00 00

001:002:000:STREAM             1457855974.845976
 07 80 A7 3E 61 23 00 00

001:002:000:STREAM             1457855974.873965
 07 80 AF 3E 61 23 00 00

001:002:000:STREAM             1457855974.879983
 07 80 B8 3E 61 23 00 00

001:002:000:STREAM             1457855974.887979
 07 80 C2 3E 61 23 00 00

001:002:000:STREAM             1457855974.893979
 07 80 CE 3E 61 23 00 00

001:002:000:STREAM             1457855974.901944
 07 80 DD 3E 59 23 00 00

001:002:000:STREAM             1457855974.907972
 07 80 ED 3E 59 23 00 00

001:002:000:STREAM             1457855974.916018
 07 80 FF 3E 59 23 00 00

001:002:000:STREAM             1457855974.922020
 07 80 13 3F 4F 23 00 00

001:002:000:STREAM             1457855974.930020
 07 80 2B 3F 4F 23 00 00

001:002:000:STREAM             1457855974.935970
 07 80 46 3F 46 23 00 00

001:002:000:STREAM             1457855974.943974
 07 80 64 3F 46 23 00 00

001:002:000:STREAM             1457855974.949970
 07 80 83 3F 3C 23 00 00

001:002:000:STREAM             1457855974.958019
 07 80 A2 3F 3C 23 00 00

001:002:000:STREAM             1457855974.963955
 07 80 C0 3F 32 23 00 00

001:002:000:STREAM             1457855974.971974
 07 80 DE 3F 32 23 00 00

001:002:000:STREAM             1457855974.977970
 07 80 FD 3F 29 23 00 00

001:002:000:STREAM             1457855974.985984
 07 80 1B 40 29 23 00 00

001:002:000:STREAM             1457855974.991995
 07 80 3D 40 1F 23 00 00

001:002:000:STREAM             1457855974.999961
 07 80 65 40 16 23 00 00

001:002:000:STREAM             1457855975.005957
 07 80 93 40 0C 23 00 00

001:002:000:STREAM             1457855975.013925
 07 80 C7 40 01 23 00 00

001:002:000:STREAM             1457855975.021993
 07 80 FF 40 F5 22 00 00

001:002:000:STREAM             1457855975.027966
 07 80 37 41 E9 22 00 00

001:002:000:STREAM             1457855975.035951
 07 80 6E 41 DD 22 00 00

001:002:000:STREAM             1457855975.041991
 07 80 A2 41 D1 22 00 00

001:002:000:STREAM             1457855975.050012
 07 80 D4 41 C5 22 00 00

001:002:000:STREAM             1457855975.055966
 07 80 02 42 BA 22 00 00

001:002:000:STREAM             1457855975.063992
 07 80 2B 42 B0 22 00 00

001:002:000:STREAM             1457855975.070014
 07 80 4F 42 A9 22 00 00

001:002:000:STREAM             1457855975.077970
 07 80 6C 42 A9 22 00 00

001:002:000:STREAM             1457855975.084007
 07 80 81 42 A9 22 00 00

001:002:000:STREAM             1457855975.091954
 07 80 91 42 A9 22 00 00

001:002:000:STREAM             1457855975.097955
 07 80 9D 42 A9 22 00 00

001:002:000:STREAM             1457855975.105966
 07 81 A6 42 A4 22 6D 00

001:002:000:STREAM             1457855975.111949
 07 81 AD 42 A1 22 7D 00

001:002:000:STREAM             1457855975.117922
 07 81 B4 42 A1 22 8D 00

001:002:000:STREAM             1457855975.125954
 07 81 BA 42 9D 22 9C 00

001:002:000:STREAM             1457855975.132012
 07 81 C0 42 9A 22 AA 00

001:002:000:STREAM             1457855975.140011
 07 81 C7 42 9A 22 B8 00

001:002:000:STREAM             1457855975.145968
 07 81 CF 42 9A 22 CB 00

001:002:000:STREAM             1457855975.153946
 07 81 D7 42 9A 22 E4 00

001:002:000:STREAM             1457855975.159921
 07 81 E0 42 9A 22 FB 00

001:002:000:STREAM             1457855975.168010
 07 81 E9 42 9A 22 0E 01

001:002:000:STREAM             1457855975.173943
 07 81 F3 42 9F 22 1D 01

001:002:000:STREAM             1457855975.181922
 07 81 FD 42 9F 22 30 01

001:002:000:STREAM             1457855975.187921
 07 81 07 43 A4 22 43 01

001:002:000:STREAM             1457855975.195911
 07 81 11 43 A4 22 4B 01

001:002:000:STREAM             1457855975.201919
 07 81 19 43 A4 22 55 01

001:002:000:STREAM             1457855975.207924
 07 81 20 43 A8 22 58 01

001:002:000:STREAM             1457855975.215913
 07 81 24 43 A8 22 5B 01

001:002:000:STREAM             1457855975.221919
 07 81 28 43 A8 22 5C 01

001:002:000:STREAM             1457855975.235919
 07 81 28 43 A8 22 60 01

001:002:000:STREAM             1457855975.243945
 07 81 28 43 AD 22 63 01

001:002:000:STREAM             1457855975.249975
 07 81 28 43 AD 22 64 01

001:002:000:STREAM             1457855975.257989
 07 81 28 43 B1 22 65 01

001:002:000:STREAM             1457855975.263980
 07 81 28 43 B5 22 68 01

001:002:000:STREAM             1457855975.271920
 07 81 28 43 BB 22 69 01

001:002:000:STREAM             1457855975.277980
 07 81 2D 43 C2 22 68 01

001:002:000:STREAM             1457855975.285948
 07 81 33 43 CC 22 6C 01

001:002:000:STREAM             1457855975.291944
 07 81 39 43 D8 22 6D 01

001:002:000:STREAM             1457855975.299957
 07 81 40 43 E6 22 6C 01

001:002:000:STREAM             1457855975.305949
 07 81 46 43 F6 22 6A 01

001:002:000:STREAM             1457855975.313996
 07 81 4C 43 07 23 6B 01

001:002:000:STREAM             1457855975.319937
 07 81 50 43 16 23 6E 01

001:002:000:STREAM             1457855975.327945
 07 81 50 43 24 23 6F 01

001:002:000:STREAM             1457855975.334040
 07 81 50 43 31 23 6D 01

001:002:000:STREAM             1457855975.342003
 07 81 50 43 3B 23 71 01

001:002:000:STREAM             1457855975.347958
 07 81 50 43 42 23 73 01

001:002:000:STREAM             1457855975.355985
 07 81 4B 43 47 23 76 01

001:002:000:STREAM             1457855975.361955
 07 81 44 43 47 23 75 01

001:002:000:STREAM             1457855975.367953
 07 81 3E 43 47 23 78 01

001:002:000:STREAM             1457855975.375942
 07 81 39 43 47 23 76 01

001:002:000:STREAM             1457855975.381951
 07 81 34 43 47 23 73 01

001:002:000:STREAM             1457855975.395936
 07 81 30 43 47 23 74 01

001:002:000:STREAM             1457855975.409981
 07 81 2C 43 47 23 74 01

001:002:000:STREAM             1457855975.418000
 07 81 2C 43 47 23 6F 01

001:002:000:STREAM             1457855975.423984
 07 81 2C 43 4E 23 6B 01

001:002:000:STREAM             1457855975.429938
 07 81 28 43 56 23 6A 01

001:002:000:STREAM             1457855975.437949
 07 81 24 43 61 23 6C 01

001:002:000:STREAM             1457855975.443999
 07 81 20 43 6C 23 6B 01

001:002:000:STREAM             1457855975.451937
 07 81 1B 43 79 23 6C 01

001:002:000:STREAM             1457855975.457922
 07 81 16 43 86 23 68 01

001:002:000:STREAM             1457855975.465976
 07 81 10 43 92 23 61 01

001:002:000:STREAM             1457855975.471946
 07 81 09 43 9E 23 56 01

001:002:000:STREAM             1457855975.477958
 07 81 03 43 A8 23 4E 01

001:002:000:STREAM             1457855975.485945
 07 81 FB 42 B1 23 48 01

001:002:000:STREAM             1457855975.491933
 07 81 F4 42 B9 23 42 01

001:002:000:STREAM             1457855975.499991
 07 81 EF 42 BF 23 3E 01

001:002:000:STREAM             1457855975.505970
 07 81 EF 42 BF 23 3C 01

001:002:000:STREAM             1457855975.511929
 07 81 EA 42 C4 23 34 01

001:002:000:STREAM             1457855975.519913
 07 81 EA 42 C4 23 30 01

001:002:000:STREAM             1457855975.525936
 07 81 EA 42 C4 23 32 01

001:002:000:STREAM             1457855975.539986
 07 81 EA 42 C4 23 33 01

001:002:000:STREAM             1457855975.545936
 07 81 EA 42 C4 23 32 01

001:002:000:STREAM             1457855975.553934
 07 81 EA 42 C4 23 31 01

001:002:000:STREAM             1457855975.559932
 07 81 EA 42 C4 23 2D 01

001:002:000:STREAM             1457855975.567933
 07 81 EA 42 C4 23 26 01

001:002:000:STREAM             1457855975.573991
 07 81 EA 42 C4 23 23 01

001:002:000:STREAM             1457855975.579990
 07 81 EA 42 C4 23 21 01

001:002:000:STREAM             1457855975.587930
 07 81 EA 42 C4 23 24 01

001:002:000:STREAM             1457855975.593943
 07 81 EA 42 C4 23 28 01

001:002:000:STREAM             1457855975.601975
 07 81 EA 42 C4 23 27 01

001:002:000:STREAM             1457855975.607990
 07 81 EA 42 C4 23 29 01

001:002:000:STREAM             1457855975.613914
 07 81 EA 42 C4 23 2A 01

001:002:000:STREAM             1457855975.621940
 07 81 EA 42 C4 23 30 01

001:002:000:STREAM             1457855975.627928
 07 81 EA 42 C4 23 31 01

001:002:000:STREAM             1457855975.633970
 07 81 EA 42 C4 23 34 01

001:002:000:STREAM             1457855975.641947
 07 81 EA 42 C4 23 36 01

001:002:000:STREAM             1457855975.655972
 07 81 EA 42 C4 23 35 01

001:002:000:STREAM             1457855975.661965
 07 81 EA 42 C4 23 32 01

001:002:000:STREAM             1457855975.667963
 07 81 EA 42 C4 23 30 01

001:002:000:STREAM             1457855975.675905
 07 81 EA 42 C4 23 2E 01

001:002:000:STREAM             1457855975.681931
 07 81 EA 42 C4 23 2D 01

001:002:000:STREAM             1457855975.689928
 07 81 EA 42 C4 23 31 01

001:002:000:STREAM             1457855975.695961
 07 81 EA 42 C4 23 3A 01

001:002:000:STREAM             1457855975.701979
 07 81 EA 42 C4 23 3B 01

001:002:000:STREAM             1457855975.709937
 07 81 EA 42 C4 23 3C 01

001:002:000:STREAM             1457855975.715933
 07 81 EA 42 C4 23 3D 01

001:002:000:STREAM             1457855975.721958
 07 81 EA 42 C4 23 47 01

001:002:000:STREAM             1457855975.729957
 07 81 EA 42 C4 23 4B 01

001:002:000:STREAM             1457855975.735937
 07 81 EA 42 C4 23 4D 01

001:002:000:STREAM             1457855975.743908
 07 81 EA 42 C4 23 4B 01

001:002:000:STREAM             1457855975.749934
 07 81 EA 42 C4 23 46 01

001:002:000:STREAM             1457855975.755922
 07 81 EA 42 C4 23 47 01

001:002:000:STREAM             1457855975.763922
 07 81 EA 42 C4 23 48 01

001:002:000:STREAM             1457855975.769921
 07 81 EA 42 C4 23 4D 01

001:002:000:STREAM             1457855975.777916
 07 81 EA 42 C4 23 57 01

001:002:000:STREAM             1457855975.783916
 07 81 EA 42 C4 23 65 01

001:002:000:STREAM             1457855975.789921
 07 81 EA 42 C4 23 77 01

001:002:000:STREAM             1457855975.797921
 07 81 EA 42 C4 23 8A 01

001:002:000:STREAM             1457855975.803907
 07 81 EA 42 C4 23 A0 01

001:002:000:STREAM             1457855975.809912
 07 81 EA 42 C4 23 BA 01

001:002:000:STREAM             1457855975.817922
 07 81 EA 42 C4 23 D1 01

001:002:000:STREAM             1457855975.823911
 07 81 EA 42 C4 23 EA 01

001:002:000:STREAM             1457855975.831930
 07 81 EA 42 C4 23 FE 01

001:002:000:STREAM             1457855975.837971
 07 81 EA 42 C4 23 15 02

001:002:000:STREAM             1457855975.843946
 07 81 EA 42 C4 23 22 02

001:002:000:STREAM             1457855975.851931
 07 81 EA 42 C4 23 2D 02

001:002:000:STREAM             1457855975.857931
 07 81 EA 42 C4 23 33 02

001:002:000:STREAM             1457855975.865927
 07 81 EA 42 C4 23 39 02

001:002:000:STREAM             1457855975.871939
 07 81 EA 42 C4 23 45 02

001:002:000:STREAM             1457855975.877926
 07 81 EA 42 C4 23 4B 02

001:002:000:STREAM             1457855975.885933
 07 81 EA 42 C4 23 57 02

001:002:000:STREAM             1457855975.891927
 07 81 EA 42 C4 23 6A 02

001:002:000:STREAM             1457855975.897924
 07 81 EA 42 C4 23 84 02

001:002:000:STREAM             1457855975.905970
 07 81 EA 42 C4 23 A1 02

001:002:000:STREAM             1457855975.911910
 07 81 EA 42 C4 23 BB 02

001:002:000:STREAM             1457855975.919969
 07 81 EA 42 C4 23 D5 02

001:002:000:STREAM             1457855975.925917
 07 81 EA 42 C4 23 EF 02

001:002:000:STREAM             1457855975.931970
 07 81 EF 42 C4 23 FF 02

001:002:000:STREAM             1457855975.939966
 07 81 EF 42 C4 23 19 03

001:002:000:STREAM             1457855975.945969
 07 81 F4 42 C4 23 2A 03

001:002:000:STREAM             1457855975.951943
 07 81 F4 42 C4 23 35 03

001:002:000:STREAM             1457855975.959950
 07 81 F4 42 C4 23 3E 03

001:002:000:STREAM             1457855975.965916
 07 81 F4 42 C4 23 42 03

001:002:000:STREAM             1457855975.973965
 07 81 F4 42 C4 23 45 03

001:002:000:STREAM             1457855975.979950
 07 81 F4 42 C4 23 49 03

001:002:000:STREAM             1457855975.985918
 07 81 F4 42 C8 23 4E 03

001:002:000:STREAM             1457855975.993917
 07 81 F4 42 C8 23 5B 03

001:002:000:STREAM             1457855975.999965
 07 81 F4 42 C8 23 67 03

001:002:000:STREAM             1457855976.007915
 07 81 F4 42 C8 23 79 03

001:002:000:STREAM             1457855976.013916
 07 81 F4 42 C8 23 95 03

001:002:000:STREAM             1457855976.019917
 07 81 EF 42 C8 23 B8 03

001:002:000:STREAM             1457855976.027922
 07 81 EF 42 C8 23 E8 03

001:002:000:STREAM             1457855976.033928
 07 81 EA 42 C8 23 19 04

001:002:000:STREAM             1457855976.039962
 07 81 EA 42 C8 23 36 04

001:002:000:STREAM             1457855976.047912
 07 81 E5 42 C8 23 40 04

001:002:000:STREAM             1457855976.053909
 07 81 E5 42 C8 23 4B 04

001:002:000:STREAM             1457855976.061877
 07 81 E0 42 C8 23 4E 04

001:002:000:STREAM             1457855976.067963
 07 81 E0 42 C8 23 53 04

001:002:000:STREAM             1457855976.073910
 07 81 E0 42 CC 23 5E 04

001:002:000:STREAM             1457855976.081919
 07 81 E0 42 CC 23 61 04

001:002:000:STREAM             1457855976.087913
 07 81 E0 42 CC 23 64 04

001:002:000:STREAM             1457855976.095916
 07 81 E0 42 CC 23 63 04

001:002:000:STREAM             1457855976.101913
 07 81 E0 42 CC 23 5F 04

001:002:000:STREAM             1457855976.107912
 07 81 DC 42 CC 23 5A 04

001:002:000:STREAM             1457855976.115965
 07 81 DC 42 CC 23 58 04

001:002:000:STREAM             1457855976.121937
 07 81 DC 42 D0 23 58 04

001:002:000:STREAM             1457855976.129909
 07 81 DC 42 D0 23 56 04

001:002:000:STREAM             1457855976.135911
 07 81 DC 42 D0 23 52 04

001:002:000:STREAM             1457855976.141912
 07 81 D8 42 D0 23 55 04

001:002:000:STREAM             1457855976.149895
 07 81 D8 42 D4 23 56 04

001:002:000:STREAM             1457855976.155935
 07 81 D8 42 D4 23 54 04

001:002:000:STREAM             1457855976.161908
 07 81 D8 42 D4 23 4E 04

001:002:000:STREAM             1457855976.169920
 07 81 D8 42 D9 23 50 04

001:002:000:STREAM             1457855976.176093
 07 81 D4 42 D9 23 4E 04

001:002:000:STREAM             1457855976.183966
 07 81 D4 42 D9 23 4D 04

001:002:000:STREAM             1457855976.197946
 07 81 D4 42 D9 23 4F 04

001:002:000:STREAM             1457855976.203914
 07 81 D4 42 D9 23 4E 04

001:002:000:STREAM             1457855976.209914
 07 81 D4 42 D9 23 4F 04

001:002:000:STREAM             1457855976.217919
 07 81 D4 42 D9 23 4E 04

001:002:000:STREAM             1457855976.223960
 07 81 D4 42 D9 23 45 04

001:002:000:STREAM             1457855976.231913
 07 81 D4 42 DD 23 41 04

001:002:000:STREAM             1457855976.237901
 07 81 D4 42 DD 23 36 04

001:002:000:STREAM             1457855976.243903
 07 81 D4 42 DD 23 32 04

001:002:000:STREAM             1457855976.251959
 07 81 D0 42 E2 23 26 04

001:002:000:STREAM             1457855976.257961
 07 81 D0 42 E7 23 17 04

001:002:000:STREAM             1457855976.265899
 07 81 CC 42 EC 23 0B 04

001:002:000:STREAM             1457855976.271912
 07 81 CC 42 F1 23 06 04

001:002:000:STREAM             1457855976.279916
 07 81 CC 42 F1 23 04 04

001:002:000:STREAM             1457855976.285945
 07 81 CC 42 F6 23 04 04

001:002:000:STREAM             1457855976.293912
 07 81 CC 42 FA 23 02 04

001:002:000:STREAM             1457855976.299933
 07 81 CC 42 FA 23 00 04

001:002:000:STREAM             1457855976.307959
 07 81 CC 42 FF 23 FE 03

001:002:000:STREAM             1457855976.313875
 07 81 CC 42 03 24 FC 03

001:002:000:STREAM             1457855976.321931
 07 81 CC 42 03 24 F6 03

001:002:000:STREAM             1457855976.327900
 07 81 CC 42 09 24 F1 03

001:002:000:STREAM             1457855976.333914
 07 81 CC 42 0E 24 C5 03

001:002:000:STREAM             1457855976.341894
 07 81 CC 42 13 24 9F 03

001:002:000:STREAM             1457855976.347907
 07 81 CC 42 17 24 84 03

001:002:000:STREAM             1457855976.355898
 07 81 CC 42 1B 24 74 03

001:002:000:STREAM             1457855976.361905
 07 81 CC 42 1B 24 6E 03

001:002:000:STREAM             1457855976.369906
 07 81 CC 42 20 24 6B 03

001:002:000:STREAM             1457855976.375894
 07 81 CC 42 20 24 67 03

001:002:000:STREAM             1457855976.383956
 07 81 CC 42 20 24 64 03

001:002:000:STREAM             1457855976.389917
 07 81 CF 42 20 24 61 03

001:002:000:STREAM             1457855976.397896
 07 81 CF 42 20 24 60 03

001:002:000:STREAM             1457855976.403917
 07 81 D3 42 25 24 5E 03

001:002:000:STREAM             1457855976.411894
 07 81 D3 42 2A 24 51 03

001:002:000:STREAM             1457855976.417892
 07 81 D3 42 30 24 3C 03

001:002:000:STREAM             1457855976.425903
 07 81 D3 42 36 24 C9 02

001:002:000:STREAM             1457855976.433952
 07 81 D7 42 3C 24 26 02

001:002:000:STREAM             1457855976.439908
 07 81 D7 42 41 24 88 01

001:002:000:STREAM             1457855976.447889
 07 81 D7 42 45 24 FE 00

001:002:000:STREAM             1457855976.453894
 07 81 D7 42 45 24 97 00

001:002:000:STREAM             1457855976.461916
 07 81 D7 42 4A 24 52 00

001:002:000:STREAM             1457855976.467930
 07 81 D7 42 4E 24 2A 00

001:002:000:STREAM             1457855976.475873
 07 80 D7 42 4E 24 00 00

001:002:000:STREAM             1457855976.489948
 07 80 D7 42 55 24 00 00

001:002:000:STREAM             1457855976.503895
 07 80 D7 42 5B 24 00 00

001:002:000:STREAM             1457855976.517891
 07 80 D7 42 62 24 00 00

001:002:000:STREAM             1457855976.531928
 07 80 D7 42 69 24 00 00

001:002:000:STREAM             1457855976.545888
 07 80 D7 42 6F 24 00 00

001:002:000:STREAM             1457855976.559889
 07 80 D1 42 6F 24 00 00

001:002:000:STREAM             1457855976.565903
 07 80 C9 42 6F 24 00 00

001:002:000:STREAM             1457855976.573886
 07 80 C1 42 6F 24 00 00

001:002:000:STREAM             1457855976.579896
 07 80 B8 42 67 24 00 00

001:002:000:STREAM             1457855976.585896
 07 80 AE 42 5E 24 00 00

001:002:000:STREAM             1457855976.593946
 07 80 A5 42 55 24 00 00

001:002:000:STREAM             1457855976.599869
 07 80 9B 42 4E 24 00 00

001:002:000:STREAM             1457855976.607891
 07 80 93 42 49 24 00 00

001:002:000:STREAM             1457855976.613891
 07 80 8C 42 49 24 00 00

001:002:000:STREAM             1457855976.621937
 07 80 87 42 49 24 00 00

001:002:000:STREAM             1457855976.627941
 07 80 82 42 43 24 00 00

001:002:000:STREAM             1457855976.635889
 07 80 82 42 3C 24 00 00

001:002:000:STREAM             1457855976.641881
 07 80 7C 42 31 24 00 00

001:002:000:STREAM             1457855976.649939
 07 80 7C 42 22 24 00 00

001:002:000:STREAM             1457855976.655935
 07 80 76 42 10 24 00 00

001:002:000:STREAM             1457855976.661885
 07 80 71 42 FC 23 00 00

001:002:000:STREAM             1457855976.669887
 07 80 6C 42 E7 23 00 00

001:002:000:STREAM             1457855976.675934
 07 80 66 42 D6 23 00 00

001:002:000:STREAM             1457855976.683883
 07 80 66 42 C9 23 00 00

001:002:000:STREAM             1457855976.689879
 07 80 5E 42 BE 23 00 00

001:002:000:STREAM             1457855976.695877
 07 80 57 42 B7 23 00 00

001:002:000:STREAM             1457855976.703909
 07 80 51 42 B7 23 00 00

001:002:000:STREAM             1457855976.717917
 07 80 4A 42 B7 23 00 00

001:002:000:STREAM             1457855976.737873
 07 80 4A 42 BF 23 00 00

001:002:000:STREAM             1457855976.743885
 07 80 44 42 CA 23 00 00

001:002:000:STREAM             1457855976.751882
 07 80 44 42 D9 23 00 00

001:002:000:STREAM             1457855976.757886
 07 80 44 42 EA 23 00 00

001:002:000:STREAM             1457855976.763881
 07 80 44 42 FB 23 00 00

001:002:000:STREAM             1457855976.771875
 07 80 44 42 0D 24 00 00

001:002:000:STREAM             1457855976.777868
 07 80 3E 42 1D 24 00 00

001:002:000:STREAM             1457855976.783875
 07 80 3E 42 2A 24 00 00

001:002:000:STREAM             1457855976.791882
 07 80 3E 42 33 24 00 00

001:002:000:STREAM             1457855976.797870
 07 80 38 42 3A 24 00 00

001:002:000:STREAM             1457855976.877936
 07 80 38 42 34 24 00 00

001:002:000:STREAM             1457855976.891881
 07 80 38 42 2F 24 00 00

001:002:000:STREAM             1457855976.971900
 07 80 38 42 36 24 00 00

001:002:000:STREAM             1457855977.011886
 07 80 38 42 3D 24 00 00

001:002:000:STREAM             1457855977.071910
 07 80 38 42 44 24 00 00

001:002:000:STREAM             1457855977.125870
 07 80 38 42 4A 24 00 00

001:002:000:STREAM             1457855977.153895
 07 80 3E 42 52 24 00 00

001:002:000:STREAM             1457855977.165871
 07 80 44 42 59 24 00 00

001:002:000:STREAM             1457855977.173874
 07 80 4A 42 59 24 00 00

001:002:000:STREAM             1457855977.179873
 07 80 50 42 59 24 00 00

001:002:000:STREAM             1457855977.185912
 07 80 56 42 59 24 00 00

001:002:000:STREAM             1457855977.199914
 07 80 5C 42 59 24 00 00

001:002:000:STREAM             1457855977.207868
 07 80 5C 42 60 24 00 00

001:002:000:STREAM             1457855977.213891
 07 80 62 42 60 24 00 00

001:002:000:STREAM             1457855977.241919
 07 80 66 42 60 24 00 00

001:002:000:STREAM             1457855977.281914
 07 80 60 42 60 24 00 00

001:002:000:STREAM             1457855977.289856
 07 80 5A 42 5B 24 00 00

001:002:000:STREAM             1457855977.295863
 07 80 53 42 56 24 00 00

001:002:000:STREAM             1457855977.303858
 07 80 4B 42 52 24 00 00

001:002:000:STREAM             1457855977.309856
 07 80 43 42 52 24 00 00

001:002:000:STREAM             1457855977.317856
 07 80 3A 42 4D 24 00 00

001:002:000:STREAM             1457855977.323854
 07 80 31 42 4D 24 00 00

001:002:000:STREAM             1457855977.331857
 07 80 26 42 48 24 00 00

001:002:000:STREAM             1457855977.337884
 07 80 1B 42 48 24 00 00

001:002:000:STREAM             1457855977.345850
 07 80 0E 42 43 24 00 00

001:002:000:STREAM             1457855977.351851
 07 80 01 42 43 24 00 00

001:002:000:STREAM             1457855977.357849
 07 80 F2 41 3F 24 00 00

001:002:000:STREAM             1457855977.365884
 07 81 E2 41 3B 24 03 00

001:002:000:STREAM             1457855977.371863
 07 81 CF 41 36 24 03 00

001:002:000:STREAM             1457855977.379860
 07 81 B8 41 2E 24 03 00

001:002:000:STREAM             1457855977.385909
 07 81 9E 41 23 24 02 00

001:002:000:STREAM             1457855977.391910
 07 80 81 41 16 24 00 00

001:002:000:STREAM             1457855977.399892
 07 80 62 41 08 24 00 00

001:002:000:STREAM             1457855977.405856
 07 80 43 41 F9 23 00 00

001:002:000:STREAM             1457855977.413853
 07 80 25 41 EA 23 00 00

001:002:000:STREAM             1457855977.419862
 07 80 0A 41 DB 23 00 00

001:002:000:STREAM             1457855977.427848
 07 80 F2 40 CB 23 00 00

001:002:000:STREAM             1457855977.433906
 07 80 DE 40 BC 23 00 00

001:002:000:STREAM             1457855977.439849
 07 80 CF 40 AF 23 00 00

001:002:000:STREAM             1457855977.447901
 07 80 C6 40 A2 23 00 00

001:002:000:STREAM             1457855977.453849
 07 80 C0 40 98 23 00 00

001:002:000:STREAM             1457855977.461847
 07 80 C0 40 91 23 00 00

001:002:000:STREAM             1457855977.467901
 07 80 C0 40 8C 23 00 00

001:002:000:STREAM             1457855977.515904
 07 80 C0 40 87 23 00 00

001:002:000:STREAM             1457855977.521895
 07 80 C0 40 83 23 00 00

001:002:000:STREAM             1457855977.529857
 07 80 C0 40 7E 23 00 00

001:002:000:STREAM             1457855977.535860
 07 80 C0 40 78 23 00 00

001:002:000:STREAM             1457855977.541876
 07 80 C0 40 72 23 00 00

001:002:000:STREAM             1457855977.549883
 07 80 C0 40 6C 23 00 00

001:002:000:STREAM             1457855977.555848
 07 80 C0 40 66 23 00 00

001:002:000:STREAM             1457855977.567899
 07 80 C0 40 61 23 00 00

001:002:000:STREAM             1457855977.607860
 07 80 C0 40 68 23 00 00

001:002:000:STREAM             1457855977.619819
 07 80 C7 40 70 23 00 00

001:002:000:STREAM             1457855977.625845
 07 80 CD 40 70 23 00 00

001:002:000:STREAM             1457855977.639843
 07 80 CD 40 78 23 00 00

001:002:000:STREAM             1457855977.645889
 07 80 D5 40 78 23 00 00

001:002:000:STREAM             1457855977.663840
 07 80 DD 40 80 23 00 00

001:002:000:STREAM             1457855977.687840
 07 80 E6 40 80 23 00 00

001:002:000:STREAM             1457855977.723895
 07 80 F2 40 80 23 00 00

001:002:000:STREAM             1457855977.733831
 07 80 06 41 80 23 00 00

001:002:000:STREAM             1457855977.739837
 07 80 18 41 80 23 00 00

001:002:000:STREAM             1457855977.751845
 07 80 31 41 80 23 00 00

001:002:000:STREAM             1457855977.757829
 07 80 46 41 80 23 00 00

001:002:000:STREAM             1457855977.761804
 07 80 5C 41 80 23 00 00

001:002:000:STREAM             1457855977.771828
 07 80 79 41 80 23 00 00

001:002:000:STREAM             1457855977.783855
 07 80 95 41 80 23 00 00

001:002:000:STREAM             1457855977.793806
 07 80 B0 41 80 23 00 00

001:002:000:STREAM             1457855977.811882
 07 80 CE 41 80 23 00 00

001:002:000:STREAM             1457855977.821837
 07 80 CE 41 A2 23 00 00

001:002:000:STREAM             1457855977.829825
 07 80 EF 41 C2 23 00 00

001:002:000:STREAM             1457855977.835837
 07 C0 EF 41 C2 23 00 00

