001:002:000:STREAM             1457856035.967264
 07 80 8F 43 5A 24 00 00

001:002:000:STREAM             1457856035.975238
 07 80 89 43 5E 24 00 00

001:002:000:STREAM             1457856035.989239
 07 81 85 43 63 24 8E 00

001:002:000:STREAM             1457856035.995233
 07 81 85 43 63 24 48 00

001:002:000:STREAM             1457856036.001240
 07 80 85 43 63 24 00 00

001:002:000:STREAM             1457856036.009234
 07 80 8B 43 63 24 00 00

001:002:000:STREAM             1457856036.015241
 07 80 92 43 63 24 00 00

001:002:000:STREAM             1457856036.021235
 07 80 99 43 67 24 00 00

001:002:000:STREAM             1457856036.029231
 07 80 9F 43 67 24 00 00

001:002:000:STREAM             1457856036.035231
 07 80 A5 43 6D 24 00 00

001:002:000:STREAM             1457856036.043234
 07 80 A9 43 6D 24 00 00

001:002:000:STREAM             1457856036.049232
 07 80 A9 43 73 24 00 00

001:002:000:STREAM             1457856036.055230
 07 80 A9 43 78 24 00 00

001:002:000:STREAM             1457856036.061234
 07 80 A9 43 7E 24 00 00

001:002:000:STREAM             1457856036.075240
 07 80 A9 43 86 24 00 00

001:002:000:STREAM             1457856036.081230
 07 80 A9 43 8D 24 00 00

001:002:000:STREAM             1457856036.087234
 07 80 A1 43 93 24 00 00

001:002:000:STREAM             1457856036.099236
 07 80 98 43 9B 24 00 00

001:002:000:STREAM             1457856036.107237
 07 80 91 43 9B 24 00 00

001:002:000:STREAM             1457856036.113235
 07 80 91 43 A4 24 00 00

001:002:000:STREAM             1457856036.119237
 07 80 88 43 A4 24 00 00

001:002:000:STREAM             1457856036.241241
 07 80 88 43 BA 24 00 00

001:002:000:STREAM             1457856036.253214
 07 80 6E 43 BA 24 00 00

001:002:000:STREAM             1457856036.263234
 07 80 51 43 D4 24 00 00

001:002:000:STREAM             1457856036.273229
 07 80 33 43 D4 24 00 00

001:002:000:STREAM             1457856036.283231
 07 80 10 43 F0 24 00 00

001:002:000:STREAM             1457856036.287233
 07 80 F4 42 F0 24 00 00

001:002:000:STREAM             1457856036.297193
 07 80 D6 42 F0 24 00 00

001:002:000:STREAM             1457856036.301228
 07 80 D6 42 0F 25 00 00

001:002:000:STREAM             1457856036.311228
 07 80 B6 42 0F 25 00 00

001:002:000:STREAM             1457856036.321226
 07 80 92 42 31 25 00 00

001:002:000:STREAM             1457856036.329226
 07 80 6D 42 31 25 00 00

001:002:000:STREAM             1457856036.333227
 07 80 4D 42 51 25 00 00

001:002:000:STREAM             1457856036.347230
 07 C0 4D 42 51 25 00 00

