 05 01 09 02 A1 01 05 01 09 02 A1 02 85 01 09 01
 A1 00 05 09 19 01 29 05 95 05 75 01 15 00 25 01
 81 02 95 03 81 01 05 01 09 30 09 31 95 02 75 08
 15 81 25 7F 81 06 A1 02 85 02 09 48 15 00 25 01
 35 01 45 04 95 01 75 02 B1 02 85 01 09 38 35 00
 45 00 15 81 25 7F 75 08 81 06 C0 A1 02 85 02 09
 48 15 00 25 01 35 01 45 04 75 02 B1 02 35 00 45
 00 75 04 B1 01 85 01 05 0C 0A 38 02 15 81 25 7F
 75 08 81 06 C0 C0 C0 C0 05 01 09 02 A1 01 85 08
 09 01 A1 00 05 09 19 01 29 03 15 00 25 01 75 01
 95 03 81 02 75 05 95 01 81 03 05 01 09 30 09 31
 09 38 09 00 15 81 25 7F 75 08 95 04 81 06 C0 C0
 05 01 09 04 A1 01 A1 02 85 11 75 01 95 01 15 00
 25 01 35 00 45 01 06 00 FF 09 01 81 02 95 0B 05
 09 19 01 29 0B 81 02 95 01 75 04 25 07 46 3B 01
 66 14 00 05 01 09 39 81 42 66 00 00 95 05 75 08
 26 FF 00 46 FF 00 09 30 09 31 09 32 09 35 09 36
 81 02 C0 C0
