M 55 00 47 00 45 00 45 00
P 31 00 30 00 2E 00 31 00 20 00 54 00 61 00 62 00 6C 00 65 00 74 00 20 00 4D 00 6F 00 6E 00 69 00 74 00 6F 00 72 00
S 64 0C 03 C0 54 F8 34 03 00 FF 07 EC 09
S 65 04 03 20 A0
S 6E 04 03 31 00
S 79 0A 03 46 00 36 00 30 00 30 00
S 7A 08 03 01 06 00 00 00 00
S 7B 0C 03 48 00 4B 00 20 00 4F 00 6E 00
S C8 20 03 46 00 36 00 30 00 30 00 5F 00 55 00 44 00 31 00 30 00 2D 00 71 00 31 00 31 00 32 00 33 00
S C9 20 03 46 00 36 00 30 00 30 00 5F 00 55 00 44 00 31 00 30 00 2D 00 71 00 31 00 31 00 32 00 33 00
S CA 20 03 46 00 36 00 30 00 30 00 5F 00 55 00 44 00 31 00 30 00 2D 00 71 00 31 00 31 00 32 00 33 00
