 05 0D 09 02 A1 01 85 02 09 20 A1 00 09 00 15 00
 26 FF 00 75 08 95 07 81 02 09 3F 09 40 15 00 26
 FF 00 75 08 95 02 B1 02 C0 85 05 05 0D 09 20 A1
 00 09 00 15 00 26 FF 00 75 08 95 07 81 02 C0 85
 06 05 0D 09 20 A1 00 09 00 15 00 26 FF 00 75 08
 95 07 81 02 C0 85 0A 05 0D 09 20 A1 00 09 00 15
 00 26 FF 00 75 08 95 07 81 02 C0 85 10 09 20 A1
 00 09 42 09 44 09 3C 09 45 09 32 15 00 25 01 75
 01 95 05 81 02 95 03 81 03 05 01 09 30 75 10 95
 01 A4 55 0D 65 33 15 00 26 00 31 35 00 46 00 31
 81 02 09 31 15 00 26 00 1F 35 00 46 00 1F 81 02
 05 0D 09 30 15 00 26 FF 03 35 00 46 FF 03 81 02
 C0 C0

