000:STREAM                     1283881997.231417
 10 10 DD 13 F8 13 00 00

000:STREAM                     1283881997.239410
 10 10 01 14 F7 13 00 00

000:STREAM                     1283881997.247381
 10 10 04 14 F4 13 00 00

000:STREAM                     1283881997.255413
 10 10 04 14 F4 13 00 00

000:STREAM                     1283881997.263400
 10 10 04 14 F4 13 00 00

000:STREAM                     1283881997.271392
 10 10 04 14 F4 13 00 00

000:STREAM                     1283881997.279417
 10 10 04 14 F4 13 00 00

000:STREAM                     1283881997.287422
 10 10 04 14 F4 13 00 00

000:STREAM                     1283881997.295391
 10 10 04 14 F4 13 00 00

000:STREAM                     1283881997.303425
 10 10 04 14 F4 13 00 00

000:STREAM                     1283881997.311422
 10 10 04 14 F4 13 00 00

000:STREAM                     1283881997.319414
 10 10 09 14 F3 13 00 00

000:STREAM                     1283881997.327408
 10 10 0C 14 F3 13 00 00

000:STREAM                     1283881997.335430
 10 10 0C 14 F3 13 00 00

000:STREAM                     1283881997.343425
 10 10 0C 14 F3 13 00 00

000:STREAM                     1283881997.351410
 10 10 0C 14 F3 13 00 00

000:STREAM                     1283881997.359432
 10 10 0C 14 F3 13 00 00

000:STREAM                     1283881997.367406
 10 10 0C 14 F3 13 00 00

000:STREAM                     1283881997.375441
 10 10 0C 14 F3 13 00 00

000:STREAM                     1283881997.383404
 10 10 0C 14 F3 13 00 00

000:STREAM                     1283881997.391435
 10 10 0C 14 F3 13 00 00

000:STREAM                     1283881997.399436
 10 10 0C 14 F3 13 00 00

000:STREAM                     1283881997.407418
 10 10 0C 14 F3 13 00 00

000:STREAM                     1283881997.415421
 10 10 0C 14 F3 13 00 00

000:STREAM                     1283881997.423424
 10 10 0C 14 F3 13 00 00

000:STREAM                     1283881997.431415
 10 10 0C 14 F3 13 00 00

000:STREAM                     1283881997.439426
 10 10 0C 14 F3 13 00 00

000:STREAM                     1283881997.447446
 10 10 0C 14 F3 13 00 00

000:STREAM                     1283881997.455447
 10 10 0C 14 F3 13 00 00

000:STREAM                     1283881997.463454
 10 10 0C 14 F3 13 00 00

000:STREAM                     1283881997.471432
 10 10 10 14 ED 13 00 00

000:STREAM                     1283881997.479434
 10 10 16 14 E6 13 00 00

000:STREAM                     1283881997.487453
 10 10 1B 14 DF 13 00 00

000:STREAM                     1283881997.495454
 10 10 20 14 E1 13 00 00

000:STREAM                     1283881997.519463
 10 13 20 14 E1 13 00 00

000:STREAM                     1283881997.527442
 10 13 20 14 E1 13 00 00

000:STREAM                     1283881997.535466
 10 13 20 14 E1 13 00 00

000:STREAM                     1283881997.543466
 10 13 20 14 E1 13 00 00

000:STREAM                     1283881997.551467
 10 13 20 14 E1 13 00 00

000:STREAM                     1283881997.559452
 10 13 29 14 E8 13 00 00

000:STREAM                     1283881997.567471
 10 13 2F 14 F2 13 00 00

000:STREAM                     1283881997.575469
 10 13 33 14 F6 13 00 00

000:STREAM                     1283881997.583476
 10 13 33 14 F9 13 00 00

000:STREAM                     1283881997.591466
 10 13 33 14 FC 13 00 00

000:STREAM                     1283881997.599461
 10 13 33 14 FF 13 00 00

000:STREAM                     1283881997.607436
 10 13 31 14 01 14 00 00

000:STREAM                     1283881997.615480
 10 13 31 14 02 14 00 00

000:STREAM                     1283881997.623471
 10 13 31 14 02 14 00 00

000:STREAM                     1283881997.631468
 10 13 31 14 02 14 00 00

000:STREAM                     1283881997.639472
 10 13 31 14 02 14 00 00

000:STREAM                     1283881997.647465
 10 13 31 14 02 14 00 00

000:STREAM                     1283881997.655488
 10 13 26 14 FF 13 00 00

000:STREAM                     1283881997.663486
 10 13 26 14 FE 13 00 00

000:STREAM                     1283881997.671489
 10 13 1D 14 FB 13 00 00

000:STREAM                     1283881997.679473
 10 10 1D 14 FB 13 00 00

000:STREAM                     1283881997.687475
 10 10 1D 14 FB 13 00 00

000:STREAM                     1283881997.695495
 10 10 1D 14 FB 13 00 00

000:STREAM                     1283881997.703498
 10 10 1D 14 FB 13 00 00

000:STREAM                     1283881997.711479
 10 10 1D 14 FB 13 00 00

000:STREAM                     1283881997.719472
 10 10 0F 14 F8 13 00 00

000:STREAM                     1283881997.727501
 10 10 06 14 F4 13 00 00

000:STREAM                     1283881997.735484
 10 10 03 14 EE 13 00 00

000:STREAM                     1283881997.743526
 10 10 01 14 EA 13 00 00

000:STREAM                     1283881997.751505
 10 10 F7 13 EC 13 00 00

000:STREAM                     1283881997.759507
 10 10 F7 13 EC 13 00 00

000:STREAM                     1283881997.767489
 10 10 F7 13 EC 13 00 00

000:STREAM                     1283881997.775510
 10 10 F7 13 EC 13 00 00

000:STREAM                     1283881997.791512
 10 13 F7 13 EC 13 00 00

000:STREAM                     1283881997.799496
 10 13 F7 13 EC 13 00 00

000:STREAM                     1283881997.807515
 10 13 F7 13 EC 13 00 00

000:STREAM                     1283881997.815517
 10 13 F7 13 EC 13 00 00

000:STREAM                     1283881997.823562
 10 13 F7 13 EC 13 00 00

000:STREAM                     1283881997.831508
 10 13 FF 13 F7 13 00 00

000:STREAM                     1283881997.839498
 10 13 0B 14 07 14 00 00

000:STREAM                     1283881997.847523
 10 13 0F 14 0F 14 00 00

000:STREAM                     1283881997.855516
 10 13 11 14 0D 14 00 00

000:STREAM                     1283881997.863535
 10 13 11 14 0D 14 00 00

000:STREAM                     1283881997.871528
 10 13 11 14 0D 14 00 00

000:STREAM                     1283881997.879532
 10 13 11 14 0D 14 00 00

000:STREAM                     1283881997.887528
 10 13 11 14 0D 14 00 00

000:STREAM                     1283881997.895532
 10 13 11 14 0D 14 00 00

000:STREAM                     1283881997.903586
 10 13 11 14 0D 14 00 00

000:STREAM                     1283881997.911535
 10 13 11 14 0D 14 00 00

000:STREAM                     1283881997.919519
 10 10 0A 14 11 14 00 00

000:STREAM                     1283881997.927538
 10 10 FF 13 18 14 00 00

000:STREAM                     1283881997.935517
 10 10 F4 13 1A 14 00 00

000:STREAM                     1283881997.943542
 10 10 EE 13 1D 14 00 00

000:STREAM                     1283881997.951546
 10 10 E9 13 1C 14 00 00

000:STREAM                     1283881997.959545
 10 10 E9 13 1C 14 00 00

000:STREAM                     1283881997.967545
 10 10 E9 13 1C 14 00 00

000:STREAM                     1283881997.975529
 10 10 E9 13 1C 14 00 00

000:STREAM                     1283881997.983567
 10 10 E9 13 1C 14 00 00

000:STREAM                     1283881997.991549
 10 10 E9 13 1C 14 00 00

000:STREAM                     1283881997.999551
 10 10 E9 13 1C 14 00 00

000:STREAM                     1283881998.007535
 10 10 E9 13 1C 14 00 00

000:STREAM                     1283881998.023557
 10 13 E9 13 1C 14 00 00

000:STREAM                     1283881998.031555
 10 13 E9 13 1C 14 00 00

000:STREAM                     1283881998.039540
 10 13 E9 13 1C 14 00 00

000:STREAM                     1283881998.047543
 10 13 E9 13 1C 14 00 00

000:STREAM                     1283881998.055562
 10 13 E9 13 1C 14 00 00

000:STREAM                     1283881998.063578
 10 13 F6 13 21 14 00 00

000:STREAM                     1283881998.071544
 10 13 05 14 27 14 00 00

000:STREAM                     1283881998.079571
 10 13 0A 14 28 14 00 00

000:STREAM                     1283881998.087568
 10 13 0E 14 2A 14 00 00

000:STREAM                     1283881998.095550
 10 13 0F 14 2B 14 00 00

000:STREAM                     1283881998.103596
 10 13 0F 14 2C 14 00 00

000:STREAM                     1283881998.111572
 10 13 0C 14 30 14 00 00

000:STREAM                     1283881998.119574
 10 13 0A 14 32 14 00 00

000:STREAM                     1283881998.127548
 10 13 0A 14 32 14 00 00

000:STREAM                     1283881998.135559
 10 13 0A 14 32 14 00 00

000:STREAM                     1283881998.143580
 10 10 04 14 34 14 00 00

000:STREAM                     1283881998.151580
 10 10 FA 13 36 14 00 00

000:STREAM                     1283881998.159563
 10 10 F3 13 38 14 00 00

000:STREAM                     1283881998.167563
 10 10 ED 13 38 14 00 00

000:STREAM                     1283881998.175588
 10 10 ED 13 38 14 00 00

000:STREAM                     1283881998.183594
 10 10 ED 13 38 14 00 00

000:STREAM                     1283881998.191566
 10 10 ED 13 38 14 00 00

000:STREAM                     1283881998.199573
 10 10 ED 13 38 14 00 00

000:STREAM                     1283881998.207590
 10 10 ED 13 38 14 00 00

000:STREAM                     1283881998.215571
 10 10 ED 13 38 14 00 00

000:STREAM                     1283881998.223602
 10 10 ED 13 38 14 00 00

000:STREAM                     1283881998.231568
 10 10 ED 13 38 14 00 00

000:STREAM                     1283881998.239596
 10 10 ED 13 38 14 00 00

000:STREAM                     1283881998.247580
 10 10 F3 13 3C 14 00 00

000:STREAM                     1283881998.271581
 10 13 E7 13 53 14 00 00

000:STREAM                     1283881998.279585
 10 13 E7 13 53 14 00 00

000:STREAM                     1283881998.287622
 10 13 E7 13 53 14 00 00

000:STREAM                     1283881998.295610
 10 13 E7 13 53 14 00 00

000:STREAM                     1283881998.303601
 10 13 E7 13 53 14 00 00

000:STREAM                     1283881998.311599
 10 13 E7 13 53 14 00 00

000:STREAM                     1283881998.319613
 10 13 E7 13 53 14 00 00

000:STREAM                     1283881998.327616
 10 13 ED 13 58 14 00 00

000:STREAM                     1283881998.335601
 10 13 EC 13 5E 14 00 00

000:STREAM                     1283881998.343602
 10 13 EC 13 64 14 00 00

000:STREAM                     1283881998.351621
 10 13 EC 13 64 14 00 00

000:STREAM                     1283881998.359589
 10 13 EB 13 65 14 00 00

000:STREAM                     1283881998.367607
 10 13 EB 13 65 14 00 00

000:STREAM                     1283881998.375605
 10 10 EB 13 65 14 00 00

000:STREAM                     1283881998.383627
 10 10 EB 13 65 14 00 00

000:STREAM                     1283881998.391613
 10 10 EB 13 65 14 00 00

000:STREAM                     1283881998.399616
 10 10 EB 13 65 14 00 00

000:STREAM                     1283881998.407616
 10 10 EB 13 65 14 00 00

000:STREAM                     1283881998.415630
 10 10 F3 13 57 14 00 00

000:STREAM                     1283881998.423622
 10 10 FA 13 4D 14 00 00

000:STREAM                     1283881998.431614
 10 10 FE 13 42 14 00 00

000:STREAM                     1283881998.439638
 10 10 F9 13 3F 14 00 00

000:STREAM                     1283881998.447636
 10 10 F9 13 3F 14 00 00

000:STREAM                     1283881998.455619
 10 10 F9 13 3F 14 00 00

000:STREAM                     1283881998.463625
 10 10 F9 13 3F 14 00 00

000:STREAM                     1283881998.471644
 10 10 F9 13 3F 14 00 00

000:STREAM                     1283881998.487625
 10 13 F9 13 3F 14 00 00

000:STREAM                     1283881998.495631
 10 13 F9 13 3F 14 00 00

000:STREAM                     1283881998.503608
 10 13 F9 13 3F 14 00 00

000:STREAM                     1283881998.511627
 10 13 F9 13 3F 14 00 00

000:STREAM                     1283881998.519631
 10 13 F9 13 3F 14 00 00

000:STREAM                     1283881998.527636
 10 13 04 14 3E 14 00 00

000:STREAM                     1283881998.535622
 10 13 07 14 3E 14 00 00

000:STREAM                     1283881998.543610
 10 13 09 14 42 14 00 00

000:STREAM                     1283881998.551634
 10 13 0A 14 47 14 00 00

000:STREAM                     1283881998.559659
 10 13 0A 14 47 14 00 00

000:STREAM                     1283881998.567655
 10 13 0A 14 47 14 00 00

000:STREAM                     1283881998.575639
 10 13 0A 14 47 14 00 00

000:STREAM                     1283881998.583619
 10 13 0A 14 47 14 00 00

000:STREAM                     1283881998.591664
 10 13 0A 14 47 14 00 00

000:STREAM                     1283881998.599661
 10 13 0A 14 47 14 00 00

000:STREAM                     1283881998.607645
 10 10 FD 13 49 14 00 00

000:STREAM                     1283881998.615637
 10 10 F8 13 49 14 00 00

000:STREAM                     1283881998.623631
 10 10 F0 13 4A 14 00 00

000:STREAM                     1283881998.631649
 10 10 EB 13 46 14 00 00

000:STREAM                     1283881998.639634
 10 10 E8 13 44 14 00 00

000:STREAM                     1283881998.647667
 10 10 E8 13 44 14 00 00

000:STREAM                     1283881998.655675
 10 10 E8 13 44 14 00 00

000:STREAM                     1283881998.663637
 10 10 E8 13 44 14 00 00

000:STREAM                     1283881998.671659
 10 10 E8 13 44 14 00 00

000:STREAM                     1283881998.679680
 10 10 E8 13 44 14 00 00

000:STREAM                     1283881998.687681
 10 10 E8 13 44 14 00 00

000:STREAM                     1283881998.695669
 10 10 E8 13 44 14 00 00

000:STREAM                     1283881998.703671
 10 10 E8 13 44 14 00 00

000:STREAM                     1283881998.711644
 10 10 E8 13 44 14 00 00

000:STREAM                     1283881998.735697
 10 13 E8 13 44 14 00 00

000:STREAM                     1283881998.743691
 10 13 E8 13 44 14 00 00

000:STREAM                     1283881998.751681
 10 13 E8 13 44 14 00 00

000:STREAM                     1283881998.759674
 10 13 E8 13 44 14 00 00

000:STREAM                     1283881998.767694
 10 13 E8 13 44 14 00 00

000:STREAM                     1283881998.775677
 10 13 E8 13 44 14 00 00

000:STREAM                     1283881998.783678
 10 13 E8 13 44 14 00 00

000:STREAM                     1283881998.791680
 10 13 E8 13 44 14 00 00

000:STREAM                     1283881998.799682
 10 13 EC 13 44 14 00 00

000:STREAM                     1283881998.807701
 10 13 EC 13 44 14 00 00

000:STREAM                     1283881998.815685
 10 13 EC 13 44 14 00 00

000:STREAM                     1283881998.823707
 10 13 EC 13 44 14 00 00

000:STREAM                     1283881998.831705
 10 13 EC 13 44 14 00 00

000:STREAM                     1283881998.839692
 10 13 EC 13 44 14 00 00

000:STREAM                     1283881998.847690
 10 13 EC 13 44 14 00 00

000:STREAM                     1283881998.855711
 10 10 DF 13 56 14 00 00

000:STREAM                     1283881998.863684
 10 10 DF 13 56 14 00 00

000:STREAM                     1283881998.871685
 10 10 DF 13 56 14 00 00

000:STREAM                     1283881998.879715
 10 10 DF 13 56 14 00 00

000:STREAM                     1283881998.887688
 10 10 DF 13 54 14 00 00

000:STREAM                     1283881998.895720
 10 10 DD 13 52 14 00 00

000:STREAM                     1283881998.903704
 10 10 DC 13 51 14 00 00

000:STREAM                     1283881998.911702
 10 10 DB 13 4E 14 00 00

000:STREAM                     1283881998.919725
 10 10 DB 13 4E 14 00 00

000:STREAM                     1283881998.927726
 10 10 DE 13 4D 14 00 00

000:STREAM                     1283881998.935710
 10 10 E1 13 47 14 00 00

000:STREAM                     1283881998.943721
 10 10 E1 13 47 14 00 00

000:STREAM                     1283881998.967716
 10 13 E1 13 47 14 00 00

000:STREAM                     1283881998.975737
 10 13 E1 13 47 14 00 00

000:STREAM                     1283881998.983736
 10 13 E1 13 47 14 00 00

000:STREAM                     1283881998.991708
 10 13 E1 13 47 14 00 00

000:STREAM                     1283881998.999740
 10 13 E1 13 47 14 00 00

000:STREAM                     1283881999.007770
 10 13 F5 13 3A 14 00 00

000:STREAM                     1283881999.015745
 10 13 FC 13 33 14 00 00

000:STREAM                     1283881999.023731
 10 13 FE 13 30 14 00 00

000:STREAM                     1283881999.031731
 10 13 00 14 2D 14 00 00

000:STREAM                     1283881999.039749
 10 13 01 14 2C 14 00 00

000:STREAM                     1283881999.047734
 10 13 01 14 2C 14 00 00

000:STREAM                     1283881999.055730
 10 13 01 14 2C 14 00 00

000:STREAM                     1283881999.063738
 10 13 01 14 2C 14 00 00

000:STREAM                     1283881999.071734
 10 13 01 14 2C 14 00 00

000:STREAM                     1283881999.079739
 10 13 01 14 2C 14 00 00

000:STREAM                     1283881999.087735
 10 13 01 14 2C 14 00 00

000:STREAM                     1283881999.095755
 10 10 EA 13 37 14 00 00

000:STREAM                     1283881999.103756
 10 10 EA 13 37 14 00 00

000:STREAM                     1283881999.111739
 10 10 EA 13 37 14 00 00

000:STREAM                     1283881999.119760
 10 10 EA 13 37 14 00 00

000:STREAM                     1283881999.127761
 10 10 EA 13 37 14 00 00

000:STREAM                     1283881999.135762
 10 10 EA 13 37 14 00 00

000:STREAM                     1283881999.143745
 10 10 EA 13 37 14 00 00

000:STREAM                     1283881999.151736
 10 10 EA 13 37 14 00 00

000:STREAM                     1283881999.159766
 10 10 EA 13 37 14 00 00

000:STREAM                     1283881999.167750
 10 10 EA 13 37 14 00 00

000:STREAM                     1283881999.175778
 10 10 EA 13 37 14 00 00

000:STREAM                     1283881999.183774
 10 10 EA 13 37 14 00 00

000:STREAM                     1283881999.191772
 10 10 EA 13 37 14 00 00

000:STREAM                     1283881999.199764
 10 10 EA 13 37 14 00 00

000:STREAM                     1283881999.215784
 10 13 EA 13 37 14 00 00

000:STREAM                     1283881999.223784
 10 13 EA 13 37 14 00 00

000:STREAM                     1283881999.231744
 10 13 EA 13 37 14 00 00

000:STREAM                     1283881999.239753
 10 13 EA 13 37 14 00 00

000:STREAM                     1283881999.247789
 10 13 EA 13 37 14 00 00

000:STREAM                     1283881999.255786
 10 13 F9 13 30 14 00 00

000:STREAM                     1283881999.263761
 10 13 00 14 2C 14 00 00

000:STREAM                     1283881999.271790
 10 13 03 14 28 14 00 00

000:STREAM                     1283881999.279794
 10 13 05 14 28 14 00 00

000:STREAM                     1283881999.287775
 10 13 05 14 28 14 00 00

000:STREAM                     1283881999.295767
 10 13 05 14 28 14 00 00

000:STREAM                     1283881999.303772
 10 13 05 14 28 14 00 00

000:STREAM                     1283881999.311798
 10 13 05 14 28 14 00 00

000:STREAM                     1283881999.319786
 10 13 05 14 28 14 00 00

000:STREAM                     1283881999.327801
 10 13 05 14 28 14 00 00

000:STREAM                     1283881999.335802
 10 13 FF 13 2B 14 00 00

000:STREAM                     1283881999.343776
 10 13 FC 13 2C 14 00 00

000:STREAM                     1283881999.351787
 10 10 FC 13 2C 14 00 00

000:STREAM                     1283881999.359775
 10 10 FC 13 2C 14 00 00

000:STREAM                     1283881999.367808
 10 10 FC 13 2C 14 00 00

000:STREAM                     1283881999.375810
 10 10 FC 13 2C 14 00 00

000:STREAM                     1283881999.383793
 10 10 FC 13 2C 14 00 00

000:STREAM                     1283881999.391796
 10 10 FC 13 2C 14 00 00

000:STREAM                     1283881999.399814
 10 10 FC 13 2C 14 00 00

000:STREAM                     1283881999.407797
 10 10 FC 13 2C 14 00 00

000:STREAM                     1283881999.415799
 10 10 F8 13 27 14 00 00

000:STREAM                     1283881999.423823
 10 10 F5 13 20 14 00 00

000:STREAM                     1283881999.431820
 10 10 F5 13 20 14 00 00

000:STREAM                     1283881999.439803
 10 10 F5 13 20 14 00 00

000:STREAM                     1283881999.455794
 10 13 F5 13 20 14 00 00

000:STREAM                     1283881999.463796
 10 13 F5 13 20 14 00 00

000:STREAM                     1283881999.471807
 10 13 F5 13 20 14 00 00

000:STREAM                     1283881999.479798
 10 13 F5 13 20 14 00 00

000:STREAM                     1283881999.487828
 10 13 F5 13 20 14 00 00

000:STREAM                     1283881999.495812
 10 13 FF 13 19 14 00 00

000:STREAM                     1283881999.503813
 10 13 0C 14 11 14 00 00

000:STREAM                     1283881999.511817
 10 13 0A 14 0D 14 00 00

000:STREAM                     1283881999.519834
 10 13 12 14 09 14 00 00

000:STREAM                     1283881999.527818
 10 13 15 14 08 14 00 00

000:STREAM                     1283881999.535819
 10 13 15 14 08 14 00 00

000:STREAM                     1283881999.543816
 10 13 15 14 08 14 00 00

000:STREAM                     1283881999.551822
 10 13 15 14 08 14 00 00

000:STREAM                     1283881999.559828
 10 13 15 14 08 14 00 00

000:STREAM                     1283881999.567828
 10 13 15 14 08 14 00 00

000:STREAM                     1283881999.575846
 10 13 15 14 08 14 00 00

000:STREAM                     1283881999.583853
 10 13 15 14 08 14 00 00

000:STREAM                     1283881999.591829
 10 10 15 14 08 14 00 00

000:STREAM                     1283881999.599835
 10 10 06 14 10 14 00 00

000:STREAM                     1283881999.607836
 10 10 FC 13 16 14 00 00

000:STREAM                     1283881999.615827
 10 10 F6 13 17 14 00 00

000:STREAM                     1283881999.623838
 10 10 F3 13 19 14 00 00

000:STREAM                     1283881999.631863
 10 10 F1 13 1C 14 00 00

000:STREAM                     1283881999.639828
 10 10 F0 13 19 14 00 00

000:STREAM                     1283881999.647843
 10 10 F0 13 19 14 00 00

000:STREAM                     1283881999.655845
 10 10 F0 13 19 14 00 00

000:STREAM                     1283881999.663865
 10 10 F0 13 19 14 00 00

000:STREAM                     1283881999.671870
 10 10 F0 13 19 14 00 00

000:STREAM                     1283881999.679849
 10 10 F0 13 19 14 00 00

000:STREAM                     1283881999.687840
 10 10 FD 13 13 14 00 00

000:STREAM                     1283881999.703854
 10 13 FD 13 13 14 00 00

000:STREAM                     1283881999.711888
 10 13 FD 13 13 14 00 00

000:STREAM                     1283881999.719853
 10 13 FD 13 13 14 00 00

000:STREAM                     1283881999.727835
 10 13 FD 13 13 14 00 00

000:STREAM                     1283881999.735870
 10 13 FD 13 13 14 00 00

000:STREAM                     1283881999.743866
 10 13 07 14 11 14 00 00

000:STREAM                     1283881999.751930
 10 13 15 14 0D 14 00 00

000:STREAM                     1283881999.759885
 10 13 19 14 0D 14 00 00

000:STREAM                     1283881999.767871
 10 13 1E 14 0C 14 00 00

000:STREAM                     1283881999.775854
 10 13 20 14 0C 14 00 00

000:STREAM                     1283881999.783869
 10 13 20 14 08 14 00 00

000:STREAM                     1283881999.791931
 10 13 20 14 08 14 00 00

000:STREAM                     1283881999.799876
 10 13 20 14 08 14 00 00

000:STREAM                     1283881999.807877
 10 13 20 14 08 14 00 00

000:STREAM                     1283881999.815896
 10 13 20 14 08 14 00 00

000:STREAM                     1283881999.823882
 10 13 20 14 08 14 00 00

000:STREAM                     1283881999.831875
 10 13 20 14 08 14 00 00

000:STREAM                     1283881999.839895
 10 13 15 14 0D 14 00 00

000:STREAM                     1283881999.847896
 10 13 11 14 11 14 00 00

000:STREAM                     1283881999.855879
 10 10 FC 13 23 14 00 00

000:STREAM                     1283881999.863880
 10 10 FA 13 20 14 00 00

000:STREAM                     1283881999.871902
 10 10 F9 13 22 14 00 00

000:STREAM                     1283881999.879901
 10 10 F8 13 20 14 00 00

000:STREAM                     1283881999.887885
 10 10 F8 13 20 14 00 00

000:STREAM                     1283881999.895875
 10 10 F8 13 20 14 00 00

000:STREAM                     1283881999.903879
 10 10 F8 13 20 14 00 00

000:STREAM                     1283881999.911891
 10 10 F8 13 20 14 00 00

000:STREAM                     1283881999.919891
 10 10 F8 13 20 14 00 00

000:STREAM                     1283881999.927886
 10 10 F8 13 20 14 00 00

000:STREAM                     1283881999.935912
 10 10 F8 13 20 14 00 00

000:STREAM                     1283881999.943896
 10 10 F8 13 20 14 00 00

000:STREAM                     1283881999.951898
 10 10 F8 13 20 14 00 00

000:STREAM                     1283881999.967923
 10 13 F8 13 20 14 00 00

000:STREAM                     1283881999.975904
 10 13 F8 13 20 14 00 00

000:STREAM                     1283881999.983907
 10 13 F8 13 20 14 00 00

000:STREAM                     1283881999.991923
 10 13 F8 13 20 14 00 00

000:STREAM                     1283881999.999927
 10 13 F8 13 20 14 00 00

000:STREAM                     1283882000.007908
 10 13 0E 14 1C 14 00 00

000:STREAM                     1283882000.015928
 10 13 15 14 1B 14 00 00

000:STREAM                     1283882000.023901
 10 13 1D 14 1B 14 00 00

000:STREAM                     1283882000.031912
 10 13 1F 14 1A 14 00 00

000:STREAM                     1283882000.039913
 10 13 1F 14 1A 14 00 00

000:STREAM                     1283882000.047920
 10 13 1F 14 1A 14 00 00

000:STREAM                     1283882000.055934
 10 13 1F 14 1A 14 00 00

000:STREAM                     1283882000.063923
 10 13 1F 14 1A 14 00 00

000:STREAM                     1283882000.071918
 10 13 1F 14 1A 14 00 00

000:STREAM                     1283882000.079939
 10 13 1F 14 1A 14 00 00

000:STREAM                     1283882000.087941
 10 13 1F 14 1A 14 00 00

000:STREAM                     1283882000.095924
 10 13 1F 14 1A 14 00 00

000:STREAM                     1283882000.103925
 10 10 15 14 1C 14 00 00

000:STREAM                     1283882000.111947
 10 10 0D 14 1F 14 00 00

000:STREAM                     1283882000.119950
 10 10 07 14 22 14 00 00

000:STREAM                     1283882000.127932
 10 10 02 14 1F 14 00 00

000:STREAM                     1283882000.135955
 10 10 00 14 23 14 00 00

000:STREAM                     1283882000.143955
 10 10 00 14 23 14 00 00

000:STREAM                     1283882000.151925
 10 10 FE 13 25 14 00 00

000:STREAM                     1283882000.159936
 10 10 FD 13 26 14 00 00

000:STREAM                     1283882000.167962
 10 10 FD 13 25 14 00 00

000:STREAM                     1283882000.175957
 10 10 FD 13 25 14 00 00

000:STREAM                     1283882000.183931
 10 10 FD 13 25 14 00 00

000:STREAM                     1283882000.191944
 10 10 FD 13 25 14 00 00

000:STREAM                     1283882000.199961
 10 10 FD 13 25 14 00 00

000:STREAM                     1283882000.207963
 10 10 FD 13 25 14 00 00

000:STREAM                     1283882000.223949
 10 13 FD 13 25 14 00 00

000:STREAM                     1283882000.231955
 10 13 FD 13 25 14 00 00

000:STREAM                     1283882000.239955
 10 13 FD 13 25 14 00 00

000:STREAM                     1283882000.247934
 10 13 FD 13 25 14 00 00

000:STREAM                     1283882000.255980
 10 13 FD 13 25 14 00 00

000:STREAM                     1283882000.263976
 10 13 07 14 26 14 00 00

000:STREAM                     1283882000.271962
 10 13 13 14 26 14 00 00

000:STREAM                     1283882000.279961
 10 13 19 14 25 14 00 00

000:STREAM                     1283882000.287986
 10 13 1C 14 26 14 00 00

000:STREAM                     1283882000.295983
 10 13 1C 14 26 14 00 00

000:STREAM                     1283882000.303963
 10 13 1C 14 26 14 00 00

000:STREAM                     1283882000.311965
 10 13 1C 14 26 14 00 00

000:STREAM                     1283882000.319987
 10 13 1C 14 26 14 00 00

000:STREAM                     1283882000.327989
 10 13 1C 14 26 14 00 00

000:STREAM                     1283882000.335972
 10 13 1C 14 26 14 00 00

000:STREAM                     1283882000.343979
 10 13 1C 14 26 14 00 00

000:STREAM                     1283882000.351998
 10 13 1C 14 26 14 00 00

000:STREAM                     1283882000.359976
 10 10 08 14 2C 14 00 00

000:STREAM                     1283882000.367978
 10 10 08 14 2C 14 00 00

000:STREAM                     1283882000.376005
 10 10 03 14 2B 14 00 00

000:STREAM                     1283882000.384000
 10 10 FA 13 2B 14 00 00

000:STREAM                     1283882000.391971
 10 10 FA 13 2B 14 00 00

000:STREAM                     1283882000.400007
 10 10 FA 13 2B 14 00 00

000:STREAM                     1283882000.407976
 10 10 FA 13 2B 14 00 00

000:STREAM                     1283882000.416006
 10 10 FA 13 2B 14 00 00

000:STREAM                     1283882000.423997
 10 10 FA 13 2B 14 00 00

000:STREAM                     1283882000.431978
 10 10 FA 13 2B 14 00 00

000:STREAM                     1283882000.440010
 10 10 FA 13 2B 14 00 00

000:STREAM                     1283882000.447984
 10 10 FA 13 2B 14 00 00

000:STREAM                     1283882000.455989
 10 10 FA 13 2B 14 00 00

000:STREAM                     1283882000.464016
 10 10 FA 13 2B 14 00 00

000:STREAM                     1283882000.472018
 10 10 FA 13 2B 14 00 00

000:STREAM                     1283882000.479996
 10 10 FA 13 2B 14 00 00

000:STREAM                     1283882000.504027
 10 13 FA 13 2B 14 00 00

000:STREAM                     1283882000.511993
 10 13 FA 13 2B 14 00 00

000:STREAM                     1283882000.520029
 10 13 FA 13 2B 14 00 00

000:STREAM                     1283882000.528026
 10 13 FA 13 2B 14 00 00

000:STREAM                     1283882000.536009
 10 13 01 14 25 14 00 00

000:STREAM                     1283882000.544008
 10 13 07 14 21 14 00 00

000:STREAM                     1283882000.552002
 10 13 0F 14 1C 14 00 00

000:STREAM                     1283882000.560032
 10 13 11 14 19 14 00 00

000:STREAM                     1283882000.568012
 10 13 11 14 19 14 00 00

000:STREAM                     1283882000.576036
 10 13 11 14 19 14 00 00

000:STREAM                     1283882000.584014
 10 13 11 14 19 14 00 00

000:STREAM                     1283882000.592008
 10 13 11 14 19 14 00 00

000:STREAM                     1283882000.600019
 10 13 11 14 19 14 00 00

000:STREAM                     1283882000.608020
 10 13 11 14 19 14 00 00

000:STREAM                     1283882000.616044
 10 13 11 14 19 14 00 00

000:STREAM                     1283882000.624042
 10 13 11 14 19 14 00 00

000:STREAM                     1283882000.632016
 10 10 11 14 19 14 00 00

000:STREAM                     1283882000.640023
 10 10 11 14 19 14 00 00

000:STREAM                     1283882000.648018
 10 10 11 14 19 14 00 00

000:STREAM                     1283882000.656037
 10 10 11 14 19 14 00 00

000:STREAM                     1283882000.664027
 10 10 06 14 1D 14 00 00

000:STREAM                     1283882000.672024
 10 10 02 14 1F 14 00 00

000:STREAM                     1283882000.680034
 10 10 FD 13 23 14 00 00

000:STREAM                     1283882000.688034
 10 10 FA 13 25 14 00 00

000:STREAM                     1283882000.696035
 10 10 F8 13 25 14 00 00

000:STREAM                     1283882000.704057
 10 10 F7 13 24 14 00 00

000:STREAM                     1283882000.712039
 10 10 F7 13 24 14 00 00

000:STREAM                     1283882000.720041
 10 10 F7 13 24 14 00 00

000:STREAM                     1283882000.728042
 10 10 F7 13 24 14 00 00

000:STREAM                     1283882000.736062
 10 10 F7 13 24 14 00 00

000:STREAM                     1283882000.752052
 10 13 F7 13 24 14 00 00

000:STREAM                     1283882000.760045
 10 13 F7 13 24 14 00 00

000:STREAM                     1283882000.768071
 10 13 F7 13 24 14 00 00

000:STREAM                     1283882000.776045
 10 13 F7 13 24 14 00 00

000:STREAM                     1283882000.784056
 10 13 01 14 21 14 00 00

000:STREAM                     1283882000.792081
 10 13 0A 14 1E 14 00 00

000:STREAM                     1283882000.800073
 10 13 14 14 1A 14 00 00

000:STREAM                     1283882000.808060
 10 13 19 14 19 14 00 00

000:STREAM                     1283882000.816061
 10 13 1B 14 15 14 00 00

000:STREAM                     1283882000.824082
 10 13 1B 14 15 14 00 00

000:STREAM                     1283882000.832056
 10 13 1B 14 15 14 00 00

000:STREAM                     1283882000.840066
 10 13 1B 14 15 14 00 00

000:STREAM                     1283882000.848068
 10 13 1B 14 15 14 00 00

000:STREAM                     1283882000.856087
 10 13 1B 14 15 14 00 00

000:STREAM                     1283882000.864070
 10 13 1B 14 15 14 00 00

000:STREAM                     1283882000.872060
 10 13 1B 14 15 14 00 00

000:STREAM                     1283882000.880094
 10 13 1B 14 15 14 00 00

000:STREAM                     1283882000.888074
 10 13 1B 14 15 14 00 00

000:STREAM                     1283882000.896073
 10 10 1B 14 15 14 00 00

000:STREAM                     1283882000.904075
 10 10 1B 14 15 14 00 00

000:STREAM                     1283882000.912096
 10 10 1B 14 15 14 00 00

000:STREAM                     1283882000.920096
 10 10 1B 14 15 14 00 00

000:STREAM                     1283882000.928080
 10 10 1B 14 15 14 00 00

000:STREAM                     1283882000.936070
 10 10 1B 14 15 14 00 00

000:STREAM                     1283882000.944104
 10 10 18 14 17 14 00 00

000:STREAM                     1283882000.952085
 10 10 12 14 14 14 00 00

000:STREAM                     1283882000.960086
 10 10 10 14 16 14 00 00

000:STREAM                     1283882000.968094
 10 10 10 14 16 14 00 00

000:STREAM                     1283882000.976082
 10 10 10 14 16 14 00 00

000:STREAM                     1283882000.984092
 10 10 10 14 16 14 00 00

000:STREAM                     1283882000.992093
 10 10 10 14 16 14 00 00

000:STREAM                     1283882001.008086
 10 13 10 14 16 14 00 00

000:STREAM                     1283882001.016099
 10 13 10 14 16 14 00 00

000:STREAM                     1283882001.024097
 10 13 10 14 16 14 00 00

000:STREAM                     1283882001.032883
 10 13 10 14 16 14 00 00

000:STREAM                     1283882001.040123
 10 13 10 14 16 14 00 00

000:STREAM                     1283882001.048103
 10 13 10 14 16 14 00 00

000:STREAM                     1283882001.056094
 10 13 10 14 16 14 00 00

000:STREAM                     1283882001.064106
 10 13 15 14 14 14 00 00

000:STREAM                     1283882001.072107
 10 13 1B 14 11 14 00 00

000:STREAM                     1283882001.080112
 10 13 1F 14 10 14 00 00

000:STREAM                     1283882001.088132
 10 13 1F 14 0B 14 00 00

000:STREAM                     1283882001.096133
 10 13 1F 14 0B 14 00 00

000:STREAM                     1283882001.104116
 10 13 1F 14 0B 14 00 00

000:STREAM                     1283882001.112114
 10 13 1F 14 0B 14 00 00

000:STREAM                     1283882001.120137
 10 13 1F 14 0B 14 00 00

000:STREAM                     1283882001.128147
 10 13 1F 14 0B 14 00 00

000:STREAM                     1283882001.136119
 10 13 1F 14 0B 14 00 00

000:STREAM                     1283882001.144123
 10 13 1F 14 0B 14 00 00

000:STREAM                     1283882001.152114
 10 10 1F 14 0B 14 00 00

000:STREAM                     1283882001.160127
 10 10 1C 14 0D 14 00 00

000:STREAM                     1283882001.168126
 10 10 15 14 0E 14 00 00

000:STREAM                     1283882001.176148
 10 10 11 14 0F 14 00 00

000:STREAM                     1283882001.184130
 10 10 0F 14 0E 14 00 00

000:STREAM                     1283882001.192121
 10 10 0F 14 0E 14 00 00

000:STREAM                     1283882001.200134
 10 10 0F 14 0E 14 00 00

000:STREAM                     1283882001.208153
 10 10 0F 14 0E 14 00 00

000:STREAM                     1283882001.216155
 10 10 0F 14 0E 14 00 00

000:STREAM                     1283882001.224129
 10 10 0F 14 0E 14 00 00

000:STREAM                     1283882001.232134
 10 10 0F 14 0E 14 00 00

000:STREAM                     1283882001.240157
 10 10 0F 14 0E 14 00 00

000:STREAM                     1283882001.248161
 10 10 0F 14 0E 14 00 00

000:STREAM                     1283882001.256144
 10 10 0F 14 0E 14 00 00

000:STREAM                     1283882001.264147
 10 10 0F 14 0E 14 00 00

000:STREAM                     1283882001.288148
 10 13 0F 14 0E 14 00 00

000:STREAM                     1283882001.296167
 10 13 0F 14 0E 14 00 00

000:STREAM                     1283882001.304141
 10 13 0F 14 0E 14 00 00

000:STREAM                     1283882001.312150
 10 13 0F 14 0E 14 00 00

000:STREAM                     1283882001.320154
 10 13 0F 14 0E 14 00 00

000:STREAM                     1283882001.328173
 10 13 15 14 0C 14 00 00

000:STREAM                     1283882001.336175
 10 13 1B 14 0B 14 00 00

000:STREAM                     1283882001.344158
 10 13 1F 14 09 14 00 00

000:STREAM                     1283882001.352181
 10 13 22 14 09 14 00 00

000:STREAM                     1283882001.360179
 10 13 23 14 07 14 00 00

000:STREAM                     1283882001.368180
 10 13 23 14 07 14 00 00

000:STREAM                     1283882001.376164
 10 13 23 14 07 14 00 00

000:STREAM                     1283882001.384176
 10 13 23 14 07 14 00 00

000:STREAM                     1283882001.392186
 10 13 23 14 07 14 00 00

000:STREAM                     1283882001.400172
 10 13 23 14 07 14 00 00

000:STREAM                     1283882001.408168
 10 13 23 14 07 14 00 00

000:STREAM                     1283882001.416196
 10 13 23 14 07 14 00 00

000:STREAM                     1283882001.424198
 10 13 20 14 08 14 00 00

000:STREAM                     1283882001.432174
 10 10 1C 14 09 14 00 00

000:STREAM                     1283882001.440176
 10 10 1A 14 04 14 00 00

000:STREAM                     1283882001.448203
 10 10 11 14 04 14 00 00

000:STREAM                     1283882001.456200
 10 10 11 14 04 14 00 00

000:STREAM                     1283882001.464175
 10 10 11 14 04 14 00 00

000:STREAM                     1283882001.472177
 10 10 11 14 04 14 00 00

000:STREAM                     1283882001.480187
 10 10 11 14 04 14 00 00

000:STREAM                     1283882001.488178
 10 10 11 14 04 14 00 00

000:STREAM                     1283882001.496189
 10 10 11 14 04 14 00 00

000:STREAM                     1283882001.504183
 10 10 11 14 04 14 00 00

000:STREAM                     1283882001.512180
 10 10 11 14 04 14 00 00

000:STREAM                     1283882001.520194
 10 10 11 14 04 14 00 00

000:STREAM                     1283882001.528215
 10 10 11 14 04 14 00 00

000:STREAM                     1283882001.536213
 10 10 11 14 04 14 00 00

000:STREAM                     1283882001.544214
 10 10 11 14 04 14 00 00

000:STREAM                     1283882001.552199
 10 10 11 14 04 14 00 00

000:STREAM                     1283882001.560199
 10 10 11 14 04 14 00 00

000:STREAM                     1283882001.576224
 10 13 11 14 04 14 00 00

000:STREAM                     1283882001.584203
 10 13 11 14 04 14 00 00

000:STREAM                     1283882001.592210
 10 13 11 14 04 14 00 00

000:STREAM                     1283882001.600200
 10 13 11 14 04 14 00 00

000:STREAM                     1283882001.608208
 10 13 11 14 04 14 00 00

000:STREAM                     1283882001.616235
 10 13 17 14 03 14 00 00

000:STREAM                     1283882001.624232
 10 13 21 14 00 14 00 00

000:STREAM                     1283882001.632232
 10 13 21 14 00 14 00 00

000:STREAM                     1283882001.640210
 10 13 21 14 00 14 00 00

000:STREAM                     1283882001.648215
 10 13 21 14 00 14 00 00

000:STREAM                     1283882001.656240
 10 13 21 14 00 14 00 00

000:STREAM                     1283882001.664237
 10 13 21 14 00 14 00 00

000:STREAM                     1283882001.672211
 10 13 21 14 00 14 00 00

000:STREAM                     1283882001.680245
 10 13 21 14 00 14 00 00

000:STREAM                     1283882001.696242
 10 10 1C 14 FF 13 00 00

000:STREAM                     1283882001.704225
 10 10 1C 14 FF 13 00 00

000:STREAM                     1283882001.712223
 10 10 1C 14 FF 13 00 00

000:STREAM                     1283882001.720223
 10 10 1C 14 FF 13 00 00

000:STREAM                     1283882001.728234
 10 10 1C 14 FF 13 00 00

000:STREAM                     1283882001.736254
 10 10 1C 14 FF 13 00 00

000:STREAM                     1283882001.744255
 10 10 1C 14 FF 13 00 00

000:STREAM                     1283882001.752254
 10 10 1C 14 FF 13 00 00

000:STREAM                     1283882001.760230
 10 10 1C 14 FF 13 00 00

000:STREAM                     1283882001.768241
 10 10 1A 14 01 14 00 00

000:STREAM                     1283882001.776264
 10 10 19 14 02 14 00 00

000:STREAM                     1283882001.784262
 10 10 19 14 FD 13 00 00

000:STREAM                     1283882001.792233
 10 10 19 14 FD 13 00 00

000:STREAM                     1283882001.800235
 10 10 19 14 FD 13 00 00

000:STREAM                     1283882001.808269
 10 10 19 14 FD 13 00 00

000:STREAM                     1283882001.824248
 10 13 19 14 FD 13 00 00

000:STREAM                     1283882001.832245
 10 13 19 14 FD 13 00 00

000:STREAM                     1283882001.840272
 10 13 19 14 FD 13 00 00

000:STREAM                     1283882001.848252
 10 13 19 14 FD 13 00 00

000:STREAM                     1283882001.856254
 10 13 19 14 FD 13 00 00

000:STREAM                     1283882001.864283
 10 13 19 14 FD 13 00 00

000:STREAM                     1283882001.872248
 10 13 24 14 FF 13 00 00

000:STREAM                     1283882001.880261
 10 13 2A 14 01 14 00 00

000:STREAM                     1283882001.888263
 10 13 2C 14 02 14 00 00

000:STREAM                     1283882001.896259
 10 13 2D 14 03 14 00 00

000:STREAM                     1283882001.904284
 10 13 2D 14 05 14 00 00

000:STREAM                     1283882001.912255
 10 13 26 14 06 14 00 00

000:STREAM                     1283882001.920274
 10 13 26 14 07 14 00 00

000:STREAM                     1283882001.928292
 10 13 25 14 07 14 00 00

000:STREAM                     1283882001.936275
 10 13 25 14 07 14 00 00

000:STREAM                     1283882001.944270
 10 13 25 14 07 14 00 00

000:STREAM                     1283882001.952274
 10 13 25 14 07 14 00 00

000:STREAM                     1283882001.960291
 10 13 21 14 07 14 00 00

000:STREAM                     1283882001.968277
 10 13 1F 14 05 14 00 00

000:STREAM                     1283882001.976276
 10 10 1B 14 04 14 00 00

000:STREAM                     1283882001.984301
 10 10 19 14 03 14 00 00

000:STREAM                     1283882001.992270
 10 10 18 14 06 14 00 00

000:STREAM                     1283882002.000281
 10 10 17 14 05 14 00 00

000:STREAM                     1283882002.008283
 10 10 17 14 05 14 00 00

000:STREAM                     1283882002.016307
 10 10 17 14 05 14 00 00

000:STREAM                     1283882002.024276
 10 10 17 14 05 14 00 00

000:STREAM                     1283882002.032288
 10 10 17 14 05 14 00 00

000:STREAM                     1283882002.040297
 10 10 17 14 05 14 00 00

000:STREAM                     1283882002.048308
 10 10 17 14 05 14 00 00

000:STREAM                     1283882002.056292
 10 10 17 14 05 14 00 00

000:STREAM                     1283882002.064293
 10 10 17 14 05 14 00 00

000:STREAM                     1283882002.072287
 10 10 15 14 05 14 00 00

000:STREAM                     1283882002.080317
 10 10 12 14 04 14 00 00

000:STREAM                     1283882002.088301
 10 10 12 14 04 14 00 00

000:STREAM                     1283882002.096292
 10 10 12 14 04 14 00 00

000:STREAM                     1283882002.120307
 10 13 12 14 04 14 00 00

000:STREAM                     1283882002.128301
 10 13 12 14 04 14 00 00

000:STREAM                     1283882002.136300
 10 13 12 14 04 14 00 00

000:STREAM                     1283882002.144310
 10 13 12 14 04 14 00 00

000:STREAM                     1283882002.152300
 10 13 12 14 04 14 00 00

000:STREAM                     1283882002.160343
 10 13 12 14 04 14 00 00

000:STREAM                     1283882002.168333
 10 13 12 14 04 14 00 00

000:STREAM                     1283882002.176300
 10 13 19 14 0A 14 00 00

000:STREAM                     1283882002.184318
 10 13 1B 14 0D 14 00 00

000:STREAM                     1283882002.192302
 10 13 1C 14 10 14 00 00

000:STREAM                     1283882002.200339
 10 13 1D 14 13 14 00 00

000:STREAM                     1283882002.208327
 10 13 1D 14 13 14 00 00

000:STREAM                     1283882002.216335
 10 13 1A 14 13 14 00 00

000:STREAM                     1283882002.224357
 10 13 19 14 14 14 00 00

000:STREAM                     1283882002.232328
 10 13 18 14 18 14 00 00

000:STREAM                     1283882002.240325
 10 13 18 14 18 14 00 00

000:STREAM                     1283882002.248333
 10 13 18 14 18 14 00 00

000:STREAM                     1283882002.256350
 10 13 15 14 16 14 00 00

000:STREAM                     1283882002.264332
 10 10 F5 13 14 14 00 00

000:STREAM                     1283882002.272333
 10 10 F5 13 14 14 00 00

000:STREAM                     1283882002.280352
 10 10 FA 13 13 14 00 00

000:STREAM                     1283882002.288355
 10 10 FA 13 13 14 00 00

000:STREAM                     1283882002.296339
 10 10 FA 13 13 14 00 00

000:STREAM                     1283882002.304321
 10 10 FA 13 13 14 00 00

000:STREAM                     1283882002.312365
 10 10 FC 13 11 14 00 00

000:STREAM                     1283882002.320359
 10 10 01 14 10 14 00 00

000:STREAM                     1283882002.328342
 10 10 03 14 0F 14 00 00

000:STREAM                     1283882002.336344
 10 10 05 14 0F 14 00 00

000:STREAM                     1283882002.344373
 10 10 08 14 0F 14 00 00

000:STREAM                     1283882002.352347
 10 10 0A 14 0F 14 00 00

000:STREAM                     1283882002.360344
 10 10 0C 14 0F 14 00 00

000:STREAM                     1283882002.368354
 10 10 10 14 11 14 00 00

000:STREAM                     1283882002.376355
 10 10 12 14 10 14 00 00

000:STREAM                     1283882002.392355
 10 13 12 14 10 14 00 00

000:STREAM                     1283882002.400373
 10 13 12 14 10 14 00 00

000:STREAM                     1283882002.408348
 10 13 12 14 10 14 00 00

000:STREAM                     1283882002.416358
 10 13 12 14 10 14 00 00

000:STREAM                     1283882002.424360
 10 13 12 14 10 14 00 00

000:STREAM                     1283882002.432381
 10 13 12 14 10 14 00 00

000:STREAM                     1283882002.440381
 10 13 12 14 10 14 00 00

000:STREAM                     1283882002.448365
 10 13 12 14 10 14 00 00

000:STREAM                     1283882002.456367
 10 13 16 14 0E 14 00 00

000:STREAM                     1283882002.464388
 10 13 1A 14 0C 14 00 00

000:STREAM                     1283882002.472369
 10 13 1B 14 09 14 00 00

000:STREAM                     1283882002.480367
 10 13 1B 14 09 14 00 00

000:STREAM                     1283882002.488396
 10 13 1B 14 09 14 00 00

000:STREAM                     1283882002.496395
 10 13 18 14 06 14 00 00

000:STREAM                     1283882002.504369
 10 13 18 14 05 14 00 00

000:STREAM                     1283882002.512377
 10 13 18 14 05 14 00 00

000:STREAM                     1283882002.520396
 10 10 18 14 05 14 00 00

000:STREAM                     1283882002.528398
 10 10 18 14 05 14 00 00

000:STREAM                     1283882002.536381
 10 10 14 14 0A 14 00 00

000:STREAM                     1283882002.544383
 10 10 10 14 0D 14 00 00

000:STREAM                     1283882002.552408
 10 10 0C 14 14 14 00 00

000:STREAM                     1283882002.560406
 10 10 08 14 13 14 00 00

000:STREAM                     1283882002.568390
 10 10 08 14 13 14 00 00

000:STREAM                     1283882002.576396
 10 10 08 14 13 14 00 00

000:STREAM                     1283882002.584415
 10 10 08 14 13 14 00 00

000:STREAM                     1283882002.592392
 10 10 08 14 13 14 00 00

000:STREAM                     1283882002.600393
 10 10 08 14 13 14 00 00

000:STREAM                     1283882002.608424
 10 10 08 14 13 14 00 00

000:STREAM                     1283882002.616417
 10 10 08 14 13 14 00 00

000:STREAM                     1283882002.624392
 10 10 08 14 13 14 00 00

000:STREAM                     1283882002.640407
 10 13 08 14 13 14 00 00

000:STREAM                     1283882002.648407
 10 13 08 14 13 14 00 00

000:STREAM                     1283882002.656394
 10 13 08 14 13 14 00 00

000:STREAM                     1283882002.664405
 10 13 08 14 13 14 00 00

000:STREAM                     1283882002.672402
 10 13 08 14 13 14 00 00

000:STREAM                     1283882002.680409
 10 13 08 14 13 14 00 00

000:STREAM                     1283882002.688410
 10 13 13 14 10 14 00 00

000:STREAM                     1283882002.696418
 10 13 17 14 0D 14 00 00

000:STREAM                     1283882002.704434
 10 13 18 14 0E 14 00 00

000:STREAM                     1283882002.712416
 10 13 18 14 0E 14 00 00

000:STREAM                     1283882002.720416
 10 13 18 14 0E 14 00 00

000:STREAM                     1283882002.728443
 10 13 18 14 0E 14 00 00

000:STREAM                     1283882002.736437
 10 13 18 14 0E 14 00 00

000:STREAM                     1283882002.744410
 10 13 18 14 0E 14 00 00

000:STREAM                     1283882002.752419
 10 13 18 14 0E 14 00 00

000:STREAM                     1283882002.760446
 10 13 14 14 11 14 00 00

000:STREAM                     1283882002.768443
 10 10 03 14 1D 14 00 00

000:STREAM                     1283882002.776426
 10 10 04 14 20 14 00 00

000:STREAM                     1283882002.784433
 10 10 04 14 20 14 00 00

000:STREAM                     1283882002.792453
 10 10 04 14 20 14 00 00

000:STREAM                     1283882002.800452
 10 10 04 14 20 14 00 00

000:STREAM                     1283882002.808435
 10 10 04 14 20 14 00 00

000:STREAM                     1283882002.816442
 10 10 04 14 20 14 00 00

000:STREAM                     1283882002.824459
 10 10 04 14 20 14 00 00

000:STREAM                     1283882002.832437
 10 10 04 14 20 14 00 00

000:STREAM                     1283882002.840438
 10 10 04 14 1F 14 00 00

000:STREAM                     1283882002.848467
 10 10 03 14 1E 14 00 00

000:STREAM                     1283882002.856459
 10 10 03 14 1E 14 00 00

000:STREAM                     1283882002.864445
 10 10 03 14 1E 14 00 00

000:STREAM                     1283882002.880471
 10 13 03 14 1E 14 00 00

000:STREAM                     1283882002.888451
 10 13 03 14 1E 14 00 00

000:STREAM                     1283882002.896452
 10 13 03 14 1E 14 00 00

000:STREAM                     1283882002.904453
 10 13 03 14 1E 14 00 00

000:STREAM                     1283882002.912456
 10 13 03 14 1E 14 00 00

000:STREAM                     1283882002.920474
 10 13 10 14 18 14 00 00

000:STREAM                     1283882002.928458
 10 13 12 14 18 14 00 00

000:STREAM                     1283882002.936463
 10 13 18 14 19 14 00 00

000:STREAM                     1283882002.944482
 10 13 1B 14 1A 14 00 00

000:STREAM                     1283882002.952459
 10 13 1B 14 1A 14 00 00

000:STREAM                     1283882002.960461
 10 13 1B 14 1A 14 00 00

000:STREAM                     1283882002.968496
 10 13 1B 14 1A 14 00 00

000:STREAM                     1283882002.976457
 10 13 1B 14 1A 14 00 00

000:STREAM                     1283882002.984469
 10 13 1B 14 1A 14 00 00

000:STREAM                     1283882002.992468
 10 13 1B 14 1A 14 00 00

000:STREAM                     1283882003.000494
 10 13 1B 14 1A 14 00 00

000:STREAM                     1283882003.008451
 10 13 1B 14 1A 14 00 00

000:STREAM                     1283882003.016472
 10 13 13 14 20 14 00 00

000:STREAM                     1283882003.024473
 10 10 0D 14 1F 14 00 00

000:STREAM                     1283882003.032474
 10 10 0D 14 22 14 00 00

000:STREAM                     1283882003.040475
 10 10 07 14 24 14 00 00

000:STREAM                     1283882003.048477
 10 10 03 14 27 14 00 00

000:STREAM                     1283882003.056497
 10 10 FF 13 29 14 00 00

000:STREAM                     1283882003.064498
 10 10 FC 13 29 14 00 00

000:STREAM                     1283882003.072482
 10 10 FB 13 2B 14 00 00

000:STREAM                     1283882003.080483
 10 10 FA 13 29 14 00 00

000:STREAM                     1283882003.088503
 10 10 FA 13 29 14 00 00

000:STREAM                     1283882003.096504
 10 10 FA 13 29 14 00 00

000:STREAM                     1283882003.104487
 10 10 FA 13 29 14 00 00

000:STREAM                     1283882003.112490
 10 10 FA 13 29 14 00 00

000:STREAM                     1283882003.120508
 10 10 FA 13 29 14 00 00

000:STREAM                     1283882003.144518
 10 13 FA 13 29 14 00 00

000:STREAM                     1283882003.152516
 10 13 FA 13 29 14 00 00

000:STREAM                     1283882003.160498
 10 13 FA 13 29 14 00 00

000:STREAM                     1283882003.168499
 10 13 FA 13 29 14 00 00

000:STREAM                     1283882003.176519
 10 13 FA 13 29 14 00 00

000:STREAM                     1283882003.184503
 10 13 FA 13 29 14 00 00

000:STREAM                     1283882003.192502
 10 13 05 14 24 14 00 00

000:STREAM                     1283882003.200506
 10 13 0B 14 21 14 00 00

000:STREAM                     1283882003.208525
 10 13 0F 14 21 14 00 00

000:STREAM                     1283882003.216526
 10 13 10 14 22 14 00 00

000:STREAM                     1283882003.224501
 10 13 10 14 22 14 00 00

000:STREAM                     1283882003.232513
 10 13 10 14 22 14 00 00

000:STREAM                     1283882003.240530
 10 13 10 14 22 14 00 00

000:STREAM                     1283882003.248532
 10 13 10 14 22 14 00 00

000:STREAM                     1283882003.256516
 10 13 10 14 22 14 00 00

000:STREAM                     1283882003.264535
 10 13 10 14 22 14 00 00

000:STREAM                     1283882003.272519
 10 10 10 14 22 14 00 00

000:STREAM                     1283882003.280523
 10 10 0B 14 26 14 00 00

000:STREAM                     1283882003.288524
 10 10 03 14 2F 14 00 00

000:STREAM                     1283882003.296544
 10 10 FE 13 2E 14 00 00

000:STREAM                     1283882003.304518
 10 10 F7 13 2F 14 00 00

000:STREAM                     1283882003.312522
 10 10 F7 13 2F 14 00 00

000:STREAM                     1283882003.320529
 10 10 F7 13 2F 14 00 00

000:STREAM                     1283882003.328547
 10 10 F7 13 2F 14 00 00

000:STREAM                     1283882003.336549
 10 10 F7 13 2F 14 00 00

000:STREAM                     1283882003.344532
 10 10 F7 13 2F 14 00 00

000:STREAM                     1283882003.352536
 10 10 F7 13 2F 14 00 00

000:STREAM                     1283882003.376538
 10 13 F7 13 2F 14 00 00

000:STREAM                     1283882003.384560
 10 13 F7 13 2F 14 00 00

000:STREAM                     1283882003.392559
 10 13 F7 13 2F 14 00 00

000:STREAM                     1283882003.400543
 10 13 F7 13 2F 14 00 00

000:STREAM                     1283882003.408544
 10 13 F7 13 2F 14 00 00

000:STREAM                     1283882003.416564
 10 13 02 14 2B 14 00 00

000:STREAM                     1283882003.424565
 10 13 11 14 24 14 00 00

000:STREAM                     1283882003.432548
 10 13 16 14 23 14 00 00

000:STREAM                     1283882003.440550
 10 13 1A 14 21 14 00 00

000:STREAM                     1283882003.448570
 10 13 1D 14 21 14 00 00

000:STREAM                     1283882003.456571
 10 13 1D 14 24 14 00 00

000:STREAM                     1283882003.464555
 10 13 1D 14 24 14 00 00

000:STREAM                     1283882003.472561
 10 13 1D 14 24 14 00 00

000:STREAM                     1283882003.480559
 10 13 1D 14 24 14 00 00

000:STREAM                     1283882003.488578
 10 13 1D 14 24 14 00 00

000:STREAM                     1283882003.496561
 10 13 1D 14 24 14 00 00

000:STREAM                     1283882003.504585
 10 13 1D 14 24 14 00 00

000:STREAM                     1283882003.512583
 10 10 1D 14 24 14 00 00

000:STREAM                     1283882003.520569
 10 10 1D 14 24 14 00 00

000:STREAM                     1283882003.528570
 10 10 1D 14 24 14 00 00

000:STREAM                     1283882003.536590
 10 10 0F 14 27 14 00 00

000:STREAM                     1283882003.544562
 10 10 07 14 29 14 00 00

000:STREAM                     1283882003.552575
 10 10 01 14 2B 14 00 00

000:STREAM                     1283882003.560577
 10 10 FF 13 29 14 00 00

000:STREAM                     1283882003.568596
 10 10 FC 13 28 14 00 00

000:STREAM                     1283882003.576598
 10 10 FC 13 27 14 00 00

000:STREAM                     1283882003.584569
 10 10 FC 13 27 14 00 00

000:STREAM                     1283882003.592570
 10 10 FC 13 27 14 00 00

000:STREAM                     1283882003.600575
 10 10 FC 13 27 14 00 00

000:STREAM                     1283882003.608591
 10 10 FC 13 27 14 00 00

000:STREAM                     1283882003.624609
 10 13 FC 13 27 14 00 00

000:STREAM                     1283882003.632603
 10 13 FC 13 27 14 00 00

000:STREAM                     1283882003.640591
 10 13 FC 13 27 14 00 00

000:STREAM                     1283882003.648593
 10 13 FC 13 27 14 00 00

000:STREAM                     1283882003.656613
 10 13 FC 13 27 14 00 00

000:STREAM                     1283882003.664586
 10 13 0D 14 25 14 00 00

000:STREAM                     1283882003.672598
 10 13 19 14 26 14 00 00

000:STREAM                     1283882003.680617
 10 13 1C 14 26 14 00 00

000:STREAM                     1283882003.688619
 10 13 1F 14 28 14 00 00

000:STREAM                     1283882003.696620
 10 13 20 14 27 14 00 00

000:STREAM                     1283882003.704591
 10 13 20 14 27 14 00 00

000:STREAM                     1283882003.712610
 10 13 20 14 27 14 00 00

000:STREAM                     1283882003.720600
 10 13 20 14 27 14 00 00

000:STREAM                     1283882003.728608
 10 13 20 14 27 14 00 00

000:STREAM                     1283882003.736631
 10 13 20 14 27 14 00 00

000:STREAM                     1283882003.744598
 10 13 20 14 27 14 00 00

000:STREAM                     1283882003.752632
 10 13 20 14 27 14 00 00

000:STREAM                     1283882003.760614
 10 13 20 14 27 14 00 00

000:STREAM                     1283882003.768616
 10 13 20 14 27 14 00 00

000:STREAM                     1283882003.776623
 10 10 02 14 2C 14 00 00

000:STREAM                     1283882003.784636
 10 10 03 14 2C 14 00 00

000:STREAM                     1283882003.792627
 10 10 02 14 2E 14 00 00

000:STREAM                     1283882003.800636
 10 10 02 14 2E 14 00 00

000:STREAM                     1283882003.808641
 10 10 02 14 2E 14 00 00

000:STREAM                     1283882003.816625
 10 10 02 14 2E 14 00 00

000:STREAM                     1283882003.824648
 10 10 02 14 2E 14 00 00

000:STREAM                     1283882003.832643
 10 10 02 14 2E 14 00 00

000:STREAM                     1283882003.840655
 10 10 02 14 2E 14 00 00

000:STREAM                     1283882003.848630
 10 10 02 14 2E 14 00 00

000:STREAM                     1283882003.856631
 10 10 04 14 28 14 00 00

000:STREAM                     1283882003.864656
 10 10 06 14 21 14 00 00

000:STREAM                     1283882003.872649
 10 10 09 14 1E 14 00 00

000:STREAM                     1283882003.888638
 10 13 09 14 1E 14 00 00

000:STREAM                     1283882003.896633
 10 13 09 14 1E 14 00 00

000:STREAM                     1283882003.904627
 10 13 09 14 1E 14 00 00

000:STREAM                     1283882003.912641
 10 13 09 14 1E 14 00 00

000:STREAM                     1283882003.920650
 10 13 09 14 1E 14 00 00

000:STREAM                     1283882003.928667
 10 13 10 14 1D 14 00 00

000:STREAM                     1283882003.936647
 10 13 18 14 21 14 00 00

000:STREAM                     1283882003.944636
 10 13 1C 14 20 14 00 00

000:STREAM                     1283882003.952655
 10 13 1E 14 20 14 00 00

000:STREAM                     1283882003.960668
 10 13 1E 14 20 14 00 00

000:STREAM                     1283882003.968654
 10 13 1E 14 20 14 00 00

000:STREAM                     1283882003.976654
 10 13 1E 14 20 14 00 00

000:STREAM                     1283882003.984679
 10 13 1E 14 20 14 00 00

000:STREAM                     1283882003.992672
 10 13 1E 14 20 14 00 00

000:STREAM                     1283882004.000659
 10 13 17 14 24 14 00 00

000:STREAM                     1283882004.008651
 10 10 09 14 27 14 00 00

000:STREAM                     1283882004.016683
 10 10 00 14 2F 14 00 00

000:STREAM                     1283882004.024681
 10 10 F9 13 33 14 00 00

000:STREAM                     1283882004.032661
 10 10 F0 13 33 14 00 00

000:STREAM                     1283882004.040671
 10 10 EF 13 34 14 00 00

000:STREAM                     1283882004.048690
 10 10 EE 13 32 14 00 00

000:STREAM                     1283882004.056669
 10 10 EE 13 32 14 00 00

000:STREAM                     1283882004.064659
 10 10 EE 13 32 14 00 00

000:STREAM                     1283882004.072702
 10 10 EE 13 32 14 00 00

000:STREAM                     1283882004.080691
 10 10 EE 13 32 14 00 00

000:STREAM                     1283882004.088675
 10 10 EE 13 32 14 00 00

000:STREAM                     1283882004.096677
 10 10 EE 13 32 14 00 00

000:STREAM                     1283882004.104670
 10 10 EE 13 32 14 00 00

000:STREAM                     1283882004.128688
 10 13 EE 13 32 14 00 00

000:STREAM                     1283882004.136702
 10 13 EE 13 32 14 00 00

000:STREAM                     1283882004.144672
 10 13 EE 13 32 14 00 00

000:STREAM                     1283882004.152685
 10 13 EE 13 32 14 00 00

000:STREAM                     1283882004.160709
 10 13 FB 13 2C 14 00 00

000:STREAM                     1283882004.168705
 10 13 0B 14 27 14 00 00

000:STREAM                     1283882004.176689
 10 13 0F 14 26 14 00 00

000:STREAM                     1283882004.184680
 10 13 13 14 25 14 00 00

000:STREAM                     1283882004.192715
 10 13 15 14 27 14 00 00

000:STREAM                     1283882004.200711
 10 13 15 14 27 14 00 00

000:STREAM                     1283882004.208694
 10 13 15 14 27 14 00 00

000:STREAM                     1283882004.216688
 10 13 15 14 27 14 00 00

000:STREAM                     1283882004.224716
 10 13 15 14 27 14 00 00

000:STREAM                     1283882004.232699
 10 13 15 14 27 14 00 00

000:STREAM                     1283882004.240700
 10 13 0C 14 2D 14 00 00

000:STREAM                     1283882004.248704
 10 13 05 14 35 14 00 00

000:STREAM                     1283882004.256721
 10 10 04 14 36 14 00 00

000:STREAM                     1283882004.264705
 10 10 FE 13 37 14 00 00

000:STREAM                     1283882004.272708
 10 10 FA 13 36 14 00 00

000:STREAM                     1283882004.280726
 10 10 F8 13 36 14 00 00

000:STREAM                     1283882004.288727
 10 10 F6 13 35 14 00 00

000:STREAM                     1283882004.296711
 10 10 F6 13 35 14 00 00

000:STREAM                     1283882004.304713
 10 10 F6 13 35 14 00 00

000:STREAM                     1283882004.312734
 10 10 F6 13 35 14 00 00

000:STREAM                     1283882004.320737
 10 10 F6 13 35 14 00 00

000:STREAM                     1283882004.328720
 10 10 F6 13 35 14 00 00

000:STREAM                     1283882004.336722
 10 10 F6 13 35 14 00 00

000:STREAM                     1283882004.344711
 10 10 FC 13 32 14 00 00

000:STREAM                     1283882004.352725
 10 10 FC 13 32 14 00 00

000:STREAM                     1283882004.368748
 10 13 FC 13 32 14 00 00

000:STREAM                     1283882004.376747
 10 13 FC 13 32 14 00 00

000:STREAM                     1283882004.384719
 10 13 FC 13 32 14 00 00

000:STREAM                     1283882004.392733
 10 13 FC 13 32 14 00 00

000:STREAM                     1283882004.400753
 10 13 FC 13 32 14 00 00

000:STREAM                     1283882004.408754
 10 13 04 14 30 14 00 00

000:STREAM                     1283882004.416736
 10 13 12 14 30 14 00 00

000:STREAM                     1283882004.424726
 10 13 18 14 2E 14 00 00

000:STREAM                     1283882004.432760
 10 13 18 14 2E 14 00 00

000:STREAM                     1283882004.440741
 10 13 18 14 2E 14 00 00

000:STREAM                     1283882004.448742
 10 13 18 14 2E 14 00 00

000:STREAM                     1283882004.456746
 10 13 18 14 2E 14 00 00

000:STREAM                     1283882004.464733
 10 13 18 14 2E 14 00 00

000:STREAM                     1283882004.472744
 10 13 18 14 2E 14 00 00

000:STREAM                     1283882004.480755
 10 13 18 14 2E 14 00 00

000:STREAM                     1283882004.488757
 10 13 18 14 2E 14 00 00

000:STREAM                     1283882004.496757
 10 13 18 14 2E 14 00 00

000:STREAM                     1283882004.504744
 10 10 18 14 2E 14 00 00

000:STREAM                     1283882004.512760
 10 10 18 14 2E 14 00 00

000:STREAM                     1283882004.520771
 10 10 18 14 2E 14 00 00

000:STREAM                     1283882004.528775
 10 10 18 14 2E 14 00 00

000:STREAM                     1283882004.536751
 10 10 18 14 2E 14 00 00

000:STREAM                     1283882004.544743
 10 10 0D 14 35 14 00 00

000:STREAM                     1283882004.552746
 10 10 08 14 37 14 00 00

000:STREAM                     1283882004.560752
 10 10 06 14 37 14 00 00

000:STREAM                     1283882004.568789
 10 10 06 14 37 14 00 00

000:STREAM                     1283882004.576785
 10 10 06 14 37 14 00 00

000:STREAM                     1283882004.584786
 10 10 06 14 37 14 00 00

000:STREAM                     1283882004.592759
 10 10 06 14 37 14 00 00

000:STREAM                     1283882004.600764
 10 10 06 14 37 14 00 00

000:STREAM                     1283882004.616781
 10 13 06 14 37 14 00 00

000:STREAM                     1283882004.624759
 10 13 06 14 37 14 00 00

000:STREAM                     1283882004.632764
 10 13 06 14 37 14 00 00

000:STREAM                     1283882004.640773
 10 13 06 14 37 14 00 00

000:STREAM                     1283882004.648781
 10 13 12 14 2D 14 00 00

000:STREAM                     1283882004.656770
 10 13 1D 14 27 14 00 00

000:STREAM                     1283882004.664757
 10 13 27 14 1E 14 00 00

000:STREAM                     1283882004.672771
 10 13 2D 14 18 14 00 00

000:STREAM                     1283882004.680777
 10 13 2E 14 17 14 00 00

000:STREAM                     1283882004.688811
 10 13 2E 14 13 14 00 00

000:STREAM                     1283882004.696804
 10 13 2E 14 13 14 00 00

000:STREAM                     1283882004.704805
 10 13 2E 14 13 14 00 00

000:STREAM                     1283882004.712770
 10 13 2E 14 13 14 00 00

000:STREAM                     1283882004.720779
 10 13 2E 14 13 14 00 00

000:STREAM                     1283882004.728802
 10 13 2E 14 13 14 00 00

000:STREAM                     1283882004.736798
 10 13 2E 14 13 14 00 00

000:STREAM                     1283882004.744793
 10 13 23 14 1A 14 00 00

000:STREAM                     1283882004.752805
 10 10 1A 14 20 14 00 00

000:STREAM                     1283882004.760819
 10 10 12 14 23 14 00 00

000:STREAM                     1283882004.768803
 10 10 12 14 23 14 00 00

000:STREAM                     1283882004.776796
 10 10 0C 14 24 14 00 00

000:STREAM                     1283882004.784789
 10 10 09 14 25 14 00 00

000:STREAM                     1283882004.792792
 10 10 06 14 24 14 00 00

000:STREAM                     1283882004.800796
 10 10 04 14 23 14 00 00

000:STREAM                     1283882004.808833
 10 10 04 14 23 14 00 00

000:STREAM                     1283882004.816829
 10 10 04 14 23 14 00 00

000:STREAM                     1283882004.824835
 10 10 04 14 23 14 00 00

000:STREAM                     1283882004.832804
 10 10 04 14 23 14 00 00

000:STREAM                     1283882004.840805
 10 10 04 14 23 14 00 00

000:STREAM                     1283882004.856802
 10 13 04 14 23 14 00 00

000:STREAM                     1283882004.864812
 10 13 04 14 23 14 00 00

000:STREAM                     1283882004.872836
 10 13 04 14 23 14 00 00

000:STREAM                     1283882004.880841
 10 13 04 14 23 14 00 00

000:STREAM                     1283882004.888825
 10 13 04 14 23 14 00 00

000:STREAM                     1283882004.896820
 10 13 0C 14 23 14 00 00

000:STREAM                     1283882004.904850
 10 13 18 14 21 14 00 00

000:STREAM                     1283882004.912844
 10 13 1E 14 25 14 00 00

000:STREAM                     1283882004.920825
 10 13 22 14 24 14 00 00

000:STREAM                     1283882004.928820
 10 13 22 14 24 14 00 00

000:STREAM                     1283882004.936854
 10 13 22 14 24 14 00 00

000:STREAM                     1283882004.944819
 10 13 22 14 24 14 00 00

000:STREAM                     1283882004.952831
 10 13 22 14 24 14 00 00

000:STREAM                     1283882004.960827
 10 13 22 14 24 14 00 00

000:STREAM                     1283882004.968860
 10 13 22 14 24 14 00 00

000:STREAM                     1283882004.976842
 10 13 1C 14 27 14 00 00

000:STREAM                     1283882004.984833
 10 13 12 14 2C 14 00 00

000:STREAM                     1283882004.992836
 10 13 0E 14 2A 14 00 00

000:STREAM                     1283882005.000844
 10 10 00 14 3E 14 00 00

000:STREAM                     1283882005.008827
 10 10 FD 13 3B 14 00 00

000:STREAM                     1283882005.016840
 10 10 FD 13 3C 14 00 00

000:STREAM                     1283882005.024871
 10 10 FB 13 3A 14 00 00

000:STREAM                     1283882005.032839
 10 10 FA 13 39 14 00 00

000:STREAM                     1283882005.040848
 10 10 FA 13 39 14 00 00

000:STREAM                     1283882005.048846
 10 10 FA 13 39 14 00 00

000:STREAM                     1283882005.056877
 10 10 FA 13 39 14 00 00

000:STREAM                     1283882005.064858
 10 10 FA 13 39 14 00 00

000:STREAM                     1283882005.072840
 10 10 FA 13 39 14 00 00

000:STREAM                     1283882005.080856
 10 10 FA 13 39 14 00 00

000:STREAM                     1283882005.104855
 10 13 FA 13 39 14 00 00

000:STREAM                     1283882005.112896
 10 13 FA 13 39 14 00 00

000:STREAM                     1283882005.120856
 10 13 FA 13 39 14 00 00

000:STREAM                     1283882005.128871
 10 13 FA 13 39 14 00 00

000:STREAM                     1283882005.136860
 10 13 06 14 38 14 00 00

000:STREAM                     1283882005.144859
 10 13 09 14 37 14 00 00

000:STREAM                     1283882005.152866
 10 13 17 14 39 14 00 00

000:STREAM                     1283882005.160867
 10 13 1D 14 3A 14 00 00

000:STREAM                     1283882005.168870
 10 13 1E 14 3A 14 00 00

000:STREAM                     1283882005.176868
 10 13 1E 14 3A 14 00 00

000:STREAM                     1283882005.184877
 10 13 1E 14 3A 14 00 00

000:STREAM                     1283882005.192872
 10 13 1E 14 3A 14 00 00

000:STREAM                     1283882005.200875
 10 13 1E 14 3A 14 00 00

000:STREAM                     1283882005.208908
 10 13 1E 14 3A 14 00 00

000:STREAM                     1283882005.216895
 10 13 15 14 3E 14 00 00

000:STREAM                     1283882005.224891
 10 13 0F 14 44 14 00 00

000:STREAM                     1283882005.232884
 10 13 02 14 49 14 00 00

000:STREAM                     1283882005.240909
 10 10 F9 13 4E 14 00 00

000:STREAM                     1283882005.248878
 10 10 F2 13 52 14 00 00

000:STREAM                     1283882005.256881
 10 10 EC 13 52 14 00 00

000:STREAM                     1283882005.264916
 10 10 E9 13 53 14 00 00

000:STREAM                     1283882005.272880
 10 10 E6 13 55 14 00 00

000:STREAM                     1283882005.280896
 10 10 E6 13 55 14 00 00

000:STREAM                     1283882005.288899
 10 10 E6 13 55 14 00 00

000:STREAM                     1283882005.296889
 10 10 E6 13 55 14 00 00

000:STREAM                     1283882005.304900
 10 10 E6 13 55 14 00 00

000:STREAM                     1283882005.312881
 10 10 E6 13 55 14 00 00

000:STREAM                     1283882005.320928
 10 10 E6 13 55 14 00 00

000:STREAM                     1283882005.336906
 10 13 E6 13 55 14 00 00

000:STREAM                     1283882005.344906
 10 13 E6 13 55 14 00 00

000:STREAM                     1283882005.352888
 10 13 E6 13 55 14 00 00

000:STREAM                     1283882005.360928
 10 13 E6 13 55 14 00 00

000:STREAM                     1283882005.368912
 10 13 E6 13 55 14 00 00

000:STREAM                     1283882005.376914
 10 13 F4 13 55 14 00 00

000:STREAM                     1283882005.384933
 10 13 F4 13 55 14 00 00

000:STREAM                     1283882005.392895
 10 13 F4 13 55 14 00 00

000:STREAM                     1283882005.400918
 10 13 F4 13 55 14 00 00

000:STREAM                     1283882005.408921
 10 13 F4 13 55 14 00 00

000:STREAM                     1283882005.416939
 10 13 F4 13 55 14 00 00

000:STREAM                     1283882005.424923
 10 13 F4 13 55 14 00 00

000:STREAM                     1283882005.432903
 10 13 F4 13 55 14 00 00

000:STREAM                     1283882005.440949
 10 13 F4 13 55 14 00 00

000:STREAM                     1283882005.448945
 10 13 EF 13 5B 14 00 00

000:STREAM                     1283882005.456928
 10 13 E9 13 62 14 00 00

000:STREAM                     1283882005.464930
 10 10 EB 13 63 14 00 00

000:STREAM                     1283882005.472915
 10 10 E6 13 65 14 00 00

000:STREAM                     1283882005.480955
 10 10 E0 13 67 14 00 00

000:STREAM                     1283882005.488934
 10 10 DF 13 68 14 00 00

000:STREAM                     1283882005.496940
 10 10 DF 13 68 14 00 00

000:STREAM                     1283882005.504958
 10 10 DF 13 68 14 00 00

000:STREAM                     1283882005.512918
 10 10 DF 13 68 14 00 00

000:STREAM                     1283882005.520937
 10 10 DF 13 68 14 00 00

000:STREAM                     1283882005.528938
 10 10 DF 13 68 14 00 00

000:STREAM                     1283882005.536961
 10 10 DF 13 68 14 00 00

000:STREAM                     1283882005.544944
 10 10 E7 13 5D 14 00 00

000:STREAM                     1283882005.552922
 10 10 EC 13 59 14 00 00

000:STREAM                     1283882005.568974
 10 13 EC 13 59 14 00 00

000:STREAM                     1283882005.576951
 10 13 EC 13 59 14 00 00

000:STREAM                     1283882005.584943
 10 13 EC 13 59 14 00 00

000:STREAM                     1283882005.592936
 10 13 EC 13 59 14 00 00

000:STREAM                     1283882005.600955
 10 13 EC 13 59 14 00 00

000:STREAM                     1283882005.608956
 10 13 F5 13 54 14 00 00

000:STREAM                     1283882005.616982
 10 13 02 14 4D 14 00 00

000:STREAM                     1283882005.624978
 10 13 06 14 4B 14 00 00

000:STREAM                     1283882005.632940
 10 13 08 14 48 14 00 00

000:STREAM                     1283882005.640959
 10 13 09 14 48 14 00 00

000:STREAM                     1283882005.648976
 10 13 09 14 48 14 00 00

000:STREAM                     1283882005.656971
 10 13 09 14 48 14 00 00

000:STREAM                     1283882005.664958
 10 13 09 14 48 14 00 00

000:STREAM                     1283882005.672957
 10 13 09 14 48 14 00 00

000:STREAM                     1283882005.680988
 10 13 09 14 48 14 00 00

000:STREAM                     1283882005.688990
 10 13 09 14 48 14 00 00

000:STREAM                     1283882005.696965
 10 10 EA 13 5E 14 00 00

000:STREAM                     1283882005.704947
 10 10 EA 13 5E 14 00 00

000:STREAM                     1283882005.712951
 10 10 E9 13 60 14 00 00

000:STREAM                     1283882005.720965
 10 10 E9 13 61 14 00 00

000:STREAM                     1283882005.728975
 10 10 E6 13 60 14 00 00

000:STREAM                     1283882005.737006
 10 10 E5 13 5E 14 00 00

000:STREAM                     1283882005.745003
 10 10 E4 13 5D 14 00 00

000:STREAM                     1283882005.752965
 10 10 E4 13 5D 14 00 00

000:STREAM                     1283882005.760976
 10 10 E4 13 5D 14 00 00

000:STREAM                     1283882005.768999
 10 10 E4 13 5D 14 00 00

000:STREAM                     1283882005.776996
 10 10 E4 13 5D 14 00 00

000:STREAM                     1283882005.784984
 10 10 E4 13 5D 14 00 00

000:STREAM                     1283882005.793022
 10 10 E4 13 5D 14 00 00

000:STREAM                     1283882005.801011
 10 10 E4 13 5D 14 00 00

000:STREAM                     1283882005.824996
 10 13 E4 13 5D 14 00 00

000:STREAM                     1283882005.832983
 10 13 E4 13 5D 14 00 00

000:STREAM                     1283882005.841001
 10 13 E4 13 5D 14 00 00

000:STREAM                     1283882005.848996
 10 13 E4 13 5D 14 00 00

000:STREAM                     1283882005.857001
 10 13 E4 13 5D 14 00 00

000:STREAM                     1283882005.865029
 10 13 E4 13 5D 14 00 00

000:STREAM                     1283882005.872986
 10 13 EB 13 5B 14 00 00

000:STREAM                     1283882005.881001
 10 13 EB 13 5B 14 00 00

000:STREAM                     1283882005.889023
 10 13 EB 13 5B 14 00 00

000:STREAM                     1283882005.897019
 10 13 EB 13 5B 14 00 00

000:STREAM                     1283882005.905006
 10 13 EB 13 5B 14 00 00

000:STREAM                     1283882005.913016
 10 10 EB 13 5B 14 00 00

000:STREAM                     1283882005.921033
 10 10 EB 13 5B 14 00 00

000:STREAM                     1283882005.929038
 10 10 E7 13 61 14 00 00

000:STREAM                     1283882005.937014
 10 10 E5 13 65 14 00 00

000:STREAM                     1283882005.944993
 10 10 E1 13 69 14 00 00

000:STREAM                     1283882005.952997
 10 10 DF 13 6B 14 00 00

000:STREAM                     1283882005.961011
 10 10 DF 13 6B 14 00 00

000:STREAM                     1283882005.969059
 10 10 DF 13 6B 14 00 00

000:STREAM                     1283882005.977049
 10 10 DF 13 6B 14 00 00

000:STREAM                     1283882005.985049
 10 10 DF 13 6B 14 00 00

000:STREAM                     1283882005.993008
 10 10 DF 13 6B 14 00 00

000:STREAM                     1283882006.001023
 10 10 DF 13 6B 14 00 00

000:STREAM                     1283882006.009044
 10 10 DF 13 6B 14 00 00

000:STREAM                     1283882006.025030
 10 13 DF 13 6B 14 00 00

000:STREAM                     1283882006.033020
 10 13 DF 13 6B 14 00 00

000:STREAM                     1283882006.041056
 10 13 DF 13 6B 14 00 00

000:STREAM                     1283882006.049030
 10 13 DF 13 6B 14 00 00

000:STREAM                     1283882006.057033
 10 13 EF 13 65 14 00 00

000:STREAM                     1283882006.065017
 10 13 FD 13 61 14 00 00

000:STREAM                     1283882006.073020
 10 13 0B 14 5A 14 00 00

000:STREAM                     1283882006.081045
 10 13 12 14 57 14 00 00

000:STREAM                     1283882006.089039
 10 13 14 14 57 14 00 00

000:STREAM                     1283882006.097060
 10 13 16 14 58 14 00 00

000:STREAM                     1283882006.105037
 10 13 16 14 58 14 00 00

000:STREAM                     1283882006.113021
 10 13 16 14 58 14 00 00

000:STREAM                     1283882006.121078
 10 13 16 14 58 14 00 00

000:STREAM                     1283882006.129072
 10 13 16 14 58 14 00 00

000:STREAM                     1283882006.137074
 10 13 16 14 58 14 00 00

000:STREAM                     1283882006.145050
 10 13 10 14 5E 14 00 00

000:STREAM                     1283882006.153040
 10 13 02 14 64 14 00 00

000:STREAM                     1283882006.161070
 10 13 F7 13 6B 14 00 00

000:STREAM                     1283882006.169043
 10 13 F6 13 6C 14 00 00

000:STREAM                     1283882006.177093
 10 10 ED 13 6D 14 00 00

000:STREAM                     1283882006.185087
 10 10 E6 13 70 14 00 00

000:STREAM                     1283882006.193046
 10 10 E1 13 73 14 00 00

000:STREAM                     1283882006.201068
 10 10 DC 13 74 14 00 00

000:STREAM                     1283882006.209066
 10 10 DA 13 74 14 00 00

000:STREAM                     1283882006.217084
 10 10 D3 13 74 14 00 00

000:STREAM                     1283882006.225054
 10 10 D3 13 74 14 00 00

000:STREAM                     1283882006.233043
 10 10 D3 13 74 14 00 00

000:STREAM                     1283882006.241096
 10 10 D3 13 74 14 00 00

000:STREAM                     1283882006.249095
 10 10 D3 13 74 14 00 00

000:STREAM                     1283882006.257096
 10 10 D3 13 74 14 00 00

