000:STREAM                     1283881968.930095
 10 10 61 18 C7 11 00 00

000:STREAM                     1283881968.938102
 10 10 5B 18 D1 11 00 00

000:STREAM                     1283881968.946104
 10 10 5B 18 D1 11 00 00

000:STREAM                     1283881968.954083
 10 10 5B 18 D1 11 00 00

000:STREAM                     1283881968.962081
 10 10 5B 18 D1 11 00 00

000:STREAM                     1283881968.970092
 10 10 5B 18 D1 11 00 00

000:STREAM                     1283881968.978092
 10 10 5D 18 DA 11 00 00

000:STREAM                     1283881968.986101
 10 10 5D 18 DA 11 00 00

000:STREAM                     1283881968.994115
 10 10 5D 18 DA 11 00 00

000:STREAM                     1283881969.002079
 10 10 5D 18 DA 11 00 00

000:STREAM                     1283881969.010099
 10 10 5D 18 DA 11 00 00

000:STREAM                     1283881969.018120
 10 10 5D 18 DA 11 00 00

000:STREAM                     1283881969.026119
 10 10 5D 18 DA 11 00 00

000:STREAM                     1283881969.034102
 10 10 5D 18 DA 11 00 00

000:STREAM                     1283881969.042104
 10 10 5D 18 DA 11 00 00

000:STREAM                     1283881969.050101
 10 10 5D 18 DA 11 00 00

000:STREAM                     1283881969.058128
 10 10 5D 18 DA 11 00 00

000:STREAM                     1283881969.066099
 10 10 5D 18 DA 11 00 00

000:STREAM                     1283881969.074115
 10 10 5D 18 DA 11 00 00

000:STREAM                     1283881969.082134
 10 10 5D 18 DA 11 00 00

000:STREAM                     1283881969.090134
 10 10 5D 18 DA 11 00 00

000:STREAM                     1283881969.098118
 10 10 5D 18 DA 11 00 00

000:STREAM                     1283881969.106137
 10 10 5D 18 DA 11 00 00

000:STREAM                     1283881969.114118
 10 10 5D 18 DA 11 00 00

000:STREAM                     1283881969.122119
 10 10 5D 18 DA 11 00 00

000:STREAM                     1283881969.130120
 10 10 5D 18 DA 11 00 00

000:STREAM                     1283881969.138141
 10 10 5D 18 DA 11 00 00

000:STREAM                     1283881969.146141
 10 10 5D 18 DA 11 00 00

000:STREAM                     1283881969.154125
 10 10 5D 18 DA 11 00 00

000:STREAM                     1283881969.162147
 10 10 5D 18 DA 11 00 00

000:STREAM                     1283881969.170119
 10 10 5D 18 DA 11 00 00

000:STREAM                     1283881969.178147
 10 10 60 18 DA 11 00 00

000:STREAM                     1283881969.186131
 10 10 61 18 D9 11 00 00

000:STREAM                     1283881969.194136
 10 10 61 18 D9 11 00 00

000:STREAM                     1283881969.202153
 10 10 61 18 D9 11 00 00

000:STREAM                     1283881969.210139
 10 10 61 18 D9 11 00 00

000:STREAM                     1283881969.218137
 10 10 61 18 D9 11 00 00

000:STREAM                     1283881969.226145
 10 10 61 18 D9 11 00 00

000:STREAM                     1283881969.234142
 10 10 61 18 D9 11 00 00

000:STREAM                     1283881969.242129
 10 10 61 18 D9 11 00 00

000:STREAM                     1283881969.250136
 10 10 61 18 D9 11 00 00

000:STREAM                     1283881969.258171
 10 10 5F 18 D9 11 00 00

000:STREAM                     1283881969.266170
 10 10 5F 18 DB 11 00 00

000:STREAM                     1283881969.274150
 10 10 5F 18 DB 11 00 00

000:STREAM                     1283881969.282148
 10 10 5F 18 DB 11 00 00

000:STREAM                     1283881969.290169
 10 10 5F 18 DB 11 00 00

000:STREAM                     1283881969.298182
 10 10 5F 18 DB 11 00 00

000:STREAM                     1283881969.306156
 10 10 5F 18 DB 11 00 00

000:STREAM                     1283881969.314180
 10 10 5F 18 DB 11 00 00

000:STREAM                     1283881969.322176
 10 10 5F 18 DB 11 00 00

000:STREAM                     1283881969.330158
 10 10 5F 18 DB 11 00 00

000:STREAM                     1283881969.338156
 10 10 5F 18 DB 11 00 00

000:STREAM                     1283881969.346163
 10 10 6B 18 DE 11 00 00

000:STREAM                     1283881969.354151
 10 10 68 18 E0 11 00 00

000:STREAM                     1283881969.362165
 10 10 66 18 E1 11 00 00

000:STREAM                     1283881969.370183
 10 10 66 18 E1 11 00 00

000:STREAM                     1283881969.378185
 10 10 66 18 E1 11 00 00

000:STREAM                     1283881969.386159
 10 10 66 18 E1 11 00 00

000:STREAM                     1283881969.394170
 10 10 66 18 E1 11 00 00

000:STREAM                     1283881969.402191
 10 10 66 18 E1 11 00 00

000:STREAM                     1283881969.410198
 10 10 66 18 E1 11 00 00

000:STREAM                     1283881969.418174
 10 10 66 18 E1 11 00 00

000:STREAM                     1283881969.426175
 10 10 66 18 E1 11 00 00

000:STREAM                     1283881969.434204
 10 10 66 18 E1 11 00 00

000:STREAM                     1283881969.442196
 10 10 66 18 E1 11 00 00

000:STREAM                     1283881969.450175
 10 10 66 18 E1 11 00 00

000:STREAM                     1283881969.458206
 10 10 66 18 E1 11 00 00

000:STREAM                     1283881969.466174
 10 10 66 18 E1 11 00 00

000:STREAM                     1283881969.474203
 10 10 66 18 E1 11 00 00

000:STREAM                     1283881969.482186
 10 10 66 18 E1 11 00 00

000:STREAM                     1283881969.490188
 10 10 66 18 E1 11 00 00

000:STREAM                     1283881969.498208
 10 10 66 18 E1 11 00 00

000:STREAM                     1283881969.506186
 10 10 66 18 E1 11 00 00

000:STREAM                     1283881969.514196
 10 10 66 18 E1 11 00 00

000:STREAM                     1283881969.522198
 10 10 66 18 E1 11 00 00

000:STREAM                     1283881969.530217
 10 10 66 18 E1 11 00 00

000:STREAM                     1283881969.538201
 10 10 65 18 E0 11 00 00

000:STREAM                     1283881969.546193
 10 10 65 18 E0 11 00 00

000:STREAM                     1283881969.554212
 10 10 65 18 E0 11 00 00

000:STREAM                     1283881969.562207
 10 10 65 18 E0 11 00 00

000:STREAM                     1283881969.570224
 10 10 65 18 E0 11 00 00

000:STREAM                     1283881969.578208
 10 10 65 18 E0 11 00 00

000:STREAM                     1283881969.586221
 10 10 65 18 E0 11 00 00

000:STREAM                     1283881969.594231
 10 10 65 18 E0 11 00 00

000:STREAM                     1283881969.602205
 10 12 65 18 E0 11 00 00

000:STREAM                     1283881969.610197
 10 12 65 18 E0 11 00 00

000:STREAM                     1283881969.618217
 10 12 65 18 E0 11 00 00

000:STREAM                     1283881969.626226
 10 12 65 18 E0 11 00 00

000:STREAM                     1283881969.634204
 10 12 65 18 E0 11 00 00

000:STREAM                     1283881969.642213
 10 12 6E 18 DD 11 00 00

000:STREAM                     1283881969.650236
 10 12 79 18 D4 11 00 00

000:STREAM                     1283881969.658220
 10 12 7E 18 CD 11 00 00

000:STREAM                     1283881969.666221
 10 12 80 18 CC 11 00 00

000:STREAM                     1283881969.674246
 10 12 82 18 C9 11 00 00

000:STREAM                     1283881969.682215
 10 12 87 18 C7 11 00 00

000:STREAM                     1283881969.690229
 10 12 88 18 CA 11 00 00

000:STREAM                     1283881969.698232
 10 12 88 18 CA 11 00 00

000:STREAM                     1283881969.706219
 10 12 88 18 CA 11 00 00

000:STREAM                     1283881969.714234
 10 12 88 18 CA 11 00 00

000:STREAM                     1283881969.722233
 10 12 88 18 CA 11 00 00

000:STREAM                     1283881969.730240
 10 12 88 18 CA 11 00 00

000:STREAM                     1283881969.738256
 10 12 7E 18 D0 11 00 00

000:STREAM                     1283881969.746231
 10 12 6C 18 E0 11 00 00

000:STREAM                     1283881969.754241
 10 12 63 18 E3 11 00 00

000:STREAM                     1283881969.762231
 10 12 56 18 EB 11 00 00

000:STREAM                     1283881969.770262
 10 12 4A 18 F2 11 00 00

000:STREAM                     1283881969.778246
 10 10 2D 18 FB 11 00 00

000:STREAM                     1283881969.786238
 10 10 33 18 FC 11 00 00

000:STREAM                     1283881969.794267
 10 10 32 18 FC 11 00 00

000:STREAM                     1283881969.802238
 10 10 32 18 FC 11 00 00

000:STREAM                     1283881969.810248
 10 10 32 18 FC 11 00 00

000:STREAM                     1283881969.818247
 10 10 32 18 FC 11 00 00

000:STREAM                     1283881969.826245
 10 10 32 18 FC 11 00 00

000:STREAM                     1283881969.834252
 10 10 20 18 FB 11 00 00

000:STREAM                     1283881969.842242
 10 10 15 18 FA 11 00 00

000:STREAM                     1283881969.850277
 10 10 11 18 FB 11 00 00

000:STREAM                     1283881969.858278
 10 10 08 18 FF 11 00 00

000:STREAM                     1283881969.866252
 10 10 02 18 04 12 00 00

000:STREAM                     1283881969.874263
 10 10 FA 17 09 12 00 00

000:STREAM                     1283881969.882260
 10 10 F7 17 0D 12 00 00

000:STREAM                     1283881969.890284
 10 10 F7 17 0D 12 00 00

000:STREAM                     1283881969.898267
 10 10 F7 17 0D 12 00 00

000:STREAM                     1283881969.906256
 10 10 F7 17 0D 12 00 00

000:STREAM                     1283881969.922270
 10 12 F7 17 0D 12 00 00

000:STREAM                     1283881969.930270
 10 12 F7 17 0D 12 00 00

000:STREAM                     1283881969.938277
 10 12 F7 17 0D 12 00 00

000:STREAM                     1283881969.946300
 10 12 F7 17 0D 12 00 00

000:STREAM                     1283881969.954266
 10 12 F7 17 0D 12 00 00

000:STREAM                     1283881969.962268
 10 12 0F 18 FF 11 00 00

000:STREAM                     1283881969.970297
 10 12 1B 18 FC 11 00 00

000:STREAM                     1283881969.978301
 10 12 22 18 FD 11 00 00

000:STREAM                     1283881969.986281
 10 12 26 18 FC 11 00 00

000:STREAM                     1283881969.994265
 10 12 27 18 FE 11 00 00

000:STREAM                     1283881970.002276
 10 12 27 18 FE 11 00 00

000:STREAM                     1283881970.010309
 10 12 27 18 FE 11 00 00

000:STREAM                     1283881970.018290
 10 12 27 18 FE 11 00 00

000:STREAM                     1283881970.026314
 10 12 27 18 FE 11 00 00

000:STREAM                     1283881970.034311
 10 12 1A 18 02 12 00 00

000:STREAM                     1283881970.042280
 10 12 13 18 09 12 00 00

000:STREAM                     1283881970.050297
 10 12 0F 18 11 12 00 00

000:STREAM                     1283881970.058302
 10 12 0C 18 12 12 00 00

000:STREAM                     1283881970.066317
 10 12 0A 18 12 12 00 00

000:STREAM                     1283881970.074300
 10 12 05 18 14 12 00 00

000:STREAM                     1283881970.082290
 10 12 FF 17 15 12 00 00

000:STREAM                     1283881970.090322
 10 12 FD 17 17 12 00 00

000:STREAM                     1283881970.098329
 10 12 FA 17 18 12 00 00

000:STREAM                     1283881970.106307
 10 12 F6 17 15 12 00 00

000:STREAM                     1283881970.114301
 10 12 F4 17 16 12 00 00

000:STREAM                     1283881970.122298
 10 12 F4 17 16 12 00 00

000:STREAM                     1283881970.130308
 10 12 F4 17 16 12 00 00

000:STREAM                     1283881970.138309
 10 12 F4 17 16 12 00 00

000:STREAM                     1283881970.146332
 10 12 F4 17 16 12 00 00

000:STREAM                     1283881970.154334
 10 12 F4 17 16 12 00 00

000:STREAM                     1283881970.162316
 10 12 F4 17 16 12 00 00

000:STREAM                     1283881970.170316
 10 12 F4 17 16 12 00 00

000:STREAM                     1283881970.178338
 10 12 F4 17 16 12 00 00

000:STREAM                     1283881970.186341
 10 12 EC 17 19 12 00 00

000:STREAM                     1283881970.194320
 10 12 E4 17 1C 12 00 00

000:STREAM                     1283881970.202323
 10 12 DF 17 22 12 00 00

000:STREAM                     1283881970.210345
 10 12 DD 17 22 12 00 00

000:STREAM                     1283881970.218342
 10 12 DF 17 25 12 00 00

000:STREAM                     1283881970.226316
 10 12 DF 17 25 12 00 00

000:STREAM                     1283881970.234346
 10 12 DF 17 25 12 00 00

000:STREAM                     1283881970.242322
 10 12 DF 17 25 12 00 00

000:STREAM                     1283881970.250336
 10 12 DF 17 25 12 00 00

000:STREAM                     1283881970.258335
 10 12 DF 17 25 12 00 00

000:STREAM                     1283881970.266357
 10 12 DF 17 25 12 00 00

000:STREAM                     1283881970.274356
 10 12 DF 17 25 12 00 00

000:STREAM                     1283881970.282333
 10 12 DF 17 25 12 00 00

000:STREAM                     1283881970.290330
 10 12 E6 17 1F 12 00 00

000:STREAM                     1283881970.298361
 10 12 EC 17 18 12 00 00

000:STREAM                     1283881970.306365
 10 12 F4 17 13 12 00 00

000:STREAM                     1283881970.314346
 10 12 F6 17 0D 12 00 00

000:STREAM                     1283881970.322334
 10 12 F5 17 0B 12 00 00

000:STREAM                     1283881970.330364
 10 12 F5 17 0B 12 00 00

000:STREAM                     1283881970.338341
 10 10 F5 17 0B 12 00 00

000:STREAM                     1283881970.346350
 10 10 F5 17 0B 12 00 00

000:STREAM                     1283881970.354368
 10 10 F5 17 0B 12 00 00

000:STREAM                     1283881970.362375
 10 10 F5 17 0B 12 00 00

000:STREAM                     1283881970.370356
 10 10 F5 17 0B 12 00 00

000:STREAM                     1283881970.378354
 10 10 E6 17 15 12 00 00

000:STREAM                     1283881970.386361
 10 10 DC 17 1B 12 00 00

000:STREAM                     1283881970.394376
 10 10 D8 17 1B 12 00 00

000:STREAM                     1283881970.402356
 10 10 D7 17 1A 12 00 00

000:STREAM                     1283881970.410364
 10 10 D7 17 1C 12 00 00

000:STREAM                     1283881970.418380
 10 10 D7 17 1C 12 00 00

000:STREAM                     1283881970.426381
 10 10 D7 17 1C 12 00 00

000:STREAM                     1283881970.434360
 10 10 D7 17 1C 12 00 00

000:STREAM                     1283881970.442363
 10 10 D7 17 1C 12 00 00

000:STREAM                     1283881970.450386
 10 10 D7 17 1C 12 00 00

000:STREAM                     1283881970.466362
 10 12 D7 17 1C 12 00 00

000:STREAM                     1283881970.474396
 10 12 D7 17 1C 12 00 00

000:STREAM                     1283881970.482372
 10 12 D7 17 1C 12 00 00

000:STREAM                     1283881970.490379
 10 12 D7 17 1C 12 00 00

000:STREAM                     1283881970.498399
 10 12 E3 17 21 12 00 00

000:STREAM                     1283881970.506399
 10 12 F0 17 27 12 00 00

000:STREAM                     1283881970.514401
 10 12 F9 17 2D 12 00 00

000:STREAM                     1283881970.522370
 10 12 FC 17 2F 12 00 00

000:STREAM                     1283881970.530403
 10 12 FD 17 33 12 00 00

000:STREAM                     1283881970.538405
 10 12 FC 17 35 12 00 00

000:STREAM                     1283881970.546376
 10 12 F7 17 37 12 00 00

000:STREAM                     1283881970.554423
 10 12 F7 17 38 12 00 00

000:STREAM                     1283881970.562412
 10 12 F7 17 38 12 00 00

000:STREAM                     1283881970.570411
 10 12 F7 17 38 12 00 00

000:STREAM                     1283881970.578395
 10 12 F7 17 38 12 00 00

000:STREAM                     1283881970.586396
 10 12 F7 17 38 12 00 00

000:STREAM                     1283881970.594428
 10 12 F7 17 38 12 00 00

000:STREAM                     1283881970.602395
 10 12 F7 17 38 12 00 00

000:STREAM                     1283881970.610401
 10 10 F7 17 38 12 00 00

000:STREAM                     1283881970.618402
 10 10 F7 17 38 12 00 00

000:STREAM                     1283881970.626423
 10 10 ED 17 35 12 00 00

000:STREAM                     1283881970.634423
 10 10 E6 17 30 12 00 00

000:STREAM                     1283881970.642398
 10 10 E0 17 30 12 00 00

000:STREAM                     1283881970.650386
 10 10 DD 17 2C 12 00 00

000:STREAM                     1283881970.658425
 10 10 DD 17 2C 12 00 00

000:STREAM                     1283881970.666407
 10 10 DD 17 2C 12 00 00

000:STREAM                     1283881970.674410
 10 10 DD 17 2C 12 00 00

000:STREAM                     1283881970.682416
 10 10 DD 17 2C 12 00 00

000:STREAM                     1283881970.690430
 10 10 DD 17 2C 12 00 00

000:STREAM                     1283881970.698405
 10 10 DD 17 2C 12 00 00

000:STREAM                     1283881970.706406
 10 10 DD 17 2C 12 00 00

000:STREAM                     1283881970.714415
 10 10 DF 17 2E 12 00 00

000:STREAM                     1283881970.738421
 10 12 DF 17 2E 12 00 00

000:STREAM                     1283881970.746445
 10 12 DF 17 2E 12 00 00

000:STREAM                     1283881970.754446
 10 12 DF 17 2E 12 00 00

000:STREAM                     1283881970.762422
 10 12 DF 17 2E 12 00 00

000:STREAM                     1283881970.770429
 10 12 E9 17 2C 12 00 00

000:STREAM                     1283881970.778450
 10 12 F5 17 2A 12 00 00

000:STREAM                     1283881970.786434
 10 12 F8 17 29 12 00 00

000:STREAM                     1283881970.794435
 10 12 F7 17 25 12 00 00

000:STREAM                     1283881970.802433
 10 12 F7 17 25 12 00 00

000:STREAM                     1283881970.810453
 10 12 F7 17 25 12 00 00

000:STREAM                     1283881970.818431
 10 12 F7 17 25 12 00 00

000:STREAM                     1283881970.826441
 10 12 F7 17 25 12 00 00

000:STREAM                     1283881970.834463
 10 12 F7 17 25 12 00 00

000:STREAM                     1283881970.842439
 10 12 F7 17 25 12 00 00

000:STREAM                     1283881970.850449
 10 10 F7 17 25 12 00 00

000:STREAM                     1283881970.858447
 10 10 F7 17 25 12 00 00

000:STREAM                     1283881970.866467
 10 10 F7 17 25 12 00 00

000:STREAM                     1283881970.874450
 10 10 F7 17 25 12 00 00

000:STREAM                     1283881970.882450
 10 10 EB 17 22 12 00 00

000:STREAM                     1283881970.890445
 10 10 EB 17 22 12 00 00

000:STREAM                     1283881970.898473
 10 10 EB 17 22 12 00 00

000:STREAM                     1283881970.906456
 10 10 EB 17 22 12 00 00

000:STREAM                     1283881970.914457
 10 10 EB 17 22 12 00 00

000:STREAM                     1283881970.922464
 10 10 EB 17 22 12 00 00

000:STREAM                     1283881970.930476
 10 10 E0 17 26 12 00 00

000:STREAM                     1283881970.938463
 10 10 DA 17 25 12 00 00

000:STREAM                     1283881970.946464
 10 10 DA 17 25 12 00 00

000:STREAM                     1283881970.954485
 10 10 DA 17 25 12 00 00

000:STREAM                     1283881970.962464
 10 10 DA 17 25 12 00 00

000:STREAM                     1283881970.970468
 10 10 DA 17 25 12 00 00

000:STREAM                     1283881970.994468
 10 12 DA 17 25 12 00 00

000:STREAM                     1283881971.002461
 10 12 DA 17 25 12 00 00

000:STREAM                     1283881971.010483
 10 12 DA 17 25 12 00 00

000:STREAM                     1283881971.018495
 10 12 DA 17 25 12 00 00

000:STREAM                     1283881971.026480
 10 12 E6 17 20 12 00 00

000:STREAM                     1283881971.034472
 10 12 F5 17 1B 12 00 00

000:STREAM                     1283881971.042483
 10 12 FA 17 1A 12 00 00

000:STREAM                     1283881971.050483
 10 12 FE 17 16 12 00 00

000:STREAM                     1283881971.058484
 10 12 FD 17 13 12 00 00

000:STREAM                     1283881971.066475
 10 12 FD 17 13 12 00 00

000:STREAM                     1283881971.074507
 10 12 FD 17 13 12 00 00

000:STREAM                     1283881971.082496
 10 12 FD 17 13 12 00 00

000:STREAM                     1283881971.090488
 10 12 FD 17 13 12 00 00

000:STREAM                     1283881971.098484
 10 12 FD 17 13 12 00 00

000:STREAM                     1283881971.106509
 10 12 FD 17 13 12 00 00

000:STREAM                     1283881971.114492
 10 12 FD 17 13 12 00 00

000:STREAM                     1283881971.122494
 10 12 F1 17 17 12 00 00

000:STREAM                     1283881971.130516
 10 12 E0 17 1B 12 00 00

000:STREAM                     1283881971.138518
 10 10 DB 17 23 12 00 00

000:STREAM                     1283881971.146503
 10 10 CE 17 2B 12 00 00

000:STREAM                     1283881971.154503
 10 10 C3 17 31 12 00 00

000:STREAM                     1283881971.162506
 10 10 BA 17 36 12 00 00

000:STREAM                     1283881971.170503
 10 10 B3 17 39 12 00 00

000:STREAM                     1283881971.178507
 10 10 AB 17 38 12 00 00

000:STREAM                     1283881971.186499
 10 10 AB 17 38 12 00 00

000:STREAM                     1283881971.194529
 10 10 AB 17 38 12 00 00

000:STREAM                     1283881971.202509
 10 10 AB 17 38 12 00 00

000:STREAM                     1283881971.210510
 10 10 AB 17 38 12 00 00

000:STREAM                     1283881971.218509
 10 10 AB 17 38 12 00 00

000:STREAM                     1283881971.226534
 10 10 AB 17 38 12 00 00

000:STREAM                     1283881971.234518
 10 10 AB 17 38 12 00 00

000:STREAM                     1283881971.242516
 10 10 AB 17 38 12 00 00

000:STREAM                     1283881971.258541
 10 12 AB 17 38 12 00 00

000:STREAM                     1283881971.266524
 10 12 AB 17 38 12 00 00

000:STREAM                     1283881971.274523
 10 12 AB 17 38 12 00 00

000:STREAM                     1283881971.282525
 10 12 AB 17 38 12 00 00

000:STREAM                     1283881971.290516
 10 12 AB 17 38 12 00 00

000:STREAM                     1283881971.298527
 10 12 CA 17 27 12 00 00

000:STREAM                     1283881971.306530
 10 12 DE 17 20 12 00 00

000:STREAM                     1283881971.314548
 10 12 DE 17 1F 12 00 00

000:STREAM                     1283881971.322532
 10 12 E5 17 1E 12 00 00

000:STREAM                     1283881971.330533
 10 12 E5 17 1E 12 00 00

000:STREAM                     1283881971.338555
 10 12 E5 17 1E 12 00 00

000:STREAM                     1283881971.346554
 10 12 E5 17 1E 12 00 00

000:STREAM                     1283881971.354528
 10 12 E5 17 1E 12 00 00

000:STREAM                     1283881971.362540
 10 12 E5 17 1E 12 00 00

000:STREAM                     1283881971.370561
 10 12 E5 17 1E 12 00 00

000:STREAM                     1283881971.378560
 10 12 E5 17 1E 12 00 00

000:STREAM                     1283881971.386543
 10 12 D8 17 2B 12 00 00

000:STREAM                     1283881971.394552
 10 12 C9 17 34 12 00 00

000:STREAM                     1283881971.402567
 10 12 C7 17 35 12 00 00

000:STREAM                     1283881971.410545
 10 12 C0 17 3B 12 00 00

000:STREAM                     1283881971.418552
 10 10 A8 17 3F 12 00 00

000:STREAM                     1283881971.426575
 10 10 A8 17 41 12 00 00

000:STREAM                     1283881971.434573
 10 10 A5 17 3E 12 00 00

000:STREAM                     1283881971.442554
 10 10 A5 17 3E 12 00 00

000:STREAM                     1283881971.450558
 10 10 A5 17 3E 12 00 00

000:STREAM                     1283881971.458579
 10 10 A5 17 3E 12 00 00

000:STREAM                     1283881971.466562
 10 10 A5 17 3E 12 00 00

000:STREAM                     1283881971.474554
 10 10 A5 17 3E 12 00 00

000:STREAM                     1283881971.482565
 10 10 A5 17 3E 12 00 00

000:STREAM                     1283881971.490582
 10 10 A5 17 3E 12 00 00

000:STREAM                     1283881971.498585
 10 10 A5 17 3E 12 00 00

000:STREAM                     1283881971.506568
 10 10 A5 17 3E 12 00 00

000:STREAM                     1283881971.514571
 10 10 A5 17 3E 12 00 00

000:STREAM                     1283881971.522588
 10 10 A5 17 3E 12 00 00

000:STREAM                     1283881971.546566
 10 12 A5 17 3E 12 00 00

000:STREAM                     1283881971.554596
 10 12 A5 17 3E 12 00 00

000:STREAM                     1283881971.562576
 10 12 A5 17 3E 12 00 00

000:STREAM                     1283881971.570578
 10 12 A5 17 3E 12 00 00

000:STREAM                     1283881971.578602
 10 12 B3 17 39 12 00 00

000:STREAM                     1283881971.586575
 10 12 C7 17 31 12 00 00

000:STREAM                     1283881971.594582
 10 12 CD 17 2E 12 00 00

000:STREAM                     1283881971.602573
 10 12 D5 17 2B 12 00 00

000:STREAM                     1283881971.610604
 10 12 D5 17 28 12 00 00

000:STREAM                     1283881971.618605
 10 12 D5 17 28 12 00 00

000:STREAM                     1283881971.626589
 10 12 D5 17 28 12 00 00

000:STREAM                     1283881971.634580
 10 12 D5 17 28 12 00 00

000:STREAM                     1283881971.642609
 10 12 D5 17 28 12 00 00

000:STREAM                     1283881971.650596
 10 12 D5 17 28 12 00 00

000:STREAM                     1283881971.658594
 10 12 D5 17 28 12 00 00

000:STREAM                     1283881971.666616
 10 12 D5 17 28 12 00 00

000:STREAM                     1283881971.674615
 10 12 C5 17 31 12 00 00

000:STREAM                     1283881971.682600
 10 12 B6 17 33 12 00 00

000:STREAM                     1283881971.690604
 10 12 B4 17 37 12 00 00

000:STREAM                     1283881971.698625
 10 10 B3 17 38 12 00 00

000:STREAM                     1283881971.706614
 10 10 AE 17 38 12 00 00

000:STREAM                     1283881971.714605
 10 10 AA 17 35 12 00 00

000:STREAM                     1283881971.722596
 10 10 A4 17 32 12 00 00

000:STREAM                     1283881971.730627
 10 10 A2 17 31 12 00 00

000:STREAM                     1283881971.738627
 10 10 A1 17 30 12 00 00

000:STREAM                     1283881971.746611
 10 10 9E 17 2E 12 00 00

000:STREAM                     1283881971.754633
 10 10 9E 17 2E 12 00 00

000:STREAM                     1283881971.762614
 10 10 9E 17 2E 12 00 00

000:STREAM                     1283881971.770619
 10 10 9E 17 2E 12 00 00

000:STREAM                     1283881971.778620
 10 10 9E 17 2E 12 00 00

000:STREAM                     1283881971.786624
 10 10 9E 17 2E 12 00 00

000:STREAM                     1283881971.794641
 10 10 9E 17 2E 12 00 00

000:STREAM                     1283881971.802622
 10 10 9E 17 2E 12 00 00

000:STREAM                     1283881971.810626
 10 10 9E 17 2E 12 00 00

000:STREAM                     1283881971.826648
 10 12 9E 17 2E 12 00 00

000:STREAM                     1283881971.834625
 10 12 9E 17 2E 12 00 00

000:STREAM                     1283881971.842605
 10 12 9E 17 2E 12 00 00

000:STREAM                     1283881971.850652
 10 12 9E 17 2E 12 00 00

000:STREAM                     1283881971.858652
 10 12 AD 17 2B 12 00 00

000:STREAM                     1283881971.866642
 10 12 C0 17 29 12 00 00

000:STREAM                     1283881971.874626
 10 12 C7 17 27 12 00 00

000:STREAM                     1283881971.882618
 10 12 D0 17 23 12 00 00

000:STREAM                     1283881971.890622
 10 12 D2 17 1D 12 00 00

000:STREAM                     1283881971.898650
 10 12 D2 17 1D 12 00 00

000:STREAM                     1283881971.906667
 10 12 D2 17 1D 12 00 00

000:STREAM                     1283881971.914666
 10 12 D2 17 1D 12 00 00

000:STREAM                     1283881971.922632
 10 12 D2 17 1D 12 00 00

000:STREAM                     1283881971.930656
 10 12 D2 17 1D 12 00 00

000:STREAM                     1283881971.938672
 10 12 D2 17 1D 12 00 00

000:STREAM                     1283881971.946669
 10 12 D2 17 1D 12 00 00

000:STREAM                     1283881971.954657
 10 12 C8 17 21 12 00 00

000:STREAM                     1283881971.962678
 10 10 9C 17 34 12 00 00

000:STREAM                     1283881971.970674
 10 10 9C 17 34 12 00 00

000:STREAM                     1283881971.978679
 10 10 97 17 35 12 00 00

000:STREAM                     1283881971.986668
 10 10 93 17 36 12 00 00

000:STREAM                     1283881971.994682
 10 10 8F 17 37 12 00 00

000:STREAM                     1283881972.002680
 10 10 88 17 36 12 00 00

000:STREAM                     1283881972.010648
 10 10 84 17 34 12 00 00

000:STREAM                     1283881972.018670
 10 10 82 17 37 12 00 00

000:STREAM                     1283881972.026689
 10 10 82 17 37 12 00 00

000:STREAM                     1283881972.034689
 10 10 82 17 37 12 00 00

000:STREAM                     1283881972.042655
 10 10 82 17 37 12 00 00

000:STREAM                     1283881972.050678
 10 10 82 17 37 12 00 00

000:STREAM                     1283881972.058694
 10 10 82 17 37 12 00 00

000:STREAM                     1283881972.066695
 10 10 85 17 3C 12 00 00

000:STREAM                     1283881972.074680
 10 10 88 17 3D 12 00 00

000:STREAM                     1283881972.082701
 10 10 88 17 3D 12 00 00

000:STREAM                     1283881972.090696
 10 10 88 17 3D 12 00 00

000:STREAM                     1283881972.098701
 10 10 88 17 3D 12 00 00

000:STREAM                     1283881972.106689
 10 10 8F 17 3B 12 00 00

000:STREAM                     1283881972.122702
 10 12 8F 17 3B 12 00 00

000:STREAM                     1283881972.130671
 10 12 8F 17 3B 12 00 00

000:STREAM                     1283881972.138695
 10 12 8F 17 3B 12 00 00

000:STREAM                     1283881972.146708
 10 12 8F 17 3B 12 00 00

000:STREAM                     1283881972.154711
 10 12 A1 17 37 12 00 00

000:STREAM                     1283881972.162689
 10 12 B9 17 31 12 00 00

000:STREAM                     1283881972.170684
 10 12 C0 17 30 12 00 00

000:STREAM                     1283881972.178713
 10 12 CB 17 2C 12 00 00

000:STREAM                     1283881972.186713
 10 12 CE 17 29 12 00 00

000:STREAM                     1283881972.194685
 10 12 C7 17 27 12 00 00

000:STREAM                     1283881972.202700
 10 12 C7 17 27 12 00 00

000:STREAM                     1283881972.210718
 10 12 C7 17 27 12 00 00

000:STREAM                     1283881972.218720
 10 12 C7 17 27 12 00 00

000:STREAM                     1283881972.226702
 10 12 C7 17 27 12 00 00

000:STREAM                     1283881972.234697
 10 12 C7 17 27 12 00 00

000:STREAM                     1283881972.242724
 10 12 C7 17 27 12 00 00

000:STREAM                     1283881972.250707
 10 12 C7 17 27 12 00 00

000:STREAM                     1283881972.258706
 10 12 C7 17 27 12 00 00

000:STREAM                     1283881972.266729
 10 12 C7 17 27 12 00 00

000:STREAM                     1283881972.274730
 10 12 C7 17 27 12 00 00

000:STREAM                     1283881972.282715
 10 12 B8 17 25 12 00 00

000:STREAM                     1283881972.290713
 10 12 B0 17 27 12 00 00

000:STREAM                     1283881972.298735
 10 12 A9 17 26 12 00 00

000:STREAM                     1283881972.306736
 10 10 A6 17 25 12 00 00

000:STREAM                     1283881972.314707
 10 10 A1 17 2A 12 00 00

000:STREAM                     1283881972.322719
 10 10 9F 17 2B 12 00 00

000:STREAM                     1283881972.330738
 10 10 99 17 2C 12 00 00

000:STREAM                     1283881972.338755
 10 10 95 17 2D 12 00 00

000:STREAM                     1283881972.346731
 10 10 91 17 2D 12 00 00

000:STREAM                     1283881972.354717
 10 10 8F 17 2F 12 00 00

000:STREAM                     1283881972.362743
 10 10 8D 17 2B 12 00 00

000:STREAM                     1283881972.370728
 10 10 8D 17 2E 12 00 00

000:STREAM                     1283881972.378729
 10 10 8D 17 2E 12 00 00

000:STREAM                     1283881972.386749
 10 10 8D 17 2E 12 00 00

000:STREAM                     1283881972.394750
 10 10 8D 17 2E 12 00 00

000:STREAM                     1283881972.402727
 10 10 8D 17 2E 12 00 00

000:STREAM                     1283881972.426762
 10 12 8D 17 2E 12 00 00

000:STREAM                     1283881972.434729
 10 12 8D 17 2E 12 00 00

000:STREAM                     1283881972.442744
 10 12 8D 17 2E 12 00 00

000:STREAM                     1283881972.450760
 10 12 8D 17 2E 12 00 00

000:STREAM                     1283881972.458773
 10 12 A3 17 2A 12 00 00

000:STREAM                     1283881972.466748
 10 12 BF 17 25 12 00 00

000:STREAM                     1283881972.474738
 10 12 C7 17 23 12 00 00

000:STREAM                     1283881972.482766
 10 12 D3 17 21 12 00 00

000:STREAM                     1283881972.490751
 10 12 D5 17 1D 12 00 00

000:STREAM                     1283881972.498752
 10 12 D5 17 1D 12 00 00

000:STREAM                     1283881972.506774
 10 12 D5 17 1D 12 00 00

000:STREAM                     1283881972.514748
 10 12 D5 17 1D 12 00 00

000:STREAM                     1283881972.522756
 10 12 D5 17 1D 12 00 00

000:STREAM                     1283881972.530777
 10 12 D5 17 1D 12 00 00

000:STREAM                     1283881972.538777
 10 12 D5 17 1D 12 00 00

000:STREAM                     1283881972.546779
 10 12 C1 17 2D 12 00 00

000:STREAM                     1283881972.554762
 10 12 B2 17 38 12 00 00

000:STREAM                     1283881972.562764
 10 12 B0 17 3A 12 00 00

000:STREAM                     1283881972.570782
 10 10 A9 17 40 12 00 00

000:STREAM                     1283881972.578767
 10 10 9D 17 44 12 00 00

000:STREAM                     1283881972.586769
 10 10 95 17 47 12 00 00

000:STREAM                     1283881972.594757
 10 10 8E 17 4C 12 00 00

000:STREAM                     1283881972.602789
 10 10 86 17 4D 12 00 00

000:STREAM                     1283881972.610773
 10 10 85 17 4D 12 00 00

000:STREAM                     1283881972.618774
 10 10 81 17 4E 12 00 00

000:STREAM                     1283881972.626796
 10 10 80 17 4F 12 00 00

000:STREAM                     1283881972.634764
 10 10 80 17 50 12 00 00

000:STREAM                     1283881972.642777
 10 10 80 17 51 12 00 00

000:STREAM                     1283881972.650772
 10 10 7F 17 57 12 00 00

000:STREAM                     1283881972.658788
 10 10 80 17 58 12 00 00

000:STREAM                     1283881972.666766
 10 10 87 17 58 12 00 00

000:STREAM                     1283881972.674795
 10 10 89 17 59 12 00 00

000:STREAM                     1283881972.682768
 10 10 89 17 59 12 00 00

000:STREAM                     1283881972.690793
 10 10 89 17 59 12 00 00

000:STREAM                     1283881972.698777
 10 10 89 17 59 12 00 00

000:STREAM                     1283881972.706797
 10 10 89 17 59 12 00 00

000:STREAM                     1283881972.722776
 10 12 89 17 59 12 00 00

000:STREAM                     1283881972.730777
 10 12 89 17 59 12 00 00

000:STREAM                     1283881972.738816
 10 12 89 17 59 12 00 00

000:STREAM                     1283881972.746816
 10 12 89 17 59 12 00 00

000:STREAM                     1283881972.754790
 10 12 89 17 59 12 00 00

000:STREAM                     1283881972.762794
 10 12 A5 17 51 12 00 00

000:STREAM                     1283881972.770797
 10 12 B0 17 4D 12 00 00

000:STREAM                     1283881972.778825
 10 12 B8 17 49 12 00 00

000:STREAM                     1283881972.786797
 10 12 B7 17 46 12 00 00

000:STREAM                     1283881972.794798
 10 12 B7 17 46 12 00 00

000:STREAM                     1283881972.802857
 10 12 B7 17 46 12 00 00

000:STREAM                     1283881972.810802
 10 12 B7 17 46 12 00 00

000:STREAM                     1283881972.818812
 10 12 B7 17 46 12 00 00

000:STREAM                     1283881972.826807
 10 12 B7 17 46 12 00 00

000:STREAM                     1283881972.834805
 10 12 B7 17 46 12 00 00

000:STREAM                     1283881972.842834
 10 12 A9 17 52 12 00 00

000:STREAM                     1283881972.850811
 10 12 9B 17 5A 12 00 00

000:STREAM                     1283881972.858808
 10 10 96 17 5D 12 00 00

000:STREAM                     1283881972.866844
 10 10 8B 17 60 12 00 00

000:STREAM                     1283881972.874843
 10 10 83 17 63 12 00 00

000:STREAM                     1283881972.882817
 10 10 7A 17 64 12 00 00

000:STREAM                     1283881972.890821
 10 10 76 17 65 12 00 00

000:STREAM                     1283881972.898850
 10 10 71 17 61 12 00 00

000:STREAM                     1283881972.906831
 10 10 6D 17 64 12 00 00

000:STREAM                     1283881972.914822
 10 10 6D 17 64 12 00 00

000:STREAM                     1283881972.922825
 10 10 6D 17 64 12 00 00

000:STREAM                     1283881972.930826
 10 10 6D 17 64 12 00 00

000:STREAM                     1283881972.938828
 10 10 6D 17 64 12 00 00

000:STREAM                     1283881972.946831
 10 10 6D 17 64 12 00 00

000:STREAM                     1283881972.954835
 10 10 6D 17 64 12 00 00

000:STREAM                     1283881972.962829
 10 10 6D 17 64 12 00 00

000:STREAM                     1283881972.970837
 10 10 6D 17 64 12 00 00

000:STREAM                     1283881972.978837
 10 10 6D 17 64 12 00 00

000:STREAM                     1283881972.986848
 10 10 6D 17 64 12 00 00

000:STREAM                     1283881973.002832
 10 12 6D 17 64 12 00 00

000:STREAM                     1283881973.010847
 10 12 82 17 5B 12 00 00

000:STREAM                     1283881973.018871
 10 12 82 17 5B 12 00 00

000:STREAM                     1283881973.026853
 10 12 82 17 5B 12 00 00

000:STREAM                     1283881973.034845
 10 12 A6 17 45 12 00 00

000:STREAM                     1283881973.042848
 10 12 B9 17 39 12 00 00

000:STREAM                     1283881973.050884
 10 12 B9 17 33 12 00 00

000:STREAM                     1283881973.058854
 10 12 C3 17 2B 12 00 00

000:STREAM                     1283881973.066848
 10 12 C7 17 25 12 00 00

000:STREAM                     1283881973.074883
 10 12 C7 17 20 12 00 00

000:STREAM                     1283881973.082852
 10 12 C7 17 20 12 00 00

000:STREAM                     1283881973.090860
 10 12 C7 17 20 12 00 00

000:STREAM                     1283881973.098864
 10 12 C7 17 20 12 00 00

000:STREAM                     1283881973.106866
 10 12 C7 17 20 12 00 00

000:STREAM                     1283881973.114870
 10 12 C7 17 20 12 00 00

000:STREAM                     1283881973.122861
 10 12 BD 17 26 12 00 00

000:STREAM                     1283881973.130897
 10 12 AD 17 31 12 00 00

000:STREAM                     1283881973.138893
 10 12 AD 17 34 12 00 00

000:STREAM                     1283881973.146871
 10 12 A2 17 3B 12 00 00

000:STREAM                     1283881973.154867
 10 12 9D 17 41 12 00 00

000:STREAM                     1283881973.162869
 10 10 8B 17 48 12 00 00

000:STREAM                     1283881973.170903
 10 10 84 17 48 12 00 00

000:STREAM                     1283881973.178876
 10 10 84 17 48 12 00 00

000:STREAM                     1283881973.186874
 10 10 84 17 48 12 00 00

000:STREAM                     1283881973.194906
 10 10 84 17 48 12 00 00

000:STREAM                     1283881973.202875
 10 10 84 17 48 12 00 00

000:STREAM                     1283881973.210883
 10 10 84 17 48 12 00 00

000:STREAM                     1283881973.218884
 10 10 84 17 48 12 00 00

000:STREAM                     1283881973.226882
 10 10 84 17 48 12 00 00

000:STREAM                     1283881973.234885
 10 10 84 17 48 12 00 00

000:STREAM                     1283881973.242882
 10 10 84 17 48 12 00 00

000:STREAM                     1283881973.250917
 10 10 84 17 48 12 00 00

000:STREAM                     1283881973.258916
 10 10 84 17 48 12 00 00

000:STREAM                     1283881973.266892
 10 10 84 17 48 12 00 00

000:STREAM                     1283881973.274888
 10 10 8D 17 48 12 00 00

000:STREAM                     1283881973.290886
 10 12 8D 17 48 12 00 00

000:STREAM                     1283881973.298900
 10 12 8D 17 48 12 00 00

000:STREAM                     1283881973.306914
 10 12 8D 17 48 12 00 00

000:STREAM                     1283881973.314913
 10 12 8D 17 48 12 00 00

000:STREAM                     1283881973.322888
 10 12 8D 17 48 12 00 00

000:STREAM                     1283881973.330904
 10 12 A0 17 41 12 00 00

000:STREAM                     1283881973.338919
 10 12 AC 17 39 12 00 00

000:STREAM                     1283881973.346902
 10 12 BF 17 33 12 00 00

000:STREAM                     1283881973.354905
 10 12 C9 17 2E 12 00 00

000:STREAM                     1283881973.362901
 10 12 C9 17 2B 12 00 00

000:STREAM                     1283881973.370902
 10 12 CA 17 2B 12 00 00

000:STREAM                     1283881973.378925
 10 12 CA 17 2B 12 00 00

000:STREAM                     1283881973.386913
 10 12 CA 17 2B 12 00 00

000:STREAM                     1283881973.394944
 10 12 CA 17 2B 12 00 00

000:STREAM                     1283881973.402912
 10 12 CA 17 2B 12 00 00

000:STREAM                     1283881973.410926
 10 12 CA 17 2B 12 00 00

000:STREAM                     1283881973.418922
 10 12 B9 17 34 12 00 00

000:STREAM                     1283881973.426938
 10 10 81 17 63 12 00 00

000:STREAM                     1283881973.434936
 10 10 7C 17 66 12 00 00

000:STREAM                     1283881973.442911
 10 10 72 17 69 12 00 00

000:STREAM                     1283881973.450954
 10 10 6B 17 6C 12 00 00

000:STREAM                     1283881973.458953
 10 10 63 17 6D 12 00 00

000:STREAM                     1283881973.466928
 10 10 60 17 6B 12 00 00

000:STREAM                     1283881973.474929
 10 10 5E 17 6C 12 00 00

000:STREAM                     1283881973.482925
 10 10 5E 17 6C 12 00 00

000:STREAM                     1283881973.490947
 10 10 5E 17 6C 12 00 00

000:STREAM                     1283881973.498924
 10 10 5E 17 6C 12 00 00

000:STREAM                     1283881973.506953
 10 10 5E 17 6C 12 00 00

000:STREAM                     1283881973.514951
 10 10 5E 17 6C 12 00 00

000:STREAM                     1283881973.522926
 10 10 5E 17 6C 12 00 00

000:STREAM                     1283881973.530932
 10 10 5E 17 6C 12 00 00

000:STREAM                     1283881973.538971
 10 10 67 17 67 12 00 00

000:STREAM                     1283881973.554971
 10 12 67 17 67 12 00 00

000:STREAM                     1283881973.562945
 10 12 7D 17 5F 12 00 00

000:STREAM                     1283881973.570941
 10 12 7D 17 5F 12 00 00

000:STREAM                     1283881973.578968
 10 12 7D 17 5F 12 00 00

000:STREAM                     1283881973.586967
 10 12 7D 17 5F 12 00 00

000:STREAM                     1283881973.594971
 10 12 90 17 56 12 00 00

000:STREAM                     1283881973.602941
 10 12 A7 17 46 12 00 00

000:STREAM                     1283881973.610968
 10 12 B9 17 3D 12 00 00

000:STREAM                     1283881973.618952
 10 12 B7 17 3B 12 00 00

000:STREAM                     1283881973.626972
 10 12 C1 17 36 12 00 00

000:STREAM                     1283881973.634973
 10 12 C1 17 33 12 00 00

000:STREAM                     1283881973.642957
 10 12 C1 17 33 12 00 00

000:STREAM                     1283881973.650966
 10 12 C1 17 33 12 00 00

000:STREAM                     1283881973.658966
 10 12 C1 17 33 12 00 00

000:STREAM                     1283881973.666996
 10 12 C1 17 33 12 00 00

000:STREAM                     1283881973.674971
 10 12 C1 17 33 12 00 00

000:STREAM                     1283881973.682967
 10 12 C1 17 33 12 00 00

000:STREAM                     1283881973.690970
 10 12 A6 17 42 12 00 00

000:STREAM                     1283881973.699001
 10 10 91 17 4E 12 00 00

000:STREAM                     1283881973.706973
 10 10 82 17 53 12 00 00

000:STREAM                     1283881973.714975
 10 10 85 17 54 12 00 00

000:STREAM                     1283881973.723036
 10 10 7B 17 58 12 00 00

000:STREAM                     1283881973.731005
 10 10 7B 17 58 12 00 00

000:STREAM                     1283881973.738981
 10 10 7B 17 58 12 00 00

000:STREAM                     1283881973.746981
 10 10 7B 17 58 12 00 00

000:STREAM                     1283881973.755012
 10 10 7B 17 58 12 00 00

000:STREAM                     1283881973.762979
 10 10 7B 17 58 12 00 00

000:STREAM                     1283881973.770988
 10 10 7B 17 58 12 00 00

000:STREAM                     1283881973.778990
 10 10 7B 17 58 12 00 00

000:STREAM                     1283881973.787017
 10 10 7B 17 58 12 00 00

000:STREAM                     1283881973.794989
 10 10 7B 17 58 12 00 00

000:STREAM                     1283881973.819024
 10 12 7B 17 58 12 00 00

000:STREAM                     1283881973.827004
 10 12 7B 17 58 12 00 00

000:STREAM                     1283881973.834996
 10 12 7B 17 58 12 00 00

000:STREAM                     1283881973.842995
 10 12 7B 17 58 12 00 00

000:STREAM                     1283881973.851027
 10 12 8E 17 4F 12 00 00

000:STREAM                     1283881973.859005
 10 12 A6 17 44 12 00 00

000:STREAM                     1283881973.867000
 10 12 B0 17 3E 12 00 00

000:STREAM                     1283881973.875034
 10 12 B7 17 39 12 00 00

000:STREAM                     1283881973.883002
 10 12 B7 17 36 12 00 00

000:STREAM                     1283881973.891011
 10 12 B7 17 36 12 00 00

000:STREAM                     1283881973.899014
 10 12 B7 17 36 12 00 00

000:STREAM                     1283881973.907039
 10 12 B7 17 36 12 00 00

000:STREAM                     1283881973.915021
 10 12 B7 17 36 12 00 00

000:STREAM                     1283881973.923012
 10 12 B7 17 36 12 00 00

000:STREAM                     1283881973.931048
 10 12 B7 17 36 12 00 00

000:STREAM                     1283881973.939025
 10 12 A1 17 43 12 00 00

000:STREAM                     1283881973.947022
 10 10 8F 17 4D 12 00 00

000:STREAM                     1283881973.955017
 10 10 83 17 54 12 00 00

000:STREAM                     1283881973.963020
 10 10 75 17 58 12 00 00

000:STREAM                     1283881973.971045
 10 10 74 17 5A 12 00 00

000:STREAM                     1283881973.979028
 10 10 73 17 5C 12 00 00

000:STREAM                     1283881973.987026
 10 10 73 17 5C 12 00 00

000:STREAM                     1283881973.995057
 10 10 73 17 5C 12 00 00

000:STREAM                     1283881974.003025
 10 10 73 17 5C 12 00 00

000:STREAM                     1283881974.011034
 10 10 73 17 5C 12 00 00

000:STREAM                     1283881974.019037
 10 10 73 17 5C 12 00 00

000:STREAM                     1283881974.027062
 10 10 73 17 5C 12 00 00

000:STREAM                     1283881974.035043
 10 10 73 17 5C 12 00 00

000:STREAM                     1283881974.043035
 10 10 78 17 5C 12 00 00

000:STREAM                     1283881974.051051
 10 10 7F 17 59 12 00 00

000:STREAM                     1283881974.059066
 10 10 8A 17 57 12 00 00

000:STREAM                     1283881974.075041
 10 12 8A 17 57 12 00 00

000:STREAM                     1283881974.083042
 10 12 8A 17 57 12 00 00

000:STREAM                     1283881974.091072
 10 12 8A 17 57 12 00 00

000:STREAM                     1283881974.099050
 10 12 8A 17 57 12 00 00

000:STREAM                     1283881974.107047
 10 12 8A 17 57 12 00 00

000:STREAM                     1283881974.115079
 10 12 9B 17 4B 12 00 00

000:STREAM                     1283881974.123047
 10 12 AE 17 38 12 00 00

000:STREAM                     1283881974.131057
 10 12 BB 17 2E 12 00 00

000:STREAM                     1283881974.139055
 10 12 BF 17 2B 12 00 00

000:STREAM                     1283881974.147083
 10 12 BF 17 23 12 00 00

000:STREAM                     1283881974.155059
 10 12 BF 17 23 12 00 00

000:STREAM                     1283881974.163055
 10 12 BF 17 23 12 00 00

000:STREAM                     1283881974.171062
 10 12 BF 17 23 12 00 00

000:STREAM                     1283881974.179089
 10 12 BF 17 23 12 00 00

000:STREAM                     1283881974.187066
 10 12 BF 17 23 12 00 00

000:STREAM                     1283881974.195062
 10 12 BF 17 23 12 00 00

000:STREAM                     1283881974.203064
 10 12 BF 17 23 12 00 00

000:STREAM                     1283881974.211095
 10 12 B3 17 27 12 00 00

000:STREAM                     1283881974.219071
 10 12 A2 17 2C 12 00 00

000:STREAM                     1283881974.227071
 10 10 A2 17 2C 12 00 00

000:STREAM                     1283881974.235087
 10 10 9C 17 2F 12 00 00

000:STREAM                     1283881974.243070
 10 10 93 17 34 12 00 00

000:STREAM                     1283881974.251078
 10 10 90 17 35 12 00 00

000:STREAM                     1283881974.259109
 10 10 90 17 35 12 00 00

000:STREAM                     1283881974.267108
 10 10 90 17 35 12 00 00

000:STREAM                     1283881974.275080
 10 10 8F 17 38 12 00 00

000:STREAM                     1283881974.283077
 10 10 8E 17 37 12 00 00

000:STREAM                     1283881974.291098
 10 10 8E 17 37 12 00 00

000:STREAM                     1283881974.299098
 10 10 8E 17 37 12 00 00

000:STREAM                     1283881974.307087
 10 10 8E 17 37 12 00 00

000:STREAM                     1283881974.331088
 10 12 8E 17 37 12 00 00

000:STREAM                     1283881974.339091
 10 12 8E 17 37 12 00 00

000:STREAM                     1283881974.347096
 10 12 8E 17 37 12 00 00

000:STREAM                     1283881974.355122
 10 12 A4 17 30 12 00 00

000:STREAM                     1283881974.363095
 10 12 B1 17 28 12 00 00

000:STREAM                     1283881974.371099
 10 12 C2 17 1B 12 00 00

000:STREAM                     1283881974.379115
 10 12 CD 17 12 12 00 00

000:STREAM                     1283881974.387115
 10 12 D1 17 0D 12 00 00

000:STREAM                     1283881974.395103
 10 12 D1 17 07 12 00 00

000:STREAM                     1283881974.403106
 10 12 D1 17 07 12 00 00

000:STREAM                     1283881974.411113
 10 12 D1 17 07 12 00 00

000:STREAM                     1283881974.419106
 10 12 D1 17 07 12 00 00

000:STREAM                     1283881974.427110
 10 12 D1 17 07 12 00 00

000:STREAM                     1283881974.435102
 10 12 D1 17 07 12 00 00

000:STREAM                     1283881974.443107
 10 12 D1 17 07 12 00 00

000:STREAM                     1283881974.451121
 10 12 D1 17 07 12 00 00

000:STREAM                     1283881974.459115
 10 12 B4 17 1D 12 00 00

000:STREAM                     1283881974.467134
 10 10 9E 17 30 12 00 00

000:STREAM                     1283881974.475132
 10 10 97 17 38 12 00 00

000:STREAM                     1283881974.483105
 10 10 8B 17 43 12 00 00

000:STREAM                     1283881974.491135
 10 10 81 17 4C 12 00 00

000:STREAM                     1283881974.499136
 10 10 79 17 4F 12 00 00

000:STREAM                     1283881974.507137
 10 10 77 17 51 12 00 00

000:STREAM                     1283881974.515159
 10 10 76 17 50 12 00 00

000:STREAM                     1283881974.523122
 10 10 74 17 51 12 00 00

000:STREAM                     1283881974.531154
 10 10 73 17 52 12 00 00

000:STREAM                     1283881974.539138
 10 10 72 17 53 12 00 00

000:STREAM                     1283881974.547134
 10 10 72 17 53 12 00 00

000:STREAM                     1283881974.555158
 10 10 72 17 53 12 00 00

000:STREAM                     1283881974.563120
 10 10 72 17 53 12 00 00

000:STREAM                     1283881974.571127
 10 10 72 17 53 12 00 00

000:STREAM                     1283881974.587153
 10 12 72 17 53 12 00 00

000:STREAM                     1283881974.595154
 10 12 72 17 53 12 00 00

000:STREAM                     1283881974.603120
 10 12 72 17 53 12 00 00

000:STREAM                     1283881974.611156
 10 12 72 17 53 12 00 00

000:STREAM                     1283881974.619160
 10 12 72 17 53 12 00 00

000:STREAM                     1283881974.627130
 10 12 94 17 41 12 00 00

000:STREAM                     1283881974.635178
 10 12 9D 17 3B 12 00 00

000:STREAM                     1283881974.643144
 10 12 AB 17 36 12 00 00

000:STREAM                     1283881974.651179
 10 12 B4 17 34 12 00 00

000:STREAM                     1283881974.659156
 10 12 B4 17 32 12 00 00

000:STREAM                     1283881974.667151
 10 12 B4 17 32 12 00 00

000:STREAM                     1283881974.675186
 10 12 B4 17 32 12 00 00

000:STREAM                     1283881974.683146
 10 12 B4 17 32 12 00 00

000:STREAM                     1283881974.691156
 10 12 B4 17 32 12 00 00

000:STREAM                     1283881974.699155
 10 12 B4 17 32 12 00 00

000:STREAM                     1283881974.707163
 10 12 A6 17 39 12 00 00

000:STREAM                     1283881974.715188
 10 12 9B 17 40 12 00 00

000:STREAM                     1283881974.723152
 10 10 91 17 4D 12 00 00

000:STREAM                     1283881974.731171
 10 10 82 17 55 12 00 00

000:STREAM                     1283881974.739196
 10 10 79 17 5A 12 00 00

000:STREAM                     1283881974.747173
 10 10 72 17 5E 12 00 00

000:STREAM                     1283881974.755167
 10 10 6F 17 60 12 00 00

000:STREAM                     1283881974.763185
 10 10 69 17 61 12 00 00

000:STREAM                     1283881974.771196
 10 10 60 17 60 12 00 00

000:STREAM                     1283881974.779176
 10 10 60 17 60 12 00 00

000:STREAM                     1283881974.787175
 10 10 60 17 60 12 00 00

000:STREAM                     1283881974.795210
 10 10 60 17 60 12 00 00

000:STREAM                     1283881974.803171
 10 10 60 17 60 12 00 00

000:STREAM                     1283881974.811179
 10 10 60 17 60 12 00 00

000:STREAM                     1283881974.819179
 10 10 60 17 60 12 00 00

000:STREAM                     1283881974.835218
 10 12 60 17 60 12 00 00

000:STREAM                     1283881974.843187
 10 12 75 17 5C 12 00 00

000:STREAM                     1283881974.851194
 10 12 75 17 5C 12 00 00

000:STREAM                     1283881974.859219
 10 12 75 17 5C 12 00 00

000:STREAM                     1283881974.867198
 10 12 75 17 5C 12 00 00

000:STREAM                     1283881974.875191
 10 12 82 17 58 12 00 00

000:STREAM                     1283881974.883229
 10 12 94 17 53 12 00 00

000:STREAM                     1283881974.891218
 10 12 9B 17 4F 12 00 00

000:STREAM                     1283881974.899199
 10 12 9B 17 4F 12 00 00

000:STREAM                     1283881974.907196
 10 12 9B 17 4F 12 00 00

000:STREAM                     1283881974.915232
 10 12 9B 17 4F 12 00 00

000:STREAM                     1283881974.923194
 10 12 9B 17 4F 12 00 00

000:STREAM                     1283881974.931201
 10 12 9B 17 4F 12 00 00

000:STREAM                     1283881974.939207
 10 12 9B 17 4F 12 00 00

000:STREAM                     1283881974.947234
 10 12 9B 17 4F 12 00 00

000:STREAM                     1283881974.955215
 10 12 9B 17 4F 12 00 00

000:STREAM                     1283881974.963210
 10 12 9B 17 4F 12 00 00

000:STREAM                     1283881974.971200
 10 12 9B 17 4F 12 00 00

000:STREAM                     1283881974.979210
 10 12 90 17 52 12 00 00

000:STREAM                     1283881974.987215
 10 10 7F 17 52 12 00 00

000:STREAM                     1283881974.995211
 10 10 7D 17 52 12 00 00

000:STREAM                     1283881975.003214
 10 10 75 17 52 12 00 00

000:STREAM                     1283881975.011230
 10 10 75 17 52 12 00 00

000:STREAM                     1283881975.019218
 10 10 75 17 52 12 00 00

000:STREAM                     1283881975.027215
 10 10 75 17 52 12 00 00

000:STREAM                     1283881975.035255
 10 10 75 17 52 12 00 00

000:STREAM                     1283881975.043218
 10 10 75 17 52 12 00 00

000:STREAM                     1283881975.051224
 10 10 75 17 52 12 00 00

000:STREAM                     1283881975.059224
 10 10 75 17 52 12 00 00

000:STREAM                     1283881975.067252
 10 10 75 17 52 12 00 00

000:STREAM                     1283881975.075231
 10 10 75 17 52 12 00 00

000:STREAM                     1283881975.083228
 10 10 75 17 52 12 00 00

000:STREAM                     1283881975.099268
 10 12 75 17 52 12 00 00

000:STREAM                     1283881975.107237
 10 12 75 17 52 12 00 00

000:STREAM                     1283881975.115240
 10 12 75 17 52 12 00 00

000:STREAM                     1283881975.123243
 10 12 75 17 52 12 00 00

000:STREAM                     1283881975.131236
 10 12 75 17 52 12 00 00

000:STREAM                     1283881975.139244
 10 12 93 17 48 12 00 00

000:STREAM                     1283881975.147264
 10 12 93 17 41 12 00 00

000:STREAM                     1283881975.155258
 10 12 A1 17 39 12 00 00

000:STREAM                     1283881975.163239
 10 12 AC 17 34 12 00 00

000:STREAM                     1283881975.171245
 10 12 AC 17 2C 12 00 00

000:STREAM                     1283881975.179268
 10 12 AC 17 2C 12 00 00

000:STREAM                     1283881975.187264
 10 12 AC 17 2C 12 00 00

000:STREAM                     1283881975.195251
 10 12 AC 17 2C 12 00 00

000:STREAM                     1283881975.203250
 10 12 AC 17 2C 12 00 00

000:STREAM                     1283881975.211266
 10 12 AC 17 2C 12 00 00

000:STREAM                     1283881975.219270
 10 12 AC 17 2C 12 00 00

000:STREAM                     1283881975.227258
 10 10 73 17 52 12 00 00

000:STREAM                     1283881975.235252
 10 10 6B 17 54 12 00 00

000:STREAM                     1283881975.243261
 10 10 5F 17 58 12 00 00

000:STREAM                     1283881975.251258
 10 10 5A 17 5A 12 00 00

000:STREAM                     1283881975.259266
 10 10 55 17 60 12 00 00

000:STREAM                     1283881975.267282
 10 10 4C 17 61 12 00 00

000:STREAM                     1283881975.275280
 10 10 45 17 64 12 00 00

000:STREAM                     1283881975.283261
 10 10 42 17 67 12 00 00

000:STREAM                     1283881975.291267
 10 10 40 17 63 12 00 00

000:STREAM                     1283881975.299286
 10 10 40 17 63 12 00 00

000:STREAM                     1283881975.307287
 10 10 40 17 63 12 00 00

000:STREAM                     1283881975.315273
 10 10 40 17 63 12 00 00

000:STREAM                     1283881975.323279
 10 10 40 17 63 12 00 00

000:STREAM                     1283881975.331288
 10 10 40 17 63 12 00 00

000:STREAM                     1283881975.339293
 10 10 4B 17 61 12 00 00

000:STREAM                     1283881975.347282
 10 10 58 17 5A 12 00 00

000:STREAM                     1283881975.363315
 10 12 58 17 5A 12 00 00

000:STREAM                     1283881975.371281
 10 12 58 17 5A 12 00 00

000:STREAM                     1283881975.379290
 10 12 6F 17 56 12 00 00

000:STREAM                     1283881975.387301
 10 12 6F 17 56 12 00 00

000:STREAM                     1283881975.395303
 10 12 6F 17 56 12 00 00

000:STREAM                     1283881975.403287
 10 12 8A 17 4B 12 00 00

000:STREAM                     1283881975.411290
 10 12 9B 17 48 12 00 00

000:STREAM                     1283881975.419309
 10 12 A0 17 46 12 00 00

000:STREAM                     1283881975.427309
 10 12 A7 17 44 12 00 00

000:STREAM                     1283881975.435297
 10 12 AB 17 46 12 00 00

000:STREAM                     1283881975.443300
 10 12 AB 17 46 12 00 00

000:STREAM                     1283881975.451311
 10 12 AB 17 46 12 00 00

000:STREAM                     1283881975.459315
 10 12 AB 17 46 12 00 00

000:STREAM                     1283881975.467303
 10 12 AB 17 46 12 00 00

000:STREAM                     1283881975.475298
 10 12 AB 17 46 12 00 00

000:STREAM                     1283881975.483301
 10 12 9F 17 47 12 00 00

000:STREAM                     1283881975.491294
 10 12 8E 17 4B 12 00 00

000:STREAM                     1283881975.499311
 10 12 84 17 4B 12 00 00

000:STREAM                     1283881975.507326
 10 12 7F 17 4E 12 00 00

000:STREAM                     1283881975.515326
 10 12 77 17 50 12 00 00

000:STREAM                     1283881975.523310
 10 12 75 17 4E 12 00 00

000:STREAM                     1283881975.531312
 10 12 75 17 4E 12 00 00

000:STREAM                     1283881975.539332
 10 12 75 17 4E 12 00 00

000:STREAM                     1283881975.547337
 10 12 75 17 4E 12 00 00

000:STREAM                     1283881975.555318
 10 12 75 17 4E 12 00 00

000:STREAM                     1283881975.563317
 10 12 75 17 4E 12 00 00

000:STREAM                     1283881975.571334
 10 12 75 17 4E 12 00 00

000:STREAM                     1283881975.579337
 10 12 75 17 4E 12 00 00

000:STREAM                     1283881975.587325
 10 12 75 17 4E 12 00 00

000:STREAM                     1283881975.595356
 10 12 75 17 4E 12 00 00

000:STREAM                     1283881975.603338
 10 12 75 17 4E 12 00 00

000:STREAM                     1283881975.611335
 10 12 75 17 4E 12 00 00

000:STREAM                     1283881975.619334
 10 12 75 17 4E 12 00 00

000:STREAM                     1283881975.627349
 10 12 75 17 4E 12 00 00

000:STREAM                     1283881975.635349
 10 12 75 17 4E 12 00 00

000:STREAM                     1283881975.643333
 10 12 75 17 4E 12 00 00

000:STREAM                     1283881975.651335
 10 12 84 17 4C 12 00 00

000:STREAM                     1283881975.659344
 10 12 8E 17 49 12 00 00

000:STREAM                     1283881975.667364
 10 12 93 17 44 12 00 00

000:STREAM                     1283881975.675338
 10 12 93 17 44 12 00 00

000:STREAM                     1283881975.683336
 10 12 93 17 44 12 00 00

000:STREAM                     1283881975.691357
 10 12 93 17 44 12 00 00

000:STREAM                     1283881975.699333
 10 12 93 17 44 12 00 00

000:STREAM                     1283881975.707343
 10 12 93 17 44 12 00 00

000:STREAM                     1283881975.715378
 10 12 93 17 44 12 00 00

000:STREAM                     1283881975.723360
 10 10 88 17 48 12 00 00

000:STREAM                     1283881975.731357
 10 10 88 17 48 12 00 00

000:STREAM                     1283881975.739357
 10 10 77 17 4D 12 00 00

000:STREAM                     1283881975.747371
 10 10 5F 17 55 12 00 00

000:STREAM                     1283881975.755371
 10 10 56 17 59 12 00 00

000:STREAM                     1283881975.763350
 10 10 4C 17 5F 12 00 00

000:STREAM                     1283881975.771428
 10 10 44 17 61 12 00 00

000:STREAM                     1283881975.779389
 10 10 42 17 62 12 00 00

000:STREAM                     1283881975.787389
 10 10 43 17 64 12 00 00

000:STREAM                     1283881975.795363
 10 10 43 17 64 12 00 00

000:STREAM                     1283881975.803362
 10 10 43 17 64 12 00 00

000:STREAM                     1283881975.811379
 10 10 43 17 64 12 00 00

000:STREAM                     1283881975.819389
 10 10 43 17 64 12 00 00

000:STREAM                     1283881975.827371
 10 10 43 17 64 12 00 00

000:STREAM                     1283881975.835401
 10 10 50 17 5F 12 00 00

000:STREAM                     1283881975.851384
 10 12 50 17 5F 12 00 00

000:STREAM                     1283881975.859378
 10 12 50 17 5F 12 00 00

000:STREAM                     1283881975.867394
 10 12 65 17 57 12 00 00

000:STREAM                     1283881975.875369
 10 12 65 17 57 12 00 00

000:STREAM                     1283881975.883371
 10 12 76 17 4D 12 00 00

000:STREAM                     1283881975.891477
 10 12 82 17 44 12 00 00

000:STREAM                     1283881975.899412
 10 12 92 17 3C 12 00 00

000:STREAM                     1283881975.907415
 10 12 9B 17 33 12 00 00

000:STREAM                     1283881975.915386
 10 12 9D 17 30 12 00 00

000:STREAM                     1283881975.923385
 10 12 A4 17 31 12 00 00

000:STREAM                     1283881975.931402
 10 12 A4 17 31 12 00 00

000:STREAM                     1283881975.939405
 10 12 A4 17 31 12 00 00

000:STREAM                     1283881975.947396
 10 12 A4 17 31 12 00 00

000:STREAM                     1283881975.955398
 10 12 A4 17 31 12 00 00

000:STREAM                     1283881975.963406
 10 12 A4 17 31 12 00 00

000:STREAM                     1283881975.971403
 10 12 9C 17 35 12 00 00

000:STREAM                     1283881975.979401
 10 12 92 17 36 12 00 00

000:STREAM                     1283881975.987417
 10 10 83 17 3E 12 00 00

000:STREAM                     1283881975.995417
 10 10 72 17 43 12 00 00

000:STREAM                     1283881976.003394
 10 10 67 17 4A 12 00 00

000:STREAM                     1283881976.011406
 10 10 5D 17 4E 12 00 00

000:STREAM                     1283881976.019435
 10 10 59 17 4D 12 00 00

000:STREAM                     1283881976.027434
 10 10 55 17 4D 12 00 00

000:STREAM                     1283881976.035409
 10 10 54 17 4D 12 00 00

000:STREAM                     1283881976.043407
 10 10 51 17 4D 12 00 00

000:STREAM                     1283881976.051424
 10 10 51 17 4D 12 00 00

000:STREAM                     1283881976.059428
 10 10 51 17 4D 12 00 00

000:STREAM                     1283881976.067412
 10 10 51 17 4D 12 00 00

000:STREAM                     1283881976.075431
 10 10 51 17 4D 12 00 00

000:STREAM                     1283881976.083414
 10 10 51 17 4D 12 00 00

000:STREAM                     1283881976.091424
 10 10 51 17 4D 12 00 00

000:STREAM                     1283881976.099419
 10 10 51 17 4D 12 00 00

000:STREAM                     1283881976.107445
 10 10 51 17 4D 12 00 00

000:STREAM                     1283881976.115438
 10 10 5C 17 4B 12 00 00

000:STREAM                     1283881976.123417
 10 10 66 17 4A 12 00 00

000:STREAM                     1283881976.139461
 10 12 66 17 4A 12 00 00

000:STREAM                     1283881976.147453
 10 12 66 17 4A 12 00 00

000:STREAM                     1283881976.155428
 10 12 66 17 4A 12 00 00

000:STREAM                     1283881976.163432
 10 12 66 17 4A 12 00 00

000:STREAM                     1283881976.171467
 10 12 79 17 40 12 00 00

000:STREAM                     1283881976.179459
 10 12 85 17 38 12 00 00

000:STREAM                     1283881976.187436
 10 12 9A 17 34 12 00 00

000:STREAM                     1283881976.195434
 10 12 A5 17 31 12 00 00

000:STREAM                     1283881976.203447
 10 12 A8 17 31 12 00 00

000:STREAM                     1283881976.211435
 10 12 A8 17 31 12 00 00

000:STREAM                     1283881976.219441
 10 12 A8 17 31 12 00 00

000:STREAM                     1283881976.227470
 10 12 A8 17 31 12 00 00

000:STREAM                     1283881976.235470
 10 12 A8 17 31 12 00 00

000:STREAM                     1283881976.243446
 10 12 A8 17 31 12 00 00

000:STREAM                     1283881976.251447
 10 12 A8 17 31 12 00 00

000:STREAM                     1283881976.259477
 10 12 9B 17 36 12 00 00

000:STREAM                     1283881976.267482
 10 12 9A 17 3C 12 00 00

000:STREAM                     1283881976.275453
 10 10 8D 17 41 12 00 00

000:STREAM                     1283881976.283453
 10 10 77 17 47 12 00 00

000:STREAM                     1283881976.291468
 10 10 66 17 4C 12 00 00

000:STREAM                     1283881976.299472
 10 10 57 17 52 12 00 00

000:STREAM                     1283881976.307461
 10 10 4C 17 54 12 00 00

000:STREAM                     1283881976.315490
 10 10 41 17 56 12 00 00

000:STREAM                     1283881976.323481
 10 10 3E 17 58 12 00 00

000:STREAM                     1283881976.331469
 10 10 3E 17 5B 12 00 00

000:STREAM                     1283881976.339467
 10 10 3D 17 5C 12 00 00

000:STREAM                     1283881976.347486
 10 10 3D 17 5C 12 00 00

000:STREAM                     1283881976.355483
 10 10 3D 17 5C 12 00 00

000:STREAM                     1283881976.363462
 10 10 3D 17 5C 12 00 00

000:STREAM                     1283881976.371471
 10 10 3D 17 5C 12 00 00

000:STREAM                     1283881976.379502
 10 10 3D 17 5C 12 00 00

000:STREAM                     1283881976.387505
 10 10 3D 17 5C 12 00 00

000:STREAM                     1283881976.395475
 10 10 3D 17 5C 12 00 00

000:STREAM                     1283881976.403474
 10 10 3D 17 5C 12 00 00

000:STREAM                     1283881976.419495
 10 12 54 17 56 12 00 00

000:STREAM                     1283881976.427484
 10 12 69 17 4E 12 00 00

000:STREAM                     1283881976.435512
 10 12 69 17 4E 12 00 00

000:STREAM                     1283881976.443508
 10 12 69 17 4E 12 00 00

000:STREAM                     1283881976.451492
 10 12 7C 17 46 12 00 00

000:STREAM                     1283881976.459490
 10 12 89 17 3E 12 00 00

000:STREAM                     1283881976.467505
 10 12 9C 17 36 12 00 00

000:STREAM                     1283881976.475505
 10 12 A7 17 31 12 00 00

000:STREAM                     1283881976.483484
 10 12 A6 17 1E 12 00 00

000:STREAM                     1283881976.491528
 10 12 A6 17 1E 12 00 00

000:STREAM                     1283881976.499522
 10 12 A6 17 1E 12 00 00

000:STREAM                     1283881976.507524
 10 12 A6 17 1E 12 00 00

000:STREAM                     1283881976.515497
 10 12 A6 17 1E 12 00 00

000:STREAM                     1283881976.523485
 10 12 A6 17 1E 12 00 00

000:STREAM                     1283881976.531514
 10 12 A6 17 1E 12 00 00

000:STREAM                     1283881976.539500
 10 12 98 17 29 12 00 00

000:STREAM                     1283881976.547509
 10 12 A3 17 2E 12 00 00

000:STREAM                     1283881976.555536
 10 12 91 17 33 12 00 00

000:STREAM                     1283881976.563539
 10 12 86 17 39 12 00 00

000:STREAM                     1283881976.571518
 10 12 86 17 39 12 00 00

000:STREAM                     1283881976.579513
 10 10 86 17 39 12 00 00

000:STREAM                     1283881976.587528
 10 10 86 17 39 12 00 00

000:STREAM                     1283881976.595528
 10 10 79 17 3E 12 00 00

000:STREAM                     1283881976.603506
 10 10 6F 17 3F 12 00 00

000:STREAM                     1283881976.611543
 10 10 6B 17 42 12 00 00

000:STREAM                     1283881976.619545
 10 10 6A 17 40 12 00 00

000:STREAM                     1283881976.627546
 10 10 6A 17 40 12 00 00

000:STREAM                     1283881976.635521
 10 10 6A 17 40 12 00 00

000:STREAM                     1283881976.643541
 10 10 6A 17 40 12 00 00

000:STREAM                     1283881976.651541
 10 10 6A 17 40 12 00 00

000:STREAM                     1283881976.659523
 10 10 6A 17 40 12 00 00

000:STREAM                     1283881976.667528
 10 10 6A 17 40 12 00 00

000:STREAM                     1283881976.675553
 10 10 6A 17 40 12 00 00

000:STREAM                     1283881976.683531
 10 10 69 17 42 12 00 00

000:STREAM                     1283881976.691538
 10 10 7A 17 42 12 00 00

000:STREAM                     1283881976.699532
 10 10 7A 17 42 12 00 00

000:STREAM                     1283881976.707547
 10 10 7A 17 42 12 00 00

000:STREAM                     1283881976.723526
 10 12 7A 17 42 12 00 00

000:STREAM                     1283881976.731565
 10 12 7A 17 42 12 00 00

000:STREAM                     1283881976.739565
 10 12 7A 17 42 12 00 00

000:STREAM                     1283881976.747548
 10 12 7A 17 42 12 00 00

000:STREAM                     1283881976.755543
 10 12 82 17 3D 12 00 00

000:STREAM                     1283881976.763541
 10 12 8A 17 3B 12 00 00

000:STREAM                     1283881976.771558
 10 12 95 17 3B 12 00 00

000:STREAM                     1283881976.779542
 10 12 99 17 3C 12 00 00

000:STREAM                     1283881976.787549
 10 12 9A 17 3D 12 00 00

000:STREAM                     1283881976.795575
 10 12 9A 17 3D 12 00 00

000:STREAM                     1283881976.803576
 10 12 9A 17 3D 12 00 00

000:STREAM                     1283881976.811559
 10 12 9A 17 3D 12 00 00

000:STREAM                     1283881976.819554
 10 12 89 17 43 12 00 00

000:STREAM                     1283881976.827569
 10 12 7E 17 4E 12 00 00

000:STREAM                     1283881976.835569
 10 12 74 17 56 12 00 00

000:STREAM                     1283881976.843559
 10 12 66 17 5A 12 00 00

000:STREAM                     1283881976.851556
 10 12 66 17 5A 12 00 00

000:STREAM                     1283881976.859585
 10 10 66 17 5A 12 00 00

000:STREAM                     1283881976.867555
 10 10 66 17 5A 12 00 00

000:STREAM                     1283881976.875571
 10 10 59 17 62 12 00 00

000:STREAM                     1283881976.883553
 10 10 49 17 70 12 00 00

000:STREAM                     1283881976.891587
 10 10 3D 17 76 12 00 00

000:STREAM                     1283881976.899551
 10 10 30 17 78 12 00 00

000:STREAM                     1283881976.907561
 10 10 2D 17 79 12 00 00

000:STREAM                     1283881976.915592
 10 10 2C 17 79 12 00 00

000:STREAM                     1283881976.923564
 10 10 2C 17 78 12 00 00

000:STREAM                     1283881976.931578
 10 10 2C 17 78 12 00 00

000:STREAM                     1283881976.939583
 10 10 2C 17 78 12 00 00

000:STREAM                     1283881976.947602
 10 10 2C 17 78 12 00 00

000:STREAM                     1283881976.955591
 10 10 2C 17 78 12 00 00

000:STREAM                     1283881976.963584
 10 10 2C 17 78 12 00 00

000:STREAM                     1283881976.971609
 10 10 39 17 74 12 00 00

000:STREAM                     1283881976.987618
 10 12 39 17 74 12 00 00

000:STREAM                     1283881976.995597
 10 12 4E 17 6D 12 00 00

000:STREAM                     1283881977.003600
 10 12 4E 17 6D 12 00 00

000:STREAM                     1283881977.011601
 10 12 4E 17 6D 12 00 00

000:STREAM                     1283881977.019598
 10 12 4E 17 6D 12 00 00

000:STREAM                     1283881977.027600
 10 12 6D 17 59 12 00 00

000:STREAM                     1283881977.035622
 10 12 82 17 4E 12 00 00

000:STREAM                     1283881977.043594
 10 12 89 17 4A 12 00 00

000:STREAM                     1283881977.051604
 10 12 90 17 45 12 00 00

000:STREAM                     1283881977.059600
 10 12 8F 17 42 12 00 00

000:STREAM                     1283881977.067631
 10 12 8F 17 42 12 00 00

000:STREAM                     1283881977.075630
 10 12 8F 17 42 12 00 00

000:STREAM                     1283881977.083616
 10 12 8F 17 42 12 00 00

000:STREAM                     1283881977.091630
 10 12 8F 17 42 12 00 00

000:STREAM                     1283881977.099617
 10 12 8F 17 42 12 00 00

000:STREAM                     1283881977.107615
 10 12 8F 17 42 12 00 00

000:STREAM                     1283881977.115617
 10 12 75 17 4C 12 00 00

000:STREAM                     1283881977.123623
 10 10 66 17 50 12 00 00

000:STREAM                     1283881977.131637
 10 10 57 17 55 12 00 00

000:STREAM                     1283881977.139612
 10 10 49 17 59 12 00 00

000:STREAM                     1283881977.147623
 10 10 4D 17 5B 12 00 00

000:STREAM                     1283881977.155643
 10 10 40 17 5E 12 00 00

000:STREAM                     1283881977.163644
 10 10 38 17 5F 12 00 00

000:STREAM                     1283881977.171627
 10 10 38 17 5F 12 00 00

000:STREAM                     1283881977.179629
 10 10 38 17 5F 12 00 00

000:STREAM                     1283881977.187649
 10 10 38 17 5F 12 00 00

000:STREAM                     1283881977.195650
 10 10 36 17 5F 12 00 00

000:STREAM                     1283881977.203632
 10 10 2D 17 5E 12 00 00

000:STREAM                     1283881977.211637
 10 10 2D 17 5E 12 00 00

000:STREAM                     1283881977.219627
 10 10 2D 17 5E 12 00 00

000:STREAM                     1283881977.227637
 10 10 2D 17 5E 12 00 00

000:STREAM                     1283881977.235639
 10 10 2D 17 5E 12 00 00

000:STREAM                     1283881977.243660
 10 10 2D 17 5E 12 00 00

000:STREAM                     1283881977.259642
 10 12 2D 17 5E 12 00 00

000:STREAM                     1283881977.267645
 10 12 45 17 56 12 00 00

000:STREAM                     1283881977.275649
 10 12 45 17 56 12 00 00

000:STREAM                     1283881977.283666
 10 12 5A 17 4F 12 00 00

000:STREAM                     1283881977.291649
 10 12 5A 17 4F 12 00 00

000:STREAM                     1283881977.299651
 10 12 79 17 43 12 00 00

000:STREAM                     1283881977.307671
 10 12 81 17 3E 12 00 00

000:STREAM                     1283881977.315672
 10 12 8C 17 38 12 00 00

000:STREAM                     1283881977.323655
 10 12 8B 17 32 12 00 00

000:STREAM                     1283881977.331659
 10 12 89 17 30 12 00 00

000:STREAM                     1283881977.339677
 10 12 89 17 30 12 00 00

000:STREAM                     1283881977.347660
 10 12 89 17 30 12 00 00

000:STREAM                     1283881977.355661
 10 12 89 17 30 12 00 00

000:STREAM                     1283881977.363692
 10 12 89 17 30 12 00 00

000:STREAM                     1283881977.371682
 10 12 89 17 30 12 00 00

000:STREAM                     1283881977.379663
 10 10 48 17 4D 12 00 00

000:STREAM                     1283881977.387671
 10 10 44 17 50 12 00 00

000:STREAM                     1283881977.395664
 10 10 3D 17 52 12 00 00

000:STREAM                     1283881977.403695
 10 10 37 17 57 12 00 00

000:STREAM                     1283881977.411672
 10 10 35 17 59 12 00 00

000:STREAM                     1283881977.419677
 10 10 33 17 5B 12 00 00

000:STREAM                     1283881977.427697
 10 10 31 17 5C 12 00 00

000:STREAM                     1283881977.435701
 10 10 30 17 59 12 00 00

000:STREAM                     1283881977.443681
 10 10 30 17 59 12 00 00

000:STREAM                     1283881977.451672
 10 10 30 17 59 12 00 00

000:STREAM                     1283881977.459702
 10 10 30 17 59 12 00 00

000:STREAM                     1283881977.467686
 10 10 30 17 59 12 00 00

000:STREAM                     1283881977.475687
 10 10 30 17 59 12 00 00

000:STREAM                     1283881977.483710
 10 10 36 17 56 12 00 00

000:STREAM                     1283881977.491705
 10 10 45 17 51 12 00 00

000:STREAM                     1283881977.499682
 10 10 4D 17 4F 12 00 00

000:STREAM                     1283881977.515714
 10 12 4D 17 4F 12 00 00

000:STREAM                     1283881977.523714
 10 12 4D 17 4F 12 00 00

000:STREAM                     1283881977.531695
 10 12 4D 17 4F 12 00 00

000:STREAM                     1283881977.539699
 10 12 4D 17 4F 12 00 00

000:STREAM                     1283881977.547719
 10 12 4D 17 4F 12 00 00

000:STREAM                     1283881977.555720
 10 12 67 17 45 12 00 00

000:STREAM                     1283881977.563703
 10 12 6C 17 3F 12 00 00

000:STREAM                     1283881977.571695
 10 12 76 17 39 12 00 00

000:STREAM                     1283881977.579724
 10 12 77 17 35 12 00 00

000:STREAM                     1283881977.587708
 10 12 74 17 30 12 00 00

000:STREAM                     1283881977.595728
 10 12 74 17 30 12 00 00

000:STREAM                     1283881977.603699
 10 12 74 17 30 12 00 00

000:STREAM                     1283881977.611728
 10 12 74 17 30 12 00 00

000:STREAM                     1283881977.619702
 10 12 74 17 30 12 00 00

000:STREAM                     1283881977.627713
 10 12 74 17 30 12 00 00

000:STREAM                     1283881977.635738
 10 10 66 17 36 12 00 00

000:STREAM                     1283881977.643740
 10 10 53 17 3F 12 00 00

000:STREAM                     1283881977.651722
 10 10 48 17 45 12 00 00

000:STREAM                     1283881977.659719
 10 10 41 17 46 12 00 00

000:STREAM                     1283881977.667744
 10 10 38 17 46 12 00 00

000:STREAM                     1283881977.675743
 10 10 38 17 47 12 00 00

000:STREAM                     1283881977.683723
 10 10 37 17 47 12 00 00

000:STREAM                     1283881977.691725
 10 10 37 17 47 12 00 00

000:STREAM                     1283881977.699745
 10 10 37 17 47 12 00 00

000:STREAM                     1283881977.707728
 10 10 37 17 47 12 00 00

000:STREAM                     1283881977.715729
 10 10 37 17 47 12 00 00

000:STREAM                     1283881977.723758
 10 10 37 17 47 12 00 00

000:STREAM                     1283881977.731750
 10 10 37 17 47 12 00 00

000:STREAM                     1283881977.739727
 10 10 37 17 47 12 00 00

000:STREAM                     1283881977.755762
 10 12 37 17 47 12 00 00

000:STREAM                     1283881977.763763
 10 12 37 17 47 12 00 00

000:STREAM                     1283881977.771731
 10 12 37 17 47 12 00 00

000:STREAM                     1283881977.779741
 10 12 4C 17 40 12 00 00

000:STREAM                     1283881977.787765
 10 12 4C 17 40 12 00 00

000:STREAM                     1283881977.795762
 10 12 5E 17 3B 12 00 00

000:STREAM                     1283881977.803737
 10 12 73 17 2F 12 00 00

000:STREAM                     1283881977.811752
 10 12 82 17 2A 12 00 00

000:STREAM                     1283881977.819770
 10 12 84 17 26 12 00 00

000:STREAM                     1283881977.827753
 10 12 84 17 26 12 00 00

000:STREAM                     1283881977.835752
 10 12 84 17 26 12 00 00

000:STREAM                     1283881977.843753
 10 12 84 17 26 12 00 00

000:STREAM                     1283881977.851773
 10 12 84 17 26 12 00 00

000:STREAM                     1283881977.859760
 10 12 84 17 26 12 00 00

000:STREAM                     1283881977.867761
 10 12 84 17 26 12 00 00

000:STREAM                     1283881977.875786
 10 10 76 17 2F 12 00 00

000:STREAM                     1283881977.883782
 10 10 5E 17 3D 12 00 00

000:STREAM                     1283881977.891762
 10 10 4C 17 47 12 00 00

000:STREAM                     1283881977.899767
 10 10 42 17 4C 12 00 00

000:STREAM                     1283881977.907791
 10 10 33 17 54 12 00 00

000:STREAM                     1283881977.915785
 10 10 29 17 5C 12 00 00

000:STREAM                     1283881977.923778
 10 10 21 17 5F 12 00 00

000:STREAM                     1283881977.931777
 10 10 20 17 62 12 00 00

000:STREAM                     1283881977.939795
 10 10 1F 17 62 12 00 00

000:STREAM                     1283881977.947776
 10 10 1F 17 62 12 00 00

000:STREAM                     1283881977.955768
 10 10 1F 17 62 12 00 00

000:STREAM                     1283881977.963806
 10 10 1F 17 62 12 00 00

000:STREAM                     1283881977.971795
 10 10 1F 17 62 12 00 00

000:STREAM                     1283881977.979775
 10 10 1F 17 62 12 00 00

000:STREAM                     1283881977.987772
 10 10 36 17 5B 12 00 00

000:STREAM                     1283881977.995810
 10 10 47 17 52 12 00 00

000:STREAM                     1283881978.003777
 10 10 57 17 4B 12 00 00

000:STREAM                     1283881978.011779
 10 10 5D 17 48 12 00 00

000:STREAM                     1283881978.027816
 10 12 5D 17 48 12 00 00

000:STREAM                     1283881978.035792
 10 12 5D 17 48 12 00 00

000:STREAM                     1283881978.043787
 10 12 5D 17 48 12 00 00

000:STREAM                     1283881978.051778
 10 12 5D 17 48 12 00 00

000:STREAM                     1283881978.059815
 10 12 5D 17 48 12 00 00

000:STREAM                     1283881978.067789
 10 12 66 17 43 12 00 00

000:STREAM                     1283881978.075789
 10 12 73 17 3B 12 00 00

000:STREAM                     1283881978.083801
 10 12 72 17 38 12 00 00

000:STREAM                     1283881978.091790
 10 12 68 17 36 12 00 00

000:STREAM                     1283881978.099796
 10 12 68 17 36 12 00 00

000:STREAM                     1283881978.107791
 10 10 56 17 41 12 00 00

000:STREAM                     1283881978.115829
 10 10 56 17 41 12 00 00

000:STREAM                     1283881978.123824
 10 10 56 17 41 12 00 00

000:STREAM                     1283881978.131802
 10 10 56 17 41 12 00 00

000:STREAM                     1283881978.139809
 10 10 4B 17 49 12 00 00

000:STREAM                     1283881978.147808
 10 10 3A 17 56 12 00 00

000:STREAM                     1283881978.155815
 10 10 2D 17 5E 12 00 00

000:STREAM                     1283881978.163809
 10 10 26 17 63 12 00 00

000:STREAM                     1283881978.171849
 10 10 23 17 65 12 00 00

000:STREAM                     1283881978.179834
 10 10 22 17 67 12 00 00

000:STREAM                     1283881978.187816
 10 10 22 17 67 12 00 00

000:STREAM                     1283881978.195811
 10 10 22 17 67 12 00 00

000:STREAM                     1283881978.203848
 10 10 22 17 67 12 00 00

000:STREAM                     1283881978.211840
 10 10 22 17 67 12 00 00

000:STREAM                     1283881978.219822
 10 10 32 17 5F 12 00 00

000:STREAM                     1283881978.227823
 10 10 41 17 59 12 00 00

000:STREAM                     1283881978.243857
 10 12 41 17 59 12 00 00

000:STREAM                     1283881978.251827
 10 12 56 17 50 12 00 00

000:STREAM                     1283881978.259835
 10 12 56 17 50 12 00 00

000:STREAM                     1283881978.267862
 10 12 56 17 50 12 00 00

000:STREAM                     1283881978.275838
 10 12 69 17 46 12 00 00

000:STREAM                     1283881978.283832
 10 12 6D 17 3D 12 00 00

000:STREAM                     1283881978.291870
 10 12 81 17 32 12 00 00

000:STREAM                     1283881978.299857
 10 12 90 17 2D 12 00 00

000:STREAM                     1283881978.307838
 10 12 9A 17 24 12 00 00

000:STREAM                     1283881978.315833
 10 12 9C 17 22 12 00 00

000:STREAM                     1283881978.323854
 10 12 9C 17 20 12 00 00

000:STREAM                     1283881978.331868
 10 12 9C 17 20 12 00 00

000:STREAM                     1283881978.339843
 10 12 9C 17 20 12 00 00

000:STREAM                     1283881978.347829
 10 12 9C 17 20 12 00 00

000:STREAM                     1283881978.355876
 10 12 9C 17 20 12 00 00

000:STREAM                     1283881978.363845
 10 12 9C 17 20 12 00 00

000:STREAM                     1283881978.371850
 10 12 9C 17 20 12 00 00

000:STREAM                     1283881978.379855
 10 12 89 17 2A 12 00 00

000:STREAM                     1283881978.387876
 10 10 5B 17 44 12 00 00

000:STREAM                     1283881978.395857
 10 10 58 17 4A 12 00 00

000:STREAM                     1283881978.403852
 10 10 4F 17 50 12 00 00

000:STREAM                     1283881978.411891
 10 10 47 17 5A 12 00 00

000:STREAM                     1283881978.419879
 10 10 44 17 5F 12 00 00

000:STREAM                     1283881978.427860
 10 10 3C 17 65 12 00 00

000:STREAM                     1283881978.435846
 10 10 35 17 6A 12 00 00

000:STREAM                     1283881978.443858
 10 10 31 17 6F 12 00 00

000:STREAM                     1283881978.451875
 10 10 2E 17 74 12 00 00

000:STREAM                     1283881978.459866
 10 10 2D 17 72 12 00 00

000:STREAM                     1283881978.467880
 10 10 2C 17 71 12 00 00

000:STREAM                     1283881978.475880
 10 10 2C 17 71 12 00 00

000:STREAM                     1283881978.483859
 10 10 2C 17 71 12 00 00

000:STREAM                     1283881978.491905
 10 10 2C 17 71 12 00 00

000:STREAM                     1283881978.499895
 10 10 2C 17 71 12 00 00

000:STREAM                     1283881978.507906
 10 10 2C 17 71 12 00 00

000:STREAM                     1283881978.515873
 10 10 2C 17 71 12 00 00

000:STREAM                     1283881978.523865
 10 10 2C 17 71 12 00 00

000:STREAM                     1283881978.531899
 10 10 2C 17 71 12 00 00

000:STREAM                     1283881978.539892
 10 10 2C 17 71 12 00 00

000:STREAM                     1283881978.547882
 10 10 28 17 6B 12 00 00

000:STREAM                     1283881978.555890
 10 10 25 17 63 12 00 00

000:STREAM                     1283881978.563887
 10 10 25 17 5F 12 00 00

000:STREAM                     1283881978.571895
 10 10 23 17 5B 12 00 00

000:STREAM                     1283881978.579885
 10 10 25 17 57 12 00 00

000:STREAM                     1283881978.587906
 10 10 1E 17 55 12 00 00

