003:002:000:STREAM             1343226185.188082
 10 10 EA 18 28 10 00 03

003:002:000:STREAM             1343226185.196062
 10 10 EA 18 28 10 00 03

003:002:000:STREAM             1343226185.200040
 10 10 EA 18 28 10 00 03

003:002:000:STREAM             1343226185.208062
 10 10 EA 18 28 10 00 03

003:002:000:STREAM             1343226185.216040
 10 10 EA 18 28 10 00 03

003:002:000:STREAM             1343226185.220040
 10 10 EA 18 28 10 00 03

003:002:000:STREAM             1343226185.228061
 10 10 E3 18 0F 10 00 03

003:002:000:STREAM             1343226185.232063
 10 10 E3 18 0F 10 00 03

003:002:000:STREAM             1343226185.240061
 10 10 E3 18 0F 10 00 03

003:002:000:STREAM             1343226185.248040
 10 10 DE 18 21 10 00 03

003:002:000:STREAM             1343226185.252041
 10 10 DE 18 21 10 00 03

003:002:000:STREAM             1343226185.260063
 10 10 DE 18 21 10 00 03

003:002:000:STREAM             1343226185.264061
 10 10 D6 18 34 10 00 03

003:002:000:STREAM             1343226185.272063
 10 10 D6 18 34 10 00 03

003:002:000:STREAM             1343226185.276064
 10 10 D6 18 34 10 00 03

003:002:000:STREAM             1343226185.284033
 10 10 D6 18 34 10 00 03

003:002:000:STREAM             1343226185.292067
 10 10 D6 18 34 10 00 03

003:002:000:STREAM             1343226185.296063
 10 10 C0 18 46 10 00 03

003:002:000:STREAM             1343226185.304061
 10 10 C0 18 46 10 00 03

003:002:000:STREAM             1343226185.308063
 10 10 C0 18 46 10 00 03

003:002:000:STREAM             1343226185.316022
 10 10 B4 18 55 10 00 03

003:002:000:STREAM             1343226185.324028
 10 10 B4 18 55 10 00 03

003:002:000:STREAM             1343226185.328025
 10 10 B1 18 6B 10 00 03

003:002:000:STREAM             1343226185.336063
 10 10 B1 18 6B 10 00 03

003:002:000:STREAM             1343226185.340061
 10 10 B1 18 6B 10 00 03

003:002:000:STREAM             1343226185.348041
 10 10 B1 18 6B 10 00 03

003:002:000:STREAM             1343226185.352063
 10 10 B1 18 6B 10 00 03

003:002:000:STREAM             1343226185.360063
 10 10 B1 18 6B 10 00 03

003:002:000:STREAM             1343226185.368063
 10 10 96 18 71 10 00 03

003:002:000:STREAM             1343226185.372032
 10 10 96 18 71 10 00 03

003:002:000:STREAM             1343226185.380066
 10 10 96 18 71 10 00 03

003:002:000:STREAM             1343226185.384063
 10 10 96 18 71 10 00 03

003:002:000:STREAM             1343226185.392063
 10 10 96 18 71 10 00 03

003:002:000:STREAM             1343226185.400064
 10 10 96 18 71 10 00 03

003:002:000:STREAM             1343226185.404040
 10 10 96 18 71 10 00 03

003:002:000:STREAM             1343226185.412064
 10 10 A3 18 56 10 00 03

003:002:000:STREAM             1343226185.416064
 10 10 B0 18 63 10 00 03

003:002:000:STREAM             1343226185.424064
 10 10 B0 18 63 10 00 03

003:002:000:STREAM             1343226185.428062
 10 10 B0 18 63 10 00 03

003:002:000:STREAM             1343226185.436040
 10 10 B0 18 63 10 00 03

003:002:000:STREAM             1343226185.444064
 10 10 B0 18 63 10 00 03

003:002:000:STREAM             1343226185.448064
 10 10 B0 18 63 10 00 03

003:002:000:STREAM             1343226185.456064
 10 10 B0 18 63 10 00 03

003:002:000:STREAM             1343226185.460064
 10 10 B0 18 63 10 00 03

003:002:000:STREAM             1343226185.468031
 10 10 B0 18 63 10 00 03

003:002:000:STREAM             1343226185.476068
 10 10 B0 18 63 10 00 03

003:002:000:STREAM             1343226185.480062
 10 10 B0 18 63 10 00 03

003:002:000:STREAM             1343226185.488064
 10 10 B0 18 63 10 00 03

003:002:000:STREAM             1343226185.492064
 10 10 B0 18 63 10 00 03

003:002:000:STREAM             1343226185.500042
 10 10 B0 18 63 10 00 03

003:002:000:STREAM             1343226185.504062
 10 10 B0 18 63 10 00 03

003:002:000:STREAM             1343226185.512065
 10 10 C6 18 72 10 00 03

003:002:000:STREAM             1343226185.520065
 10 10 C6 18 72 10 00 03

003:002:000:STREAM             1343226185.524065
 10 10 C6 18 72 10 00 03

003:002:000:STREAM             1343226185.532043
 10 10 C6 18 72 10 00 03

003:002:000:STREAM             1343226185.536065
 10 10 C6 18 72 10 00 03

003:002:000:STREAM             1343226185.544062
 10 10 C6 18 72 10 00 03

003:002:000:STREAM             1343226185.552065
 10 10 C6 18 72 10 00 03

003:002:000:STREAM             1343226185.556065
 10 10 C6 18 72 10 00 03

003:002:000:STREAM             1343226185.564048
 10 10 C6 18 72 10 00 03

003:002:000:STREAM             1343226185.568062
 10 10 C6 18 72 10 00 03

003:002:000:STREAM             1343226185.576065
 10 10 C6 18 72 10 00 03

003:002:000:STREAM             1343226185.580063
 10 10 B6 18 86 10 00 03

003:002:000:STREAM             1343226185.588042
 10 10 B6 18 86 10 00 03

003:002:000:STREAM             1343226185.596063
 10 10 B6 18 86 10 00 03

003:002:000:STREAM             1343226185.600065
 10 10 B6 18 86 10 00 03

003:002:000:STREAM             1343226185.608033
 10 10 B6 18 86 10 00 03

003:002:000:STREAM             1343226185.612069
 10 10 B6 18 86 10 00 03

003:002:000:STREAM             1343226185.620042
 10 10 B6 18 86 10 00 03

003:002:000:STREAM             1343226185.628066
 10 10 B6 18 86 10 00 03

003:002:000:STREAM             1343226185.632065
 10 10 C4 18 9F 10 00 03

003:002:000:STREAM             1343226185.640063
 10 10 C4 18 9F 10 00 03

003:002:000:STREAM             1343226185.644063
 10 10 C4 18 9F 10 00 03

003:002:000:STREAM             1343226185.652033
 10 10 C4 18 9F 10 00 03

003:002:000:STREAM             1343226185.656028
 10 10 C4 18 9F 10 00 03

003:002:000:STREAM             1343226185.664028
 10 10 C4 18 9F 10 00 03

003:002:000:STREAM             1343226185.672001
 10 10 C4 18 9F 10 00 03

003:002:000:STREAM             1343226185.676029
 10 10 C4 18 9F 10 00 03

003:002:000:STREAM             1343226185.684007
 10 10 C4 18 9F 10 00 03

003:002:000:STREAM             1343226185.688028
 10 10 C4 18 9F 10 00 03

003:002:000:STREAM             1343226185.696029
 10 10 C4 18 9F 10 00 03

003:002:000:STREAM             1343226185.704029
 10 10 C4 18 9F 10 00 03

003:002:000:STREAM             1343226185.708027
 10 10 C4 18 9F 10 00 03

003:002:000:STREAM             1343226185.716006
 10 10 CF 18 B8 10 00 03

003:002:000:STREAM             1343226185.720027
 10 10 CF 18 B8 10 00 03

003:002:000:STREAM             1343226185.728029
 10 10 CF 18 B8 10 00 03

003:002:000:STREAM             1343226185.732029
 10 10 BC 18 CE 10 00 03

003:002:000:STREAM             1343226185.740029
 10 10 BC 18 CE 10 00 03

003:002:000:STREAM             1343226185.748030
 10 10 BC 18 CE 10 00 03

003:002:000:STREAM             1343226185.752029
 10 10 BC 18 CE 10 00 03

003:002:000:STREAM             1343226185.760030
 10 10 BC 18 CE 10 00 03

003:002:000:STREAM             1343226185.764029
 10 10 BC 18 CE 10 00 03

003:002:000:STREAM             1343226185.772030
 10 10 BC 18 CE 10 00 03

003:002:000:STREAM             1343226185.780069
 10 10 BC 18 CE 10 00 03

003:002:000:STREAM             1343226185.784064
 10 10 BC 18 CE 10 00 03

003:002:000:STREAM             1343226185.792066
 10 10 BC 18 CE 10 00 03

003:002:000:STREAM             1343226185.796066
 10 10 BC 18 CE 10 00 03

003:002:000:STREAM             1343226185.804044
 10 10 BC 18 CE 10 00 03

003:002:000:STREAM             1343226185.812008
 10 10 BC 18 CE 10 00 03

003:002:000:STREAM             1343226185.816071
 10 10 BC 18 CE 10 00 03

003:002:000:STREAM             1343226185.824065
 10 10 BC 18 CE 10 00 03

003:002:000:STREAM             1343226185.828067
 10 10 BC 18 CE 10 00 03

003:002:000:STREAM             1343226185.836044
 10 10 BC 18 CE 10 00 03

003:002:000:STREAM             1343226185.840044
 10 10 BC 18 CE 10 00 03

003:002:000:STREAM             1343226185.848065
 10 10 BC 18 CE 10 00 03

003:002:000:STREAM             1343226185.856067
 10 10 BC 18 CE 10 00 03

003:002:000:STREAM             1343226185.860065
 10 10 C7 18 E9 10 00 03

003:002:000:STREAM             1343226185.868044
 10 10 C7 18 E9 10 00 03

003:002:000:STREAM             1343226185.872045
 10 10 C7 18 E9 10 00 03

003:002:000:STREAM             1343226185.880067
 10 10 C7 18 E9 10 00 03

003:002:000:STREAM             1343226185.888067
 10 10 C7 18 E9 10 00 03

003:002:000:STREAM             1343226185.892067
 10 10 C7 18 E9 10 00 03

003:002:000:STREAM             1343226185.900035
 10 10 C7 18 E9 10 00 03

003:002:000:STREAM             1343226185.904036
 10 10 C7 18 E9 10 00 03

003:002:000:STREAM             1343226185.912071
 10 10 C7 18 E9 10 00 03

003:002:000:STREAM             1343226185.916067
 10 10 C7 18 E9 10 00 03

003:002:000:STREAM             1343226185.924066
 10 10 C7 18 E9 10 00 03

003:002:000:STREAM             1343226185.932046
 10 10 C7 18 E9 10 00 03

003:002:000:STREAM             1343226185.936065
 10 10 C7 18 E9 10 00 03

003:002:000:STREAM             1343226185.944068
 10 10 C7 18 E9 10 00 03

003:002:000:STREAM             1343226185.948065
 10 10 C7 18 E9 10 00 03

003:002:000:STREAM             1343226185.956068
 10 10 C7 18 E9 10 00 03

003:002:000:STREAM             1343226185.964045
 10 10 C7 18 E9 10 00 03

003:002:000:STREAM             1343226185.968068
 10 10 C7 18 E9 10 00 03

003:002:000:STREAM             1343226185.976068
 10 10 C7 18 E9 10 00 03

003:002:000:STREAM             1343226185.980068
 10 10 C7 18 E9 10 00 03

003:002:000:STREAM             1343226185.988066
 10 10 C7 18 E9 10 00 03

003:002:000:STREAM             1343226185.992045
 10 10 C7 18 E9 10 00 03

003:002:000:STREAM             1343226186.000066
 10 10 C7 18 E9 10 00 03

003:002:000:STREAM             1343226186.008069
 10 10 C7 18 E9 10 00 03

003:002:000:STREAM             1343226186.012069
 10 10 C7 18 E9 10 00 03

003:002:000:STREAM             1343226186.020039
 10 10 C7 18 E9 10 00 03

003:002:000:STREAM             1343226186.024048
 10 10 C7 18 E9 10 00 03

003:002:000:STREAM             1343226186.032069
 10 10 C7 18 E9 10 00 03

003:002:000:STREAM             1343226186.040069
 10 10 C7 18 E9 10 00 03

003:002:000:STREAM             1343226186.044068
 10 10 C7 18 E9 10 00 03

003:002:000:STREAM             1343226186.052046
 10 10 C7 18 E9 10 00 03

003:002:000:STREAM             1343226186.056066
 10 10 C7 18 E9 10 00 03

003:002:000:STREAM             1343226186.064066
 10 10 C7 18 E9 10 00 03

003:002:000:STREAM             1343226186.068068
 10 10 C7 18 E9 10 00 03

003:002:000:STREAM             1343226186.076068
 10 10 C7 18 E9 10 00 03

003:002:000:STREAM             1343226186.084046
 10 10 C7 18 E9 10 00 03

003:002:000:STREAM             1343226186.088066
 10 10 C7 18 E9 10 00 03

003:002:000:STREAM             1343226186.096069
 10 10 C7 18 E9 10 00 03

003:002:000:STREAM             1343226186.100069
 10 10 C7 18 E9 10 00 03

003:002:000:STREAM             1343226186.108069
 10 10 C7 18 E9 10 00 03

003:002:000:STREAM             1343226186.116069
 10 10 C7 18 E9 10 00 03

003:002:000:STREAM             1343226186.120069
 10 10 C7 18 E9 10 00 03

003:002:000:STREAM             1343226186.128067
 10 10 C7 18 E9 10 00 03

003:002:000:STREAM             1343226186.132069
 10 10 C7 18 E9 10 00 03

003:002:000:STREAM             1343226186.140067
 10 10 C7 18 E9 10 00 03

003:002:000:STREAM             1343226186.148047
 10 10 C7 18 E9 10 00 03

003:002:000:STREAM             1343226186.152069
 10 10 C7 18 E9 10 00 03

003:002:000:STREAM             1343226186.160069
 10 10 C7 18 E9 10 00 03

003:002:000:STREAM             1343226186.164067
 10 10 C7 18 E9 10 00 03

003:002:000:STREAM             1343226186.172046
 10 10 C7 18 E9 10 00 03

003:002:000:STREAM             1343226186.176046
 10 10 C7 18 E9 10 00 03

003:002:000:STREAM             1343226186.184070
 10 10 C7 18 E9 10 00 03

003:002:000:STREAM             1343226186.192070
 10 10 C7 18 E9 10 00 03

003:002:000:STREAM             1343226186.196070
 10 10 B5 18 FE 10 00 03

003:002:000:STREAM             1343226186.204069
 10 10 B5 18 FE 10 00 03

003:002:000:STREAM             1343226186.208046
 10 10 B5 18 FE 10 00 03

003:002:000:STREAM             1343226186.216070
 10 10 B5 18 FE 10 00 03

003:002:000:STREAM             1343226186.224070
 10 10 B5 18 FE 10 00 03

003:002:000:STREAM             1343226186.228068
 10 10 A0 18 12 11 00 03

003:002:000:STREAM             1343226186.236047
 10 10 A0 18 12 11 00 03

003:002:000:STREAM             1343226186.240046
 10 10 A0 18 12 11 00 03

003:002:000:STREAM             1343226186.248070
 10 10 A0 18 12 11 00 03

003:002:000:STREAM             1343226186.252070
 10 10 A0 18 12 11 00 03

003:002:000:STREAM             1343226186.260070
 10 10 A0 18 12 11 00 03

003:002:000:STREAM             1343226186.268047
 10 10 A0 18 12 11 00 03

003:002:000:STREAM             1343226186.272070
 10 10 A0 18 12 11 00 03

003:002:000:STREAM             1343226186.280068
 10 10 A0 18 12 11 00 03

003:002:000:STREAM             1343226186.284070
 10 10 A0 18 12 11 00 03

003:002:000:STREAM             1343226186.292070
 10 10 A0 18 12 11 00 03

003:002:000:STREAM             1343226186.300048
 10 10 A0 18 12 11 00 03

003:002:000:STREAM             1343226186.304073
 10 10 A0 18 12 11 00 03

003:002:000:STREAM             1343226186.312070
 10 10 A0 18 12 11 00 03

003:002:000:STREAM             1343226186.316071
 10 10 A0 18 12 11 00 03

003:002:000:STREAM             1343226186.324071
 10 10 A0 18 12 11 00 03

003:002:000:STREAM             1343226186.328048
 10 10 A0 18 12 11 00 03

003:002:000:STREAM             1343226186.336016
 10 10 A0 18 12 11 00 03

003:002:000:STREAM             1343226186.344075
 10 10 A0 18 12 11 00 03

003:002:000:STREAM             1343226186.348071
 10 10 A0 18 12 11 00 03

003:002:000:STREAM             1343226186.356071
 10 10 A0 18 12 11 00 03

003:002:000:STREAM             1343226186.360048
 10 10 A0 18 12 11 00 03

003:002:000:STREAM             1343226186.368069
 10 10 8D 18 00 11 00 03

003:002:000:STREAM             1343226186.376071
 10 10 8D 18 00 11 00 03

003:002:000:STREAM             1343226186.380070
 10 10 8D 18 00 11 00 03

003:002:000:STREAM             1343226186.388072
 10 10 8D 18 00 11 00 03

003:002:000:STREAM             1343226186.392048
 10 10 9C 18 E8 10 00 03

003:002:000:STREAM             1343226186.400070
 10 10 9C 18 E8 10 00 03

003:002:000:STREAM             1343226186.404068
 10 10 9C 18 E8 10 00 03

003:002:000:STREAM             1343226186.412070
 10 10 9C 18 E8 10 00 03

003:002:000:STREAM             1343226186.420071
 10 10 9C 18 E8 10 00 03

003:002:000:STREAM             1343226186.424049
 10 10 9C 18 E8 10 00 03

003:002:000:STREAM             1343226186.432071
 10 10 9C 18 E8 10 00 03

003:002:000:STREAM             1343226186.436071
 10 10 9C 18 E8 10 00 03

003:002:000:STREAM             1343226186.444069
 10 10 9C 18 E8 10 00 03

003:002:000:STREAM             1343226186.452049
 10 10 9C 18 E8 10 00 03

003:002:000:STREAM             1343226186.456071
 10 10 9C 18 E8 10 00 03

003:002:000:STREAM             1343226186.464072
 10 10 9C 18 E8 10 00 03

003:002:000:STREAM             1343226186.468069
 10 10 9C 18 E8 10 00 03

003:002:000:STREAM             1343226186.476071
 10 10 9C 18 E8 10 00 03

003:002:000:STREAM             1343226186.480071
 10 10 9C 18 E8 10 00 03

003:002:000:STREAM             1343226186.488070
 10 10 9C 18 E8 10 00 03

003:002:000:STREAM             1343226186.496072
 10 10 9C 18 E8 10 00 03

003:002:000:STREAM             1343226186.500072
 10 10 9C 18 E8 10 00 03

003:002:000:STREAM             1343226186.508070
 10 10 9C 18 E8 10 00 03

003:002:000:STREAM             1343226186.512072
 10 10 9C 18 E8 10 00 03

003:002:000:STREAM             1343226186.520054
 10 10 9C 18 E8 10 00 03

003:002:000:STREAM             1343226186.528072
 10 10 9C 18 E8 10 00 03

003:002:000:STREAM             1343226186.532072
 10 10 9C 18 E8 10 00 03

003:002:000:STREAM             1343226186.540072
 10 10 C0 18 E6 10 00 03

003:002:000:STREAM             1343226186.544049
 10 10 C0 18 E6 10 00 03

003:002:000:STREAM             1343226186.552072
 10 10 C0 18 E6 10 00 03

003:002:000:STREAM             1343226186.556072
 10 10 C0 18 E6 10 00 03

003:002:000:STREAM             1343226186.564072
 10 10 C0 18 E6 10 00 03

003:002:000:STREAM             1343226186.572073
 10 10 C0 18 E6 10 00 03

003:002:000:STREAM             1343226186.576049
 10 10 C0 18 E6 10 00 03

003:002:000:STREAM             1343226186.584070
 10 10 C0 18 E6 10 00 03

003:002:000:STREAM             1343226186.588073
 10 10 C0 18 E6 10 00 03

003:002:000:STREAM             1343226186.596073
 10 10 C0 18 E6 10 00 03

003:002:000:STREAM             1343226186.604073
 10 10 C0 18 E6 10 00 03

003:002:000:STREAM             1343226186.608049
 10 10 C0 18 E6 10 00 03

003:002:000:STREAM             1343226186.616026
 10 10 DB 18 DB 10 00 03

003:002:000:STREAM             1343226186.620071
 10 10 DB 18 DB 10 00 03

003:002:000:STREAM             1343226186.628073
 10 10 DB 18 DB 10 00 03

003:002:000:STREAM             1343226186.632073
 10 10 DB 18 DB 10 00 03

003:002:000:STREAM             1343226186.640050
 10 10 DB 18 DB 10 00 03

003:002:000:STREAM             1343226186.648074
 10 10 DB 18 DB 10 00 03

003:002:000:STREAM             1343226186.652073
 10 10 DB 18 DB 10 00 03

003:002:000:STREAM             1343226186.660071
 10 10 DB 18 DB 10 00 03

003:002:000:STREAM             1343226186.664073
 10 10 DB 18 DB 10 00 03

003:002:000:STREAM             1343226186.672051
 10 10 DB 18 DB 10 00 03

003:002:000:STREAM             1343226186.680074
 10 10 DB 18 DB 10 00 03

003:002:000:STREAM             1343226186.684071
 10 10 DB 18 DB 10 00 03

003:002:000:STREAM             1343226186.692074
 10 10 DB 18 DB 10 00 03

003:002:000:STREAM             1343226186.696074
 10 10 DB 18 DB 10 00 03

003:002:000:STREAM             1343226186.704052
 10 10 DB 18 DB 10 00 03

003:002:000:STREAM             1343226186.712074
 10 10 DB 18 DB 10 00 03

003:002:000:STREAM             1343226186.716074
 10 10 DB 18 DB 10 00 03

003:002:000:STREAM             1343226186.724071
 10 10 DB 18 DB 10 00 03

003:002:000:STREAM             1343226186.728051
 10 10 DB 18 DB 10 00 03

003:002:000:STREAM             1343226186.736072
 10 10 DB 18 DB 10 00 03

003:002:000:STREAM             1343226186.740074
 10 10 DB 18 DB 10 00 03

003:002:000:STREAM             1343226186.748036
 10 10 DB 18 DB 10 00 03

003:002:000:STREAM             1343226186.756074
 10 10 DB 18 DB 10 00 03

003:002:000:STREAM             1343226186.760051
 10 10 DB 18 DB 10 00 03

003:002:000:STREAM             1343226186.768074
 10 10 DB 18 DB 10 00 03

003:002:000:STREAM             1343226186.772074
 10 10 DB 18 DB 10 00 03

003:002:000:STREAM             1343226186.780074
 10 10 DB 18 DB 10 00 03

003:002:000:STREAM             1343226186.788074
 10 10 DB 18 DB 10 00 03

003:002:000:STREAM             1343226186.792051
 10 10 DB 18 DB 10 00 03

003:002:000:STREAM             1343226186.800072
 10 10 DB 18 DB 10 00 03

003:002:000:STREAM             1343226186.804074
 10 10 DB 18 DB 10 00 03

003:002:000:STREAM             1343226186.812077
 10 10 DB 18 DB 10 00 03

003:002:000:STREAM             1343226186.816074
 10 10 DB 18 DB 10 00 03

003:002:000:STREAM             1343226186.824051
 10 10 DB 18 DB 10 00 03

003:002:000:STREAM             1343226186.832075
 10 10 DB 18 DB 10 00 03

003:002:000:STREAM             1343226186.836075
 10 10 DB 18 DB 10 00 03

003:002:000:STREAM             1343226186.844074
 10 10 DB 18 DB 10 00 03

003:002:000:STREAM             1343226186.848072
 10 10 DB 18 DB 10 00 03

003:002:000:STREAM             1343226186.856072
 10 10 DB 18 DB 10 00 03

003:002:000:STREAM             1343226186.864075
 10 10 DB 18 DB 10 00 03

003:002:000:STREAM             1343226186.868074
 10 10 C6 18 F0 10 00 03

003:002:000:STREAM             1343226186.876075
 10 10 C6 18 F0 10 00 03

003:002:000:STREAM             1343226186.880075
 10 10 C6 18 F0 10 00 03

003:002:000:STREAM             1343226186.888072
 10 10 C6 18 F0 10 00 03

003:002:000:STREAM             1343226186.892075
 10 10 C6 18 F0 10 00 03

003:002:000:STREAM             1343226186.896074
 10 00 C6 18 F0 10 00 00

003:002:000:STREAM             1343226186.940076
 10 12 CB 18 F7 10 00 03

003:002:000:STREAM             1343226186.948053
 10 12 CB 18 F7 10 00 03

003:002:000:STREAM             1343226186.952076
 10 12 CB 18 F7 10 00 03

003:002:000:STREAM             1343226186.960076
 10 12 CB 18 F7 10 00 03

003:002:000:STREAM             1343226186.968076
 10 12 CB 18 F7 10 00 03

003:002:000:STREAM             1343226186.972076
 10 12 DB 18 DF 10 00 03

003:002:000:STREAM             1343226186.980058
 10 12 DB 18 DF 10 00 03

003:002:000:STREAM             1343226186.988076
 10 12 DB 18 DF 10 00 03

003:002:000:STREAM             1343226186.992076
 10 12 DB 18 DF 10 00 03

003:002:000:STREAM             1343226187.000076
 10 12 DB 18 DF 10 00 03

003:002:000:STREAM             1343226187.008048
 10 12 DB 18 DF 10 00 03

003:002:000:STREAM             1343226187.012080
 10 12 DB 18 DF 10 00 03

003:002:000:STREAM             1343226187.020074
 10 12 DB 18 DF 10 00 03

003:002:000:STREAM             1343226187.028074
 10 12 DB 18 DF 10 00 03

003:002:000:STREAM             1343226187.032077
 10 12 DB 18 DF 10 00 03

003:002:000:STREAM             1343226187.040054
 10 12 DB 18 DF 10 00 03

003:002:000:STREAM             1343226187.048076
 10 12 DB 18 DF 10 00 03

003:002:000:STREAM             1343226187.052077
 10 12 DB 18 DF 10 00 03

003:002:000:STREAM             1343226187.060074
 10 12 DB 18 DF 10 00 03

003:002:000:STREAM             1343226187.068054
 10 12 DB 18 DF 10 00 03

003:002:000:STREAM             1343226187.072056
 10 12 DB 18 DF 10 00 03

003:002:000:STREAM             1343226187.080077
 10 12 DB 18 DF 10 00 03

003:002:000:STREAM             1343226187.088077
 10 12 DB 18 DF 10 00 03

003:002:000:STREAM             1343226187.092076
 10 12 DB 18 DF 10 00 03

003:002:000:STREAM             1343226187.100053
 10 12 DB 18 DF 10 00 03

003:002:000:STREAM             1343226187.108077
 10 12 DB 18 DF 10 00 03

003:002:000:STREAM             1343226187.112077
 10 12 DB 18 DF 10 00 03

003:002:000:STREAM             1343226187.120077
 10 12 DB 18 DF 10 00 03

003:002:000:STREAM             1343226187.128030
 10 12 DB 18 DF 10 00 03

003:002:000:STREAM             1343226187.132055
 10 12 CF 18 C4 10 00 03

003:002:000:STREAM             1343226187.140075
 10 12 CF 18 C4 10 00 03

003:002:000:STREAM             1343226187.148077
 10 12 CF 18 C4 10 00 03

003:002:000:STREAM             1343226187.152077
 10 12 CF 18 C4 10 00 03

003:002:000:STREAM             1343226187.160054
 10 12 CF 18 C4 10 00 03

003:002:000:STREAM             1343226187.168076
 10 12 CF 18 C4 10 00 03

003:002:000:STREAM             1343226187.172055
 10 12 CF 18 C4 10 00 03

003:002:000:STREAM             1343226187.180075
 10 12 CF 18 C4 10 00 03

003:002:000:STREAM             1343226187.188078
 10 12 CF 18 C4 10 00 03

003:002:000:STREAM             1343226187.192021
 10 12 CF 18 C4 10 00 03

003:002:000:STREAM             1343226187.200042
 10 12 C2 18 AA 10 00 03

003:002:000:STREAM             1343226187.204018
 10 00 C2 18 AA 10 00 00

003:002:000:STREAM             1343226187.248041
 10 10 A1 18 9F 10 00 03

003:002:000:STREAM             1343226187.252024
 10 10 A1 18 9F 10 00 03

003:002:000:STREAM             1343226187.260042
 10 10 A1 18 9F 10 00 03

003:002:000:STREAM             1343226187.264041
 10 10 A1 18 9F 10 00 03

003:002:000:STREAM             1343226187.272041
 10 10 A1 18 9F 10 00 03

003:002:000:STREAM             1343226187.280041
 10 10 A1 18 9F 10 00 03

003:002:000:STREAM             1343226187.284023
 10 10 A1 18 9F 10 00 03

003:002:000:STREAM             1343226187.292041
 10 10 A1 18 9F 10 00 03

003:002:000:STREAM             1343226187.296041
 10 10 AA 18 7C 10 00 03

003:002:000:STREAM             1343226187.304041
 10 10 AA 18 7C 10 00 03

003:002:000:STREAM             1343226187.312042
 10 10 AA 18 7C 10 00 03

003:002:000:STREAM             1343226187.316019
 10 10 AA 18 7C 10 00 03

003:002:000:STREAM             1343226187.324040
 10 10 AA 18 7C 10 00 03

003:002:000:STREAM             1343226187.328041
 10 10 AA 18 7C 10 00 03

003:002:000:STREAM             1343226187.336043
 10 10 AA 18 7C 10 00 03

003:002:000:STREAM             1343226187.340041
 10 10 AA 18 7C 10 00 03

003:002:000:STREAM             1343226187.348020
 10 10 AA 18 7C 10 00 03

003:002:000:STREAM             1343226187.356042
 10 10 AA 18 7C 10 00 03

003:002:000:STREAM             1343226187.360043
 10 10 AA 18 7C 10 00 03

003:002:000:STREAM             1343226187.368042
 10 10 AA 18 7C 10 00 03

003:002:000:STREAM             1343226187.372043
 10 10 AA 18 7C 10 00 03

003:002:000:STREAM             1343226187.380020
 10 10 AA 18 7C 10 00 03

003:002:000:STREAM             1343226187.388043
 10 10 AA 18 7C 10 00 03

003:002:000:STREAM             1343226187.392042
 10 10 AA 18 7C 10 00 03

003:002:000:STREAM             1343226187.400041
 10 10 AA 18 7C 10 00 03

003:002:000:STREAM             1343226187.404042
 10 10 AA 18 7C 10 00 03

003:002:000:STREAM             1343226187.412026
 10 10 AA 18 7C 10 00 03

003:002:000:STREAM             1343226187.416042
 10 10 AA 18 7C 10 00 03

003:002:000:STREAM             1343226187.424041
 10 10 AA 18 7C 10 00 03

003:002:000:STREAM             1343226187.432043
 10 10 AA 18 7C 10 00 03

003:002:000:STREAM             1343226187.436020
 10 10 AA 18 7C 10 00 03

003:002:000:STREAM             1343226187.444044
 10 10 AA 18 7C 10 00 03

003:002:000:STREAM             1343226187.448041
 10 10 AA 18 7C 10 00 03

003:002:000:STREAM             1343226187.456041
 10 10 AA 18 7C 10 00 03

003:002:000:STREAM             1343226187.464043
 10 10 AA 18 7C 10 00 03

003:002:000:STREAM             1343226187.468058
 10 10 AA 18 7C 10 00 03

003:002:000:STREAM             1343226187.476078
 10 10 AA 18 7C 10 00 03

003:002:000:STREAM             1343226187.480077
 10 10 AA 18 7C 10 00 03

003:002:000:STREAM             1343226187.488078
 10 10 AA 18 7C 10 00 03

003:002:000:STREAM             1343226187.492079
 10 10 AA 18 7C 10 00 03

003:002:000:STREAM             1343226187.500057
 10 10 AA 18 7C 10 00 03

003:002:000:STREAM             1343226187.508080
 10 10 AA 18 7C 10 00 03

003:002:000:STREAM             1343226187.512080
 10 10 AA 18 7C 10 00 03

003:002:000:STREAM             1343226187.520080
 10 10 AA 18 7C 10 00 03

003:002:000:STREAM             1343226187.524078
 10 10 AA 18 7C 10 00 03

003:002:000:STREAM             1343226187.532057
 10 10 AA 18 7C 10 00 03

003:002:000:STREAM             1343226187.540080
 10 10 AA 18 7C 10 00 03

003:002:000:STREAM             1343226187.544080
 10 10 AA 18 7C 10 00 03

003:002:000:STREAM             1343226187.552080
 10 10 AA 18 7C 10 00 03

003:002:000:STREAM             1343226187.556080
 10 10 AA 18 7C 10 00 03

003:002:000:STREAM             1343226187.564078
 10 10 AA 18 7C 10 00 03

003:002:000:STREAM             1343226187.572081
 10 10 AA 18 7C 10 00 03

003:002:000:STREAM             1343226187.576080
 10 10 AA 18 7C 10 00 03

003:002:000:STREAM             1343226187.584081
 10 10 AA 18 7C 10 00 03

003:002:000:STREAM             1343226187.588078
 10 10 AA 18 7C 10 00 03

003:002:000:STREAM             1343226187.596058
 10 10 AA 18 7C 10 00 03

003:002:000:STREAM             1343226187.600081
 10 10 AA 18 7C 10 00 03

003:002:000:STREAM             1343226187.608081
 10 10 AA 18 7C 10 00 03

003:002:000:STREAM             1343226187.616081
 10 10 AA 18 7C 10 00 03

003:002:000:STREAM             1343226187.620081
 10 10 AA 18 7C 10 00 03

003:002:000:STREAM             1343226187.628079
 10 10 AA 18 7C 10 00 03

003:002:000:STREAM             1343226187.632081
 10 10 AA 18 7C 10 00 03

003:002:000:STREAM             1343226187.640034
 10 10 AA 18 7C 10 00 03

003:002:000:STREAM             1343226187.648081
 10 10 AA 18 7C 10 00 03

003:002:000:STREAM             1343226187.652058
 10 10 AA 18 7C 10 00 03

003:002:000:STREAM             1343226187.660081
 10 10 AA 18 7C 10 00 03

003:002:000:STREAM             1343226187.664078
 10 10 B3 18 9D 10 00 03

003:002:000:STREAM             1343226187.672056
 10 10 B3 18 9D 10 00 03

003:002:000:STREAM             1343226187.676081
 10 10 B3 18 9D 10 00 03

003:002:000:STREAM             1343226187.684058
 10 10 A7 18 B8 10 00 03

003:002:000:STREAM             1343226187.692082
 10 10 A7 18 B8 10 00 03

003:002:000:STREAM             1343226187.696081
 10 10 A7 18 B8 10 00 03

003:002:000:STREAM             1343226187.704079
 10 10 B6 18 D1 10 00 03

003:002:000:STREAM             1343226187.708081
 10 10 B6 18 D1 10 00 03

003:002:000:STREAM             1343226187.716059
 10 10 B6 18 D1 10 00 03

003:002:000:STREAM             1343226187.724082
 10 10 B6 18 D1 10 00 03

003:002:000:STREAM             1343226187.728079
 10 10 B6 18 D1 10 00 03

003:002:000:STREAM             1343226187.736081
 10 10 B6 18 D1 10 00 03

003:002:000:STREAM             1343226187.740079
 10 10 B6 18 D1 10 00 03

003:002:000:STREAM             1343226187.748059
 10 10 D1 18 E9 10 00 03

003:002:000:STREAM             1343226187.752059
 10 10 D1 18 E9 10 00 03

003:002:000:STREAM             1343226187.760082
 10 10 D1 18 E9 10 00 03

003:002:000:STREAM             1343226187.768082
 10 10 D1 18 E9 10 00 03

003:002:000:STREAM             1343226187.772082
 10 10 D1 18 E9 10 00 03

003:002:000:STREAM             1343226187.780058
 10 10 D1 18 E9 10 00 03

003:002:000:STREAM             1343226187.784080
 10 10 D1 18 E9 10 00 03

003:002:000:STREAM             1343226187.792082
 10 10 D1 18 E9 10 00 03

003:002:000:STREAM             1343226187.800082
 10 10 D1 18 E9 10 00 03

003:002:000:STREAM             1343226187.804080
 10 10 D1 18 E9 10 00 03

003:002:000:STREAM             1343226187.812059
 10 10 D1 18 E9 10 00 03

003:002:000:STREAM             1343226187.816082
 10 10 D1 18 E9 10 00 03

003:002:000:STREAM             1343226187.824083
 10 10 D1 18 E9 10 00 03

003:002:000:STREAM             1343226187.828081
 10 10 D1 18 E9 10 00 03

003:002:000:STREAM             1343226187.836083
 10 10 D1 18 E9 10 00 03

003:002:000:STREAM             1343226187.844060
 10 10 FA 18 F3 10 00 03

003:002:000:STREAM             1343226187.848082
 10 10 FA 18 F3 10 00 03

003:002:000:STREAM             1343226187.856083
 10 10 FA 18 F3 10 00 03

003:002:000:STREAM             1343226187.860083
 10 10 FA 18 F3 10 00 03

003:002:000:STREAM             1343226187.868060
 10 10 FA 18 F3 10 00 03

003:002:000:STREAM             1343226187.876083
 10 10 FA 18 F3 10 00 03

003:002:000:STREAM             1343226187.880081
 10 10 FA 18 F3 10 00 03

003:002:000:STREAM             1343226187.888083
 10 10 FA 18 F3 10 00 03

003:002:000:STREAM             1343226187.892083
 10 10 FA 18 F3 10 00 03

003:002:000:STREAM             1343226187.900061
 10 10 1A 19 FE 10 00 03

003:002:000:STREAM             1343226187.904060
 10 10 1A 19 FE 10 00 03

003:002:000:STREAM             1343226187.912082
 10 10 1A 19 FE 10 00 03

003:002:000:STREAM             1343226187.920083
 10 10 1A 19 FE 10 00 03

003:002:000:STREAM             1343226187.924083
 10 10 1A 19 FE 10 00 03

003:002:000:STREAM             1343226187.932027
 10 10 33 19 EF 10 00 03

003:002:000:STREAM             1343226187.936038
 10 10 33 19 EF 10 00 03

003:002:000:STREAM             1343226187.944084
 10 10 33 19 EF 10 00 03

003:002:000:STREAM             1343226187.952083
 10 10 33 19 EF 10 00 03

003:002:000:STREAM             1343226187.956083
 10 10 33 19 EF 10 00 03

003:002:000:STREAM             1343226187.964028
 10 10 33 19 EF 10 00 03

003:002:000:STREAM             1343226187.968046
 10 10 33 19 EF 10 00 03

003:002:000:STREAM             1343226187.976045
 10 10 33 19 EF 10 00 03

003:002:000:STREAM             1343226187.984048
 10 10 33 19 EF 10 00 03

003:002:000:STREAM             1343226187.988046
 10 10 33 19 EF 10 00 03

003:002:000:STREAM             1343226187.996086
 10 10 33 19 EF 10 00 03

003:002:000:STREAM             1343226188.000084
 10 10 33 19 EF 10 00 03

003:002:000:STREAM             1343226188.008082
 10 10 33 19 EF 10 00 03

003:002:000:STREAM             1343226188.012063
 10 10 33 19 EF 10 00 03

003:002:000:STREAM             1343226188.020082
 10 10 33 19 EF 10 00 03

003:002:000:STREAM             1343226188.028046
 10 10 33 19 EF 10 00 03

003:002:000:STREAM             1343226188.032048
 10 10 33 19 EF 10 00 03

003:002:000:STREAM             1343226188.040047
 10 10 33 19 EF 10 00 03

003:002:000:STREAM             1343226188.044046
 10 10 33 19 EF 10 00 03

003:002:000:STREAM             1343226188.052043
 10 10 33 19 EF 10 00 03

003:002:000:STREAM             1343226188.060051
 10 10 33 19 EF 10 00 03

003:002:000:STREAM             1343226188.064047
 10 10 33 19 EF 10 00 03

003:002:000:STREAM             1343226188.072049
 10 10 33 19 EF 10 00 03

003:002:000:STREAM             1343226188.076047
 10 10 33 19 EF 10 00 03

003:002:000:STREAM             1343226188.084025
 10 10 33 19 EF 10 00 03

003:002:000:STREAM             1343226188.088056
 10 10 33 19 EF 10 00 03

003:002:000:STREAM             1343226188.096088
 10 10 33 19 EF 10 00 03

003:002:000:STREAM             1343226188.104085
 10 10 33 19 EF 10 00 03

003:002:000:STREAM             1343226188.108083
 10 10 33 19 EF 10 00 03

003:002:000:STREAM             1343226188.116053
 10 10 48 19 DA 10 00 03

003:002:000:STREAM             1343226188.120051
 10 10 48 19 DA 10 00 03

003:002:000:STREAM             1343226188.128089
 10 10 48 19 DA 10 00 03

003:002:000:STREAM             1343226188.136086
 10 10 48 19 DA 10 00 03

003:002:000:STREAM             1343226188.140085
 10 10 48 19 DA 10 00 03

003:002:000:STREAM             1343226188.148063
 10 10 48 19 DA 10 00 03

003:002:000:STREAM             1343226188.152038
 10 10 48 19 DA 10 00 03

003:002:000:STREAM             1343226188.160083
 10 10 48 19 DA 10 00 03

003:002:000:STREAM             1343226188.168085
 10 10 48 19 DA 10 00 03

003:002:000:STREAM             1343226188.172057
 10 10 48 19 DA 10 00 03

003:002:000:STREAM             1343226188.180062
 10 10 48 19 DA 10 00 03

003:002:000:STREAM             1343226188.184062
 10 10 48 19 DA 10 00 03

003:002:000:STREAM             1343226188.192086
 10 10 48 19 DA 10 00 03

003:002:000:STREAM             1343226188.196086
 10 10 48 19 DA 10 00 03

003:002:000:STREAM             1343226188.204086
 10 10 48 19 DA 10 00 03

003:002:000:STREAM             1343226188.212063
 10 10 48 19 DA 10 00 03

003:002:000:STREAM             1343226188.216052
 10 10 58 19 F4 10 00 03

003:002:000:STREAM             1343226188.224086
 10 10 58 19 F4 10 00 03

003:002:000:STREAM             1343226188.228086
 10 10 58 19 F4 10 00 03

003:002:000:STREAM             1343226188.236085
 10 10 58 19 F4 10 00 03

003:002:000:STREAM             1343226188.244055
 10 10 58 19 F4 10 00 03

003:002:000:STREAM             1343226188.248049
 10 10 58 19 F4 10 00 03

003:002:000:STREAM             1343226188.256048
 10 10 58 19 F4 10 00 03

003:002:000:STREAM             1343226188.260047
 10 10 58 19 F4 10 00 03

003:002:000:STREAM             1343226188.268050
 10 10 58 19 F4 10 00 03

003:002:000:STREAM             1343226188.272055
 10 10 58 19 F4 10 00 03

003:002:000:STREAM             1343226188.280089
 10 10 58 19 F4 10 00 03

003:002:000:STREAM             1343226188.288086
 10 10 58 19 F4 10 00 03

003:002:000:STREAM             1343226188.292087
 10 10 58 19 F4 10 00 03

003:002:000:STREAM             1343226188.300063
 10 10 58 19 F4 10 00 03

003:002:000:STREAM             1343226188.304063
 10 10 58 19 F4 10 00 03

003:002:000:STREAM             1343226188.312087
 10 10 58 19 F4 10 00 03

003:002:000:STREAM             1343226188.320087
 10 10 58 19 F4 10 00 03

003:002:000:STREAM             1343226188.324084
 10 10 58 19 F4 10 00 03

003:002:000:STREAM             1343226188.332055
 10 10 58 19 F4 10 00 03

003:002:000:STREAM             1343226188.336019
 10 10 58 19 F4 10 00 03

003:002:000:STREAM             1343226188.344050
 10 10 58 19 F4 10 00 03

003:002:000:STREAM             1343226188.352051
 10 10 58 19 F4 10 00 03

003:002:000:STREAM             1343226188.356050
 10 10 58 19 F4 10 00 03

003:002:000:STREAM             1343226188.364028
 10 10 58 19 F4 10 00 03

003:002:000:STREAM             1343226188.368033
 10 10 58 19 F4 10 00 03

003:002:000:STREAM             1343226188.376051
 10 10 58 19 F4 10 00 03

003:002:000:STREAM             1343226188.380048
 10 10 58 19 F4 10 00 03

003:002:000:STREAM             1343226188.388048
 10 10 58 19 F4 10 00 03

003:002:000:STREAM             1343226188.396051
 10 10 58 19 F4 10 00 03

003:002:000:STREAM             1343226188.400049
 10 10 58 19 F4 10 00 03

003:002:000:STREAM             1343226188.408050
 10 10 58 19 F4 10 00 03

003:002:000:STREAM             1343226188.412051
 10 10 58 19 F4 10 00 03

003:002:000:STREAM             1343226188.420051
 10 10 58 19 F4 10 00 03

003:002:000:STREAM             1343226188.428059
 10 10 58 19 F4 10 00 03

003:002:000:STREAM             1343226188.432091
 10 10 58 19 F4 10 00 03

003:002:000:STREAM             1343226188.440086
 10 10 58 19 F4 10 00 03

003:002:000:STREAM             1343226188.444087
 10 10 58 19 F4 10 00 03

003:002:000:STREAM             1343226188.452088
 10 10 58 19 F4 10 00 03

003:002:000:STREAM             1343226188.460064
 10 10 58 19 F4 10 00 03

003:002:000:STREAM             1343226188.464086
 10 10 58 19 F4 10 00 03

003:002:000:STREAM             1343226188.472088
 10 10 58 19 F4 10 00 03

003:002:000:STREAM             1343226188.476088
 10 10 58 19 F4 10 00 03

003:002:000:STREAM             1343226188.484088
 10 10 58 19 F4 10 00 03

003:002:000:STREAM             1343226188.488065
 10 10 58 19 F4 10 00 03

003:002:000:STREAM             1343226188.496088
 10 10 58 19 F4 10 00 03

003:002:000:STREAM             1343226188.504088
 10 10 58 19 F4 10 00 03

003:002:000:STREAM             1343226188.508088
 10 10 58 19 F4 10 00 03

003:002:000:STREAM             1343226188.516065
 10 10 58 19 F4 10 00 03

003:002:000:STREAM             1343226188.520055
 10 10 58 19 F4 10 00 03

003:002:000:STREAM             1343226188.528090
 10 10 58 19 F4 10 00 03

003:002:000:STREAM             1343226188.536088
 10 10 58 19 F4 10 00 03

003:002:000:STREAM             1343226188.540086
 10 10 58 19 F4 10 00 03

003:002:000:STREAM             1343226188.548057
 10 10 58 19 F4 10 00 03

003:002:000:STREAM             1343226188.552054
 10 10 58 19 F4 10 00 03

003:002:000:STREAM             1343226188.560092
 10 10 58 19 F4 10 00 03

003:002:000:STREAM             1343226188.564086
 10 10 58 19 F4 10 00 03

003:002:000:STREAM             1343226188.572088
 10 10 58 19 F4 10 00 03

003:002:000:STREAM             1343226188.580066
 10 10 58 19 F4 10 00 03

003:002:000:STREAM             1343226188.584071
 10 10 58 19 F4 10 00 03

003:002:000:STREAM             1343226188.592089
 10 10 58 19 F4 10 00 03

003:002:000:STREAM             1343226188.596088
 10 10 58 19 F4 10 00 03

003:002:000:STREAM             1343226188.604086
 10 10 58 19 F4 10 00 03

003:002:000:STREAM             1343226188.612065
 10 10 58 19 F4 10 00 03

003:002:000:STREAM             1343226188.616087
 10 10 58 19 F4 10 00 03

003:002:000:STREAM             1343226188.624089
 10 10 58 19 F4 10 00 03

003:002:000:STREAM             1343226188.628086
 10 10 58 19 F4 10 00 03

003:002:000:STREAM             1343226188.636088
 10 10 58 19 F4 10 00 03

003:002:000:STREAM             1343226188.644066
 10 10 58 19 F4 10 00 03

003:002:000:STREAM             1343226188.648087
 10 10 58 19 F4 10 00 03

003:002:000:STREAM             1343226188.656089
 10 10 58 19 F4 10 00 03

003:002:000:STREAM             1343226188.660089
 10 10 58 19 F4 10 00 03

003:002:000:STREAM             1343226188.668087
 10 10 58 19 F4 10 00 03

003:002:000:STREAM             1343226188.672066
 10 10 58 19 F4 10 00 03

003:002:000:STREAM             1343226188.680087
 10 10 58 19 F4 10 00 03

003:002:000:STREAM             1343226188.688089
 10 10 58 19 F4 10 00 03

003:002:000:STREAM             1343226188.692089
 10 10 58 19 F4 10 00 03

003:002:000:STREAM             1343226188.700090
 10 10 58 19 F4 10 00 03

003:002:000:STREAM             1343226188.704067
 10 10 58 19 F4 10 00 03

003:002:000:STREAM             1343226188.712052
 10 10 58 19 F4 10 00 03

003:002:000:STREAM             1343226188.720090
 10 10 58 19 F4 10 00 03

003:002:000:STREAM             1343226188.724090
 10 10 58 19 F4 10 00 03

003:002:000:STREAM             1343226188.732068
 10 10 58 19 F4 10 00 03

003:002:000:STREAM             1343226188.736090
 10 10 58 19 F4 10 00 03

003:002:000:STREAM             1343226188.744087
 10 10 58 19 F4 10 00 03

003:002:000:STREAM             1343226188.748090
 10 10 58 19 F4 10 00 03

003:002:000:STREAM             1343226188.756090
 10 10 58 19 F4 10 00 03

003:002:000:STREAM             1343226188.764067
 10 10 58 19 F4 10 00 03

003:002:000:STREAM             1343226188.768088
 10 10 58 19 F4 10 00 03

003:002:000:STREAM             1343226188.776090
 10 10 58 19 F4 10 00 03

003:002:000:STREAM             1343226188.780088
 10 10 58 19 F4 10 00 03

003:002:000:STREAM             1343226188.788091
 10 10 58 19 F4 10 00 03

003:002:000:STREAM             1343226188.796069
 10 10 58 19 F4 10 00 03

003:002:000:STREAM             1343226188.800073
 10 10 4A 19 0E 11 00 03

003:002:000:STREAM             1343226188.808089
 10 10 4A 19 0E 11 00 03

003:002:000:STREAM             1343226188.812090
 10 10 4A 19 0E 11 00 03

003:002:000:STREAM             1343226188.820089
 10 10 4A 19 0E 11 00 03

003:002:000:STREAM             1343226188.828067
 10 10 4A 19 0E 11 00 03

003:002:000:STREAM             1343226188.832069
 10 10 4A 19 0E 11 00 03

003:002:000:STREAM             1343226188.840091
 10 10 4A 19 0E 11 00 03

003:002:000:STREAM             1343226188.844089
 10 10 4A 19 0E 11 00 03

003:002:000:STREAM             1343226188.852091
 10 10 4A 19 0E 11 00 03

003:002:000:STREAM             1343226188.856068
 10 10 4A 19 0E 11 00 03

003:002:000:STREAM             1343226188.864088
 10 10 4A 19 0E 11 00 03

003:002:000:STREAM             1343226188.872091
 10 10 4A 19 0E 11 00 03

003:002:000:STREAM             1343226188.876091
 10 10 4A 19 0E 11 00 03

003:002:000:STREAM             1343226188.884089
 10 10 4A 19 0E 11 00 03

003:002:000:STREAM             1343226188.888068
 10 10 4A 19 0E 11 00 03

003:002:000:STREAM             1343226188.896092
 10 10 4A 19 0E 11 00 03

003:002:000:STREAM             1343226188.904089
 10 10 4A 19 0E 11 00 03

003:002:000:STREAM             1343226188.908089
 10 10 4A 19 0E 11 00 03

003:002:000:STREAM             1343226188.916091
 10 10 4A 19 0E 11 00 03

003:002:000:STREAM             1343226188.920069
 10 10 4A 19 0E 11 00 03

003:002:000:STREAM             1343226188.928091
 10 10 4A 19 0E 11 00 03

003:002:000:STREAM             1343226188.932092
 10 10 4A 19 0E 11 00 03

003:002:000:STREAM             1343226188.940091
 10 10 4A 19 0E 11 00 03

003:002:000:STREAM             1343226188.948069
 10 10 4A 19 0E 11 00 03

003:002:000:STREAM             1343226188.952070
 10 10 4A 19 0E 11 00 03

003:002:000:STREAM             1343226188.960089
 10 10 4A 19 0E 11 00 03

003:002:000:STREAM             1343226188.964092
 10 10 4A 19 0E 11 00 03

003:002:000:STREAM             1343226188.972091
 10 10 4A 19 0E 11 00 03

003:002:000:STREAM             1343226188.980068
 10 10 4A 19 0E 11 00 03

003:002:000:STREAM             1343226188.984068
 10 10 4A 19 0E 11 00 03

003:002:000:STREAM             1343226188.992092
 10 10 4A 19 0E 11 00 03

003:002:000:STREAM             1343226188.996092
 10 10 4A 19 0E 11 00 03

003:002:000:STREAM             1343226189.004092
 10 10 4A 19 0E 11 00 03

003:002:000:STREAM             1343226189.008089
 10 10 4A 19 0E 11 00 03

003:002:000:STREAM             1343226189.016054
 10 10 4A 19 0E 11 00 03

003:002:000:STREAM             1343226189.024056
 10 10 4A 19 0E 11 00 03

003:002:000:STREAM             1343226189.028055
 10 10 4A 19 0E 11 00 03

003:002:000:STREAM             1343226189.036056
 10 10 4A 19 0E 11 00 03

003:002:000:STREAM             1343226189.040033
 10 10 4A 19 0E 11 00 03

003:002:000:STREAM             1343226189.048092
 10 10 4A 19 0E 11 00 03

003:002:000:STREAM             1343226189.056092
 10 10 4A 19 0E 11 00 03

003:002:000:STREAM             1343226189.060090
 10 10 4A 19 0E 11 00 03

003:002:000:STREAM             1343226189.068092
 10 10 4A 19 0E 11 00 03

003:002:000:STREAM             1343226189.072060
 10 10 4A 19 0E 11 00 03

003:002:000:STREAM             1343226189.080056
 10 10 4A 19 0E 11 00 03

003:002:000:STREAM             1343226189.088056
 10 10 4A 19 0E 11 00 03

003:002:000:STREAM             1343226189.092055
 10 10 4A 19 0E 11 00 03

003:002:000:STREAM             1343226189.100054
 10 10 4A 19 0E 11 00 03

003:002:000:STREAM             1343226189.104034
 10 10 4A 19 0E 11 00 03

003:002:000:STREAM             1343226189.112057
 10 10 4A 19 0E 11 00 03

003:002:000:STREAM             1343226189.116056
 10 10 4A 19 0E 11 00 03

003:002:000:STREAM             1343226189.124054
 10 10 4A 19 0E 11 00 03

003:002:000:STREAM             1343226189.132034
 10 10 4A 19 0E 11 00 03

003:002:000:STREAM             1343226189.136034
 10 10 4A 19 0E 11 00 03

003:002:000:STREAM             1343226189.144057
 10 10 4A 19 0E 11 00 03

003:002:000:STREAM             1343226189.148054
 10 10 4A 19 0E 11 00 03

003:002:000:STREAM             1343226189.156055
 10 10 4A 19 0E 11 00 03

003:002:000:STREAM             1343226189.164034
 10 10 4A 19 0E 11 00 03

003:002:000:STREAM             1343226189.168034
 10 10 4A 19 0E 11 00 03

003:002:000:STREAM             1343226189.176022
 10 10 4A 19 0E 11 00 03

003:002:000:STREAM             1343226189.180056
 10 10 4A 19 0E 11 00 03

003:002:000:STREAM             1343226189.188055
 10 10 4A 19 0E 11 00 03

003:002:000:STREAM             1343226189.192055
 10 10 4A 19 0E 11 00 03

003:002:000:STREAM             1343226189.200071
 10 10 4A 19 0E 11 00 03

003:002:000:STREAM             1343226189.208094
 10 10 4A 19 0E 11 00 03

003:002:000:STREAM             1343226189.212093
 10 10 4A 19 0E 11 00 03

003:002:000:STREAM             1343226189.220096
 10 10 4A 19 0E 11 00 03

003:002:000:STREAM             1343226189.224058
 10 10 4A 19 0E 11 00 03

003:002:000:STREAM             1343226189.232096
 10 10 4A 19 0E 11 00 03

003:002:000:STREAM             1343226189.240094
 10 10 4A 19 0E 11 00 03

003:002:000:STREAM             1343226189.244094
 10 10 4A 19 0E 11 00 03

003:002:000:STREAM             1343226189.252094
 10 10 4A 19 0E 11 00 03

003:002:000:STREAM             1343226189.256071
 10 10 4A 19 0E 11 00 03

003:002:000:STREAM             1343226189.264092
 10 10 4A 19 0E 11 00 03

003:002:000:STREAM             1343226189.272094
 10 10 4A 19 0E 11 00 03

003:002:000:STREAM             1343226189.276094
 10 10 4A 19 0E 11 00 03

003:002:000:STREAM             1343226189.284094
 10 10 4A 19 0E 11 00 03

003:002:000:STREAM             1343226189.288071
 10 10 4A 19 0E 11 00 03

003:002:000:STREAM             1343226189.296094
 10 10 4A 19 0E 11 00 03

003:002:000:STREAM             1343226189.300092
 10 10 4A 19 0E 11 00 03

003:002:000:STREAM             1343226189.328095
 10 13 35 19 1A 11 00 03

003:002:000:STREAM             1343226189.332094
 10 13 35 19 1A 11 00 03

003:002:000:STREAM             1343226189.340092
 10 13 35 19 1A 11 00 03

003:002:000:STREAM             1343226189.348071
 10 13 35 19 1A 11 00 03

003:002:000:STREAM             1343226189.352072
 10 13 35 19 1A 11 00 03

003:002:000:STREAM             1343226189.360095
 10 13 35 19 1A 11 00 03

003:002:000:STREAM             1343226189.368095
 10 13 35 19 1A 11 00 03

003:002:000:STREAM             1343226189.372095
 10 13 4E 19 2A 11 00 03

003:002:000:STREAM             1343226189.380072
 10 13 4E 19 2A 11 00 03

003:002:000:STREAM             1343226189.388095
 10 13 4E 19 2A 11 00 03

003:002:000:STREAM             1343226189.392095
 10 13 4E 19 2A 11 00 03

003:002:000:STREAM             1343226189.400095
 10 13 3E 19 41 11 00 03

003:002:000:STREAM             1343226189.408073
 10 13 11 19 41 11 00 03

003:002:000:STREAM             1343226189.412072
 10 13 32 19 49 11 00 03

003:002:000:STREAM             1343226189.420073
 10 13 32 19 49 11 00 03

003:002:000:STREAM             1343226189.428095
 10 13 32 19 49 11 00 03

003:002:000:STREAM             1343226189.432095
 10 13 32 19 49 11 00 03

003:002:000:STREAM             1343226189.440072
 10 13 0E 19 52 11 00 03

003:002:000:STREAM             1343226189.448097
 10 13 0E 19 52 11 00 03

003:002:000:STREAM             1343226189.452095
 10 13 3E 19 55 11 00 03

003:002:000:STREAM             1343226189.460094
 10 13 3E 19 55 11 00 03

003:002:000:STREAM             1343226189.468096
 10 13 3E 19 55 11 00 03

003:002:000:STREAM             1343226189.472074
 10 13 3E 19 55 11 00 03

003:002:000:STREAM             1343226189.480096
 10 13 3E 19 55 11 00 03

003:002:000:STREAM             1343226189.488096
 10 13 3E 19 55 11 00 03

003:002:000:STREAM             1343226189.492095
 10 13 3E 19 55 11 00 03

003:002:000:STREAM             1343226189.500094
 10 13 3E 19 55 11 00 03

003:002:000:STREAM             1343226189.508097
 10 13 3E 19 55 11 00 03

003:002:000:STREAM             1343226189.512096
 10 13 3E 19 55 11 00 03

003:002:000:STREAM             1343226189.520096
 10 13 3E 19 55 11 00 03

003:002:000:STREAM             1343226189.528097
 10 13 26 19 65 11 00 03

003:002:000:STREAM             1343226189.532073
 10 13 26 19 65 11 00 03

003:002:000:STREAM             1343226189.540094
 10 13 26 19 65 11 00 03

003:002:000:STREAM             1343226189.548096
 10 13 26 19 65 11 00 03

003:002:000:STREAM             1343226189.552097
 10 13 26 19 65 11 00 03

003:002:000:STREAM             1343226189.560096
 10 13 26 19 65 11 00 03

003:002:000:STREAM             1343226189.568095
 10 13 26 19 65 11 00 03

003:002:000:STREAM             1343226189.572096
 10 13 26 19 65 11 00 03

003:002:000:STREAM             1343226189.580095
 10 13 26 19 65 11 00 03

003:002:000:STREAM             1343226189.588094
 10 13 34 19 7C 11 00 03

003:002:000:STREAM             1343226189.592097
 10 13 34 19 7C 11 00 03

003:002:000:STREAM             1343226189.600073
 10 13 18 19 87 11 00 03

003:002:000:STREAM             1343226189.608096
 10 13 18 19 87 11 00 03

003:002:000:STREAM             1343226189.612096
 10 13 18 19 87 11 00 03

003:002:000:STREAM             1343226189.620095
 10 13 18 19 87 11 00 03

003:002:000:STREAM             1343226189.628073
 10 13 18 19 87 11 00 03

003:002:000:STREAM             1343226189.632097
 10 13 18 19 87 11 00 03

003:002:000:STREAM             1343226189.640095
 10 13 18 19 87 11 00 03

003:002:000:STREAM             1343226189.648067
 10 13 18 19 87 11 00 03

003:002:000:STREAM             1343226189.652080
 10 13 18 19 87 11 00 03

003:002:000:STREAM             1343226189.660069
 10 13 18 19 87 11 00 03

003:002:000:STREAM             1343226189.668067
 10 13 18 19 87 11 00 03

003:002:000:STREAM             1343226189.672078
 10 13 29 19 9B 11 00 03

003:002:000:STREAM             1343226189.680067
 10 13 29 19 9B 11 00 03

003:002:000:STREAM             1343226189.688062
 10 13 29 19 9B 11 00 03

003:002:000:STREAM             1343226189.692065
 10 13 29 19 9B 11 00 03

003:002:000:STREAM             1343226189.700100
 10 13 29 19 9B 11 00 03

003:002:000:STREAM             1343226189.708098
 10 13 FC 18 9F 11 00 03

003:002:000:STREAM             1343226189.712098
 10 13 FC 18 9F 11 00 03

003:002:000:STREAM             1343226189.720076
 10 13 FC 18 9F 11 00 03

003:002:000:STREAM             1343226189.728099
 10 13 FC 18 9F 11 00 03

003:002:000:STREAM             1343226189.732098
 10 13 FC 18 9F 11 00 03

003:002:000:STREAM             1343226189.740096
 10 13 2D 19 93 11 00 03

003:002:000:STREAM             1343226189.748069
 10 13 2D 19 93 11 00 03

003:002:000:STREAM             1343226189.752079
 10 13 1F 19 79 11 00 03

003:002:000:STREAM             1343226189.760098
 10 13 1F 19 79 11 00 03

003:002:000:STREAM             1343226189.768098
 10 13 1F 19 79 11 00 03

003:002:000:STREAM             1343226189.772098
 10 13 1F 19 79 11 00 03

003:002:000:STREAM             1343226189.780075
 10 13 29 19 59 11 00 03

003:002:000:STREAM             1343226189.788098
 10 13 3D 19 47 11 00 03

003:002:000:STREAM             1343226189.792099
 10 13 3D 19 47 11 00 03

003:002:000:STREAM             1343226189.800098
 10 13 3D 19 47 11 00 03

003:002:000:STREAM             1343226189.808098
 10 13 3D 19 47 11 00 03

003:002:000:STREAM             1343226189.812075
 10 13 40 19 22 11 00 03

003:002:000:STREAM             1343226189.820062
 10 13 40 19 22 11 00 03

003:002:000:STREAM             1343226189.840070
 10 00 00 19 D0 10 00 00

003:002:000:STREAM             1343226189.892105
 10 10 66 19 C4 10 00 03

003:002:000:STREAM             1343226189.896099
 10 10 66 19 C4 10 00 03

003:002:000:STREAM             1343226189.904076
 10 10 66 19 C4 10 00 03

003:002:000:STREAM             1343226189.908097
 10 10 66 19 C4 10 00 03

003:002:000:STREAM             1343226189.916099
 10 10 66 19 C4 10 00 03

003:002:000:STREAM             1343226189.924099
 10 10 66 19 C4 10 00 03

003:002:000:STREAM             1343226189.928097
 10 10 66 19 C4 10 00 03

003:002:000:STREAM             1343226189.936100
 10 10 66 19 C4 10 00 03

003:002:000:STREAM             1343226189.940097
 10 10 66 19 C4 10 00 03

003:002:000:STREAM             1343226189.948100
 10 10 66 19 C4 10 00 03

003:002:000:STREAM             1343226189.956100
 10 10 66 19 C4 10 00 03

003:002:000:STREAM             1343226189.960099
 10 10 66 19 C4 10 00 03

003:002:000:STREAM             1343226189.968077
 10 10 66 19 C4 10 00 03

003:002:000:STREAM             1343226189.972077
 10 10 66 19 C4 10 00 03

003:002:000:STREAM             1343226189.980098
 10 10 66 19 C4 10 00 03

003:002:000:STREAM             1343226189.984100
 10 10 66 19 C4 10 00 03

003:002:000:STREAM             1343226189.992100
 10 10 66 19 C4 10 00 03

003:002:000:STREAM             1343226190.000078
 10 10 66 19 C4 10 00 03

003:002:000:STREAM             1343226190.004098
 10 10 66 19 C4 10 00 03

003:002:000:STREAM             1343226190.012100
 10 10 66 19 C4 10 00 03

003:002:000:STREAM             1343226190.016100
 10 10 66 19 C4 10 00 03

003:002:000:STREAM             1343226190.024100
 10 10 66 19 C4 10 00 03

003:002:000:STREAM             1343226190.032079
 10 10 66 19 C4 10 00 03

003:002:000:STREAM             1343226190.036100
 10 10 66 19 C4 10 00 03

003:002:000:STREAM             1343226190.044098
 10 10 66 19 C4 10 00 03

003:002:000:STREAM             1343226190.048100
 10 10 66 19 C4 10 00 03

003:002:000:STREAM             1343226190.056078
 10 10 66 19 C4 10 00 03

003:002:000:STREAM             1343226190.064100
 10 10 66 19 C4 10 00 03

003:002:000:STREAM             1343226190.068099
 10 10 66 19 C4 10 00 03

003:002:000:STREAM             1343226190.076101
 10 10 66 19 C4 10 00 03

003:002:000:STREAM             1343226190.080098
 10 10 66 19 C4 10 00 03

003:002:000:STREAM             1343226190.088070
 10 10 66 19 C4 10 00 03

003:002:000:STREAM             1343226190.092066
 10 10 66 19 C4 10 00 03

003:002:000:STREAM             1343226190.100104
 10 10 66 19 C4 10 00 03

003:002:000:STREAM             1343226190.108101
 10 10 66 19 C4 10 00 03

003:002:000:STREAM             1343226190.112101
 10 10 66 19 C4 10 00 03

003:002:000:STREAM             1343226190.120079
 10 10 66 19 C4 10 00 03

003:002:000:STREAM             1343226190.124084
 10 10 66 19 C4 10 00 03

003:002:000:STREAM             1343226190.132101
 10 10 66 19 C4 10 00 03

003:002:000:STREAM             1343226190.140102
 10 10 66 19 C4 10 00 03

003:002:000:STREAM             1343226190.144099
 10 10 66 19 C4 10 00 03

003:002:000:STREAM             1343226190.152078
 10 10 66 19 C4 10 00 03

003:002:000:STREAM             1343226190.156100
 10 10 66 19 C4 10 00 03

003:002:000:STREAM             1343226190.164101
 10 10 66 19 C4 10 00 03

003:002:000:STREAM             1343226190.168099
 10 10 66 19 C4 10 00 03

003:002:000:STREAM             1343226190.176101
 10 10 66 19 C4 10 00 03

003:002:000:STREAM             1343226190.184072
 10 10 66 19 C4 10 00 03

003:002:000:STREAM             1343226190.188104
 10 10 66 19 C4 10 00 03

003:002:000:STREAM             1343226190.196102
 10 10 66 19 C4 10 00 03

003:002:000:STREAM             1343226190.200055
 10 10 49 19 CD 10 00 03

003:002:000:STREAM             1343226190.208100
 10 10 49 19 CD 10 00 03

003:002:000:STREAM             1343226190.216081
 10 10 49 19 CD 10 00 03

003:002:000:STREAM             1343226190.220074
 10 10 49 19 CD 10 00 03

003:002:000:STREAM             1343226190.228102
 10 10 49 19 CD 10 00 03

003:002:000:STREAM             1343226190.232102
 10 10 49 19 CD 10 00 03

003:002:000:STREAM             1343226190.240102
 10 10 49 19 CD 10 00 03

003:002:000:STREAM             1343226190.248085
 10 10 49 19 CD 10 00 03

003:002:000:STREAM             1343226190.252102
 10 10 49 19 CD 10 00 03

003:002:000:STREAM             1343226190.260099
 10 10 49 19 CD 10 00 03

003:002:000:STREAM             1343226190.264102
 10 10 49 19 CD 10 00 03

003:002:000:STREAM             1343226190.272079
 10 10 49 19 CD 10 00 03

003:002:000:STREAM             1343226190.276079
 10 10 49 19 CD 10 00 03

003:002:000:STREAM             1343226190.284100
 10 10 49 19 CD 10 00 03

003:002:000:STREAM             1343226190.292102
 10 10 49 19 CD 10 00 03

003:002:000:STREAM             1343226190.296102
 10 10 49 19 CD 10 00 03

003:002:000:STREAM             1343226190.304079
 10 10 49 19 CD 10 00 03

003:002:000:STREAM             1343226190.308079
 10 10 49 19 CD 10 00 03

003:002:000:STREAM             1343226190.316102
 10 10 49 19 CD 10 00 03

003:002:000:STREAM             1343226190.324102
 10 10 49 19 CD 10 00 03

003:002:000:STREAM             1343226190.328100
 10 10 49 19 CD 10 00 03

003:002:000:STREAM             1343226190.336079
 10 10 49 19 CD 10 00 03

003:002:000:STREAM             1343226190.340080
 10 10 49 19 CD 10 00 03

003:002:000:STREAM             1343226190.348100
 10 10 49 19 CD 10 00 03

003:002:000:STREAM             1343226190.356103
 10 10 2D 19 C5 10 00 03

003:002:000:STREAM             1343226190.360100
 10 10 2D 19 C5 10 00 03

003:002:000:STREAM             1343226190.368079
 10 10 2D 19 C5 10 00 03

003:002:000:STREAM             1343226190.372080
 10 10 2D 19 C5 10 00 03

003:002:000:STREAM             1343226190.380101
 10 10 2D 19 C5 10 00 03

003:002:000:STREAM             1343226190.384100
 10 10 2D 19 C5 10 00 03

003:002:000:STREAM             1343226190.392103
 10 10 2D 19 C5 10 00 03

003:002:000:STREAM             1343226190.400073
 10 10 2D 19 C5 10 00 03

003:002:000:STREAM             1343226190.404105
 10 10 2D 19 C5 10 00 03

003:002:000:STREAM             1343226190.412103
 10 10 2D 19 C5 10 00 03

003:002:000:STREAM             1343226190.416081
 10 10 2D 19 C5 10 00 03

003:002:000:STREAM             1343226190.424101
 10 10 2D 19 C5 10 00 03

003:002:000:STREAM             1343226190.432082
 10 10 2D 19 C5 10 00 03

003:002:000:STREAM             1343226190.436104
 10 10 2D 19 C5 10 00 03

003:002:000:STREAM             1343226190.444104
 10 10 2D 19 C5 10 00 03

003:002:000:STREAM             1343226190.448101
 10 10 2D 19 C5 10 00 03

003:002:000:STREAM             1343226190.456104
 10 10 0D 19 CD 10 00 03

003:002:000:STREAM             1343226190.460082
 10 10 0D 19 CD 10 00 03

003:002:000:STREAM             1343226190.468104
 10 10 0D 19 CD 10 00 03

003:002:000:STREAM             1343226190.476104
 10 10 0D 19 CD 10 00 03

003:002:000:STREAM             1343226190.480103
 10 10 0D 19 CD 10 00 03

003:002:000:STREAM             1343226190.488081
 10 10 0D 19 CD 10 00 03

003:002:000:STREAM             1343226190.492081
 10 10 0D 19 CD 10 00 03

003:002:000:STREAM             1343226190.500102
 10 10 0D 19 CD 10 00 03

003:002:000:STREAM             1343226190.508101
 10 10 0D 19 CD 10 00 03

003:002:000:STREAM             1343226190.512105
 10 10 0D 19 CD 10 00 03

003:002:000:STREAM             1343226190.520081
 10 10 0D 19 CD 10 00 03

003:002:000:STREAM             1343226190.524081
 10 10 0D 19 CD 10 00 03

003:002:000:STREAM             1343226190.532104
 10 10 0D 19 CD 10 00 03

003:002:000:STREAM             1343226190.540104
 10 10 0D 19 CD 10 00 03

003:002:000:STREAM             1343226190.544104
 10 10 0D 19 CD 10 00 03

003:002:000:STREAM             1343226190.552071
 10 10 0D 19 CD 10 00 03

003:002:000:STREAM             1343226190.556067
 10 10 0D 19 CD 10 00 03

003:002:000:STREAM             1343226190.564066
 10 10 0D 19 CD 10 00 03

003:002:000:STREAM             1343226190.568067
 10 10 0D 19 CD 10 00 03

003:002:000:STREAM             1343226190.576068
 10 10 0D 19 CD 10 00 03

003:002:000:STREAM             1343226190.584046
 10 10 0D 19 CD 10 00 03

003:002:000:STREAM             1343226190.588066
 10 10 0D 19 CD 10 00 03

003:002:000:STREAM             1343226190.596067
 10 10 0D 19 CD 10 00 03

003:002:000:STREAM             1343226190.600066
 10 10 0D 19 CD 10 00 03

003:002:000:STREAM             1343226190.608067
 10 10 0D 19 CD 10 00 03

003:002:000:STREAM             1343226190.616069
 10 10 0D 19 CD 10 00 03

003:002:000:STREAM             1343226190.620068
 10 10 0D 19 CD 10 00 03

003:002:000:STREAM             1343226190.628066
 10 10 0D 19 CD 10 00 03

003:002:000:STREAM             1343226190.632067
 10 10 0D 19 CD 10 00 03

003:002:000:STREAM             1343226190.640066
 10 10 0D 19 CD 10 00 03

003:002:000:STREAM             1343226190.644083
 10 10 0D 19 CD 10 00 03

003:002:000:STREAM             1343226190.652105
 10 10 29 19 E8 10 00 03

003:002:000:STREAM             1343226190.660106
 10 10 29 19 E8 10 00 03

003:002:000:STREAM             1343226190.664103
 10 10 29 19 E8 10 00 03

003:002:000:STREAM             1343226190.672067
 10 10 29 19 E8 10 00 03

003:002:000:STREAM             1343226190.676085
 10 10 29 19 E8 10 00 03

003:002:000:STREAM             1343226190.684106
 10 10 29 19 E8 10 00 03

003:002:000:STREAM             1343226190.692106
 10 10 29 19 E8 10 00 03

003:002:000:STREAM             1343226190.696106
 10 10 29 19 E8 10 00 03

003:002:000:STREAM             1343226190.704082
 10 10 29 19 E8 10 00 03

003:002:000:STREAM             1343226190.708082
 10 10 29 19 E8 10 00 03

003:002:000:STREAM             1343226190.716106
 10 10 29 19 E8 10 00 03

003:002:000:STREAM             1343226190.724106
 10 10 29 19 E8 10 00 03

003:002:000:STREAM             1343226190.728103
 10 10 29 19 E8 10 00 03

003:002:000:STREAM             1343226190.736083
 10 10 29 19 E8 10 00 03

003:002:000:STREAM             1343226190.740083
 10 10 29 19 E8 10 00 03

003:002:000:STREAM             1343226190.748106
 10 10 29 19 E8 10 00 03

003:002:000:STREAM             1343226190.752106
 10 10 29 19 E8 10 00 03

003:002:000:STREAM             1343226190.760106
 10 10 29 19 E8 10 00 03

003:002:000:STREAM             1343226190.768078
 10 10 29 19 E8 10 00 03

003:002:000:STREAM             1343226190.772073
 10 10 29 19 E8 10 00 03

003:002:000:STREAM             1343226190.780108
 10 10 29 19 E8 10 00 03

003:002:000:STREAM             1343226190.784104
 10 10 29 19 E8 10 00 03

003:002:000:STREAM             1343226190.792107
 10 10 29 19 E8 10 00 03

003:002:000:STREAM             1343226190.800084
 10 10 29 19 E8 10 00 03

003:002:000:STREAM             1343226190.804084
 10 10 29 19 E8 10 00 03

003:002:000:STREAM             1343226190.812106
 10 10 29 19 E8 10 00 03

003:002:000:STREAM             1343226190.816083
 10 10 29 19 E8 10 00 03

003:002:000:STREAM             1343226190.824107
 10 10 29 19 E8 10 00 03

003:002:000:STREAM             1343226190.828075
 10 10 29 19 E8 10 00 03

003:002:000:STREAM             1343226190.836110
 10 10 29 19 E8 10 00 03

003:002:000:STREAM             1343226190.844107
 10 10 29 19 E8 10 00 03

003:002:000:STREAM             1343226190.848105
 10 10 29 19 E8 10 00 03

003:002:000:STREAM             1343226190.856107
 10 10 29 19 E8 10 00 03

003:002:000:STREAM             1343226190.860084
 10 10 29 19 E8 10 00 03

003:002:000:STREAM             1343226190.868105
 10 10 29 19 E8 10 00 03

003:002:000:STREAM             1343226190.876107
 10 10 29 19 E8 10 00 03

003:002:000:STREAM             1343226190.880104
 10 10 29 19 E8 10 00 03

003:002:000:STREAM             1343226190.888107
 10 10 2E 19 B6 10 00 03

003:002:000:STREAM             1343226190.892084
 10 10 2E 19 B6 10 00 03

003:002:000:STREAM             1343226190.900107
 10 10 2E 19 B6 10 00 03

003:002:000:STREAM             1343226190.908107
 10 10 2E 19 B6 10 00 03

003:002:000:STREAM             1343226190.912107
 10 10 2E 19 B6 10 00 03

003:002:000:STREAM             1343226190.920084
 10 10 2E 19 B6 10 00 03

003:002:000:STREAM             1343226190.924084
 10 10 2E 19 B6 10 00 03

003:002:000:STREAM             1343226190.932107
 10 10 2E 19 B6 10 00 03

003:002:000:STREAM             1343226190.936107
 10 10 24 19 D6 10 00 03

003:002:000:STREAM             1343226190.944105
 10 10 24 19 D6 10 00 03

003:002:000:STREAM             1343226190.952084
 10 10 24 19 D6 10 00 03

003:002:000:STREAM             1343226190.956085
 10 10 24 19 D6 10 00 03

003:002:000:STREAM             1343226190.964108
 10 10 24 19 D6 10 00 03

003:002:000:STREAM             1343226190.968105
 10 10 24 19 D6 10 00 03

003:002:000:STREAM             1343226190.976107
 10 10 08 19 BD 10 00 03

003:002:000:STREAM             1343226190.984084
 10 10 08 19 BD 10 00 03

003:002:000:STREAM             1343226190.988105
 10 10 08 19 BD 10 00 03

003:002:000:STREAM             1343226190.996107
 10 10 08 19 BD 10 00 03

003:002:000:STREAM             1343226191.000108
 10 10 08 19 BD 10 00 03

003:002:000:STREAM             1343226191.008105
 10 10 08 19 BD 10 00 03

003:002:000:STREAM             1343226191.012107
 10 10 08 19 BD 10 00 03

003:002:000:STREAM             1343226191.020089
 10 10 F6 18 A2 10 00 03

003:002:000:STREAM             1343226191.028108
 10 10 F6 18 A2 10 00 03

003:002:000:STREAM             1343226191.032108
 10 10 F6 18 A2 10 00 03

003:002:000:STREAM             1343226191.040053
 10 10 F6 18 A2 10 00 03

003:002:000:STREAM             1343226191.044084
 10 10 F6 18 A2 10 00 03

003:002:000:STREAM             1343226191.052108
 10 10 F6 18 A2 10 00 03

003:002:000:STREAM             1343226191.060108
 10 10 F6 18 A2 10 00 03

003:002:000:STREAM             1343226191.064108
 10 10 F6 18 A2 10 00 03

003:002:000:STREAM             1343226191.072108
 10 10 F6 18 A2 10 00 03

003:002:000:STREAM             1343226191.076085
 10 10 F6 18 A2 10 00 03

003:002:000:STREAM             1343226191.100109
 10 10 00 18 40 10 00 03

003:002:000:STREAM             1343226191.108085
 10 10 00 18 40 10 00 03

003:002:000:STREAM             1343226191.112085
 10 10 00 18 40 10 00 03

003:002:000:STREAM             1343226191.128109
 10 00 86 16 45 10 00 00

