000:STREAM                     1280559619.509884
 08 00 02 02 00 00

000:STREAM                     1280559619.517865
 08 00 02 FE 00 00

000:STREAM                     1280559619.525865
 08 00 02 FF 00 00

000:STREAM                     1280559619.533865
 08 00 01 FE 00 00

000:STREAM                     1280559619.541863
 08 00 02 FD 00 00

000:STREAM                     1280559619.549868
 08 00 FD FF 00 00

000:STREAM                     1280559619.581866
 08 00 01 FE 00 00

000:STREAM                     1280559619.589862
 08 00 00 FF 00 00

000:STREAM                     1280559619.605861
 08 00 02 FF 00 00

000:STREAM                     1280559619.613862
 08 00 02 FE 00 00

000:STREAM                     1280559619.621863
 08 00 01 FF 00 00

000:STREAM                     1280559619.629864
 08 00 01 FF 00 00

000:STREAM                     1280559619.637865
 08 00 02 FF 00 00

000:STREAM                     1280559619.645863
 08 00 02 FE 00 00

000:STREAM                     1280559619.685868
 08 00 FF 01 00 00

000:STREAM                     1280559619.693865
 08 00 FF 02 00 00

000:STREAM                     1280559620.701863
 08 01 00 00 00 05

000:STREAM                     1280559620.837863
 08 00 00 00 00 00

000:STREAM                     1280559621.365866
 08 00 FF FF 00 00

000:STREAM                     1280559621.501866
 08 02 00 00 00 08

000:STREAM                     1280559621.597868
 08 02 FE 00 00 07

000:STREAM                     1280559621.613865
 08 00 00 00 00 00

000:STREAM                     1280559622.261870
 08 00 FF FF 00 00

000:STREAM                     1280559622.677871
 08 00 00 FF 00 00

000:STREAM                     1280559623.093866
 08 04 00 00 00 10

000:STREAM                     1280559623.357865
 08 00 00 00 00 00

000:STREAM                     1280559623.661864
 08 00 00 FE 00 00

000:STREAM                     1280559623.917865
 08 00 00 00 FF 44

000:STREAM                     1280559624.085873
 08 00 00 00 00 42

000:STREAM                     1280559624.157869
 08 00 FE FF 00 00

000:STREAM                     1280559624.421865
 08 00 00 FF 00 00

000:STREAM                     1280559624.525862
 08 00 00 00 01 20

000:STREAM                     1280559624.693867
 08 00 00 00 00 0D

000:STREAM                     1280559625.469861
 08 00 00 01 00 00

000:STREAM                     1280559625.477857
 08 00 01 02 00 00

000:STREAM                     1280559625.485875
 08 00 01 01 00 00

000:STREAM                     1280559625.493867
 08 00 01 02 00 00

000:STREAM                     1280559625.501866
 08 00 01 02 00 00

000:STREAM                     1280559625.509865
 08 00 01 02 00 00

000:STREAM                     1280559625.517868
 08 00 01 02 00 00

000:STREAM                     1280559625.525866
 08 00 FF 02 00 00

000:STREAM                     1280559625.533867
 08 00 FF 03 00 00

