000:STREAM                     1280559593.973883
 09 00 91 38 8E 47 00 00

000:STREAM                     1280559594.085873
 09 00 54 38 55 47 00 00

000:STREAM                     1280559594.101861
 09 00 2B 38 00 47 00 00

000:STREAM                     1280559594.133864
 09 00 10 38 DD 46 00 00

000:STREAM                     1280559594.149863
 09 00 FA 37 BF 46 00 00

000:STREAM                     1280559594.157860
 09 00 E5 37 A3 46 00 00

000:STREAM                     1280559594.165856
 09 00 D9 37 90 46 00 00

000:STREAM                     1280559594.173858
 09 00 CD 37 7D 46 00 00

000:STREAM                     1280559594.181859
 09 00 B8 37 6A 46 00 00

000:STREAM                     1280559594.189857
 09 00 A6 37 5A 46 00 00

000:STREAM                     1280559594.197859
 09 00 95 37 49 46 00 00

000:STREAM                     1280559594.205859
 09 00 89 37 39 46 00 00

000:STREAM                     1280559594.221862
 09 00 91 37 3E 46 00 00

000:STREAM                     1280559594.229865
 09 00 9C 37 3C 46 00 00

000:STREAM                     1280559594.237860
 09 00 A4 37 44 46 00 00

000:STREAM                     1280559594.245858
 09 00 AC 37 3E 46 00 00

000:STREAM                     1280559594.253859
 09 00 B4 37 3C 46 00 00

000:STREAM                     1280559594.261857
 09 00 BA 37 33 46 00 00

000:STREAM                     1280559594.269857
 09 01 C0 37 2B 46 25 00

000:STREAM                     1280559594.277857
 09 01 C7 37 20 46 37 00

000:STREAM                     1280559594.285857
 09 01 CD 37 20 46 42 00

000:STREAM                     1280559594.293857
 09 01 CD 37 20 46 48 00

000:STREAM                     1280559594.301859
 09 01 D7 37 18 46 4B 00

000:STREAM                     1280559594.309857
 09 01 DB 37 0D 46 4E 00

000:STREAM                     1280559594.317857
 09 01 DD 37 02 46 56 00

000:STREAM                     1280559594.325848
 09 01 E5 37 FA 45 65 00

000:STREAM                     1280559594.333865
 09 01 E5 37 FA 45 7A 00

000:STREAM                     1280559594.341857
 09 01 E5 37 FA 45 90 00

000:STREAM                     1280559594.349858
 09 01 E5 37 FA 45 A9 00

000:STREAM                     1280559594.357861
 09 01 E9 37 FA 45 C6 00

000:STREAM                     1280559594.365859
 09 01 E9 37 FA 45 E2 00

000:STREAM                     1280559594.373861
 09 01 EF 37 FD 45 FE 00

000:STREAM                     1280559594.381860
 09 01 F4 37 FA 45 1A 01

000:STREAM                     1280559594.389859
 09 01 FA 37 FD 45 3A 01

000:STREAM                     1280559594.397860
 09 01 00 38 00 46 5C 01

000:STREAM                     1280559594.405859
 09 01 00 38 00 46 7B 01

000:STREAM                     1280559594.413859
 09 01 06 38 05 46 96 01

000:STREAM                     1280559594.421858
 09 01 06 38 05 46 AA 01

000:STREAM                     1280559594.429865
 09 01 0A 38 05 46 BD 01

000:STREAM                     1280559594.437860
 09 01 10 38 0A 46 D2 01

000:STREAM                     1280559594.445858
 09 01 14 38 0D 46 EF 01

000:STREAM                     1280559594.453858
 09 01 14 38 0D 46 12 02

000:STREAM                     1280559594.461858
 09 01 14 38 0D 46 34 02

000:STREAM                     1280559594.469859
 09 01 14 38 0D 46 5C 02

000:STREAM                     1280559594.477861
 09 01 1F 38 08 46 87 02

000:STREAM                     1280559594.485860
 09 01 1F 38 08 46 AE 02

000:STREAM                     1280559594.493860
 09 01 1F 38 08 46 D6 02

000:STREAM                     1280559594.501862
 09 01 1F 38 08 46 01 03

000:STREAM                     1280559594.509858
 09 01 25 38 10 46 21 03

000:STREAM                     1280559594.517860
 09 01 25 38 10 46 3E 03

000:STREAM                     1280559594.525865
 09 01 25 38 10 46 5A 03

000:STREAM                     1280559594.533862
 09 01 25 38 10 46 71 03

000:STREAM                     1280559594.541858
 09 01 23 38 18 46 87 03

000:STREAM                     1280559594.549859
 09 01 23 38 18 46 A5 03

000:STREAM                     1280559594.557858
 09 01 23 38 18 46 CE 03

000:STREAM                     1280559594.565857
 09 01 23 38 18 46 E7 03

000:STREAM                     1280559594.573856
 09 01 23 38 18 46 F3 03

000:STREAM                     1280559594.581859
 09 01 23 38 18 46 F9 03

000:STREAM                     1280559594.589864
 09 01 23 38 18 46 FC 03

000:STREAM                     1280559594.597857
 09 01 23 38 18 46 FE 03

000:STREAM                     1280559594.605859
 09 01 23 38 18 46 FF 03

000:STREAM                     1280559594.669879
 09 01 2B 38 10 46 FF 03

000:STREAM                     1280559594.709863
 09 01 25 38 08 46 FF 03

000:STREAM                     1280559594.733870
 09 01 2D 38 00 46 FF 03

000:STREAM                     1280559594.765866
 09 01 2F 38 F5 45 FF 03

000:STREAM                     1280559594.853867
 09 01 2D 38 EC 45 FF 03

000:STREAM                     1280559594.893861
 09 01 27 38 E4 45 FF 03

000:STREAM                     1280559594.925876
 09 01 33 38 D4 45 FF 03

000:STREAM                     1280559594.933866
 09 00 33 38 D4 45 00 00

000:STREAM                     1280559594.941863
 09 00 33 38 D4 45 00 00

000:STREAM                     1280559594.949859
 09 00 33 38 D4 45 00 00

000:STREAM                     1280559594.957858
 09 00 33 38 D4 45 00 00

000:STREAM                     1280559594.965860
 09 00 31 38 D9 45 00 00

000:STREAM                     1280559594.973858
 09 00 31 38 DF 45 00 00

000:STREAM                     1280559594.981857
 09 00 31 38 DF 45 00 00

000:STREAM                     1280559594.989859
 09 00 37 38 E7 45 00 00

000:STREAM                     1280559594.997860
 09 00 37 38 E7 45 00 00

000:STREAM                     1280559595.005862
 09 00 37 38 E7 45 00 00

000:STREAM                     1280559595.013858
 09 04 37 38 E7 45 00 00

000:STREAM                     1280559595.037865
 09 04 33 38 EF 45 00 00

000:STREAM                     1280559595.053863
 09 04 35 38 F5 45 00 00

000:STREAM                     1280559595.133867
 09 00 35 38 F5 45 00 00

000:STREAM                     1280559595.141863
 09 00 35 38 F5 45 00 00

000:STREAM                     1280559595.149863
 09 00 35 38 F5 45 00 00

000:STREAM                     1280559595.157863
 09 00 35 38 F5 45 00 00

000:STREAM                     1280559595.165863
 09 00 35 38 F5 45 00 00

000:STREAM                     1280559595.173860
 09 00 35 38 F5 45 00 00

000:STREAM                     1280559595.181860
 09 00 35 38 F5 45 00 00

000:STREAM                     1280559595.189860
 09 00 35 38 F5 45 00 00

000:STREAM                     1280559595.197862
 09 00 35 38 F5 45 00 00

000:STREAM                     1280559595.205861
 09 00 35 38 F5 45 00 00

000:STREAM                     1280559595.213858
 09 01 35 38 F5 45 FF 03

000:STREAM                     1280559595.229870
 09 01 2D 38 EC 45 FF 03

000:STREAM                     1280559595.245864
 09 01 27 38 DF 45 FF 03

000:STREAM                     1280559595.261863
 09 01 21 38 D4 45 FF 03

000:STREAM                     1280559595.285858
 09 01 16 38 C9 45 FF 03

000:STREAM                     1280559595.301862
 09 01 14 38 C1 45 FF 03

000:STREAM                     1280559595.309862
 09 01 14 38 B9 45 FF 03

000:STREAM                     1280559595.317859
 09 01 16 38 AE 45 FF 03

000:STREAM                     1280559595.341865
 09 01 10 38 A3 45 FF 03

000:STREAM                     1280559595.349863
 09 01 10 38 9B 45 FF 03

000:STREAM                     1280559595.645870
 09 01 1A 38 A5 45 FF 03

000:STREAM                     1280559595.701857
 09 01 23 38 AE 45 FF 03

000:STREAM                     1280559595.709860
 09 00 23 38 AE 45 00 00

000:STREAM                     1280559595.717860
 09 00 23 38 AE 45 00 00

000:STREAM                     1280559595.725872
 09 00 23 38 AE 45 00 00

000:STREAM                     1280559595.733862
 09 00 23 38 AE 45 00 00

000:STREAM                     1280559595.741861
 09 00 23 38 AE 45 00 00

000:STREAM                     1280559595.749860
 09 00 23 38 AE 45 00 00

000:STREAM                     1280559595.757859
 09 00 23 38 AE 45 00 00

000:STREAM                     1280559595.765860
 09 00 23 38 AE 45 00 00

000:STREAM                     1280559595.773857
 09 00 21 38 B6 45 00 00

000:STREAM                     1280559595.781858
 09 00 21 38 B6 45 00 00

000:STREAM                     1280559595.789857
 09 05 21 38 B6 45 00 00

000:STREAM                     1280559595.877870
 09 05 16 38 B6 45 00 00

000:STREAM                     1280559595.885862
 09 00 16 38 B6 45 00 00

000:STREAM                     1280559595.893863
 09 00 16 38 B6 45 00 00

000:STREAM                     1280559595.901860
 09 00 16 38 B6 45 00 00

000:STREAM                     1280559595.909860
 09 00 16 38 B6 45 00 00

000:STREAM                     1280559595.917858
 09 00 16 38 B6 45 00 00

000:STREAM                     1280559595.925874
 09 00 16 38 B6 45 00 00

000:STREAM                     1280559595.933862
 09 00 16 38 B6 45 00 00

000:STREAM                     1280559595.941862
 09 00 16 38 B6 45 00 00

000:STREAM                     1280559595.949861
 09 00 16 38 B6 45 00 00

000:STREAM                     1280559595.957860
 09 00 16 38 B6 45 00 00

000:STREAM                     1280559595.965861
 09 01 16 38 B6 45 FF 03

000:STREAM                     1280559595.973862
 09 01 10 38 B6 45 FF 03

000:STREAM                     1280559596.149878
 09 01 10 38 B6 45 F8 03

000:STREAM                     1280559596.157865
 09 01 10 38 B6 45 A4 03

000:STREAM                     1280559596.165870
 09 01 10 38 B6 45 08 03

000:STREAM                     1280559596.173861
 09 01 18 38 C3 45 37 02

000:STREAM                     1280559596.181863
 09 01 2B 38 D7 45 5D 01

000:STREAM                     1280559596.189858
 09 01 4C 38 F7 45 B4 00

000:STREAM                     1280559596.197860
 09 00 77 38 23 46 00 00

000:STREAM                     1280559596.205861
 09 00 A4 38 57 46 00 00

000:STREAM                     1280559596.213858
 09 00 D1 38 8E 46 00 00

000:STREAM                     1280559596.221869
 09 00 FC 38 C7 46 00 00

000:STREAM                     1280559596.229863
 09 00 37 39 06 47 00 00

000:STREAM                     1280559596.237867
 09 00 37 39 06 47 00 00

