001:005:000:STREAM             1571167474.027890
 08 E0 01 01 01 00 00 00 00 00 00 00

001:005:000:STREAM             1571167474.195881
 08 E0 01 01 00 00 00 00 00 00 00 00

001:005:000:STREAM             1571167475.981827
 08 E0 01 01 04 00 00 00 00 00 00 00

001:005:000:STREAM             1571167476.145839
 08 E0 01 01 00 00 00 00 00 00 00 00

001:005:000:STREAM             1571167477.927765
 08 E0 01 01 02 00 00 00 00 00 00 00

001:005:000:STREAM             1571167478.113758
 08 E0 01 01 00 00 00 00 00 00 00 00

001:005:000:STREAM             1571167479.767705
 08 E0 01 01 08 00 00 00 00 00 00 00

001:005:000:STREAM             1571167479.913700
 08 E0 01 01 00 00 00 00 00 00 00 00

