001:005:000:STREAM             1571167639.446561
 08 80 D8 46 E2 20 00 00 00 00 00 00

001:005:000:STREAM             1571167639.450545
 08 80 D8 46 E2 20 00 00 00 00 00 00

001:005:000:STREAM             1571167639.454545
 08 80 D8 46 E2 20 00 00 00 00 00 00

001:005:000:STREAM             1571167639.458489
 08 80 D8 46 E2 20 00 00 00 00 00 00

001:005:000:STREAM             1571167639.462534
 08 80 D8 46 E2 20 00 00 00 00 00 00

001:005:000:STREAM             1571167639.466527
 08 80 D8 46 E2 20 00 00 00 00 00 00

001:005:000:STREAM             1571167639.470491
 08 80 D8 46 E2 20 00 00 00 00 00 00

001:005:000:STREAM             1571167639.474461
 08 80 D1 46 DA 20 00 00 00 00 00 00

001:005:000:STREAM             1571167639.478494
 08 80 CB 46 D2 20 00 00 00 00 00 00

001:005:000:STREAM             1571167639.482493
 08 80 C6 46 CA 20 00 00 00 00 00 00

001:005:000:STREAM             1571167639.486498
 08 80 C3 46 C3 20 00 00 00 00 00 00

001:005:000:STREAM             1571167639.490562
 08 80 C1 46 BC 20 00 00 00 00 00 00

001:005:000:STREAM             1571167639.494562
 08 80 BE 46 B6 20 00 00 00 00 00 00

001:005:000:STREAM             1571167639.498555
 08 80 BA 46 B1 20 00 00 00 00 00 00

001:005:000:STREAM             1571167639.502544
 08 80 B4 46 AC 20 00 00 00 00 00 00

001:005:000:STREAM             1571167639.506497
 08 80 AB 46 A9 20 00 00 00 00 00 00

001:005:000:STREAM             1571167639.510518
 08 80 A2 46 A7 20 00 00 00 00 00 00

001:005:000:STREAM             1571167639.514491
 08 80 93 46 A6 20 00 00 00 00 00 00

001:005:000:STREAM             1571167639.518533
 08 80 83 46 A6 20 00 00 00 00 00 00

001:005:000:STREAM             1571167639.522532
 08 80 74 46 A6 20 00 00 00 00 00 00

001:005:000:STREAM             1571167639.526533
 08 80 64 46 A6 20 00 00 00 00 00 00

001:005:000:STREAM             1571167639.530485
 08 80 57 46 A6 20 00 00 00 00 00 00

001:005:000:STREAM             1571167639.534522
 08 80 4A 46 A6 20 00 00 00 00 00 00

001:005:000:STREAM             1571167639.538501
 08 80 3E 46 A6 20 00 00 00 00 00 00

001:005:000:STREAM             1571167639.542515
 08 80 31 46 A6 20 00 00 00 00 00 00

001:005:000:STREAM             1571167639.546515
 08 80 23 46 A7 20 00 00 00 00 00 00

001:005:000:STREAM             1571167639.550516
 08 80 14 46 A8 20 00 00 00 00 00 00

001:005:000:STREAM             1571167639.554516
 08 80 04 46 A8 20 00 00 00 00 00 00

001:005:000:STREAM             1571167639.558513
 08 80 F5 45 A8 20 00 00 00 00 00 00

001:005:000:STREAM             1571167639.562512
 08 80 E7 45 A7 20 00 00 00 00 00 00

001:005:000:STREAM             1571167639.566518
 08 80 DC 45 A5 20 00 00 00 00 00 00

001:005:000:STREAM             1571167639.570522
 08 80 D3 45 A3 20 00 00 00 00 00 00

001:005:000:STREAM             1571167639.574512
 08 80 CC 45 9F 20 00 00 00 00 00 00

001:005:000:STREAM             1571167639.578512
 08 80 C6 45 9A 20 00 00 00 00 00 00

001:005:000:STREAM             1571167639.580537
 08 80 C0 45 94 20 00 00 00 00 00 00

001:005:000:STREAM             1571167639.584522
 08 80 BC 45 8E 20 00 00 00 00 00 00

001:005:000:STREAM             1571167639.588521
 08 80 B8 45 88 20 00 00 00 00 00 00

001:005:000:STREAM             1571167639.592531
 08 80 B5 45 81 20 00 00 00 00 00 00

001:005:000:STREAM             1571167639.596522
 08 80 B4 45 7A 20 00 00 00 00 00 00

001:005:000:STREAM             1571167639.600524
 08 80 B3 45 73 20 00 00 00 00 00 00

001:005:000:STREAM             1571167639.604527
 08 80 B1 45 6D 20 00 00 00 00 00 00

001:005:000:STREAM             1571167639.608514
 08 80 B1 45 68 20 00 00 00 00 00 00

001:005:000:STREAM             1571167639.612514
 08 80 B4 45 64 20 00 00 00 00 00 00

001:005:000:STREAM             1571167639.616537
 08 80 B6 45 60 20 00 00 00 00 00 00

001:005:000:STREAM             1571167639.620531
 08 80 B9 45 5D 20 00 00 00 00 00 00

001:005:000:STREAM             1571167639.624523
 08 80 BB 45 59 20 00 00 00 00 00 00

001:005:000:STREAM             1571167639.628523
 08 80 BA 45 56 20 00 00 00 00 00 00

001:005:000:STREAM             1571167639.632506
 08 80 BA 45 54 20 00 00 00 00 00 00

001:005:000:STREAM             1571167639.636564
 08 80 B9 45 53 20 00 00 00 00 00 00

001:005:000:STREAM             1571167639.640545
 08 80 B7 45 52 20 00 00 00 00 00 00

001:005:000:STREAM             1571167639.644510
 08 80 B7 45 52 20 00 00 00 00 00 00

001:005:000:STREAM             1571167639.648518
 08 80 B5 45 51 20 00 00 00 00 00 00

001:005:000:STREAM             1571167639.652501
 08 80 B3 45 50 20 00 00 00 00 00 00

001:005:000:STREAM             1571167639.656516
 08 80 B1 45 4F 20 00 00 00 00 00 00

001:005:000:STREAM             1571167639.660529
 08 80 AE 45 4E 20 00 00 00 00 00 00

001:005:000:STREAM             1571167639.664553
 08 80 AA 45 4F 20 00 00 00 00 00 00

001:005:000:STREAM             1571167639.668543
 08 80 A5 45 51 20 00 00 00 00 00 00

001:005:000:STREAM             1571167639.672545
 08 80 9F 45 54 20 00 00 00 00 00 00

001:005:000:STREAM             1571167639.676543
 08 80 9A 45 58 20 00 00 00 00 00 00

001:005:000:STREAM             1571167639.680557
 08 80 95 45 5C 20 00 00 00 00 00 00

001:005:000:STREAM             1571167639.684503
 08 80 90 45 60 20 00 00 00 00 00 00

001:005:000:STREAM             1571167639.688539
 08 80 8C 45 64 20 00 00 00 00 00 00

001:005:000:STREAM             1571167639.692516
 08 80 86 45 68 20 00 00 00 00 00 00

001:005:000:STREAM             1571167639.696535
 08 80 80 45 6D 20 00 00 00 00 00 00

001:005:000:STREAM             1571167639.700516
 08 80 7A 45 72 20 00 00 00 00 00 00

001:005:000:STREAM             1571167639.704518
 08 80 75 45 78 20 00 00 00 00 00 00

001:005:000:STREAM             1571167639.708515
 08 80 70 45 7E 20 00 00 00 00 00 00

001:005:000:STREAM             1571167639.712516
 08 80 6B 45 83 20 00 00 00 00 00 00

001:005:000:STREAM             1571167639.716549
 08 80 66 45 87 20 00 00 00 00 00 00

001:005:000:STREAM             1571167639.720505
 08 80 60 45 8A 20 00 00 00 00 00 00

001:005:000:STREAM             1571167639.724492
 08 80 5A 45 8D 20 00 00 00 00 00 00

001:005:000:STREAM             1571167639.728554
 08 80 55 45 8F 20 00 00 00 00 00 00

001:005:000:STREAM             1571167639.732523
 08 80 51 45 90 20 00 00 00 00 00 00

001:005:000:STREAM             1571167639.736510
 08 80 4D 45 91 20 00 00 00 00 00 00

001:005:000:STREAM             1571167639.740529
 08 80 49 45 91 20 00 00 00 00 00 00

001:005:000:STREAM             1571167639.744551
 08 80 46 45 91 20 00 00 00 00 00 00

001:005:000:STREAM             1571167639.748536
 08 80 43 45 91 20 00 00 00 00 00 00

001:005:000:STREAM             1571167639.752519
 08 80 40 45 91 20 00 00 00 00 00 00

001:005:000:STREAM             1571167639.756569
 08 80 3D 45 91 20 00 00 00 00 00 00

001:005:000:STREAM             1571167639.760543
 08 80 3A 45 92 20 00 00 00 00 00 00

001:005:000:STREAM             1571167639.764514
 08 80 37 45 93 20 00 00 00 00 00 00

001:005:000:STREAM             1571167639.768543
 08 80 34 45 94 20 00 00 00 00 00 00

001:005:000:STREAM             1571167639.772545
 08 80 32 45 95 20 00 00 00 00 00 00

001:005:000:STREAM             1571167639.774536
 08 80 31 45 97 20 00 00 00 00 00 00

001:005:000:STREAM             1571167639.778534
 08 80 30 45 9A 20 00 00 00 00 00 00

001:005:000:STREAM             1571167639.782536
 08 80 30 45 9D 20 00 00 00 00 00 00

001:005:000:STREAM             1571167639.786643
 08 80 31 45 A0 20 00 00 00 00 00 00

001:005:000:STREAM             1571167639.790515
 08 80 32 45 A4 20 00 00 00 00 00 00

001:005:000:STREAM             1571167639.794509
 08 80 33 45 A9 20 00 00 00 00 00 00

001:005:000:STREAM             1571167639.798505
 08 80 34 45 AF 20 00 00 00 00 00 00

001:005:000:STREAM             1571167639.802507
 08 80 34 45 B5 20 00 00 00 00 00 00

001:005:000:STREAM             1571167639.806507
 08 80 35 45 BC 20 00 00 00 00 00 00

001:005:000:STREAM             1571167639.810504
 08 80 36 45 C2 20 00 00 00 00 00 00

001:005:000:STREAM             1571167639.814505
 08 80 37 45 C8 20 00 00 00 00 00 00

001:005:000:STREAM             1571167639.818496
 08 80 39 45 CD 20 00 00 00 00 00 00

001:005:000:STREAM             1571167639.822515
 08 80 3B 45 D1 20 00 00 00 00 00 00

001:005:000:STREAM             1571167639.826511
 08 80 3E 45 D5 20 00 00 00 00 00 00

001:005:000:STREAM             1571167639.830468
 08 80 41 45 D7 20 00 00 00 00 00 00

001:005:000:STREAM             1571167639.834524
 08 80 44 45 D8 20 00 00 00 00 00 00

001:005:000:STREAM             1571167639.838529
 08 80 49 45 D8 20 00 00 00 00 00 00

001:005:000:STREAM             1571167639.842529
 08 80 4F 45 D7 20 00 00 00 00 00 00

001:005:000:STREAM             1571167639.846565
 08 80 56 45 D5 20 00 00 00 00 00 00

001:005:000:STREAM             1571167639.850514
 08 80 5F 45 D2 20 00 00 00 00 00 00

001:005:000:STREAM             1571167639.854532
 08 80 6A 45 CE 20 00 00 00 00 00 00

001:005:000:STREAM             1571167639.858503
 08 80 76 45 C8 20 00 00 00 00 00 00

001:005:000:STREAM             1571167639.862559
 08 80 82 45 C1 20 00 00 00 00 00 00

001:005:000:STREAM             1571167639.866532
 08 80 8F 45 BA 20 00 00 00 00 00 00

001:005:000:STREAM             1571167639.870510
 08 80 9C 45 B4 20 00 00 00 00 00 00

001:005:000:STREAM             1571167639.874529
 08 80 AA 45 AF 20 00 00 00 00 00 00

001:005:000:STREAM             1571167639.878577
 08 80 B8 45 AB 20 00 00 00 00 00 00

001:005:000:STREAM             1571167639.882546
 08 80 C7 45 A8 20 00 00 00 00 00 00

001:005:000:STREAM             1571167639.886557
 08 80 D5 45 A7 20 00 00 00 00 00 00

001:005:000:STREAM             1571167639.890550
 08 80 E1 45 A8 20 00 00 00 00 00 00

001:005:000:STREAM             1571167639.894531
 08 80 ED 45 AC 20 00 00 00 00 00 00

001:005:000:STREAM             1571167639.898528
 08 80 F8 45 B1 20 00 00 00 00 00 00

001:005:000:STREAM             1571167639.902528
 08 80 01 46 B8 20 00 00 00 00 00 00

001:005:000:STREAM             1571167639.906528
 08 80 08 46 C0 20 00 00 00 00 00 00

001:005:000:STREAM             1571167639.910515
 08 80 0E 46 C8 20 00 00 00 00 00 00

001:005:000:STREAM             1571167639.914543
 08 80 13 46 D1 20 00 00 00 00 00 00

001:005:000:STREAM             1571167639.918531
 08 80 17 46 DA 20 00 00 00 00 00 00

001:005:000:STREAM             1571167639.922534
 08 80 19 46 E2 20 00 00 00 00 00 00

001:005:000:STREAM             1571167639.926527
 08 80 1B 46 EA 20 00 00 00 00 00 00

001:005:000:STREAM             1571167639.930530
 08 80 1C 46 F1 20 00 00 00 00 00 00

001:005:000:STREAM             1571167639.934502
 08 80 1C 46 F6 20 00 00 00 00 00 00

001:005:000:STREAM             1571167639.938555
 08 80 1C 46 FA 20 00 00 00 00 00 00

001:005:000:STREAM             1571167639.942560
 08 80 1C 46 FE 20 00 00 00 00 00 00

001:005:000:STREAM             1571167639.946529
 08 80 1D 46 01 21 00 00 00 00 00 00

001:005:000:STREAM             1571167639.950519
 08 80 1D 46 03 21 00 00 00 00 00 00

001:005:000:STREAM             1571167639.954529
 08 80 1D 46 05 21 00 00 00 00 00 00

001:005:000:STREAM             1571167639.958529
 08 80 1D 46 05 21 00 00 00 00 00 00

001:005:000:STREAM             1571167639.962528
 08 80 1B 46 07 21 00 00 00 00 00 00

001:005:000:STREAM             1571167639.966528
 08 80 19 46 09 21 00 00 00 00 00 00

001:005:000:STREAM             1571167639.970538
 08 80 17 46 0C 21 00 00 00 00 00 00

001:005:000:STREAM             1571167639.972522
 08 80 15 46 0F 21 00 00 00 00 00 00

001:005:000:STREAM             1571167639.976527
 08 80 14 46 11 21 00 00 00 00 00 00

001:005:000:STREAM             1571167639.980537
 08 80 13 46 13 21 00 00 00 00 00 00

001:005:000:STREAM             1571167639.984526
 08 80 12 46 15 21 00 00 00 00 00 00

001:005:000:STREAM             1571167639.988485
 08 80 12 46 15 21 00 00 00 00 00 00

001:005:000:STREAM             1571167639.992513
 08 80 12 46 15 21 00 00 00 00 00 00

001:005:000:STREAM             1571167639.996483
 08 80 12 46 15 21 00 00 00 00 00 00

001:005:000:STREAM             1571167640.000493
 08 80 12 46 15 21 00 00 00 00 00 00

001:005:000:STREAM             1571167640.004561
 08 80 12 46 15 21 00 00 00 00 00 00

001:005:000:STREAM             1571167640.008513
 08 80 12 46 15 21 00 00 00 00 00 00

001:005:000:STREAM             1571167640.012499
 08 80 13 46 13 21 00 00 00 00 00 00

001:005:000:STREAM             1571167640.016516
 08 80 14 46 11 21 00 00 00 00 00 00

001:005:000:STREAM             1571167640.020555
 08 80 16 46 0E 21 00 00 00 00 00 00

001:005:000:STREAM             1571167640.024543
 08 80 18 46 0C 21 00 00 00 00 00 00

001:005:000:STREAM             1571167640.028545
 08 80 1A 46 0A 21 00 00 00 00 00 00

001:005:000:STREAM             1571167640.032518
 08 80 1C 46 07 21 00 00 00 00 00 00

001:005:000:STREAM             1571167640.036535
 08 80 1F 46 04 21 00 00 00 00 00 00

001:005:000:STREAM             1571167640.040521
 08 80 22 46 01 21 00 00 00 00 00 00

001:005:000:STREAM             1571167640.044516
 08 80 26 46 FE 20 00 00 00 00 00 00

001:005:000:STREAM             1571167640.048518
 08 80 2A 46 FB 20 00 00 00 00 00 00

001:005:000:STREAM             1571167640.052539
 08 80 2D 46 F8 20 00 00 00 00 00 00

001:005:000:STREAM             1571167640.056514
 08 80 30 46 F5 20 00 00 00 00 00 00

001:005:000:STREAM             1571167640.060535
 08 80 33 46 F2 20 00 00 00 00 00 00

001:005:000:STREAM             1571167640.064477
 08 80 36 46 F0 20 00 00 00 00 00 00

001:005:000:STREAM             1571167640.068532
 08 80 39 46 EF 20 00 00 00 00 00 00

001:005:000:STREAM             1571167640.072520
 08 80 3B 46 EE 20 00 00 00 00 00 00

001:005:000:STREAM             1571167640.076535
 08 80 3E 46 ED 20 00 00 00 00 00 00

001:005:000:STREAM             1571167640.080506
 08 80 40 46 ED 20 00 00 00 00 00 00

001:005:000:STREAM             1571167640.084534
 08 80 41 46 EE 20 00 00 00 00 00 00

001:005:000:STREAM             1571167640.088523
 08 80 42 46 F0 20 00 00 00 00 00 00

001:005:000:STREAM             1571167640.092531
 08 80 42 46 F3 20 00 00 00 00 00 00

001:005:000:STREAM             1571167640.096515
 08 80 42 46 F6 20 00 00 00 00 00 00

001:005:000:STREAM             1571167640.100557
 08 80 42 46 F9 20 00 00 00 00 00 00

001:005:000:STREAM             1571167640.104524
 08 80 43 46 FC 20 00 00 00 00 00 00

001:005:000:STREAM             1571167640.108536
 08 80 44 46 FF 20 00 00 00 00 00 00

001:005:000:STREAM             1571167640.112462
 08 80 46 46 01 21 00 00 00 00 00 00

001:005:000:STREAM             1571167640.116527
 08 80 48 46 03 21 00 00 00 00 00 00

001:005:000:STREAM             1571167640.120458
 08 80 4A 46 06 21 00 00 00 00 00 00

001:005:000:STREAM             1571167640.124531
 08 80 4C 46 08 21 00 00 00 00 00 00

001:005:000:STREAM             1571167640.128522
 08 80 4E 46 0A 21 00 00 00 00 00 00

001:005:000:STREAM             1571167640.132560
 08 80 51 46 0B 21 00 00 00 00 00 00

001:005:000:STREAM             1571167640.136508
 08 80 55 46 0B 21 00 00 00 00 00 00

001:005:000:STREAM             1571167640.140517
 08 80 59 46 0A 21 00 00 00 00 00 00

001:005:000:STREAM             1571167640.144511
 08 80 5E 46 09 21 00 00 00 00 00 00

001:005:000:STREAM             1571167640.148542
 08 80 63 46 07 21 00 00 00 00 00 00

001:005:000:STREAM             1571167640.152548
 08 80 68 46 04 21 00 00 00 00 00 00

001:005:000:STREAM             1571167640.156547
 08 80 6C 46 01 21 00 00 00 00 00 00

001:005:000:STREAM             1571167640.160503
 08 80 70 46 FF 20 00 00 00 00 00 00

001:005:000:STREAM             1571167640.164530
 08 80 73 46 FD 20 00 00 00 00 00 00

001:005:000:STREAM             1571167640.166523
 08 80 76 46 FC 20 00 00 00 00 00 00

001:005:000:STREAM             1571167640.170522
 08 80 79 46 FB 20 00 00 00 00 00 00

001:005:000:STREAM             1571167640.174525
 08 80 7C 46 FB 20 00 00 00 00 00 00

001:005:000:STREAM             1571167640.178523
 08 80 7E 46 FB 20 00 00 00 00 00 00

001:005:000:STREAM             1571167640.182523
 08 80 80 46 FC 20 00 00 00 00 00 00

001:005:000:STREAM             1571167640.186521
 08 80 82 46 FD 20 00 00 00 00 00 00

001:005:000:STREAM             1571167640.190502
 08 80 84 46 FE 20 00 00 00 00 00 00

001:005:000:STREAM             1571167640.194530
 08 80 86 46 FE 20 00 00 00 00 00 00

001:005:000:STREAM             1571167640.198521
 08 80 89 46 FD 20 00 00 00 00 00 00

001:005:000:STREAM             1571167640.202521
 08 80 8C 46 FB 20 00 00 00 00 00 00

001:005:000:STREAM             1571167640.206520
 08 80 90 46 F7 20 00 00 00 00 00 00

001:005:000:STREAM             1571167640.210517
 08 80 94 46 F3 20 00 00 00 00 00 00

001:005:000:STREAM             1571167640.214490
 08 80 98 46 EE 20 00 00 00 00 00 00

001:005:000:STREAM             1571167640.218483
 08 80 9D 46 E8 20 00 00 00 00 00 00

001:005:000:STREAM             1571167640.222499
 08 80 A3 46 E1 20 00 00 00 00 00 00

001:005:000:STREAM             1571167640.226528
 08 80 A9 46 DB 20 00 00 00 00 00 00

001:005:000:STREAM             1571167640.230508
 08 80 B0 46 D5 20 00 00 00 00 00 00

001:005:000:STREAM             1571167640.234518
 08 80 B7 46 CF 20 00 00 00 00 00 00

001:005:000:STREAM             1571167640.238520
 08 80 BE 46 CB 20 00 00 00 00 00 00

001:005:000:STREAM             1571167640.242519
 08 80 C4 46 C8 20 00 00 00 00 00 00

001:005:000:STREAM             1571167640.246519
 08 80 CA 46 C8 20 00 00 00 00 00 00

001:005:000:STREAM             1571167640.250493
 08 80 CA 46 C8 20 00 00 00 00 00 00

001:005:000:STREAM             1571167640.278531
 08 82 09 47 C4 20 00 00 00 00 00 00

001:005:000:STREAM             1571167640.284512
 08 82 0C 47 BD 20 00 00 00 00 00 00

001:005:000:STREAM             1571167640.292514
 08 82 10 47 B6 20 00 00 00 00 00 00

001:005:000:STREAM             1571167640.298518
 08 82 14 47 AE 20 00 00 00 00 00 00

001:005:000:STREAM             1571167640.306520
 08 82 19 47 A3 20 00 00 00 00 00 00

001:005:000:STREAM             1571167640.312556
 08 82 1F 47 97 20 00 00 00 00 00 00

001:005:000:STREAM             1571167640.320557
 08 82 24 47 89 20 00 00 00 00 00 00

001:005:000:STREAM             1571167640.326518
 08 82 28 47 7B 20 00 00 00 00 00 00

001:005:000:STREAM             1571167640.334517
 08 82 2B 47 6D 20 00 00 00 00 00 00

001:005:000:STREAM             1571167640.340546
 08 82 2D 47 60 20 00 00 00 00 00 00

001:005:000:STREAM             1571167640.348529
 08 82 2D 47 55 20 00 00 00 00 00 00

001:005:000:STREAM             1571167640.354514
 08 82 2C 47 4B 20 00 00 00 00 00 00

001:005:000:STREAM             1571167640.360545
 08 82 2A 47 43 20 00 00 00 00 00 00

001:005:000:STREAM             1571167640.366512
 08 82 28 47 3D 20 00 00 00 00 00 00

001:005:000:STREAM             1571167640.372510
 08 82 26 47 39 20 00 00 00 00 00 00

001:005:000:STREAM             1571167640.378553
 08 82 23 47 36 20 00 00 00 00 00 00

001:005:000:STREAM             1571167640.382517
 08 82 1F 47 34 20 00 00 00 00 00 00

001:005:000:STREAM             1571167640.388501
 08 82 1A 47 33 20 00 00 00 00 00 00

001:005:000:STREAM             1571167640.394485
 08 82 15 47 33 20 00 00 00 00 00 00

001:005:000:STREAM             1571167640.400503
 08 82 10 47 34 20 00 00 00 00 00 00

001:005:000:STREAM             1571167640.406531
 08 82 0A 47 36 20 00 00 00 00 00 00

001:005:000:STREAM             1571167640.412556
 08 82 04 47 38 20 00 00 00 00 00 00

001:005:000:STREAM             1571167640.418512
 08 82 FE 46 3B 20 00 00 00 00 00 00

001:005:000:STREAM             1571167640.422511
 08 82 F7 46 3E 20 00 00 00 00 00 00

001:005:000:STREAM             1571167640.428524
 08 82 F1 46 42 20 00 00 00 00 00 00

001:005:000:STREAM             1571167640.434510
 08 82 EA 46 47 20 00 00 00 00 00 00

001:005:000:STREAM             1571167640.440550
 08 82 E3 46 4D 20 00 00 00 00 00 00

001:005:000:STREAM             1571167640.446517
 08 82 DB 46 54 20 00 00 00 00 00 00

001:005:000:STREAM             1571167640.452513
 08 82 D2 46 5C 20 00 00 00 00 00 00

001:005:000:STREAM             1571167640.456523
 08 82 C8 46 66 20 00 00 00 00 00 00

001:005:000:STREAM             1571167640.462512
 08 82 BC 46 71 20 00 00 00 00 00 00

001:005:000:STREAM             1571167640.466528
 08 80 BC 46 71 20 00 00 00 00 00 00

001:005:000:STREAM             1571167640.504525
 08 80 04 46 C9 20 00 00 00 00 00 00

001:005:000:STREAM             1571167640.508507
 08 80 04 46 C9 20 00 00 00 00 00 00

001:005:000:STREAM             1571167640.512539
 08 80 04 46 C9 20 00 00 00 00 00 00

001:005:000:STREAM             1571167640.516502
 08 80 03 46 C6 20 00 00 00 00 00 00

001:005:000:STREAM             1571167640.520535
 08 80 02 46 C1 20 00 00 00 00 00 00

001:005:000:STREAM             1571167640.524522
 08 80 03 46 BB 20 00 00 00 00 00 00

001:005:000:STREAM             1571167640.528530
 08 80 04 46 B3 20 00 00 00 00 00 00

001:005:000:STREAM             1571167640.532497
 08 80 05 46 AB 20 00 00 00 00 00 00

001:005:000:STREAM             1571167640.536535
 08 80 07 46 A3 20 00 00 00 00 00 00

001:005:000:STREAM             1571167640.540506
 08 80 09 46 99 20 00 00 00 00 00 00

001:005:000:STREAM             1571167640.544537
 08 80 0A 46 8E 20 00 00 00 00 00 00

001:005:000:STREAM             1571167640.548533
 08 80 0D 46 81 20 00 00 00 00 00 00

001:005:000:STREAM             1571167640.552516
 08 80 10 46 74 20 00 00 00 00 00 00

001:005:000:STREAM             1571167640.556523
 08 80 15 46 67 20 00 00 00 00 00 00

001:005:000:STREAM             1571167640.560518
 08 80 1B 46 5A 20 00 00 00 00 00 00

001:005:000:STREAM             1571167640.564506
 08 80 21 46 4D 20 00 00 00 00 00 00

001:005:000:STREAM             1571167640.568529
 08 80 28 46 40 20 00 00 00 00 00 00

001:005:000:STREAM             1571167640.572526
 08 80 2F 46 33 20 00 00 00 00 00 00

001:005:000:STREAM             1571167640.576537
 08 80 37 46 26 20 00 00 00 00 00 00

001:005:000:STREAM             1571167640.580492
 08 80 3F 46 1A 20 00 00 00 00 00 00

001:005:000:STREAM             1571167640.584530
 08 80 48 46 0F 20 00 00 00 00 00 00

001:005:000:STREAM             1571167640.588518
 08 80 51 46 04 20 00 00 00 00 00 00

001:005:000:STREAM             1571167640.592477
 08 80 5A 46 FA 1F 00 00 00 00 00 00

001:005:000:STREAM             1571167640.596518
 08 80 64 46 F1 1F 00 00 00 00 00 00

001:005:000:STREAM             1571167640.600531
 08 80 6E 46 EA 1F 00 00 00 00 00 00

001:005:000:STREAM             1571167640.604516
 08 80 77 46 E2 1F 00 00 00 00 00 00

001:005:000:STREAM             1571167640.608515
 08 80 80 46 DB 1F 00 00 00 00 00 00

001:005:000:STREAM             1571167640.612464
 08 80 89 46 D5 1F 00 00 00 00 00 00

001:005:000:STREAM             1571167640.616479
 08 80 90 46 D0 1F 00 00 00 00 00 00

001:005:000:STREAM             1571167640.620525
 08 80 95 46 CD 1F 00 00 00 00 00 00

001:005:000:STREAM             1571167640.624493
 08 80 99 46 CB 1F 00 00 00 00 00 00

001:005:000:STREAM             1571167640.628562
 08 80 9C 46 C9 1F 00 00 00 00 00 00

001:005:000:STREAM             1571167640.632491
 08 80 9E 46 C6 1F 00 00 00 00 00 00

001:005:000:STREAM             1571167640.636513
 08 80 9F 46 C3 1F 00 00 00 00 00 00

001:005:000:STREAM             1571167640.640489
 08 80 A0 46 C1 1F 00 00 00 00 00 00

001:005:000:STREAM             1571167640.644488
 08 80 A1 46 BF 1F 00 00 00 00 00 00

001:005:000:STREAM             1571167640.648513
 08 80 A1 46 BD 1F 00 00 00 00 00 00

001:005:000:STREAM             1571167640.652455
 08 80 A0 46 BB 1F 00 00 00 00 00 00

001:005:000:STREAM             1571167640.656542
 08 80 9F 46 B9 1F 00 00 00 00 00 00

001:005:000:STREAM             1571167640.658526
 08 80 9E 46 B7 1F 00 00 00 00 00 00

001:005:000:STREAM             1571167640.662519
 08 80 9F 46 B5 1F 00 00 00 00 00 00

001:005:000:STREAM             1571167640.666482
 08 80 A0 46 B3 1F 00 00 00 00 00 00

001:005:000:STREAM             1571167640.670521
 08 80 A2 46 B0 1F 00 00 00 00 00 00

001:005:000:STREAM             1571167640.674509
 08 80 A4 46 AC 1F 00 00 00 00 00 00

001:005:000:STREAM             1571167640.678506
 08 80 A5 46 AA 1F 00 00 00 00 00 00

001:005:000:STREAM             1571167640.682506
 08 80 A8 46 A7 1F 00 00 00 00 00 00

001:005:000:STREAM             1571167640.686487
 08 80 AB 46 A4 1F 00 00 00 00 00 00

001:005:000:STREAM             1571167640.690503
 08 80 AE 46 A0 1F 00 00 00 00 00 00

001:005:000:STREAM             1571167640.694487
 08 80 B2 46 99 1F 00 00 00 00 00 00

001:005:000:STREAM             1571167640.698479
 08 80 B7 46 91 1F 00 00 00 00 00 00

001:005:000:STREAM             1571167640.702479
 08 80 BC 46 89 1F 00 00 00 00 00 00

001:005:000:STREAM             1571167640.706482
 08 80 C0 46 81 1F 00 00 00 00 00 00

001:005:000:STREAM             1571167640.710482
 08 80 C5 46 7A 1F 00 00 00 00 00 00

001:005:000:STREAM             1571167640.714478
 08 80 C9 46 73 1F 00 00 00 00 00 00

001:005:000:STREAM             1571167640.718493
 08 80 CD 46 6D 1F 00 00 00 00 00 00

001:005:000:STREAM             1571167640.722495
 08 80 D1 46 67 1F 00 00 00 00 00 00

001:005:000:STREAM             1571167640.726479
 08 80 D4 46 62 1F 00 00 00 00 00 00

001:005:000:STREAM             1571167640.730478
 08 80 D7 46 5D 1F 00 00 00 00 00 00

001:005:000:STREAM             1571167640.734478
 08 80 DA 46 59 1F 00 00 00 00 00 00

001:005:000:STREAM             1571167640.738474
 08 80 DD 46 56 1F 00 00 00 00 00 00

001:005:000:STREAM             1571167640.742485
 08 80 E0 46 53 1F 00 00 00 00 00 00

001:005:000:STREAM             1571167640.746501
 08 80 E0 46 53 1F 00 00 00 00 00 00

001:005:000:STREAM             1571167640.750541
 08 80 E0 46 53 1F 00 00 00 00 00 00

001:005:000:STREAM             1571167640.754511
 08 80 E0 46 53 1F 00 00 00 00 00 00

001:005:000:STREAM             1571167640.758522
 08 80 E0 46 53 1F 00 00 00 00 00 00

001:005:000:STREAM             1571167640.762503
 08 80 E0 46 53 1F 00 00 00 00 00 00

001:005:000:STREAM             1571167640.766502
 08 80 E0 46 53 1F 00 00 00 00 00 00

001:005:000:STREAM             1571167640.770516
 08 80 E0 46 53 1F 00 00 00 00 00 00

001:005:000:STREAM             1571167640.774503
 08 80 E0 46 53 1F 00 00 00 00 00 00

001:005:000:STREAM             1571167640.778488
 08 80 E0 46 53 1F 00 00 00 00 00 00

001:005:000:STREAM             1571167640.782528
 08 80 E0 46 53 1F 00 00 00 00 00 00

001:005:000:STREAM             1571167640.786516
 08 80 E0 46 53 1F 00 00 00 00 00 00

001:005:000:STREAM             1571167640.790520
 08 80 E0 46 53 1F 00 00 00 00 00 00

001:005:000:STREAM             1571167640.794519
 08 80 E0 46 53 1F 00 00 00 00 00 00

001:005:000:STREAM             1571167640.798516
 08 80 E0 46 53 1F 00 00 00 00 00 00

001:005:000:STREAM             1571167640.802499
 08 80 E0 46 53 1F 00 00 00 00 00 00

001:005:000:STREAM             1571167640.806501
 08 80 E0 46 53 1F 00 00 00 00 00 00

001:005:000:STREAM             1571167640.810476
 08 80 E0 46 53 1F 00 00 00 00 00 00

001:005:000:STREAM             1571167640.814521
 08 80 E0 46 53 1F 00 00 00 00 00 00

001:005:000:STREAM             1571167640.818482
 08 80 E0 46 53 1F 00 00 00 00 00 00

001:005:000:STREAM             1571167640.822502
 08 80 E0 46 53 1F 00 00 00 00 00 00

001:005:000:STREAM             1571167640.826502
 08 80 E0 46 53 1F 00 00 00 00 00 00

001:005:000:STREAM             1571167640.830501
 08 80 E0 46 53 1F 00 00 00 00 00 00

001:005:000:STREAM             1571167640.834499
 08 80 E0 46 53 1F 00 00 00 00 00 00

001:005:000:STREAM             1571167640.838501
 08 80 E0 46 53 1F 00 00 00 00 00 00

001:005:000:STREAM             1571167640.842535
 08 80 E0 46 53 1F 00 00 00 00 00 00

001:005:000:STREAM             1571167640.846514
 08 80 E0 46 53 1F 00 00 00 00 00 00

001:005:000:STREAM             1571167640.848528
 08 80 E0 46 53 1F 00 00 00 00 00 00

001:005:000:STREAM             1571167640.852519
 08 80 E1 46 4C 1F 00 00 00 00 00 00

001:005:000:STREAM             1571167640.856515
 08 80 E4 46 42 1F 00 00 00 00 00 00

001:005:000:STREAM             1571167640.860530
 08 80 E8 46 37 1F 00 00 00 00 00 00

001:005:000:STREAM             1571167640.864522
 08 80 EB 46 2C 1F 00 00 00 00 00 00

001:005:000:STREAM             1571167640.868461
 08 80 EE 46 22 1F 00 00 00 00 00 00

001:005:000:STREAM             1571167640.872508
 08 80 EF 46 18 1F 00 00 00 00 00 00

001:005:000:STREAM             1571167640.876509
 08 80 EF 46 0F 1F 00 00 00 00 00 00

001:005:000:STREAM             1571167640.880478
 08 80 ED 46 08 1F 00 00 00 00 00 00

001:005:000:STREAM             1571167640.884502
 08 80 EA 46 02 1F 00 00 00 00 00 00

001:005:000:STREAM             1571167640.888476
 08 80 E5 46 FD 1E 00 00 00 00 00 00

001:005:000:STREAM             1571167640.892479
 08 80 E0 46 F9 1E 00 00 00 00 00 00

001:005:000:STREAM             1571167640.896500
 08 80 DB 46 F6 1E 00 00 00 00 00 00

001:005:000:STREAM             1571167640.900478
 08 80 D7 46 F2 1E 00 00 00 00 00 00

001:005:000:STREAM             1571167640.904444
 08 80 D4 46 EF 1E 00 00 00 00 00 00

001:005:000:STREAM             1571167640.908485
 08 80 D1 46 EA 1E 00 00 00 00 00 00

001:005:000:STREAM             1571167640.912477
 08 80 D0 46 E4 1E 00 00 00 00 00 00

001:005:000:STREAM             1571167640.916476
 08 80 D0 46 DF 1E 00 00 00 00 00 00

001:005:000:STREAM             1571167640.920472
 08 80 D1 46 DA 1E 00 00 00 00 00 00

001:005:000:STREAM             1571167640.924480
 08 80 D3 46 D7 1E 00 00 00 00 00 00

001:005:000:STREAM             1571167640.928475
 08 80 D5 46 D3 1E 00 00 00 00 00 00

001:005:000:STREAM             1571167640.932476
 08 80 D7 46 CF 1E 00 00 00 00 00 00

001:005:000:STREAM             1571167640.936471
 08 80 D8 46 CB 1E 00 00 00 00 00 00

001:005:000:STREAM             1571167640.940543
 08 80 D9 46 C7 1E 00 00 00 00 00 00

001:005:000:STREAM             1571167640.944521
 08 80 DA 46 C3 1E 00 00 00 00 00 00

001:005:000:STREAM             1571167640.948513
 08 80 DA 46 BF 1E 00 00 00 00 00 00

001:005:000:STREAM             1571167640.952516
 08 80 DA 46 BB 1E 00 00 00 00 00 00

001:005:000:STREAM             1571167640.956516
 08 80 DA 46 B7 1E 00 00 00 00 00 00

001:005:000:STREAM             1571167640.960513
 08 80 D9 46 B4 1E 00 00 00 00 00 00

001:005:000:STREAM             1571167640.964512
 08 80 D8 46 B2 1E 00 00 00 00 00 00

001:005:000:STREAM             1571167640.968515
 08 80 D7 46 B1 1E 00 00 00 00 00 00

001:005:000:STREAM             1571167640.972539
 08 80 D5 46 B1 1E 00 00 00 00 00 00

001:005:000:STREAM             1571167640.976516
 08 80 D5 46 B1 1E 00 00 00 00 00 00

001:005:000:STREAM             1571167640.980514
 08 80 D3 46 B1 1E 00 00 00 00 00 00

001:005:000:STREAM             1571167640.984516
 08 80 D1 46 B1 1E 00 00 00 00 00 00

001:005:000:STREAM             1571167640.988517
 08 80 CF 46 B0 1E 00 00 00 00 00 00

001:005:000:STREAM             1571167640.992506
 08 80 CE 46 AF 1E 00 00 00 00 00 00

001:005:000:STREAM             1571167640.996513
 08 80 CE 46 AF 1E 00 00 00 00 00 00

001:005:000:STREAM             1571167641.000479
 08 80 CE 46 AF 1E 00 00 00 00 00 00

001:005:000:STREAM             1571167641.004476
 08 80 CE 46 AF 1E 00 00 00 00 00 00

001:005:000:STREAM             1571167641.008490
 08 80 CE 46 AF 1E 00 00 00 00 00 00

001:005:000:STREAM             1571167641.012495
 08 80 CF 46 AE 1E 00 00 00 00 00 00

001:005:000:STREAM             1571167641.016495
 08 80 CF 46 AE 1E 00 00 00 00 00 00

001:005:000:STREAM             1571167641.020442
 08 80 CF 46 AE 1E 00 00 00 00 00 00

001:005:000:STREAM             1571167641.024407
 08 80 CF 46 AE 1E 00 00 00 00 00 00

001:005:000:STREAM             1571167641.028450
 08 80 CC 46 AF 1E 00 00 00 00 00 00

001:005:000:STREAM             1571167641.032458
 08 80 C9 46 B0 1E 00 00 00 00 00 00

001:005:000:STREAM             1571167641.036448
 08 80 C7 46 B0 1E 00 00 00 00 00 00

001:005:000:STREAM             1571167641.040442
 08 80 C5 46 B1 1E 00 00 00 00 00 00

001:005:000:STREAM             1571167641.042429
 08 80 C5 46 B1 1E 00 00 00 00 00 00

001:005:000:STREAM             1571167641.046433
 08 80 C5 46 B1 1E 00 00 00 00 00 00

001:005:000:STREAM             1571167641.050410
 08 80 C5 46 B1 1E 00 00 00 00 00 00

001:005:000:STREAM             1571167641.054436
 08 80 C5 46 B1 1E 00 00 00 00 00 00

001:005:000:STREAM             1571167641.058440
 08 80 C5 46 B1 1E 00 00 00 00 00 00

001:005:000:STREAM             1571167641.062435
 08 80 C5 46 B1 1E 00 00 00 00 00 00

001:005:000:STREAM             1571167641.066441
 08 80 C7 46 AF 1E 00 00 00 00 00 00

001:005:000:STREAM             1571167641.070437
 08 80 CA 46 AC 1E 00 00 00 00 00 00

001:005:000:STREAM             1571167641.074445
 08 80 CD 46 A9 1E 00 00 00 00 00 00

001:005:000:STREAM             1571167641.078441
 08 80 D1 46 A5 1E 00 00 00 00 00 00

001:005:000:STREAM             1571167641.082534
 08 80 D5 46 A0 1E 00 00 00 00 00 00

001:005:000:STREAM             1571167641.086534
 08 80 DA 46 9B 1E 00 00 00 00 00 00

001:005:000:STREAM             1571167641.090518
 08 80 DF 46 96 1E 00 00 00 00 00 00

001:005:000:STREAM             1571167641.094541
 08 80 E4 46 8F 1E 00 00 00 00 00 00

001:005:000:STREAM             1571167641.098535
 08 80 E9 46 88 1E 00 00 00 00 00 00

001:005:000:STREAM             1571167641.102525
 08 80 EE 46 80 1E 00 00 00 00 00 00

001:005:000:STREAM             1571167641.106523
 08 80 F4 46 78 1E 00 00 00 00 00 00

001:005:000:STREAM             1571167641.110513
 08 80 FA 46 70 1E 00 00 00 00 00 00

001:005:000:STREAM             1571167641.114508
 08 80 02 47 68 1E 00 00 00 00 00 00

001:005:000:STREAM             1571167641.118496
 08 80 0A 47 5F 1E 00 00 00 00 00 00

001:005:000:STREAM             1571167641.122448
 08 80 13 47 56 1E 00 00 00 00 00 00

001:005:000:STREAM             1571167641.126506
 08 80 1C 47 4C 1E 00 00 00 00 00 00

001:005:000:STREAM             1571167641.130489
 08 80 25 47 42 1E 00 00 00 00 00 00

001:005:000:STREAM             1571167641.134489
 08 80 2F 47 39 1E 00 00 00 00 00 00

001:005:000:STREAM             1571167641.138494
 08 80 38 47 30 1E 00 00 00 00 00 00

001:005:000:STREAM             1571167641.142486
 08 80 40 47 29 1E 00 00 00 00 00 00

001:005:000:STREAM             1571167641.146460
 08 80 47 47 22 1E 00 00 00 00 00 00

001:005:000:STREAM             1571167641.150516
 08 80 4E 47 1B 1E 00 00 00 00 00 00

001:005:000:STREAM             1571167641.154476
 08 80 54 47 16 1E 00 00 00 00 00 00

001:005:000:STREAM             1571167641.158479
 08 80 5A 47 11 1E 00 00 00 00 00 00

001:005:000:STREAM             1571167641.162465
 08 80 5E 47 0D 1E 00 00 00 00 00 00

001:005:000:STREAM             1571167641.166467
 08 80 61 47 0A 1E 00 00 00 00 00 00

001:005:000:STREAM             1571167641.170461
 08 80 64 47 08 1E 00 00 00 00 00 00

001:005:000:STREAM             1571167641.174464
 08 80 67 47 06 1E 00 00 00 00 00 00

001:005:000:STREAM             1571167641.178467
 08 80 6A 47 04 1E 00 00 00 00 00 00

001:005:000:STREAM             1571167641.182460
 08 80 6D 47 02 1E 00 00 00 00 00 00

001:005:000:STREAM             1571167641.186531
 08 80 70 47 FF 1D 00 00 00 00 00 00

001:005:000:STREAM             1571167641.190492
 08 80 73 47 FC 1D 00 00 00 00 00 00

001:005:000:STREAM             1571167641.194465
 08 80 76 47 F8 1D 00 00 00 00 00 00

001:005:000:STREAM             1571167641.198477
 08 80 7A 47 F3 1D 00 00 00 00 00 00

001:005:000:STREAM             1571167641.202464
 08 80 7D 47 EE 1D 00 00 00 00 00 00

001:005:000:STREAM             1571167641.206460
 08 80 7F 47 E9 1D 00 00 00 00 00 00

001:005:000:STREAM             1571167641.210459
 08 80 82 47 E5 1D 00 00 00 00 00 00

001:005:000:STREAM             1571167641.214422
 08 80 85 47 E1 1D 00 00 00 00 00 00

001:005:000:STREAM             1571167641.218475
 08 80 89 47 DD 1D 00 00 00 00 00 00

001:005:000:STREAM             1571167641.222460
 08 80 8E 47 D5 1D 00 00 00 00 00 00

001:005:000:STREAM             1571167641.226467
 08 80 93 47 CD 1D 00 00 00 00 00 00

001:005:000:STREAM             1571167641.230478
 08 80 99 47 C4 1D 00 00 00 00 00 00

001:005:000:STREAM             1571167641.232467
 08 80 9F 47 BC 1D 00 00 00 00 00 00

001:005:000:STREAM             1571167641.236490
 08 80 A7 47 B6 1D 00 00 00 00 00 00

001:005:000:STREAM             1571167641.240492
 08 80 AF 47 AE 1D 00 00 00 00 00 00

001:005:000:STREAM             1571167641.244492
 08 80 B9 47 A4 1D 00 00 00 00 00 00

001:005:000:STREAM             1571167641.248515
 08 80 C5 47 98 1D 00 00 00 00 00 00

001:005:000:STREAM             1571167641.252523
 08 80 D2 47 89 1D 00 00 00 00 00 00

001:005:000:STREAM             1571167641.256512
 08 80 DF 47 78 1D 00 00 00 00 00 00

001:005:000:STREAM             1571167641.260530
 08 80 EE 47 64 1D 00 00 00 00 00 00

001:005:000:STREAM             1571167641.264518
 08 80 FE 47 50 1D 00 00 00 00 00 00

001:005:000:STREAM             1571167641.268512
 08 80 0F 48 3C 1D 00 00 00 00 00 00

001:005:000:STREAM             1571167641.272483
 08 80 1F 48 28 1D 00 00 00 00 00 00

001:005:000:STREAM             1571167641.276479
 08 80 2D 48 15 1D 00 00 00 00 00 00

001:005:000:STREAM             1571167641.280527
 08 80 3A 48 03 1D 00 00 00 00 00 00

001:005:000:STREAM             1571167641.284498
 08 80 46 48 F2 1C 00 00 00 00 00 00

001:005:000:STREAM             1571167641.288498
 08 80 50 48 E3 1C 00 00 00 00 00 00

001:005:000:STREAM             1571167641.292497
 08 80 59 48 D7 1C 00 00 00 00 00 00

001:005:000:STREAM             1571167641.296525
 08 80 5F 48 CD 1C 00 00 00 00 00 00

001:005:000:STREAM             1571167641.300496
 08 80 62 48 C6 1C 00 00 00 00 00 00

001:005:000:STREAM             1571167641.304495
 08 80 62 48 C2 1C 00 00 00 00 00 00

001:005:000:STREAM             1571167641.308508
 08 80 61 48 C0 1C 00 00 00 00 00 00

001:005:000:STREAM             1571167641.312533
 08 80 5E 48 C0 1C 00 00 00 00 00 00

001:005:000:STREAM             1571167641.316522
 08 80 59 48 C2 1C 00 00 00 00 00 00

001:005:000:STREAM             1571167641.320512
 08 80 54 48 C6 1C 00 00 00 00 00 00

001:005:000:STREAM             1571167641.324469
 08 80 4E 48 CC 1C 00 00 00 00 00 00

001:005:000:STREAM             1571167641.328498
 08 80 4A 48 D3 1C 00 00 00 00 00 00

001:005:000:STREAM             1571167641.332522
 08 80 46 48 DB 1C 00 00 00 00 00 00

001:005:000:STREAM             1571167641.336520
 08 80 41 48 E3 1C 00 00 00 00 00 00

001:005:000:STREAM             1571167641.340511
 08 80 3C 48 EB 1C 00 00 00 00 00 00

001:005:000:STREAM             1571167641.344506
 08 80 34 48 F4 1C 00 00 00 00 00 00

001:005:000:STREAM             1571167641.348495
 08 80 2C 48 FD 1C 00 00 00 00 00 00

001:005:000:STREAM             1571167641.352499
 08 80 24 48 08 1D 00 00 00 00 00 00

001:005:000:STREAM             1571167641.356512
 08 80 1D 48 12 1D 00 00 00 00 00 00

001:005:000:STREAM             1571167641.360497
 08 80 16 48 1B 1D 00 00 00 00 00 00

001:005:000:STREAM             1571167641.364521
 08 80 10 48 23 1D 00 00 00 00 00 00

001:005:000:STREAM             1571167641.368511
 08 80 0A 48 2A 1D 00 00 00 00 00 00

001:005:000:STREAM             1571167641.372462
 08 80 03 48 30 1D 00 00 00 00 00 00

001:005:000:STREAM             1571167641.376463
 08 80 FC 47 35 1D 00 00 00 00 00 00

001:005:000:STREAM             1571167641.380498
 08 80 F5 47 38 1D 00 00 00 00 00 00

001:005:000:STREAM             1571167641.384505
 08 80 EE 47 3A 1D 00 00 00 00 00 00

001:005:000:STREAM             1571167641.388500
 08 80 E8 47 3A 1D 00 00 00 00 00 00

001:005:000:STREAM             1571167641.392498
 08 80 E3 47 38 1D 00 00 00 00 00 00

001:005:000:STREAM             1571167641.396503
 08 80 DF 47 35 1D 00 00 00 00 00 00

001:005:000:STREAM             1571167641.400458
 08 80 DE 47 31 1D 00 00 00 00 00 00

001:005:000:STREAM             1571167641.404516
 08 80 DE 47 2D 1D 00 00 00 00 00 00

001:005:000:STREAM             1571167641.408503
 08 80 DF 47 28 1D 00 00 00 00 00 00

001:005:000:STREAM             1571167641.412499
 08 80 E1 47 23 1D 00 00 00 00 00 00

001:005:000:STREAM             1571167641.416498
 08 80 E4 47 1D 1D 00 00 00 00 00 00

001:005:000:STREAM             1571167641.420499
 08 80 E8 47 16 1D 00 00 00 00 00 00

001:005:000:STREAM             1571167641.424471
 08 80 EC 47 10 1D 00 00 00 00 00 00

001:005:000:STREAM             1571167641.428447
 08 80 F0 47 09 1D 00 00 00 00 00 00

001:005:000:STREAM             1571167641.430496
 08 80 F4 47 03 1D 00 00 00 00 00 00

001:005:000:STREAM             1571167641.434510
 08 80 F7 47 FE 1C 00 00 00 00 00 00

001:005:000:STREAM             1571167641.438483
 08 80 FA 47 FA 1C 00 00 00 00 00 00

001:005:000:STREAM             1571167641.442481
 08 80 FA 47 FA 1C 00 00 00 00 00 00

001:005:000:STREAM             1571167641.446481
 08 80 FB 47 FC 1C 00 00 00 00 00 00

001:005:000:STREAM             1571167641.450477
 08 80 FC 47 FF 1C 00 00 00 00 00 00

001:005:000:STREAM             1571167641.454494
 08 80 FD 47 03 1D 00 00 00 00 00 00

001:005:000:STREAM             1571167641.458477
 08 80 FD 47 07 1D 00 00 00 00 00 00

001:005:000:STREAM             1571167641.462459
 08 80 FC 47 0C 1D 00 00 00 00 00 00

001:005:000:STREAM             1571167641.466489
 08 80 F9 47 11 1D 00 00 00 00 00 00

001:005:000:STREAM             1571167641.470470
 08 80 F5 47 16 1D 00 00 00 00 00 00

001:005:000:STREAM             1571167641.474480
 08 80 F1 47 1A 1D 00 00 00 00 00 00

001:005:000:STREAM             1571167641.478480
 08 80 EE 47 1E 1D 00 00 00 00 00 00

001:005:000:STREAM             1571167641.482479
 08 80 EB 47 21 1D 00 00 00 00 00 00

001:005:000:STREAM             1571167641.486479
 08 80 E8 47 23 1D 00 00 00 00 00 00

001:005:000:STREAM             1571167641.490476
 08 80 E6 47 24 1D 00 00 00 00 00 00

001:005:000:STREAM             1571167641.494493
 08 80 E3 47 24 1D 00 00 00 00 00 00

001:005:000:STREAM             1571167641.498487
 08 80 E3 47 24 1D 00 00 00 00 00 00

001:005:000:STREAM             1571167641.502491
 08 80 E3 47 24 1D 00 00 00 00 00 00

001:005:000:STREAM             1571167641.506474
 08 80 E1 47 24 1D 00 00 00 00 00 00

001:005:000:STREAM             1571167641.510464
 08 80 DF 47 24 1D 00 00 00 00 00 00

001:005:000:STREAM             1571167641.514478
 08 80 DC 47 23 1D 00 00 00 00 00 00

001:005:000:STREAM             1571167641.518475
 08 80 D8 47 22 1D 00 00 00 00 00 00

001:005:000:STREAM             1571167641.522474
 08 80 D4 47 21 1D 00 00 00 00 00 00

001:005:000:STREAM             1571167641.526493
 08 80 D1 47 20 1D 00 00 00 00 00 00

001:005:000:STREAM             1571167641.530490
 08 80 CE 47 1F 1D 00 00 00 00 00 00

001:005:000:STREAM             1571167641.534474
 08 80 CB 47 1E 1D 00 00 00 00 00 00

001:005:000:STREAM             1571167641.538473
 08 80 C8 47 1C 1D 00 00 00 00 00 00

001:005:000:STREAM             1571167641.542474
 08 80 C5 47 1A 1D 00 00 00 00 00 00

001:005:000:STREAM             1571167641.546474
 08 80 C2 47 16 1D 00 00 00 00 00 00

001:005:000:STREAM             1571167641.550504
 08 80 C0 47 11 1D 00 00 00 00 00 00

001:005:000:STREAM             1571167641.554468
 08 80 BF 47 0C 1D 00 00 00 00 00 00

001:005:000:STREAM             1571167641.558510
 08 80 BE 47 05 1D 00 00 00 00 00 00

001:005:000:STREAM             1571167641.562486
 08 80 BF 47 FD 1C 00 00 00 00 00 00

001:005:000:STREAM             1571167641.566475
 08 80 C0 47 F4 1C 00 00 00 00 00 00

001:005:000:STREAM             1571167641.570477
 08 80 C2 47 EB 1C 00 00 00 00 00 00

001:005:000:STREAM             1571167641.574474
 08 80 C5 47 E1 1C 00 00 00 00 00 00

001:005:000:STREAM             1571167641.578494
 08 80 C8 47 D7 1C 00 00 00 00 00 00

001:005:000:STREAM             1571167641.582477
 08 80 CA 47 CC 1C 00 00 00 00 00 00

001:005:000:STREAM             1571167641.586478
 08 80 CD 47 C2 1C 00 00 00 00 00 00

001:005:000:STREAM             1571167641.590481
 08 80 D0 47 B8 1C 00 00 00 00 00 00

001:005:000:STREAM             1571167641.594451
 08 80 D3 47 AD 1C 00 00 00 00 00 00

001:005:000:STREAM             1571167641.598450
 08 80 D8 47 A3 1C 00 00 00 00 00 00

001:005:000:STREAM             1571167641.602450
 08 80 DC 47 99 1C 00 00 00 00 00 00

001:005:000:STREAM             1571167641.606446
 08 80 DF 47 8F 1C 00 00 00 00 00 00

001:005:000:STREAM             1571167641.610450
 08 80 E2 47 86 1C 00 00 00 00 00 00

001:005:000:STREAM             1571167641.614446
 08 80 E3 47 7D 1C 00 00 00 00 00 00

001:005:000:STREAM             1571167641.618485
 08 80 E5 47 75 1C 00 00 00 00 00 00

001:005:000:STREAM             1571167641.622463
 08 80 E6 47 6E 1C 00 00 00 00 00 00

001:005:000:STREAM             1571167641.624453
 08 80 E6 47 6A 1C 00 00 00 00 00 00

001:005:000:STREAM             1571167641.628479
 08 80 E6 47 67 1C 00 00 00 00 00 00

001:005:000:STREAM             1571167641.632451
 08 80 E6 47 65 1C 00 00 00 00 00 00

001:005:000:STREAM             1571167641.636452
 08 80 E6 47 65 1C 00 00 00 00 00 00

001:005:000:STREAM             1571167641.640451
 08 80 E6 47 65 1C 00 00 00 00 00 00

001:005:000:STREAM             1571167641.644454
 08 80 E3 47 65 1C 00 00 00 00 00 00

001:005:000:STREAM             1571167641.648469
 08 80 E0 47 67 1C 00 00 00 00 00 00

001:005:000:STREAM             1571167641.652504
 08 80 DC 47 69 1C 00 00 00 00 00 00

001:005:000:STREAM             1571167641.656452
 08 80 D9 47 6C 1C 00 00 00 00 00 00

001:005:000:STREAM             1571167641.660451
 08 80 D5 47 6E 1C 00 00 00 00 00 00

001:005:000:STREAM             1571167641.664454
 08 80 D2 47 71 1C 00 00 00 00 00 00

001:005:000:STREAM             1571167641.668474
 08 80 CF 47 75 1C 00 00 00 00 00 00

001:005:000:STREAM             1571167641.672450
 08 80 CE 47 78 1C 00 00 00 00 00 00

001:005:000:STREAM             1571167641.676512
 08 80 CE 47 7B 1C 00 00 00 00 00 00

001:005:000:STREAM             1571167641.680481
 08 80 CE 47 7D 1C 00 00 00 00 00 00

001:005:000:STREAM             1571167641.684463
 08 80 CF 47 80 1C 00 00 00 00 00 00

001:005:000:STREAM             1571167641.688450
 08 80 D0 47 81 1C 00 00 00 00 00 00

001:005:000:STREAM             1571167641.692449
 08 80 D2 47 84 1C 00 00 00 00 00 00

001:005:000:STREAM             1571167641.696472
 08 80 D7 47 85 1C 00 00 00 00 00 00

001:005:000:STREAM             1571167641.700474
 08 80 DB 47 82 1C 00 00 00 00 00 00

001:005:000:STREAM             1571167641.704477
 08 80 E0 47 7E 1C 00 00 00 00 00 00

001:005:000:STREAM             1571167641.708475
 08 80 E6 47 77 1C 00 00 00 00 00 00

001:005:000:STREAM             1571167641.712466
 08 80 ED 47 6F 1C 00 00 00 00 00 00

001:005:000:STREAM             1571167641.716484
 08 80 F6 47 66 1C 00 00 00 00 00 00

001:005:000:STREAM             1571167641.720470
 08 80 FF 47 5C 1C 00 00 00 00 00 00

001:005:000:STREAM             1571167641.724470
 08 80 07 48 52 1C 00 00 00 00 00 00

001:005:000:STREAM             1571167641.728470
 08 80 0F 48 49 1C 00 00 00 00 00 00

001:005:000:STREAM             1571167641.732448
 08 80 14 48 41 1C 00 00 00 00 00 00

001:005:000:STREAM             1571167641.736448
 08 80 19 48 3A 1C 00 00 00 00 00 00

001:005:000:STREAM             1571167641.740448
 08 80 1E 48 34 1C 00 00 00 00 00 00

001:005:000:STREAM             1571167641.744520
 08 80 21 48 2F 1C 00 00 00 00 00 00

001:005:000:STREAM             1571167641.748451
 08 80 24 48 2A 1C 00 00 00 00 00 00

001:005:000:STREAM             1571167641.752466
 08 80 26 48 27 1C 00 00 00 00 00 00

001:005:000:STREAM             1571167641.756479
 08 80 27 48 24 1C 00 00 00 00 00 00

001:005:000:STREAM             1571167641.760447
 08 80 27 48 22 1C 00 00 00 00 00 00

001:005:000:STREAM             1571167641.764450
 08 80 26 48 21 1C 00 00 00 00 00 00

001:005:000:STREAM             1571167641.768470
 08 80 25 48 20 1C 00 00 00 00 00 00

001:005:000:STREAM             1571167641.772470
 08 80 23 48 20 1C 00 00 00 00 00 00

001:005:000:STREAM             1571167641.776490
 08 80 21 48 20 1C 00 00 00 00 00 00

001:005:000:STREAM             1571167641.780454
 08 80 1F 48 20 1C 00 00 00 00 00 00

001:005:000:STREAM             1571167641.784446
 08 80 1D 48 21 1C 00 00 00 00 00 00

001:005:000:STREAM             1571167641.788451
 08 80 1B 48 22 1C 00 00 00 00 00 00

001:005:000:STREAM             1571167641.792446
 08 80 1A 48 23 1C 00 00 00 00 00 00

001:005:000:STREAM             1571167641.796446
 08 80 1A 48 23 1C 00 00 00 00 00 00

001:005:000:STREAM             1571167641.800469
 08 80 1A 48 23 1C 00 00 00 00 00 00

001:005:000:STREAM             1571167641.804499
 08 80 1A 48 23 1C 00 00 00 00 00 00

001:005:000:STREAM             1571167641.808462
 08 80 1B 48 21 1C 00 00 00 00 00 00

001:005:000:STREAM             1571167641.812459
 08 80 1D 48 1F 1C 00 00 00 00 00 00

001:005:000:STREAM             1571167641.816445
 08 80 1E 48 1C 1C 00 00 00 00 00 00

001:005:000:STREAM             1571167641.818439
 08 80 1E 48 1C 1C 00 00 00 00 00 00

001:005:000:STREAM             1571167641.822439
 08 80 1E 48 1A 1C 00 00 00 00 00 00

001:005:000:STREAM             1571167641.826439
 08 80 1D 48 19 1C 00 00 00 00 00 00

001:005:000:STREAM             1571167641.830444
 08 80 1B 48 18 1C 00 00 00 00 00 00

001:005:000:STREAM             1571167641.834408
 08 80 19 48 18 1C 00 00 00 00 00 00

001:005:000:STREAM             1571167641.838455
 08 80 17 48 17 1C 00 00 00 00 00 00

001:005:000:STREAM             1571167641.842443
 08 80 14 48 17 1C 00 00 00 00 00 00

001:005:000:STREAM             1571167641.846443
 08 80 11 48 15 1C 00 00 00 00 00 00

001:005:000:STREAM             1571167641.850443
 08 80 0D 48 13 1C 00 00 00 00 00 00

001:005:000:STREAM             1571167641.854442
 08 80 0A 48 10 1C 00 00 00 00 00 00

001:005:000:STREAM             1571167641.858442
 08 80 07 48 0D 1C 00 00 00 00 00 00

001:005:000:STREAM             1571167641.862443
 08 80 05 48 0A 1C 00 00 00 00 00 00

001:005:000:STREAM             1571167641.866448
 08 80 06 48 06 1C 00 00 00 00 00 00

001:005:000:STREAM             1571167641.870469
 08 80 08 48 02 1C 00 00 00 00 00 00

001:005:000:STREAM             1571167641.874464
 08 80 0B 48 FD 1B 00 00 00 00 00 00

001:005:000:STREAM             1571167641.878417
 08 80 0F 48 F7 1B 00 00 00 00 00 00

001:005:000:STREAM             1571167641.882427
 08 80 10 48 F1 1B 00 00 00 00 00 00

001:005:000:STREAM             1571167641.886463
 08 80 11 48 EA 1B 00 00 00 00 00 00

001:005:000:STREAM             1571167641.890465
 08 80 12 48 E3 1B 00 00 00 00 00 00

001:005:000:STREAM             1571167641.894462
 08 80 14 48 DD 1B 00 00 00 00 00 00

001:005:000:STREAM             1571167641.898485
 08 80 17 48 D6 1B 00 00 00 00 00 00

001:005:000:STREAM             1571167641.902472
 08 80 1A 48 D0 1B 00 00 00 00 00 00

001:005:000:STREAM             1571167641.906433
 08 80 1D 48 CA 1B 00 00 00 00 00 00

001:005:000:STREAM             1571167641.910491
 08 80 20 48 C4 1B 00 00 00 00 00 00

001:005:000:STREAM             1571167641.914461
 08 80 23 48 BD 1B 00 00 00 00 00 00

001:005:000:STREAM             1571167641.918461
 08 80 26 48 B5 1B 00 00 00 00 00 00

001:005:000:STREAM             1571167641.922465
 08 80 29 48 AC 1B 00 00 00 00 00 00

001:005:000:STREAM             1571167641.926435
 08 80 2B 48 A3 1B 00 00 00 00 00 00

001:005:000:STREAM             1571167641.930492
 08 80 2E 48 9A 1B 00 00 00 00 00 00

001:005:000:STREAM             1571167641.934468
 08 80 31 48 93 1B 00 00 00 00 00 00

001:005:000:STREAM             1571167641.938462
 08 80 33 48 8C 1B 00 00 00 00 00 00

001:005:000:STREAM             1571167641.942479
 08 80 35 48 86 1B 00 00 00 00 00 00

001:005:000:STREAM             1571167641.946461
 08 80 35 48 81 1B 00 00 00 00 00 00

001:005:000:STREAM             1571167641.950458
 08 80 34 48 7C 1B 00 00 00 00 00 00

001:005:000:STREAM             1571167641.954461
 08 80 31 48 79 1B 00 00 00 00 00 00

001:005:000:STREAM             1571167641.958445
 08 80 2E 48 78 1B 00 00 00 00 00 00

001:005:000:STREAM             1571167641.962472
 08 80 2A 48 77 1B 00 00 00 00 00 00

001:005:000:STREAM             1571167641.966461
 08 80 26 48 78 1B 00 00 00 00 00 00

001:005:000:STREAM             1571167641.970460
 08 80 22 48 7A 1B 00 00 00 00 00 00

001:005:000:STREAM             1571167641.974460
 08 80 1C 48 7C 1B 00 00 00 00 00 00

001:005:000:STREAM             1571167641.978446
 08 80 17 48 7E 1B 00 00 00 00 00 00

001:005:000:STREAM             1571167641.982429
 08 80 13 48 80 1B 00 00 00 00 00 00

001:005:000:STREAM             1571167641.986462
 08 80 0F 48 81 1B 00 00 00 00 00 00

001:005:000:STREAM             1571167641.990441
 08 80 0B 48 81 1B 00 00 00 00 00 00

001:005:000:STREAM             1571167641.994450
 08 80 07 48 82 1B 00 00 00 00 00 00

001:005:000:STREAM             1571167641.998466
 08 80 02 48 82 1B 00 00 00 00 00 00

001:005:000:STREAM             1571167642.002465
 08 80 FE 47 82 1B 00 00 00 00 00 00

001:005:000:STREAM             1571167642.006437
 08 80 FA 47 82 1B 00 00 00 00 00 00

001:005:000:STREAM             1571167642.008449
 08 80 F7 47 82 1B 00 00 00 00 00 00

001:005:000:STREAM             1571167642.012491
 08 80 F4 47 82 1B 00 00 00 00 00 00

001:005:000:STREAM             1571167642.016490
 08 80 EF 47 82 1B 00 00 00 00 00 00

001:005:000:STREAM             1571167642.020480
 08 80 EA 47 82 1B 00 00 00 00 00 00

001:005:000:STREAM             1571167642.024487
 08 80 E4 47 82 1B 00 00 00 00 00 00

001:005:000:STREAM             1571167642.028488
 08 80 DE 47 82 1B 00 00 00 00 00 00

001:005:000:STREAM             1571167642.032462
 08 80 D9 47 82 1B 00 00 00 00 00 00

001:005:000:STREAM             1571167642.036486
 08 80 D3 47 82 1B 00 00 00 00 00 00

001:005:000:STREAM             1571167642.040486
 08 80 CD 47 83 1B 00 00 00 00 00 00

001:005:000:STREAM             1571167642.044492
 08 80 C7 47 84 1B 00 00 00 00 00 00

001:005:000:STREAM             1571167642.048487
 08 80 C1 47 85 1B 00 00 00 00 00 00

001:005:000:STREAM             1571167642.052496
 08 80 BB 47 85 1B 00 00 00 00 00 00

001:005:000:STREAM             1571167642.056519
 08 80 B4 47 84 1B 00 00 00 00 00 00

001:005:000:STREAM             1571167642.060461
 08 80 AF 47 83 1B 00 00 00 00 00 00

001:005:000:STREAM             1571167642.064487
 08 80 AF 47 83 1B 00 00 00 00 00 00

001:005:000:STREAM             1571167642.068491
 08 80 AF 47 83 1B 00 00 00 00 00 00

001:005:000:STREAM             1571167642.072486
 08 80 AF 47 83 1B 00 00 00 00 00 00

001:005:000:STREAM             1571167642.076486
 08 80 AF 47 83 1B 00 00 00 00 00 00

001:005:000:STREAM             1571167642.080472
 08 80 AF 47 83 1B 00 00 00 00 00 00

001:005:000:STREAM             1571167642.084460
 08 80 AF 47 83 1B 00 00 00 00 00 00

001:005:000:STREAM             1571167642.088497
 08 80 AF 47 83 1B 00 00 00 00 00 00

001:005:000:STREAM             1571167642.092493
 08 80 AF 47 83 1B 00 00 00 00 00 00

001:005:000:STREAM             1571167642.096463
 08 80 AF 47 83 1B 00 00 00 00 00 00

001:005:000:STREAM             1571167642.100463
 08 80 AF 47 83 1B 00 00 00 00 00 00

001:005:000:STREAM             1571167642.104503
 08 80 AF 47 83 1B 00 00 00 00 00 00

001:005:000:STREAM             1571167642.108462
 08 80 AF 47 83 1B 00 00 00 00 00 00

001:005:000:STREAM             1571167642.112504
 08 80 AF 47 83 1B 00 00 00 00 00 00

001:005:000:STREAM             1571167642.116494
 08 80 AF 47 83 1B 00 00 00 00 00 00

001:005:000:STREAM             1571167642.120509
 08 80 AF 47 83 1B 00 00 00 00 00 00

001:005:000:STREAM             1571167642.124464
 08 80 AF 47 83 1B 00 00 00 00 00 00

001:005:000:STREAM             1571167642.128460
 08 80 AF 47 83 1B 00 00 00 00 00 00

001:005:000:STREAM             1571167642.132477
 08 80 AF 47 83 1B 00 00 00 00 00 00

001:005:000:STREAM             1571167642.136496
 08 80 AF 47 83 1B 00 00 00 00 00 00

001:005:000:STREAM             1571167642.140488
 08 80 AF 47 83 1B 00 00 00 00 00 00

001:005:000:STREAM             1571167642.144502
 08 80 AF 47 83 1B 00 00 00 00 00 00

001:005:000:STREAM             1571167642.148497
 08 80 AF 47 83 1B 00 00 00 00 00 00

001:005:000:STREAM             1571167642.152522
 08 80 AF 47 83 1B 00 00 00 00 00 00

001:005:000:STREAM             1571167642.156474
 08 80 AF 47 83 1B 00 00 00 00 00 00

001:005:000:STREAM             1571167642.160492
 08 80 AF 47 83 1B 00 00 00 00 00 00

001:005:000:STREAM             1571167642.164486
 08 80 B3 47 80 1B 00 00 00 00 00 00

001:005:000:STREAM             1571167642.168490
 08 80 B8 47 7B 1B 00 00 00 00 00 00

001:005:000:STREAM             1571167642.172487
 08 80 BE 47 77 1B 00 00 00 00 00 00

001:005:000:STREAM             1571167642.176476
 08 80 C4 47 73 1B 00 00 00 00 00 00

001:005:000:STREAM             1571167642.180549
 08 80 CB 47 70 1B 00 00 00 00 00 00

001:005:000:STREAM             1571167642.184515
 08 80 D2 47 6E 1B 00 00 00 00 00 00

001:005:000:STREAM             1571167642.188460
 08 80 D8 47 6C 1B 00 00 00 00 00 00

001:005:000:STREAM             1571167642.192490
 08 80 D8 47 6C 1B 00 00 00 00 00 00

001:005:000:STREAM             1571167642.196484
 08 80 D8 47 6C 1B 00 00 00 00 00 00

001:005:000:STREAM             1571167642.200483
 08 80 D8 47 6C 1B 00 00 00 00 00 00

001:005:000:STREAM             1571167642.202452
 08 80 D8 47 6C 1B 00 00 00 00 00 00

001:005:000:STREAM             1571167642.206426
 08 80 D8 47 6C 1B 00 00 00 00 00 00

001:005:000:STREAM             1571167642.210495
 08 80 D8 47 6C 1B 00 00 00 00 00 00

001:005:000:STREAM             1571167642.214462
 08 80 D8 47 6C 1B 00 00 00 00 00 00

001:005:000:STREAM             1571167642.218452
 08 80 D8 47 6C 1B 00 00 00 00 00 00

001:005:000:STREAM             1571167642.222454
 08 80 D8 47 6C 1B 00 00 00 00 00 00

001:005:000:STREAM             1571167642.226453
 08 80 D8 47 6C 1B 00 00 00 00 00 00

001:005:000:STREAM             1571167642.230440
 08 80 D8 47 6C 1B 00 00 00 00 00 00

001:005:000:STREAM             1571167642.234466
 08 80 D8 47 6C 1B 00 00 00 00 00 00

001:005:000:STREAM             1571167642.238445
 08 80 D6 47 67 1B 00 00 00 00 00 00

001:005:000:STREAM             1571167642.242476
 08 80 D4 47 63 1B 00 00 00 00 00 00

001:005:000:STREAM             1571167642.246457
 08 80 D4 47 63 1B 00 00 00 00 00 00

001:005:000:STREAM             1571167642.250455
 08 80 D2 47 5F 1B 00 00 00 00 00 00

001:005:000:STREAM             1571167642.254451
 08 80 D2 47 5F 1B 00 00 00 00 00 00

001:005:000:STREAM             1571167642.258450
 08 80 D2 47 5F 1B 00 00 00 00 00 00

001:005:000:STREAM             1571167642.262450
 08 80 CD 47 5D 1B 00 00 00 00 00 00

001:005:000:STREAM             1571167642.266456
 08 80 C3 47 5C 1B 00 00 00 00 00 00

001:005:000:STREAM             1571167642.270492
 08 80 BA 47 5B 1B 00 00 00 00 00 00

001:005:000:STREAM             1571167642.274462
 08 80 B1 47 59 1B 00 00 00 00 00 00

001:005:000:STREAM             1571167642.278450
 08 80 A8 47 56 1B 00 00 00 00 00 00

001:005:000:STREAM             1571167642.282436
 08 80 A6 47 52 1B 00 00 00 00 00 00

001:005:000:STREAM             1571167642.286450
 08 80 A4 47 4D 1B 00 00 00 00 00 00

001:005:000:STREAM             1571167642.290450
 08 80 A4 47 4D 1B 00 00 00 00 00 00

001:005:000:STREAM             1571167642.294449
 08 80 A3 47 46 1B 00 00 00 00 00 00

001:005:000:STREAM             1571167642.298449
 08 80 A2 47 3F 1B 00 00 00 00 00 00

001:005:000:STREAM             1571167642.302469
 08 80 A1 47 38 1B 00 00 00 00 00 00

001:005:000:STREAM             1571167642.306462
 08 80 9F 47 30 1B 00 00 00 00 00 00

001:005:000:STREAM             1571167642.310477
 08 80 9E 47 29 1B 00 00 00 00 00 00

001:005:000:STREAM             1571167642.314448
 08 80 9D 47 21 1B 00 00 00 00 00 00

001:005:000:STREAM             1571167642.318450
 08 80 9E 47 18 1B 00 00 00 00 00 00

001:005:000:STREAM             1571167642.322450
 08 80 9F 47 10 1B 00 00 00 00 00 00

001:005:000:STREAM             1571167642.326448
 08 80 A1 47 08 1B 00 00 00 00 00 00

001:005:000:STREAM             1571167642.330448
 08 80 A3 47 FF 1A 00 00 00 00 00 00

001:005:000:STREAM             1571167642.334432
 08 80 A5 47 F7 1A 00 00 00 00 00 00

001:005:000:STREAM             1571167642.338464
 08 80 A8 47 EF 1A 00 00 00 00 00 00

001:005:000:STREAM             1571167642.342454
 08 80 AB 47 E8 1A 00 00 00 00 00 00

001:005:000:STREAM             1571167642.346447
 08 80 AE 47 E2 1A 00 00 00 00 00 00

001:005:000:STREAM             1571167642.350456
 08 80 B1 47 DC 1A 00 00 00 00 00 00

001:005:000:STREAM             1571167642.354450
 08 80 B4 47 D7 1A 00 00 00 00 00 00

001:005:000:STREAM             1571167642.358458
 08 80 B4 47 D7 1A 00 00 00 00 00 00

001:005:000:STREAM             1571167642.362476
 08 80 B6 47 D3 1A 00 00 00 00 00 00

001:005:000:STREAM             1571167642.366479
 08 80 B6 47 D3 1A 00 00 00 00 00 00

001:005:000:STREAM             1571167642.370451
 08 80 B8 47 CF 1A 00 00 00 00 00 00

001:005:000:STREAM             1571167642.374428
 08 80 B8 47 CF 1A 00 00 00 00 00 00

001:005:000:STREAM             1571167642.378450
 08 80 BC 47 CC 1A 00 00 00 00 00 00

001:005:000:STREAM             1571167642.382457
 08 80 BC 47 CC 1A 00 00 00 00 00 00

001:005:000:STREAM             1571167642.386418
 08 80 BC 47 CC 1A 00 00 00 00 00 00

001:005:000:STREAM             1571167642.390477
 08 80 BC 47 CC 1A 00 00 00 00 00 00

001:005:000:STREAM             1571167642.394462
 08 80 BC 47 CC 1A 00 00 00 00 00 00

001:005:000:STREAM             1571167642.396473
 08 80 BC 47 CC 1A 00 00 00 00 00 00

001:005:000:STREAM             1571167642.400463
 08 80 BC 47 CC 1A 00 00 00 00 00 00

001:005:000:STREAM             1571167642.404463
 08 80 BC 47 CC 1A 00 00 00 00 00 00

001:005:000:STREAM             1571167642.408463
 08 80 BC 47 CC 1A 00 00 00 00 00 00

001:005:000:STREAM             1571167642.412454
 08 80 BC 47 CC 1A 00 00 00 00 00 00

001:005:000:STREAM             1571167642.416448
 08 80 BC 47 CC 1A 00 00 00 00 00 00

001:005:000:STREAM             1571167642.420480
 08 80 BC 47 CC 1A 00 00 00 00 00 00

001:005:000:STREAM             1571167642.424474
 08 80 BC 47 CC 1A 00 00 00 00 00 00

001:005:000:STREAM             1571167642.428494
 08 80 BC 47 CC 1A 00 00 00 00 00 00

001:005:000:STREAM             1571167642.432490
 08 80 BC 47 CC 1A 00 00 00 00 00 00

001:005:000:STREAM             1571167642.436476
 08 80 C2 47 CD 1A 00 00 00 00 00 00

001:005:000:STREAM             1571167642.440474
 08 80 C2 47 CD 1A 00 00 00 00 00 00

001:005:000:STREAM             1571167642.444481
 08 80 C8 47 CD 1A 00 00 00 00 00 00

001:005:000:STREAM             1571167642.448474
 08 80 CE 47 CD 1A 00 00 00 00 00 00

001:005:000:STREAM             1571167642.452452
 08 80 D3 47 CC 1A 00 00 00 00 00 00

001:005:000:STREAM             1571167642.456492
 08 80 D8 47 CC 1A 00 00 00 00 00 00

001:005:000:STREAM             1571167642.460454
 08 80 DD 47 CC 1A 00 00 00 00 00 00

001:005:000:STREAM             1571167642.464487
 08 80 E1 47 CC 1A 00 00 00 00 00 00

001:005:000:STREAM             1571167642.468473
 08 80 E5 47 CD 1A 00 00 00 00 00 00

001:005:000:STREAM             1571167642.472483
 08 80 E8 47 CE 1A 00 00 00 00 00 00

001:005:000:STREAM             1571167642.476476
 08 80 EA 47 D0 1A 00 00 00 00 00 00

001:005:000:STREAM             1571167642.480493
 08 80 EB 47 D3 1A 00 00 00 00 00 00

001:005:000:STREAM             1571167642.484463
 08 80 EC 47 D8 1A 00 00 00 00 00 00

001:005:000:STREAM             1571167642.488492
 08 80 EC 47 DD 1A 00 00 00 00 00 00

001:005:000:STREAM             1571167642.492479
 08 80 EC 47 E3 1A 00 00 00 00 00 00

001:005:000:STREAM             1571167642.496453
 08 80 EA 47 E9 1A 00 00 00 00 00 00

001:005:000:STREAM             1571167642.500453
 08 80 E7 47 EF 1A 00 00 00 00 00 00

001:005:000:STREAM             1571167642.504466
 08 80 E4 47 F6 1A 00 00 00 00 00 00

001:005:000:STREAM             1571167642.508452
 08 80 E2 47 FC 1A 00 00 00 00 00 00

001:005:000:STREAM             1571167642.512493
 08 80 E1 47 02 1B 00 00 00 00 00 00

001:005:000:STREAM             1571167642.516461
 08 80 E0 47 08 1B 00 00 00 00 00 00

001:005:000:STREAM             1571167642.520465
 08 80 E0 47 0E 1B 00 00 00 00 00 00

001:005:000:STREAM             1571167642.524483
 08 80 E0 47 13 1B 00 00 00 00 00 00

001:005:000:STREAM             1571167642.528470
 08 80 E0 47 18 1B 00 00 00 00 00 00

001:005:000:STREAM             1571167642.532464
 08 80 E0 47 1C 1B 00 00 00 00 00 00

001:005:000:STREAM             1571167642.536479
 08 80 E0 47 20 1B 00 00 00 00 00 00

001:005:000:STREAM             1571167642.540474
 08 80 E1 47 24 1B 00 00 00 00 00 00

001:005:000:STREAM             1571167642.544450
 08 80 E2 47 28 1B 00 00 00 00 00 00

001:005:000:STREAM             1571167642.548457
 08 80 E3 47 2B 1B 00 00 00 00 00 00

001:005:000:STREAM             1571167642.552485
 08 80 E4 47 2E 1B 00 00 00 00 00 00

001:005:000:STREAM             1571167642.556456
 08 80 E5 47 30 1B 00 00 00 00 00 00

001:005:000:STREAM             1571167642.560486
 08 80 E6 47 32 1B 00 00 00 00 00 00

001:005:000:STREAM             1571167642.564455
 08 80 E7 47 34 1B 00 00 00 00 00 00

001:005:000:STREAM             1571167642.568470
 08 80 E7 47 34 1B 00 00 00 00 00 00

001:005:000:STREAM             1571167642.584476
 08 84 E0 47 2F 1B 00 00 00 00 00 00

001:005:000:STREAM             1571167642.590462
 08 84 E6 47 2F 1B 00 00 00 00 00 00

001:005:000:STREAM             1571167642.596446
 08 84 EA 47 2E 1B 00 00 00 00 00 00

001:005:000:STREAM             1571167642.602449
 08 84 EE 47 2C 1B 00 00 00 00 00 00

001:005:000:STREAM             1571167642.606444
 08 84 F3 47 2A 1B 00 00 00 00 00 00

001:005:000:STREAM             1571167642.612460
 08 84 F8 47 25 1B 00 00 00 00 00 00

001:005:000:STREAM             1571167642.618454
 08 84 FE 47 22 1B 00 00 00 00 00 00

001:005:000:STREAM             1571167642.624433
 08 84 05 48 1F 1B 00 00 00 00 00 00

001:005:000:STREAM             1571167642.630443
 08 84 0D 48 1C 1B 00 00 00 00 00 00

001:005:000:STREAM             1571167642.636446
 08 84 16 48 1A 1B 00 00 00 00 00 00

001:005:000:STREAM             1571167642.640448
 08 84 20 48 17 1B 00 00 00 00 00 00

001:005:000:STREAM             1571167642.646450
 08 84 2B 48 13 1B 00 00 00 00 00 00

001:005:000:STREAM             1571167642.652444
 08 84 36 48 0F 1B 00 00 00 00 00 00

001:005:000:STREAM             1571167642.658438
 08 84 41 48 0B 1B 00 00 00 00 00 00

001:005:000:STREAM             1571167642.664441
 08 84 4C 48 06 1B 00 00 00 00 00 00

001:005:000:STREAM             1571167642.668408
 08 84 56 48 00 1B 00 00 00 00 00 00

001:005:000:STREAM             1571167642.674417
 08 84 5F 48 FA 1A 00 00 00 00 00 00

001:005:000:STREAM             1571167642.680463
 08 84 66 48 F4 1A 00 00 00 00 00 00

001:005:000:STREAM             1571167642.686426
 08 84 6B 48 EE 1A 00 00 00 00 00 00

001:005:000:STREAM             1571167642.692447
 08 84 6E 48 E9 1A 00 00 00 00 00 00

001:005:000:STREAM             1571167642.698441
 08 84 6E 48 E5 1A 00 00 00 00 00 00

001:005:000:STREAM             1571167642.702440
 08 84 6B 48 E2 1A 00 00 00 00 00 00

001:005:000:STREAM             1571167642.708460
 08 84 65 48 E0 1A 00 00 00 00 00 00

001:005:000:STREAM             1571167642.714409
 08 84 5D 48 DF 1A 00 00 00 00 00 00

001:005:000:STREAM             1571167642.720442
 08 84 52 48 DF 1A 00 00 00 00 00 00

001:005:000:STREAM             1571167642.726436
 08 84 46 48 DF 1A 00 00 00 00 00 00

001:005:000:STREAM             1571167642.730443
 08 84 39 48 DF 1A 00 00 00 00 00 00

001:005:000:STREAM             1571167642.736380
 08 84 2C 48 DF 1A 00 00 00 00 00 00

001:005:000:STREAM             1571167642.742421
 08 84 20 48 DF 1A 00 00 00 00 00 00

001:005:000:STREAM             1571167642.748409
 08 84 15 48 E0 1A 00 00 00 00 00 00

001:005:000:STREAM             1571167642.754413
 08 84 0C 48 E1 1A 00 00 00 00 00 00

001:005:000:STREAM             1571167642.760409
 08 84 05 48 E2 1A 00 00 00 00 00 00

001:005:000:STREAM             1571167642.764409
 08 84 FF 47 E3 1A 00 00 00 00 00 00

001:005:000:STREAM             1571167642.770424
 08 84 FA 47 E5 1A 00 00 00 00 00 00

001:005:000:STREAM             1571167642.776409
 08 84 F7 47 E6 1A 00 00 00 00 00 00

001:005:000:STREAM             1571167642.782408
 08 84 F5 47 E6 1A 00 00 00 00 00 00

001:005:000:STREAM             1571167642.788409
 08 84 F4 47 E5 1A 00 00 00 00 00 00

001:005:000:STREAM             1571167642.792407
 08 84 F3 47 E2 1A 00 00 00 00 00 00

001:005:000:STREAM             1571167642.798429
 08 84 F2 47 DE 1A 00 00 00 00 00 00

001:005:000:STREAM             1571167642.804483
 08 84 F2 47 DA 1A 00 00 00 00 00 00

001:005:000:STREAM             1571167642.810433
 08 84 F2 47 D5 1A 00 00 00 00 00 00

001:005:000:STREAM             1571167642.814402
 08 80 F2 47 D5 1A 00 00 00 00 00 00

001:005:000:STREAM             1571167642.830460
 08 80 1F 48 70 1A 00 00 00 00 00 00

001:005:000:STREAM             1571167642.834443
 08 80 1F 48 70 1A 00 00 00 00 00 00

001:005:000:STREAM             1571167642.838433
 08 80 1F 48 70 1A 00 00 00 00 00 00

001:005:000:STREAM             1571167642.842435
 08 80 1F 48 70 1A 00 00 00 00 00 00

001:005:000:STREAM             1571167642.846431
 08 80 1F 48 70 1A 00 00 00 00 00 00

001:005:000:STREAM             1571167642.850434
 08 80 22 48 69 1A 00 00 00 00 00 00

001:005:000:STREAM             1571167642.854431
 08 80 26 48 63 1A 00 00 00 00 00 00

001:005:000:STREAM             1571167642.858405
 08 80 29 48 5E 1A 00 00 00 00 00 00

001:005:000:STREAM             1571167642.860487
 08 80 29 48 5E 1A 00 00 00 00 00 00

001:005:000:STREAM             1571167642.864480
 08 80 29 48 5E 1A 00 00 00 00 00 00

001:005:000:STREAM             1571167642.868466
 08 80 29 48 5E 1A 00 00 00 00 00 00

001:005:000:STREAM             1571167642.872466
 08 80 29 48 5E 1A 00 00 00 00 00 00

001:005:000:STREAM             1571167642.876467
 08 80 29 48 5E 1A 00 00 00 00 00 00

001:005:000:STREAM             1571167642.880469
 08 80 29 48 5E 1A 00 00 00 00 00 00

001:005:000:STREAM             1571167642.884467
 08 80 29 48 5E 1A 00 00 00 00 00 00

001:005:000:STREAM             1571167642.888406
 08 80 29 48 5E 1A 00 00 00 00 00 00

001:005:000:STREAM             1571167642.892443
 08 80 29 48 5E 1A 00 00 00 00 00 00

001:005:000:STREAM             1571167642.896498
 08 80 29 48 5E 1A 00 00 00 00 00 00

001:005:000:STREAM             1571167642.900467
 08 80 29 48 5E 1A 00 00 00 00 00 00

001:005:000:STREAM             1571167642.904464
 08 80 29 48 5E 1A 00 00 00 00 00 00

001:005:000:STREAM             1571167642.908463
 08 80 29 48 5E 1A 00 00 00 00 00 00

001:005:000:STREAM             1571167642.912464
 08 80 29 48 5E 1A 00 00 00 00 00 00

001:005:000:STREAM             1571167642.916446
 08 80 29 48 5E 1A 00 00 00 00 00 00

001:005:000:STREAM             1571167642.920444
 08 80 29 48 5E 1A 00 00 00 00 00 00

001:005:000:STREAM             1571167642.924502
 08 80 29 48 5E 1A 00 00 00 00 00 00

001:005:000:STREAM             1571167642.928469
 08 80 29 48 5E 1A 00 00 00 00 00 00

001:005:000:STREAM             1571167642.932464
 08 80 29 48 5E 1A 00 00 00 00 00 00

001:005:000:STREAM             1571167642.936463
 08 80 29 48 5E 1A 00 00 00 00 00 00

001:005:000:STREAM             1571167642.940464
 08 80 2C 48 5A 1A 00 00 00 00 00 00

001:005:000:STREAM             1571167642.944461
 08 80 2C 48 5A 1A 00 00 00 00 00 00

001:005:000:STREAM             1571167642.948462
 08 80 2C 48 5A 1A 00 00 00 00 00 00

001:005:000:STREAM             1571167642.952408
 08 80 2E 48 55 1A 00 00 00 00 00 00

001:005:000:STREAM             1571167642.956458
 08 80 2E 48 55 1A 00 00 00 00 00 00

001:005:000:STREAM             1571167642.960403
 08 80 2E 48 55 1A 00 00 00 00 00 00

001:005:000:STREAM             1571167642.964367
 08 80 2E 48 55 1A 00 00 00 00 00 00

001:005:000:STREAM             1571167642.968349
 08 80 2E 48 55 1A 00 00 00 00 00 00

001:005:000:STREAM             1571167642.972402
 08 80 2E 48 55 1A 00 00 00 00 00 00

001:005:000:STREAM             1571167642.976407
 08 80 2E 48 55 1A 00 00 00 00 00 00

001:005:000:STREAM             1571167642.980474
 08 80 2E 48 55 1A 00 00 00 00 00 00

001:005:000:STREAM             1571167642.984449
 08 80 2E 48 55 1A 00 00 00 00 00 00

001:005:000:STREAM             1571167642.988375
 08 80 2E 48 55 1A 00 00 00 00 00 00

001:005:000:STREAM             1571167642.992454
 08 80 2E 48 55 1A 00 00 00 00 00 00

001:005:000:STREAM             1571167642.996379
 08 80 2E 48 55 1A 00 00 00 00 00 00

001:005:000:STREAM             1571167643.000397
 08 80 2E 48 55 1A 00 00 00 00 00 00

001:005:000:STREAM             1571167643.004408
 08 80 2E 48 55 1A 00 00 00 00 00 00

001:005:000:STREAM             1571167643.008399
 08 80 2E 48 55 1A 00 00 00 00 00 00

001:005:000:STREAM             1571167643.012398
 08 80 2E 48 55 1A 00 00 00 00 00 00

001:005:000:STREAM             1571167643.016443
 08 80 2E 48 55 1A 00 00 00 00 00 00

001:005:000:STREAM             1571167643.020387
 08 80 2E 48 55 1A 00 00 00 00 00 00

001:005:000:STREAM             1571167643.024376
 08 80 2E 48 55 1A 00 00 00 00 00 00

001:005:000:STREAM             1571167643.028376
 08 80 2E 48 55 1A 00 00 00 00 00 00

001:005:000:STREAM             1571167643.032367
 08 80 2E 48 55 1A 00 00 00 00 00 00

001:005:000:STREAM             1571167643.036368
 08 80 2E 48 55 1A 00 00 00 00 00 00

001:005:000:STREAM             1571167643.040368
 08 80 2E 48 55 1A 00 00 00 00 00 00

001:005:000:STREAM             1571167643.044376
 08 80 2E 48 55 1A 00 00 00 00 00 00

001:005:000:STREAM             1571167643.048398
 08 80 2E 48 55 1A 00 00 00 00 00 00

001:005:000:STREAM             1571167643.050397
 08 80 2E 48 55 1A 00 00 00 00 00 00

001:005:000:STREAM             1571167643.054399
 08 80 31 48 52 1A 00 00 00 00 00 00

001:005:000:STREAM             1571167643.058394
 08 80 31 48 52 1A 00 00 00 00 00 00

001:005:000:STREAM             1571167643.062377
 08 80 31 48 52 1A 00 00 00 00 00 00

001:005:000:STREAM             1571167643.066374
 08 80 31 48 52 1A 00 00 00 00 00 00

001:005:000:STREAM             1571167643.070377
 08 80 31 48 52 1A 00 00 00 00 00 00

001:005:000:STREAM             1571167643.074399
 08 80 31 48 52 1A 00 00 00 00 00 00

001:005:000:STREAM             1571167643.078411
 08 80 31 48 52 1A 00 00 00 00 00 00

001:005:000:STREAM             1571167643.082434
 08 80 31 48 52 1A 00 00 00 00 00 00

001:005:000:STREAM             1571167643.086431
 08 80 31 48 52 1A 00 00 00 00 00 00

001:005:000:STREAM             1571167643.090430
 08 80 31 48 52 1A 00 00 00 00 00 00

001:005:000:STREAM             1571167643.094429
 08 80 31 48 52 1A 00 00 00 00 00 00

001:005:000:STREAM             1571167643.098432
 08 80 31 48 52 1A 00 00 00 00 00 00

001:005:000:STREAM             1571167643.102423
 08 80 31 48 52 1A 00 00 00 00 00 00

001:005:000:STREAM             1571167643.106407
 08 80 31 48 52 1A 00 00 00 00 00 00

001:005:000:STREAM             1571167643.110414
 08 80 31 48 52 1A 00 00 00 00 00 00

001:005:000:STREAM             1571167643.114470
 08 80 31 48 52 1A 00 00 00 00 00 00

001:005:000:STREAM             1571167643.118424
 08 80 31 48 52 1A 00 00 00 00 00 00

001:005:000:STREAM             1571167643.122423
 08 80 31 48 52 1A 00 00 00 00 00 00

001:005:000:STREAM             1571167643.126438
 08 80 31 48 52 1A 00 00 00 00 00 00

001:005:000:STREAM             1571167643.130426
 08 80 31 48 52 1A 00 00 00 00 00 00

001:005:000:STREAM             1571167643.134422
 08 80 31 48 52 1A 00 00 00 00 00 00

001:005:000:STREAM             1571167643.138441
 08 80 31 48 52 1A 00 00 00 00 00 00

001:005:000:STREAM             1571167643.142460
 08 80 31 48 52 1A 00 00 00 00 00 00

001:005:000:STREAM             1571167643.146435
 08 80 31 48 52 1A 00 00 00 00 00 00

001:005:000:STREAM             1571167643.150422
 08 80 31 48 52 1A 00 00 00 00 00 00

001:005:000:STREAM             1571167643.154422
 08 80 31 48 52 1A 00 00 00 00 00 00

001:005:000:STREAM             1571167643.158425
 08 80 31 48 52 1A 00 00 00 00 00 00

001:005:000:STREAM             1571167643.162423
 08 80 31 48 52 1A 00 00 00 00 00 00

001:005:000:STREAM             1571167643.166422
 08 80 31 48 52 1A 00 00 00 00 00 00

001:005:000:STREAM             1571167643.170417
 08 80 32 48 57 1A 00 00 00 00 00 00

001:005:000:STREAM             1571167643.174438
 08 80 32 48 57 1A 00 00 00 00 00 00

001:005:000:STREAM             1571167643.178390
 08 80 32 48 57 1A 00 00 00 00 00 00

001:005:000:STREAM             1571167643.182422
 08 80 32 48 57 1A 00 00 00 00 00 00

001:005:000:STREAM             1571167643.186420
 08 80 32 48 57 1A 00 00 00 00 00 00

001:005:000:STREAM             1571167643.190423
 08 80 34 48 5B 1A 00 00 00 00 00 00

001:005:000:STREAM             1571167643.194438
 08 80 34 48 5B 1A 00 00 00 00 00 00

001:005:000:STREAM             1571167643.198420
 08 80 38 48 5D 1A 00 00 00 00 00 00

001:005:000:STREAM             1571167643.202419
 08 80 38 48 5D 1A 00 00 00 00 00 00

001:005:000:STREAM             1571167643.206431
 08 80 3D 48 5F 1A 00 00 00 00 00 00

001:005:000:STREAM             1571167643.210421
 08 80 43 48 61 1A 00 00 00 00 00 00

001:005:000:STREAM             1571167643.214419
 08 80 49 48 61 1A 00 00 00 00 00 00

001:005:000:STREAM             1571167643.218420
 08 80 50 48 61 1A 00 00 00 00 00 00

001:005:000:STREAM             1571167643.222419
 08 80 57 48 61 1A 00 00 00 00 00 00

001:005:000:STREAM             1571167643.226401
 08 80 5D 48 60 1A 00 00 00 00 00 00

001:005:000:STREAM             1571167643.230414
 08 80 63 48 60 1A 00 00 00 00 00 00

001:005:000:STREAM             1571167643.234371
 08 80 63 48 60 1A 00 00 00 00 00 00

001:005:000:STREAM             1571167643.238419
 08 80 69 48 61 1A 00 00 00 00 00 00

001:005:000:STREAM             1571167643.240497
 08 80 6E 48 64 1A 00 00 00 00 00 00

001:005:000:STREAM             1571167643.244363
 08 80 73 48 66 1A 00 00 00 00 00 00

001:005:000:STREAM             1571167643.248354
 08 80 73 48 66 1A 00 00 00 00 00 00

001:005:000:STREAM             1571167643.252391
 08 80 73 48 66 1A 00 00 00 00 00 00

001:005:000:STREAM             1571167643.256392
 08 80 73 48 66 1A 00 00 00 00 00 00

001:005:000:STREAM             1571167643.260392
 08 80 73 48 66 1A 00 00 00 00 00 00

001:005:000:STREAM             1571167643.264395
 08 80 79 48 67 1A 00 00 00 00 00 00

001:005:000:STREAM             1571167643.268434
 08 80 7F 48 67 1A 00 00 00 00 00 00

001:005:000:STREAM             1571167643.272344
 08 80 84 48 66 1A 00 00 00 00 00 00

001:005:000:STREAM             1571167643.276343
 08 80 84 48 66 1A 00 00 00 00 00 00

001:005:000:STREAM             1571167643.280454
 08 80 84 48 66 1A 00 00 00 00 00 00

001:005:000:STREAM             1571167643.284436
 08 80 89 48 63 1A 00 00 00 00 00 00

001:005:000:STREAM             1571167643.288442
 08 80 8D 48 5F 1A 00 00 00 00 00 00

001:005:000:STREAM             1571167643.292342
 08 80 90 48 5B 1A 00 00 00 00 00 00

001:005:000:STREAM             1571167643.296435
 08 80 90 48 5B 1A 00 00 00 00 00 00

001:005:000:STREAM             1571167643.300402
 08 80 90 48 5B 1A 00 00 00 00 00 00

001:005:000:STREAM             1571167643.304401
 08 80 94 48 57 1A 00 00 00 00 00 00

001:005:000:STREAM             1571167643.308394
 08 80 96 48 52 1A 00 00 00 00 00 00

001:005:000:STREAM             1571167643.312395
 08 80 96 48 52 1A 00 00 00 00 00 00

001:005:000:STREAM             1571167643.316368
 08 80 97 48 4D 1A 00 00 00 00 00 00

001:005:000:STREAM             1571167643.320405
 08 80 97 48 4D 1A 00 00 00 00 00 00

001:005:000:STREAM             1571167643.324348
 08 80 94 48 4A 1A 00 00 00 00 00 00

001:005:000:STREAM             1571167643.328472
 08 80 94 48 4A 1A 00 00 00 00 00 00

001:005:000:STREAM             1571167643.332451
 08 80 94 48 4A 1A 00 00 00 00 00 00

001:005:000:STREAM             1571167643.336458
 08 80 94 48 4A 1A 00 00 00 00 00 00

001:005:000:STREAM             1571167643.340450
 08 80 8F 48 49 1A 00 00 00 00 00 00

001:005:000:STREAM             1571167643.344387
 08 80 8F 48 49 1A 00 00 00 00 00 00

001:005:000:STREAM             1571167643.348454
 08 80 88 48 4E 1A 00 00 00 00 00 00

001:005:000:STREAM             1571167643.352450
 08 80 83 48 54 1A 00 00 00 00 00 00

001:005:000:STREAM             1571167643.356401
 08 80 7D 48 5D 1A 00 00 00 00 00 00

001:005:000:STREAM             1571167643.360400
 08 80 78 48 65 1A 00 00 00 00 00 00

001:005:000:STREAM             1571167643.364462
 08 80 74 48 69 1A 00 00 00 00 00 00

001:005:000:STREAM             1571167643.368449
 08 80 6F 48 6C 1A 00 00 00 00 00 00

001:005:000:STREAM             1571167643.372449
 08 80 6F 48 6C 1A 00 00 00 00 00 00

001:005:000:STREAM             1571167643.376392
 08 80 6F 48 6C 1A 00 00 00 00 00 00

001:005:000:STREAM             1571167643.380388
 08 80 6F 48 6C 1A 00 00 00 00 00 00

001:005:000:STREAM             1571167643.384386
 08 80 6F 48 6C 1A 00 00 00 00 00 00

001:005:000:STREAM             1571167643.388403
 08 80 6F 48 6C 1A 00 00 00 00 00 00

001:005:000:STREAM             1571167643.392402
 08 80 6F 48 6C 1A 00 00 00 00 00 00

001:005:000:STREAM             1571167643.396461
 08 80 6F 48 6C 1A 00 00 00 00 00 00

001:005:000:STREAM             1571167643.400471
 08 80 6F 48 6C 1A 00 00 00 00 00 00

001:005:000:STREAM             1571167643.404444
 08 80 6F 48 6C 1A 00 00 00 00 00 00

001:005:000:STREAM             1571167643.408447
 08 80 79 48 65 1A 00 00 00 00 00 00

001:005:000:STREAM             1571167643.412443
 08 80 84 48 5D 1A 00 00 00 00 00 00

001:005:000:STREAM             1571167643.416460
 08 80 8F 48 54 1A 00 00 00 00 00 00

001:005:000:STREAM             1571167643.420495
 08 80 99 48 4B 1A 00 00 00 00 00 00

001:005:000:STREAM             1571167643.424395
 08 80 A5 48 43 1A 00 00 00 00 00 00

001:005:000:STREAM             1571167643.428450
 08 80 B1 48 3C 1A 00 00 00 00 00 00

001:005:000:STREAM             1571167643.432450
 08 80 BC 48 35 1A 00 00 00 00 00 00

001:005:000:STREAM             1571167643.434413
 08 80 C8 48 2F 1A 00 00 00 00 00 00

001:005:000:STREAM             1571167643.438413
 08 80 D3 48 29 1A 00 00 00 00 00 00

001:005:000:STREAM             1571167643.442372
 08 80 D3 48 29 1A 00 00 00 00 00 00

001:005:000:STREAM             1571167643.446387
 08 80 D3 48 29 1A 00 00 00 00 00 00

001:005:000:STREAM             1571167643.450407
 08 80 DF 48 22 1A 00 00 00 00 00 00

001:005:000:STREAM             1571167643.454398
 08 80 EA 48 19 1A 00 00 00 00 00 00

001:005:000:STREAM             1571167643.458386
 08 80 F4 48 0D 1A 00 00 00 00 00 00

001:005:000:STREAM             1571167643.462386
 08 80 FF 48 02 1A 00 00 00 00 00 00

001:005:000:STREAM             1571167643.466385
 08 80 09 49 F5 19 00 00 00 00 00 00

001:005:000:STREAM             1571167643.470387
 08 80 13 49 E8 19 00 00 00 00 00 00

001:005:000:STREAM             1571167643.474386
 08 80 1C 49 D9 19 00 00 00 00 00 00

001:005:000:STREAM             1571167643.478361
 08 80 21 49 C7 19 00 00 00 00 00 00

001:005:000:STREAM             1571167643.482444
 08 80 21 49 C7 19 00 00 00 00 00 00

