002:003:000:STREAM             1559669742.538684
 06 00 05 00 00 00 00 00

002:003:000:STREAM             1559669742.658710
 06 00 00 00 00 00 00 00

002:003:000:STREAM             1559669743.370640
 06 00 08 00 00 00 00 00

002:003:000:STREAM             1559669743.470633
 06 00 00 00 00 00 00 00

002:003:000:STREAM             1559669744.314593
 06 04 00 00 00 00 00 00

002:003:000:STREAM             1559669744.434599
 06 00 00 00 00 00 00 00

002:003:000:STREAM             1559669745.174549
 06 00 2C 00 00 00 00 00

002:003:000:STREAM             1559669745.190542
 06 00 00 00 00 00 00 00

002:003:000:STREAM             1559669746.602484
 06 00 19 00 00 00 00 00

002:003:000:STREAM             1559669746.706509
 06 00 00 00 00 00 00 00

002:003:000:STREAM             1559669747.402449
 06 01 16 00 00 00 00 00

002:003:000:STREAM             1559669747.466422
 06 00 00 00 00 00 00 00

002:003:000:STREAM             1559669748.486401
 06 01 1D 00 00 00 00 00

002:003:000:STREAM             1559669748.606393
 06 00 00 00 00 00 00 00

002:003:000:STREAM             1559669749.430384
 06 05 11 00 00 00 00 00

002:003:000:STREAM             1559669749.514379
 06 00 00 00 00 00 00 00

