002:003:000:STREAM             1559669780.108897
 06 01 57 00 00 00 00 00

002:003:000:STREAM             1559669780.112896
 06 00 00 00 00 00 00 00

002:003:000:STREAM             1559669780.180924
 06 01 57 00 00 00 00 00

002:003:000:STREAM             1559669780.184899
 06 00 00 00 00 00 00 00

002:003:000:STREAM             1559669780.364875
 06 01 57 00 00 00 00 00

002:003:000:STREAM             1559669780.368891
 06 00 00 00 00 00 00 00

002:003:000:STREAM             1559669780.504893
 06 01 57 00 00 00 00 00

002:003:000:STREAM             1559669780.508891
 06 00 00 00 00 00 00 00

002:003:000:STREAM             1559669780.624850
 06 01 57 00 00 00 00 00

002:003:000:STREAM             1559669780.628872
 06 00 00 00 00 00 00 00

002:003:000:STREAM             1559669780.740857
 06 01 57 00 00 00 00 00

002:003:000:STREAM             1559669780.744881
 06 00 00 00 00 00 00 00

002:003:000:STREAM             1559669780.916900
 06 01 57 00 00 00 00 00

002:003:000:STREAM             1559669780.920897
 06 00 00 00 00 00 00 00

