002:003:000:STREAM             1559669763.937660
 06 01 56 00 00 00 00 00

002:003:000:STREAM             1559669763.941705
 06 00 00 00 00 00 00 00

002:003:000:STREAM             1559669766.821545
 06 01 56 00 00 00 00 00

002:003:000:STREAM             1559669766.825551
 06 00 00 00 00 00 00 00

002:003:000:STREAM             1559669766.925537
 06 01 56 00 00 00 00 00

002:003:000:STREAM             1559669766.929528
 06 00 00 00 00 00 00 00

002:003:000:STREAM             1559669767.037546
 06 01 56 00 00 00 00 00

002:003:000:STREAM             1559669767.041501
 06 00 00 00 00 00 00 00

002:003:000:STREAM             1559669767.209509
 06 01 56 00 00 00 00 00

002:003:000:STREAM             1559669767.213510
 06 00 00 00 00 00 00 00

002:003:000:STREAM             1559669767.341516
 06 01 56 00 00 00 00 00

002:003:000:STREAM             1559669767.345493
 06 00 00 00 00 00 00 00

