drag top to bottom start
08 f0 01 01 00 01 00 00 00 00 1b e8
08 f0 01 01 00 02 00 00 00 00 1b e8
08 f0 01 01 00 03 00 00 00 00 1b e8
08 f0 01 01 00 04 00 00 00 00 1b e8
08 f0 01 01 00 05 00 00 00 00 1b e8
08 f0 01 01 00 06 00 00 00 00 1b e8
08 f0 01 01 00 07 00 00 00 00 1b e8
08 f0 01 01 00 08 00 00 00 00 1b e8
08 f0 01 01 00 00 00 00 00 00 1b e8

drag bottom to top start
08 f0 01 01 00 08 00 00 00 00 1b e8
08 f0 01 01 00 07 00 00 00 00 1b e8
08 f0 01 01 00 06 00 00 00 00 1b e8
08 f0 01 01 00 05 00 00 00 00 1b e8
08 f0 01 01 00 04 00 00 00 00 1b e8
08 f0 01 01 00 03 00 00 00 00 1b e8
08 f0 01 01 00 02 00 00 00 00 1b e8
08 f0 01 01 00 01 00 00 00 00 1b e8
08 f0 01 01 00 00 00 00 00 00 1b e8
