Starting dumping interrupt transfer stream
with 1 minute timeout.

006:002:000:STREAM             1330032608.309376
 10 11 29 23 A3 13 15 01

006:002:000:STREAM             1330032608.317356
 10 11 27 23 A2 13 22 01

006:002:000:STREAM             1330032608.325350
 10 11 24 23 A3 13 2F 01

006:002:000:STREAM             1330032608.331338
 10 11 20 23 A6 13 31 01

006:002:000:STREAM             1330032608.339365
 10 11 1C 23 AA 13 37 01

006:002:000:STREAM             1330032608.347341
 10 11 18 23 AE 13 3B 01

006:002:000:STREAM             1330032608.355341
 10 11 13 23 BA 13 40 01

006:002:000:STREAM             1330032608.363343
 10 11 0D 23 CD 13 4B 01

006:002:000:STREAM             1330032608.371361
 10 11 07 23 EA 13 51 01

006:002:000:STREAM             1330032608.379340
 10 11 01 23 13 14 52 01

006:002:000:STREAM             1330032608.387338
 10 11 FC 22 46 14 4F 01

006:002:000:STREAM             1330032608.395340
 10 11 F7 22 86 14 58 01

006:002:000:STREAM             1330032608.403361
 10 11 F3 22 CB 14 55 01

006:002:000:STREAM             1330032608.411338
 10 11 EF 22 25 15 57 01

006:002:000:STREAM             1330032608.419361
 10 11 EC 22 86 15 57 01

006:002:000:STREAM             1330032608.425340
 10 11 E9 22 E5 15 5A 01

006:002:000:STREAM             1330032608.433369
 10 11 E7 22 53 16 54 01

006:002:000:STREAM             1330032608.441343
 10 11 E5 22 C9 16 59 01

006:002:000:STREAM             1330032608.449342
 10 11 E3 22 3A 17 57 01

006:002:000:STREAM             1330032608.457342
 10 11 E1 22 97 17 5D 01

006:002:000:STREAM             1330032608.465434
 10 11 DF 22 D9 17 61 01

006:002:000:STREAM             1330032608.519363
 10 11 DE 22 55 18 84 01

006:002:000:STREAM             1330032608.527368
 10 11 DD 22 56 19 88 01

006:002:000:STREAM             1330032608.533399
 10 11 DC 22 9D 1A 97 01

006:002:000:STREAM             1330032608.541344
 10 11 DC 22 A0 1B 99 01

006:002:000:STREAM             1330032608.549347
 10 11 DC 22 ED 1B 9D 01

006:002:000:STREAM             1330032608.557361
 10 11 DC 22 61 1B A0 01

006:002:000:STREAM             1330032608.565339
 10 11 DD 22 57 1A A0 01

006:002:000:STREAM             1330032608.641361
 10 11 E2 22 02 19 BF 01

006:002:000:STREAM             1330032608.671370
 10 11 EA 22 B4 17 CF 01

006:002:000:STREAM             1330032608.679347
 10 11 F3 22 92 16 D7 01

006:002:000:STREAM             1330032608.805364
 02 F3 22 92 16 00 00 00

006:002:000:STREAM             1330032610.007354
 10 10 87 20 85 13 00 00

006:002:000:STREAM             1330032610.015363
 10 10 87 20 88 13 00 00

006:002:000:STREAM             1330032610.023355
 10 10 86 20 8F 13 00 00

006:002:000:STREAM             1330032610.029339
 10 11 79 20 CA 13 24 00

006:002:000:STREAM             1330032610.037372
 10 11 78 20 C9 13 35 00

006:002:000:STREAM             1330032610.045347
 10 11 77 20 C8 13 55 00

006:002:000:STREAM             1330032610.053340
 10 11 76 20 C9 13 70 00

006:002:000:STREAM             1330032610.061342
 10 11 75 20 C9 13 83 00

006:002:000:STREAM             1330032610.069363
 10 11 75 20 CB 13 8C 00

006:002:000:STREAM             1330032610.077338
 10 11 75 20 CE 13 89 00

006:002:000:STREAM             1330032610.085350
 10 11 76 20 D0 13 90 00

006:002:000:STREAM             1330032610.093346
 10 11 75 20 D3 13 8E 00

006:002:000:STREAM             1330032610.101369
 10 11 75 20 D7 13 95 00

006:002:000:STREAM             1330032610.107342
 10 11 76 20 DA 13 9F 00

006:002:000:STREAM             1330032610.115377
 10 11 76 20 DD 13 B2 00

006:002:000:STREAM             1330032610.123341
 10 11 77 20 DE 13 BF 00

006:002:000:STREAM             1330032610.131367
 10 11 78 20 E0 13 D7 00

006:002:000:STREAM             1330032610.139345
 10 11 79 20 E0 13 E7 00

006:002:000:STREAM             1330032610.147350
 10 11 79 20 DF 13 FA 00

006:002:000:STREAM             1330032610.155339
 10 11 7A 20 DE 13 0B 01

006:002:000:STREAM             1330032610.163367
 10 11 7B 20 DF 13 0F 01

006:002:000:STREAM             1330032610.171341
 10 11 7C 20 DF 13 1C 01

006:002:000:STREAM             1330032610.179341
 10 11 7E 20 DF 13 38 01

006:002:000:STREAM             1330032610.187341
 10 11 82 20 E2 13 3F 01

006:002:000:STREAM             1330032610.195371
 10 11 88 20 E3 13 4D 01

006:002:000:STREAM             1330032610.201341
 10 11 91 20 E8 13 57 01

006:002:000:STREAM             1330032610.209339
 10 11 9D 20 ED 13 5E 01

006:002:000:STREAM             1330032610.217367
 10 11 AD 20 F4 13 5F 01

006:002:000:STREAM             1330032610.225365
 10 11 C1 20 F9 13 64 01

006:002:000:STREAM             1330032610.233344
 10 11 DA 20 02 14 5F 01

006:002:000:STREAM             1330032610.241339
 10 11 F7 20 0E 14 5F 01

006:002:000:STREAM             1330032610.249344
 10 11 19 21 1C 14 61 01

006:002:000:STREAM             1330032610.257363
 10 11 40 21 2C 14 63 01

006:002:000:STREAM             1330032610.265338
 10 11 6F 21 3D 14 61 01

006:002:000:STREAM             1330032610.273349
 10 11 A6 21 52 14 63 01

006:002:000:STREAM             1330032610.281342
 10 11 E5 21 67 14 61 01

006:002:000:STREAM             1330032610.289365
 10 11 29 22 7F 14 64 01

006:002:000:STREAM             1330032610.297343
 10 11 72 22 99 14 63 01

006:002:000:STREAM             1330032610.305340
 10 11 C2 22 B3 14 62 01

006:002:000:STREAM             1330032610.311337
 10 11 1A 23 CC 14 5D 01

006:002:000:STREAM             1330032610.319370
 10 11 79 23 E4 14 63 01

006:002:000:STREAM             1330032610.327341
 10 11 DE 23 FB 14 5F 01

006:002:000:STREAM             1330032610.335339
 10 11 47 24 0F 15 63 01

006:002:000:STREAM             1330032610.343346
 10 11 B9 24 24 15 65 01

006:002:000:STREAM             1330032610.351368
 10 11 33 25 33 15 61 01

006:002:000:STREAM             1330032610.359343
 10 11 B0 25 3F 15 61 01

006:002:000:STREAM             1330032610.367339
 10 11 34 26 49 15 63 01

006:002:000:STREAM             1330032610.375339
 10 11 C0 26 49 15 5F 01

006:002:000:STREAM             1330032610.383356
 10 11 4F 27 44 15 61 01

006:002:000:STREAM             1330032610.391341
 10 11 E4 27 3B 15 65 01

006:002:000:STREAM             1330032610.399337
 10 11 81 28 2D 15 63 01

006:002:000:STREAM             1330032610.405344
 10 11 22 29 1C 15 5F 01

006:002:000:STREAM             1330032610.413373
 10 11 CA 29 08 15 69 01

006:002:000:STREAM             1330032610.421341
 10 11 79 2A F7 14 6F 01

006:002:000:STREAM             1330032610.429339
 10 11 2E 2B E9 14 71 01

006:002:000:STREAM             1330032610.437352
 10 11 EA 2B E0 14 75 01

006:002:000:STREAM             1330032610.445359
 10 11 A9 2C DA 14 7E 01

006:002:000:STREAM             1330032610.453341
 10 11 6D 2D CF 14 8B 01

006:002:000:STREAM             1330032610.461341
 10 11 37 2E C8 14 97 01

006:002:000:STREAM             1330032610.469914
 10 11 06 2F BE 14 9C 01

006:002:000:STREAM             1330032610.477357
 10 11 DC 2F B3 14 9F 01

006:002:000:STREAM             1330032610.485377
 10 11 B6 30 A8 14 A0 01

006:002:000:STREAM             1330032610.491364
 10 11 96 31 9D 14 A6 01

006:002:000:STREAM             1330032610.500081
 10 11 76 32 8F 14 A3 01

006:002:000:STREAM             1330032610.507375
 10 11 59 33 7D 14 A9 01

006:002:000:STREAM             1330032610.515369
 10 11 3E 34 68 14 AA 01

006:002:000:STREAM             1330032610.523341
 10 11 25 35 4F 14 AC 01

006:002:000:STREAM             1330032610.531721
 10 11 0E 36 35 14 B3 01

006:002:000:STREAM             1330032610.539345
 10 11 F9 36 19 14 B9 01

006:002:000:STREAM             1330032610.547350
 10 11 E6 37 FC 13 B7 01

006:002:000:STREAM             1330032610.555340
 10 11 D4 38 DE 13 C0 01

006:002:000:STREAM             1330032610.563367
 10 11 C4 39 C3 13 BC 01

006:002:000:STREAM             1330032610.571354
 10 11 B5 3A A9 13 C5 01

006:002:000:STREAM             1330032610.577354
 10 11 A7 3B 90 13 C7 01

006:002:000:STREAM             1330032610.585340
 10 11 99 3C 78 13 C6 01

006:002:000:STREAM             1330032610.593367
 10 11 8C 3D 62 13 C5 01

006:002:000:STREAM             1330032610.601342
 10 11 7E 3E 4E 13 C8 01

006:002:000:STREAM             1330032610.609351
 10 11 73 3F 3D 13 CD 01

006:002:000:STREAM             1330032610.669361
 02 00 46 3D 13 00 00 00

006:002:000:STREAM             1330032611.651366
 10 10 BB 24 23 14 00 00

006:002:000:STREAM             1330032611.659340
 10 10 BA 24 32 14 00 00

006:002:000:STREAM             1330032611.667357
 10 11 9C 24 ED 14 06 00

006:002:000:STREAM             1330032611.675342
 10 11 98 24 F5 14 61 00

006:002:000:STREAM             1330032611.681364
 10 11 92 24 FE 14 91 00

006:002:000:STREAM             1330032611.689347
 10 11 8B 24 06 15 BD 00

006:002:000:STREAM             1330032611.697342
 10 11 84 24 0D 15 D8 00

006:002:000:STREAM             1330032611.705339
 10 11 7D 24 16 15 E0 00

006:002:000:STREAM             1330032611.713357
 10 11 78 24 20 15 E2 00

006:002:000:STREAM             1330032611.721364
 10 11 75 24 28 15 F4 00

006:002:000:STREAM             1330032611.729340
 10 11 75 24 23 15 F6 00

006:002:000:STREAM             1330032611.737340
 10 11 78 24 10 15 F9 00

006:002:000:STREAM             1330032611.745917
 10 11 7E 24 F1 14 F7 00

006:002:000:STREAM             1330032611.753343
 10 11 86 24 C7 14 01 01

006:002:000:STREAM             1330032611.761350
 10 11 91 24 99 14 FC 00

006:002:000:STREAM             1330032611.769342
 10 11 9D 24 68 14 01 01

006:002:000:STREAM             1330032611.775355
 10 11 AA 24 37 14 FA 00

006:002:000:STREAM             1330032611.783353
 10 11 B8 24 06 14 01 01

006:002:000:STREAM             1330032611.791341
 10 11 C7 24 D6 13 05 01

006:002:000:STREAM             1330032611.799340
 10 11 D7 24 A9 13 0B 01

006:002:000:STREAM             1330032611.807365
 10 11 E8 24 7F 13 1A 01

006:002:000:STREAM             1330032611.815371
 10 11 F9 24 57 13 3A 01

006:002:000:STREAM             1330032611.823342
 10 11 0A 25 31 13 47 01

006:002:000:STREAM             1330032611.859361
 02 0A 25 31 13 00 00 00

006:002:000:STREAM             1330032613.045362
 10 10 94 23 00 13 00 00

006:002:000:STREAM             1330032613.053345
 10 10 96 23 01 13 00 00

006:002:000:STREAM             1330032613.061355
 10 10 9A 23 06 13 00 00

006:002:000:STREAM             1330032613.069349
 10 10 A2 23 0D 13 00 00

006:002:000:STREAM             1330032613.075374
 10 10 AC 23 18 13 00 00

006:002:000:STREAM             1330032613.083341
 10 10 B8 23 27 13 00 00

006:002:000:STREAM             1330032613.091351
 10 10 C9 23 38 13 00 00

006:002:000:STREAM             1330032613.099342
 10 10 DC 23 4B 13 00 00

006:002:000:STREAM             1330032613.107918
 10 10 F0 23 63 13 00 00

006:002:000:STREAM             1330032613.115357
 10 10 03 24 7D 13 00 00

006:002:000:STREAM             1330032613.123343
 10 10 15 24 9B 13 00 00

006:002:000:STREAM             1330032613.131339
 10 10 24 24 B9 13 00 00

006:002:000:STREAM             1330032613.139367
 10 10 2F 24 D9 13 00 00

006:002:000:STREAM             1330032613.147341
 10 10 37 24 F5 13 00 00

006:002:000:STREAM             1330032613.153347
 10 11 4B 24 7D 14 1B 00

006:002:000:STREAM             1330032613.161340
 10 11 4A 24 7D 14 46 00

006:002:000:STREAM             1330032613.170428
 10 11 4A 24 7F 14 6F 00

006:002:000:STREAM             1330032613.177342
 10 11 4A 24 82 14 88 00

006:002:000:STREAM             1330032613.185345
 10 11 4A 24 83 14 90 00

006:002:000:STREAM             1330032613.193339
 10 11 4A 24 87 14 A7 00

006:002:000:STREAM             1330032613.201360
 10 11 4A 24 87 14 C1 00

006:002:000:STREAM             1330032613.209343
 10 11 4A 24 86 14 E6 00

006:002:000:STREAM             1330032613.217359
 10 11 49 24 85 14 02 01

006:002:000:STREAM             1330032613.225344
 10 11 48 24 84 14 1D 01

006:002:000:STREAM             1330032613.232353
 10 11 47 24 86 14 23 01

006:002:000:STREAM             1330032613.239347
 10 11 44 24 86 14 27 01

006:002:000:STREAM             1330032613.247341
 10 11 3F 24 86 14 2B 01

006:002:000:STREAM             1330032613.255348
 10 11 37 24 88 14 3C 01

006:002:000:STREAM             1330032613.263367
 10 11 2B 24 8B 14 4A 01

006:002:000:STREAM             1330032613.271341
 10 11 1D 24 8D 14 4C 01

006:002:000:STREAM             1330032613.279350
 10 11 0D 24 8F 14 59 01

006:002:000:STREAM             1330032613.287372
 10 11 FA 23 90 14 68 01

006:002:000:STREAM             1330032613.295386
 10 11 E5 23 90 14 7D 01

006:002:000:STREAM             1330032613.303342
 10 11 CD 23 90 14 9E 01

006:002:000:STREAM             1330032613.311334
 10 11 B3 23 92 14 D5 01

006:002:000:STREAM             1330032613.319357
 10 11 96 23 95 14 DD 01

006:002:000:STREAM             1330032613.325364
 10 11 74 23 9C 14 E9 01

006:002:000:STREAM             1330032613.333341
 10 11 4E 23 9E 14 EF 01

006:002:000:STREAM             1330032613.341342
 10 11 23 23 A0 14 EF 01

006:002:000:STREAM             1330032613.349330
 10 11 F2 22 A4 14 F9 01

006:002:000:STREAM             1330032613.357372
 10 11 BA 22 A6 14 FD 01

006:002:000:STREAM             1330032613.365342
 10 11 7F 22 A8 14 02 02

006:002:000:STREAM             1330032613.373342
 10 11 40 22 A7 14 03 02

006:002:000:STREAM             1330032613.381341
 10 11 FC 21 A7 14 0D 02

006:002:000:STREAM             1330032613.389367
 10 11 B2 21 A1 14 13 02

006:002:000:STREAM             1330032613.397342
 10 11 5F 21 9C 14 10 02

006:002:000:STREAM             1330032613.405348
 10 11 07 21 94 14 17 02

006:002:000:STREAM             1330032613.413364
 10 11 AA 20 8D 14 1C 02

006:002:000:STREAM             1330032613.421359
 10 11 47 20 83 14 2D 02

006:002:000:STREAM             1330032613.429343
 10 11 DC 1F 79 14 2E 02

006:002:000:STREAM             1330032613.435345
 10 11 6A 1F 71 14 39 02

006:002:000:STREAM             1330032613.443341
 10 11 F4 1E 68 14 3F 02

006:002:000:STREAM             1330032613.451369
 10 11 77 1E 5C 14 39 02

006:002:000:STREAM             1330032613.459341
 10 11 F1 1D 50 14 3D 02

006:002:000:STREAM             1330032613.467342
 10 11 66 1D 42 14 40 02

006:002:000:STREAM             1330032613.475339
 10 11 D5 1C 33 14 3C 02

006:002:000:STREAM             1330032613.483363
 10 11 3C 1C 22 14 45 02

006:002:000:STREAM             1330032613.491345
 10 11 9F 1B 0E 14 41 02

006:002:000:STREAM             1330032613.499339
 10 11 FB 1A F9 13 41 02

006:002:000:STREAM             1330032613.507904
 10 11 51 1A E6 13 42 02

006:002:000:STREAM             1330032613.515361
 10 11 A5 19 D4 13 49 02

006:002:000:STREAM             1330032613.523343
 10 11 F4 18 C1 13 49 02

006:002:000:STREAM             1330032613.531341
 10 11 3D 18 B0 13 47 02

006:002:000:STREAM             1330032613.539367
 10 11 81 17 A2 13 43 02

006:002:000:STREAM             1330032613.547342
 10 11 BE 16 97 13 45 02

006:002:000:STREAM             1330032613.555345
 10 11 F9 15 8D 13 45 02

006:002:000:STREAM             1330032613.561340
 10 11 2D 15 83 13 46 02

006:002:000:STREAM             1330032613.569359
 10 11 60 14 78 13 43 02

006:002:000:STREAM             1330032613.577361
 10 11 8D 13 6D 13 45 02

006:002:000:STREAM             1330032613.585342
 10 11 B5 12 62 13 46 02

006:002:000:STREAM             1330032613.593343
 10 11 D9 11 56 13 4A 02

006:002:000:STREAM             1330032613.601366
 10 11 F8 10 4A 13 48 02

006:002:000:STREAM             1330032613.609341
 10 11 13 10 3E 13 43 02

006:002:000:STREAM             1330032613.617383
 10 11 27 0F 32 13 4C 02

006:002:000:STREAM             1330032613.625343
 10 11 37 0E 25 13 49 02

006:002:000:STREAM             1330032613.633368
 10 11 40 0D 17 13 45 02

006:002:000:STREAM             1330032613.641341
 10 11 43 0C 08 13 48 02

006:002:000:STREAM             1330032613.649341
 10 11 42 0B F8 12 4C 02

006:002:000:STREAM             1330032613.657345
 10 11 3D 0A E8 12 4A 02

006:002:000:STREAM             1330032613.665375
 10 11 34 09 D9 12 47 02

006:002:000:STREAM             1330032613.673341
 10 11 27 08 CB 12 49 02

006:002:000:STREAM             1330032613.679346
 10 11 1A 07 BD 12 46 02

006:002:000:STREAM             1330032613.687341
 10 11 05 06 B1 12 4E 02

006:002:000:STREAM             1330032613.793362
 02 00 00 B1 12 00 00 00

006:002:000:STREAM             1330032616.197359
 10 11 6E 24 39 0F 21 00

006:002:000:STREAM             1330032616.205344
 10 11 6D 24 4D 0F 21 01

006:002:000:STREAM             1330032616.213370
 10 11 6C 24 6D 0F 74 01

006:002:000:STREAM             1330032616.221342
 10 11 69 24 90 0F B5 01

006:002:000:STREAM             1330032616.229408
 10 11 66 24 B0 0F D3 01

006:002:000:STREAM             1330032616.237367
 10 11 63 24 D0 0F E1 01

006:002:000:STREAM             1330032616.243341
 10 11 61 24 E9 0F FE 01

006:002:000:STREAM             1330032616.251344
 10 11 5F 24 FA 0F 1D 02

006:002:000:STREAM             1330032616.259348
 10 11 5E 24 08 10 29 02

006:002:000:STREAM             1330032616.267374
 10 11 5D 24 16 10 2A 02

006:002:000:STREAM             1330032616.275345
 10 11 5D 24 22 10 24 02

006:002:000:STREAM             1330032616.283341
 10 11 5D 24 2C 10 17 02

006:002:000:STREAM             1330032616.291340
 10 11 5D 24 32 10 11 02

006:002:000:STREAM             1330032616.299359
 10 11 5E 24 3B 10 0D 02

006:002:000:STREAM             1330032616.307352
 10 11 5E 24 41 10 FC 01

006:002:000:STREAM             1330032616.315375
 10 11 5F 24 45 10 F4 01

006:002:000:STREAM             1330032616.323343
 10 11 60 24 47 10 EE 01

006:002:000:STREAM             1330032616.331372
 10 11 60 24 47 10 ED 01

006:002:000:STREAM             1330032616.339341
 10 11 5F 24 4B 10 F9 01

006:002:000:STREAM             1330032616.347343
 10 11 5F 24 53 10 11 02

006:002:000:STREAM             1330032616.353339
 10 11 5F 24 56 10 28 02

006:002:000:STREAM             1330032616.361369
 10 11 5F 24 5B 10 3E 02

006:002:000:STREAM             1330032616.369341
 10 11 5F 24 56 10 61 02

006:002:000:STREAM             1330032616.377342
 10 11 5F 24 53 10 75 02

006:002:000:STREAM             1330032616.385342
 10 11 60 24 54 10 8C 02

006:002:000:STREAM             1330032616.393366
 10 11 60 24 54 10 A3 02

006:002:000:STREAM             1330032616.401341
 10 11 60 24 53 10 B6 02

006:002:000:STREAM             1330032616.409343
 10 11 60 24 5A 10 C5 02

006:002:000:STREAM             1330032616.417359
 10 11 60 24 5A 10 C4 02

006:002:000:STREAM             1330032616.425368
 10 11 60 24 60 10 C9 02

006:002:000:STREAM             1330032616.433342
 10 11 60 24 60 10 C4 02

006:002:000:STREAM             1330032616.441342
 10 11 60 24 60 10 C5 02

006:002:000:STREAM             1330032616.449339
 10 11 60 24 60 10 C1 02

006:002:000:STREAM             1330032616.457358
 10 11 60 24 60 10 BC 02

006:002:000:STREAM             1330032616.465344
 10 11 60 24 60 10 B7 02

006:002:000:STREAM             1330032616.473341
 10 11 60 24 65 10 A9 02

006:002:000:STREAM             1330032616.481906
 10 11 60 24 69 10 A9 02

006:002:000:STREAM             1330032616.487358
 10 11 5F 24 69 10 A2 02

006:002:000:STREAM             1330032616.495343
 10 11 5F 24 69 10 A6 02

006:002:000:STREAM             1330032616.503340
 10 11 5F 24 65 10 A1 02

006:002:000:STREAM             1330032616.511356
 10 11 5F 24 65 10 A2 02

006:002:000:STREAM             1330032616.519363
 10 11 5F 24 65 10 A6 02

006:002:000:STREAM             1330032616.527341
 10 11 5F 24 62 10 A2 02

006:002:000:STREAM             1330032616.535343
 10 11 5F 24 61 10 A9 02

006:002:000:STREAM             1330032616.543960
 10 11 5F 24 60 10 AB 02

006:002:000:STREAM             1330032616.551343
 10 11 5F 24 63 10 A9 02

006:002:000:STREAM             1330032616.559349
 10 11 5E 24 61 10 AB 02

006:002:000:STREAM             1330032616.567346
 10 11 5E 24 61 10 AB 02

006:002:000:STREAM             1330032616.575369
 10 11 5D 24 69 10 A9 02

006:002:000:STREAM             1330032616.583347
 10 11 5C 24 6B 10 A8 02

006:002:000:STREAM             1330032616.591341
 10 11 5B 24 6F 10 AB 02

006:002:000:STREAM             1330032616.599341
 10 11 5B 24 6F 10 AF 02

006:002:000:STREAM             1330032616.606083
 10 11 5B 24 76 10 AA 02

006:002:000:STREAM             1330032616.613345
 10 11 5B 24 79 10 A6 02

006:002:000:STREAM             1330032616.621364
 10 11 5B 24 75 10 A1 02

006:002:000:STREAM             1330032616.629343
 10 11 5A 24 72 10 9F 02

006:002:000:STREAM             1330032616.637373
 10 11 5A 24 6E 10 9E 02

006:002:000:STREAM             1330032616.645342
 10 11 5A 24 6E 10 9F 02

006:002:000:STREAM             1330032616.653343
 10 11 5A 24 6A 10 9F 02

006:002:000:STREAM             1330032616.661345
 10 11 5B 24 68 10 9B 02

006:002:000:STREAM             1330032616.669373
 10 11 5B 24 66 10 9F 02

006:002:000:STREAM             1330032616.677343
 10 11 5B 24 68 10 9B 02

006:002:000:STREAM             1330032616.685343
 10 11 5B 24 71 10 9D 02

006:002:000:STREAM             1330032616.693341
 10 11 5B 24 7B 10 99 02

006:002:000:STREAM             1330032616.701364
 10 11 5C 24 7C 10 9B 02

006:002:000:STREAM             1330032616.709342
 10 11 5C 24 7C 10 99 02

006:002:000:STREAM             1330032616.717375
 10 11 5C 24 82 10 9C 02

006:002:000:STREAM             1330032616.725344
 10 11 5C 24 81 10 99 02

006:002:000:STREAM             1330032616.733367
 10 11 5B 24 7D 10 99 02

006:002:000:STREAM             1330032616.739342
 10 11 5A 24 7B 10 97 02

006:002:000:STREAM             1330032616.747359
 10 11 59 24 77 10 99 02

006:002:000:STREAM             1330032616.755345
 10 11 57 24 72 10 97 02

006:002:000:STREAM             1330032616.763369
 10 11 56 24 6E 10 95 02

006:002:000:STREAM             1330032616.771342
 10 11 55 24 63 10 8F 02

006:002:000:STREAM             1330032616.779342
 10 11 54 24 5C 10 91 02

006:002:000:STREAM             1330032616.787341
 10 11 53 24 5A 10 93 02

006:002:000:STREAM             1330032616.795366
 10 11 52 24 5F 10 92 02

006:002:000:STREAM             1330032616.803352
 10 11 52 24 67 10 99 02

006:002:000:STREAM             1330032616.811378
 10 11 52 24 65 10 9D 02

006:002:000:STREAM             1330032616.819342
 10 11 52 24 67 10 99 02

006:002:000:STREAM             1330032616.827371
 10 11 52 24 6D 10 9B 02

006:002:000:STREAM             1330032616.835342
 10 11 52 24 71 10 95 02

006:002:000:STREAM             1330032616.843342
 10 11 53 24 6E 10 94 02

006:002:000:STREAM             1330032616.851340
 10 11 54 24 6B 10 95 02

006:002:000:STREAM             1330032616.859361
 10 11 54 24 6D 10 95 02

006:002:000:STREAM             1330032616.865341
 10 11 55 24 73 10 99 02

006:002:000:STREAM             1330032616.873342
 10 11 55 24 6E 10 99 02

006:002:000:STREAM             1330032616.881348
 10 11 56 24 68 10 96 02

006:002:000:STREAM             1330032616.889359
 10 11 56 24 66 10 99 02

006:002:000:STREAM             1330032616.897343
 10 11 57 24 6B 10 93 02

006:002:000:STREAM             1330032616.905341
 10 11 57 24 72 10 95 02

006:002:000:STREAM             1330032616.913355
 10 11 57 24 76 10 97 02

006:002:000:STREAM             1330032616.921354
 10 11 57 24 75 10 9A 02

006:002:000:STREAM             1330032616.929340
 10 11 57 24 73 10 95 02

006:002:000:STREAM             1330032616.937351
 10 11 57 24 73 10 99 02

006:002:000:STREAM             1330032616.945980
 10 11 57 24 74 10 95 02

006:002:000:STREAM             1330032616.953343
 10 11 57 24 70 10 9A 02

006:002:000:STREAM             1330032616.961349
 10 11 57 24 73 10 99 02

006:002:000:STREAM             1330032616.969342
 10 11 58 24 73 10 99 02

006:002:000:STREAM             1330032616.977369
 10 11 58 24 78 10 9C 02

006:002:000:STREAM             1330032616.983342
 10 11 58 24 78 10 9A 02

006:002:000:STREAM             1330032616.991343
 10 11 57 24 78 10 A4 02

006:002:000:STREAM             1330032616.999340
 10 11 57 24 7E 10 A4 02

006:002:000:STREAM             1330032617.007365
 10 11 57 24 7E 10 AA 02

006:002:000:STREAM             1330032617.015374
 10 11 57 24 7E 10 B5 02

006:002:000:STREAM             1330032617.023346
 10 11 57 24 7E 10 BC 02

006:002:000:STREAM             1330032617.031342
 10 11 57 24 7E 10 BE 02

006:002:000:STREAM             1330032617.039368
 10 11 57 24 7E 10 CB 02

006:002:000:STREAM             1330032617.047348
 10 11 58 24 7E 10 D4 02

006:002:000:STREAM             1330032617.055342
 10 11 58 24 7E 10 D6 02

006:002:000:STREAM             1330032617.063353
 10 11 58 24 7E 10 E3 02

006:002:000:STREAM             1330032617.071371
 10 11 58 24 7E 10 EB 02

006:002:000:STREAM             1330032617.079349
 10 11 58 24 7E 10 F7 02

006:002:000:STREAM             1330032617.087341
 10 11 58 24 7E 10 FA 02

006:002:000:STREAM             1330032617.095341
 10 11 58 24 7E 10 09 03

006:002:000:STREAM             1330032617.103366
 10 11 58 24 7E 10 0C 03

006:002:000:STREAM             1330032617.111707
 10 11 58 24 7E 10 12 03

006:002:000:STREAM             1330032617.117350
 10 11 58 24 7E 10 15 03

006:002:000:STREAM             1330032617.125346
 10 11 58 24 7E 10 18 03

006:002:000:STREAM             1330032617.133370
 10 11 58 24 7E 10 1D 03

006:002:000:STREAM             1330032617.141342
 10 11 58 24 7E 10 23 03

006:002:000:STREAM             1330032617.149340
 10 11 58 24 7E 10 24 03

006:002:000:STREAM             1330032617.157345
 10 11 58 24 79 10 2B 03

006:002:000:STREAM             1330032617.165370
 10 11 58 24 75 10 29 03

006:002:000:STREAM             1330032617.173340
 10 11 58 24 74 10 38 03

006:002:000:STREAM             1330032617.181342
 10 11 58 24 7A 10 43 03

006:002:000:STREAM             1330032617.189345
 10 11 58 24 82 10 4C 03

006:002:000:STREAM             1330032617.197366
 10 11 58 24 82 10 55 03

006:002:000:STREAM             1330032617.205343
 10 11 58 24 82 10 5D 03

006:002:000:STREAM             1330032617.213365
 10 11 58 24 8C 10 5D 03

006:002:000:STREAM             1330032617.303361
 10 13 63 24 61 10 FF 03

006:002:000:STREAM             1330032617.311342
 10 13 63 24 61 10 FF 03

006:002:000:STREAM             1330032617.319365
 10 13 63 24 61 10 FF 03

006:002:000:STREAM             1330032617.327350
 10 13 63 24 61 10 FF 03

006:002:000:STREAM             1330032617.335371
 10 13 61 24 61 10 FF 03

006:002:000:STREAM             1330032617.343344
 10 13 61 24 61 10 FF 03

006:002:000:STREAM             1330032617.353341
 10 13 61 24 61 10 FF 03

006:002:000:STREAM             1330032617.361344
 10 13 61 24 61 10 FF 03

006:002:000:STREAM             1330032617.369372
 10 13 61 24 69 10 FF 03

006:002:000:STREAM             1330032617.377349
 10 13 61 24 69 10 FF 03

006:002:000:STREAM             1330032617.385342
 10 13 61 24 69 10 FF 03

006:002:000:STREAM             1330032617.393342
 10 13 61 24 69 10 FF 03

006:002:000:STREAM             1330032617.401365
 10 13 61 24 64 10 FF 03

006:002:000:STREAM             1330032617.409341
 10 13 5F 24 5A 10 FF 03

006:002:000:STREAM             1330032617.419354
 10 13 5D 24 55 10 FF 03

006:002:000:STREAM             1330032617.427355
 10 13 5C 24 52 10 FF 03

006:002:000:STREAM             1330032617.435358
 10 13 5C 24 50 10 FF 03

006:002:000:STREAM             1330032617.443342
 10 11 4D 24 61 10 73 03

006:002:000:STREAM             1330032617.451342
 10 11 4E 24 67 10 64 03

006:002:000:STREAM             1330032617.460063
 10 11 50 24 6F 10 5B 03

006:002:000:STREAM             1330032617.467344
 10 11 52 24 7C 10 49 03

006:002:000:STREAM             1330032617.475345
 10 11 53 24 84 10 41 03

006:002:000:STREAM             1330032617.483342
 10 11 54 24 86 10 33 03

006:002:000:STREAM             1330032617.491369
 10 11 54 24 87 10 2B 03

006:002:000:STREAM             1330032617.499340
 10 11 53 24 86 10 25 03

006:002:000:STREAM             1330032617.505350
 10 11 54 24 81 10 23 03

006:002:000:STREAM             1330032617.513721
 10 11 54 24 7B 10 18 03

006:002:000:STREAM             1330032617.521464
 10 11 54 24 7B 10 13 03

006:002:000:STREAM             1330032617.529344
 10 11 54 24 77 10 09 03

006:002:000:STREAM             1330032617.537342
 10 11 54 24 73 10 09 03

006:002:000:STREAM             1330032617.545342
 10 11 53 24 7A 10 02 03

006:002:000:STREAM             1330032617.553367
 10 11 53 24 79 10 F6 02

006:002:000:STREAM             1330032617.561355
 10 11 53 24 76 10 F4 02

006:002:000:STREAM             1330032617.569360
 10 11 53 24 72 10 EF 02

006:002:000:STREAM             1330032617.577342
 10 11 53 24 74 10 EF 02

006:002:000:STREAM             1330032617.585373
 10 11 53 24 78 10 F1 02

006:002:000:STREAM             1330032617.593345
 10 11 53 24 76 10 EE 02

006:002:000:STREAM             1330032617.601342
 10 11 53 24 72 10 F2 02

006:002:000:STREAM             1330032617.609340
 10 11 53 24 6C 10 F2 02

006:002:000:STREAM             1330032617.617373
 10 11 53 24 6B 10 F1 02

006:002:000:STREAM             1330032617.625350
 10 11 53 24 6D 10 F1 02

006:002:000:STREAM             1330032617.631341
 10 11 53 24 67 10 F0 02

006:002:000:STREAM             1330032617.639352
 10 11 54 24 64 10 F4 02

006:002:000:STREAM             1330032617.647370
 10 11 54 24 5B 10 F3 02

006:002:000:STREAM             1330032617.655342
 10 11 54 24 5A 10 F1 02

006:002:000:STREAM             1330032617.663347
 10 11 54 24 5E 10 F3 02

006:002:000:STREAM             1330032617.671341
 10 11 54 24 5E 10 F2 02

006:002:000:STREAM             1330032617.679369
 10 11 54 24 61 10 ED 02

006:002:000:STREAM             1330032617.687340
 10 11 54 24 61 10 F0 02

006:002:000:STREAM             1330032617.695344
 10 11 54 24 65 10 EB 02

006:002:000:STREAM             1330032617.703342
 10 11 54 24 6B 10 EB 02

006:002:000:STREAM             1330032617.711370
 10 11 55 24 6B 10 F1 02

006:002:000:STREAM             1330032617.719377
 10 11 56 24 6D 10 EF 02

006:002:000:STREAM             1330032617.727345
 10 11 57 24 6C 10 EC 02

006:002:000:STREAM             1330032617.735352
 10 11 57 24 6D 10 EF 02

006:002:000:STREAM             1330032617.743359
 10 11 57 24 75 10 F0 02

006:002:000:STREAM             1330032617.751342
 10 11 58 24 75 10 EA 02

006:002:000:STREAM             1330032617.759346
 10 11 59 24 72 10 ED 02

006:002:000:STREAM             1330032617.768355
 10 11 5A 24 6F 10 EE 02

006:002:000:STREAM             1330032617.773346
 10 11 5A 24 6C 10 E9 02

006:002:000:STREAM             1330032617.781345
 10 11 5A 24 64 10 F0 02

006:002:000:STREAM             1330032617.789342
 10 11 5A 24 66 10 ED 02

006:002:000:STREAM             1330032617.797355
 10 11 59 24 66 10 EF 02

006:002:000:STREAM             1330032617.805361
 10 11 59 24 65 10 EA 02

006:002:000:STREAM             1330032617.813376
 10 11 58 24 65 10 EF 02

006:002:000:STREAM             1330032617.821352
 10 11 58 24 65 10 ED 02

006:002:000:STREAM             1330032617.830018
 10 11 58 24 65 10 EA 02

006:002:000:STREAM             1330032617.837345
 10 11 58 24 65 10 E9 02

006:002:000:STREAM             1330032617.845343
 10 11 58 24 65 10 ED 02

006:002:000:STREAM             1330032617.853342
 10 11 58 24 65 10 EC 02

006:002:000:STREAM             1330032617.861356
 10 11 58 24 65 10 ED 02

006:002:000:STREAM             1330032617.869341
 10 11 58 24 65 10 ED 02

006:002:000:STREAM             1330032617.877343
 10 11 58 24 61 10 EF 02

006:002:000:STREAM             1330032617.885341
 10 11 58 24 5F 10 ED 02

006:002:000:STREAM             1330032617.893371
 10 11 58 24 5E 10 EE 02

006:002:000:STREAM             1330032617.901370
 10 11 58 24 5E 10 ED 02

006:002:000:STREAM             1330032617.909343
 10 11 59 24 5B 10 EE 02

006:002:000:STREAM             1330032617.915358
 10 11 59 24 63 10 ED 02

006:002:000:STREAM             1330032617.923370
 10 11 59 24 69 10 EB 02

006:002:000:STREAM             1330032617.931342
 10 11 59 24 6D 10 EF 02

006:002:000:STREAM             1330032617.939343
 10 11 5A 24 70 10 EA 02

006:002:000:STREAM             1330032617.947342
 10 11 5B 24 72 10 EF 02

006:002:000:STREAM             1330032617.955369
 10 11 5C 24 74 10 EF 02

006:002:000:STREAM             1330032617.963350
 10 11 5C 24 72 10 F5 02

006:002:000:STREAM             1330032617.971343
 10 11 5B 24 72 10 FA 02

006:002:000:STREAM             1330032617.979339
 10 11 5B 24 73 10 F8 02

006:002:000:STREAM             1330032617.987375
 10 11 5C 24 78 10 F7 02

006:002:000:STREAM             1330032617.995345
 10 11 5C 24 78 10 01 03

006:002:000:STREAM             1330032618.003342
 10 11 5C 24 7D 10 00 03

006:002:000:STREAM             1330032618.011821
 10 11 5C 24 84 10 05 03

006:002:000:STREAM             1330032618.019364
 10 11 5C 24 8B 10 09 03

006:002:000:STREAM             1330032618.131362
 10 13 5E 24 21 10 FF 03

006:002:000:STREAM             1330032618.139342
 10 13 5E 24 24 10 FF 03

006:002:000:STREAM             1330032618.147359
 10 13 5E 24 24 10 FF 03

006:002:000:STREAM             1330032618.157339
 10 13 5D 24 24 10 FF 03

006:002:000:STREAM             1330032618.165372
 10 13 5D 24 1D 10 FF 03

006:002:000:STREAM             1330032618.173342
 10 13 5D 24 1D 10 FF 03

006:002:000:STREAM             1330032618.181342
 10 11 5C 24 26 10 2E 03

006:002:000:STREAM             1330032618.189341
 10 11 5C 24 2D 10 2F 03

006:002:000:STREAM             1330032618.197364
 10 11 5C 24 39 10 2E 03

006:002:000:STREAM             1330032618.205342
 10 11 5C 24 46 10 30 03

006:002:000:STREAM             1330032618.213368
 10 11 5C 24 51 10 2C 03

006:002:000:STREAM             1330032618.221341
 10 11 5C 24 5A 10 2B 03

006:002:000:STREAM             1330032618.229370
 10 11 5C 24 61 10 2E 03

006:002:000:STREAM             1330032618.237343
 10 11 5C 24 67 10 2D 03

006:002:000:STREAM             1330032618.243342
 10 11 5C 24 6B 10 30 03

006:002:000:STREAM             1330032618.251342
 10 11 5C 24 71 10 2E 03

006:002:000:STREAM             1330032618.259366
 10 11 5B 24 7E 10 2C 03

006:002:000:STREAM             1330032618.267349
 10 11 5B 24 82 10 2D 03

006:002:000:STREAM             1330032618.275342
 10 11 5B 24 7D 10 2A 03

006:002:000:STREAM             1330032618.283368
 10 11 5B 24 7D 10 2D 03

006:002:000:STREAM             1330032618.291393
 10 11 5B 24 77 10 33 03

006:002:000:STREAM             1330032618.299349
 10 11 5A 24 77 10 37 03

006:002:000:STREAM             1330032618.307345
 10 11 59 24 7A 10 3B 03

006:002:000:STREAM             1330032618.315369
 10 11 59 24 7B 10 3D 03

006:002:000:STREAM             1330032618.323365
 10 11 59 24 7F 10 41 03

006:002:000:STREAM             1330032618.331346
 10 11 59 24 80 10 3D 03

006:002:000:STREAM             1330032618.339347
 10 11 59 24 7F 10 3F 03

006:002:000:STREAM             1330032618.348212
 10 11 59 24 84 10 3D 03

006:002:000:STREAM             1330032618.355346
 10 11 59 24 84 10 3D 03

006:002:000:STREAM             1330032618.363361
 10 11 5A 24 84 10 3B 03

006:002:000:STREAM             1330032618.371343
 10 11 5A 24 84 10 3F 03

006:002:000:STREAM             1330032618.377359
 10 11 59 24 84 10 3F 03

006:002:000:STREAM             1330032618.385358
 10 11 59 24 89 10 40 03

006:002:000:STREAM             1330032618.393354
 10 11 59 24 89 10 3D 03

006:002:000:STREAM             1330032618.401375
 10 11 59 24 89 10 3D 03

006:002:000:STREAM             1330032618.409365
 10 11 59 24 86 10 3B 03

006:002:000:STREAM             1330032618.417358
 10 11 59 24 86 10 34 03

006:002:000:STREAM             1330032618.425343
 10 11 59 24 86 10 25 03

006:002:000:STREAM             1330032618.433342
 10 11 59 24 86 10 16 03

006:002:000:STREAM             1330032618.441365
 10 11 59 24 86 10 FF 02

006:002:000:STREAM             1330032618.449339
 10 11 59 24 86 10 D4 02

006:002:000:STREAM             1330032618.457344
 10 11 59 24 86 10 99 02

006:002:000:STREAM             1330032618.465340
 10 11 59 24 83 10 50 02

006:002:000:STREAM             1330032618.473372
 10 11 59 24 7B 10 07 02

006:002:000:STREAM             1330032618.481345
 10 11 58 24 6D 10 AC 01

006:002:000:STREAM             1330032618.489344
 10 11 58 24 5C 10 3A 01

006:002:000:STREAM             1330032618.497346
 10 11 58 24 49 10 C2 00

006:002:000:STREAM             1330032618.503391
 10 11 58 24 36 10 1B 00

006:002:000:STREAM             1330032618.511416
 10 10 5B 24 7E 0F 00 00

006:002:000:STREAM             1330032618.519452
 10 10 5A 24 78 0F 00 00

006:002:000:STREAM             1330032618.527373
 10 10 59 24 69 0F 00 00

006:002:000:STREAM             1330032618.535368
 10 10 58 24 45 0F 00 00

006:002:000:STREAM             1330032618.543382
 10 10 56 24 0F 0F 00 00

006:002:000:STREAM             1330032618.625363
 02 56 24 0F 0F 00 00 00

006:002:000:Interrupt transfer timed out
No more interfaces to dump

