000:STREAM                     1281874042.171666
 0D 01 00 00 00 00 00 00

000:STREAM                     1281874042.173623
 0D 01 00 56 00 00 00 00

000:STREAM                     1281874042.175646
 0D 00 00 00 00 00 00 00

000:STREAM                     1281874042.261631
 0D 01 00 00 00 00 00 00

000:STREAM                     1281874042.263606
 0D 01 00 56 00 00 00 00

000:STREAM                     1281874042.265603
 0D 00 00 00 00 00 00 00

000:STREAM                     1281874042.315636
 0D 01 00 00 00 00 00 00

000:STREAM                     1281874042.317608
 0D 01 00 56 00 00 00 00

000:STREAM                     1281874042.319640
 0D 00 00 00 00 00 00 00

000:STREAM                     1281874042.371637
 0D 01 00 00 00 00 00 00

000:STREAM                     1281874042.373610
 0D 01 00 56 00 00 00 00

000:STREAM                     1281874042.375627
 0D 00 00 00 00 00 00 00

000:STREAM                     1281874042.423632
 0D 01 00 00 00 00 00 00

000:STREAM                     1281874042.425610
 0D 01 00 56 00 00 00 00

000:STREAM                     1281874042.427627
 0D 00 00 00 00 00 00 00

000:STREAM                     1281874042.467634
 0D 01 00 00 00 00 00 00

000:STREAM                     1281874042.469612
 0D 01 00 56 00 00 00 00

000:STREAM                     1281874042.471629
 0D 00 00 00 00 00 00 00

000:STREAM                     1281874042.507631
 0D 01 00 00 00 00 00 00

000:STREAM                     1281874042.509608
 0D 01 00 56 00 00 00 00

000:STREAM                     1281874042.511625
 0D 00 00 00 00 00 00 00

000:STREAM                     1281874042.545630
 0D 01 00 00 00 00 00 00

000:STREAM                     1281874042.547605
 0D 01 00 56 00 00 00 00

000:STREAM                     1281874042.549606
 0D 00 00 00 00 00 00 00

000:STREAM                     1281874042.605632
 0D 01 00 00 00 00 00 00

000:STREAM                     1281874042.607606
 0D 01 00 56 00 00 00 00

000:STREAM                     1281874042.609603
 0D 00 00 00 00 00 00 00

000:STREAM                     1281874042.641636
 0D 01 00 00 00 00 00 00

000:STREAM                     1281874042.643604
 0D 01 00 56 00 00 00 00

000:STREAM                     1281874042.645603
 0D 00 00 00 00 00 00 00

000:STREAM                     1281874042.707633
 0D 01 00 00 00 00 00 00

000:STREAM                     1281874042.709606
 0D 01 00 56 00 00 00 00

000:STREAM                     1281874042.711631
 0D 00 00 00 00 00 00 00

000:STREAM                     1281874042.751629
 0D 01 00 00 00 00 00 00

000:STREAM                     1281874042.753606
 0D 01 00 56 00 00 00 00

000:STREAM                     1281874042.755626
 0D 00 00 00 00 00 00 00

000:STREAM                     1281874042.797633
 0D 01 00 00 00 00 00 00

000:STREAM                     1281874042.799604
 0D 01 00 56 00 00 00 00

000:STREAM                     1281874042.801603
 0D 00 00 00 00 00 00 00

000:STREAM                     1281874042.847633
 0D 01 00 00 00 00 00 00

000:STREAM                     1281874042.849605
 0D 01 00 56 00 00 00 00

000:STREAM                     1281874042.851621
 0D 00 00 00 00 00 00 00

000:STREAM                     1281874042.895628
 0D 01 00 00 00 00 00 00

000:STREAM                     1281874042.897605
 0D 01 00 56 00 00 00 00

000:STREAM                     1281874042.899626
 0D 00 00 00 00 00 00 00

000:STREAM                     1281874042.933627
 0D 01 00 00 00 00 00 00

000:STREAM                     1281874042.935604
 0D 01 00 56 00 00 00 00

000:STREAM                     1281874042.937602
 0D 00 00 00 00 00 00 00

000:STREAM                     1281874042.977629
 0D 01 00 00 00 00 00 00

000:STREAM                     1281874042.979602
 0D 01 00 56 00 00 00 00

000:STREAM                     1281874042.981602
 0D 00 00 00 00 00 00 00

000:STREAM                     1281874043.009622
 0D 01 00 00 00 00 00 00

000:STREAM                     1281874043.011605
 0D 01 00 56 00 00 00 00

000:STREAM                     1281874043.013601
 0D 00 00 00 00 00 00 00

000:STREAM                     1281874043.033629
 0D 01 00 00 00 00 00 00

000:STREAM                     1281874043.035605
 0D 01 00 56 00 00 00 00

000:STREAM                     1281874043.037601
 0D 00 00 00 00 00 00 00

000:STREAM                     1281874043.067630
 0D 01 00 00 00 00 00 00

000:STREAM                     1281874043.069604
 0D 01 00 56 00 00 00 00

000:STREAM                     1281874043.071623
 0D 00 00 00 00 00 00 00

000:STREAM                     1281874043.121627
 0D 01 00 00 00 00 00 00

000:STREAM                     1281874043.123602
 0D 01 00 56 00 00 00 00

000:STREAM                     1281874043.125602
 0D 00 00 00 00 00 00 00

000:STREAM                     1281874043.157629
 0D 01 00 00 00 00 00 00

000:STREAM                     1281874043.159603
 0D 01 00 56 00 00 00 00

000:STREAM                     1281874043.161625
 0D 00 00 00 00 00 00 00

000:STREAM                     1281874043.197631
 0D 01 00 00 00 00 00 00

000:STREAM                     1281874043.199602
 0D 01 00 56 00 00 00 00

000:STREAM                     1281874043.201601
 0D 00 00 00 00 00 00 00

000:STREAM                     1281874043.233633
 0D 01 00 00 00 00 00 00

000:STREAM                     1281874043.235601
 0D 01 00 56 00 00 00 00

000:STREAM                     1281874043.237601
 0D 00 00 00 00 00 00 00

000:STREAM                     1281874043.273629
 0D 01 00 00 00 00 00 00

000:STREAM                     1281874043.275602
 0D 01 00 56 00 00 00 00

000:STREAM                     1281874043.277601
 0D 00 00 00 00 00 00 00

000:STREAM                     1281874043.319634
 0D 01 00 00 00 00 00 00

000:STREAM                     1281874043.321603
 0D 01 00 56 00 00 00 00

000:STREAM                     1281874043.323626
 0D 00 00 00 00 00 00 00

000:STREAM                     1281874043.367627
 0D 01 00 00 00 00 00 00

000:STREAM                     1281874043.369604
 0D 01 00 56 00 00 00 00

000:STREAM                     1281874043.371626
 0D 00 00 00 00 00 00 00

000:STREAM                     1281874043.409628
 0D 01 00 00 00 00 00 00

000:STREAM                     1281874043.411600
 0D 01 00 56 00 00 00 00

000:STREAM                     1281874043.413599
 0D 00 00 00 00 00 00 00

000:STREAM                     1281874043.453627
 0D 01 00 00 00 00 00 00

000:STREAM                     1281874043.455601
 0D 01 00 56 00 00 00 00

000:STREAM                     1281874043.457599
 0D 00 00 00 00 00 00 00

000:STREAM                     1281874043.493622
 0D 01 00 00 00 00 00 00

000:STREAM                     1281874043.495600
 0D 01 00 56 00 00 00 00

000:STREAM                     1281874043.497600
 0D 00 00 00 00 00 00 00

000:STREAM                     1281874043.537624
 0D 01 00 00 00 00 00 00

000:STREAM                     1281874043.539600
 0D 01 00 56 00 00 00 00

000:STREAM                     1281874043.541601
 0D 00 00 00 00 00 00 00

000:STREAM                     1281874043.605627
 0D 01 00 00 00 00 00 00

000:STREAM                     1281874043.607600
 0D 01 00 56 00 00 00 00

000:STREAM                     1281874043.609599
 0D 00 00 00 00 00 00 00

000:STREAM                     1281874043.641628
 0D 01 00 00 00 00 00 00

000:STREAM                     1281874043.643600
 0D 01 00 56 00 00 00 00

000:STREAM                     1281874043.645599
 0D 00 00 00 00 00 00 00

000:STREAM                     1281874043.667626
 0D 01 00 00 00 00 00 00

000:STREAM                     1281874043.669602
 0D 01 00 56 00 00 00 00

000:STREAM                     1281874043.671618
 0D 00 00 00 00 00 00 00

000:STREAM                     1281874043.699630
 0D 01 00 00 00 00 00 00

000:STREAM                     1281874043.701604
 0D 01 00 56 00 00 00 00

000:STREAM                     1281874043.703618
 0D 00 00 00 00 00 00 00

000:STREAM                     1281874043.713624
 0D 01 00 00 00 00 00 00

000:STREAM                     1281874043.715600
 0D 01 00 56 00 00 00 00

000:STREAM                     1281874043.717598
 0D 00 00 00 00 00 00 00

000:STREAM                     1281874043.729631
 0D 01 00 00 00 00 00 00

000:STREAM                     1281874043.731599
 0D 01 00 56 00 00 00 00

000:STREAM                     1281874043.733599
 0D 00 00 00 00 00 00 00

000:STREAM                     1281874043.767627
 0D 01 00 00 00 00 00 00

000:STREAM                     1281874043.769601
 0D 01 00 56 00 00 00 00

000:STREAM                     1281874043.771618
 0D 00 00 00 00 00 00 00

000:STREAM                     1281874043.811629
 0D 01 00 00 00 00 00 00

000:STREAM                     1281874043.813603
 0D 01 00 56 00 00 00 00

000:STREAM                     1281874043.815616
 0D 00 00 00 00 00 00 00

000:STREAM                     1281874043.881625
 0D 01 00 00 00 00 00 00

000:STREAM                     1281874043.883599
 0D 01 00 56 00 00 00 00

000:STREAM                     1281874043.885598
 0D 00 00 00 00 00 00 00

000:STREAM                     1281874043.929622
 0D 01 00 00 00 00 00 00

000:STREAM                     1281874043.931598
 0D 01 00 56 00 00 00 00

000:STREAM                     1281874043.933597
 0D 00 00 00 00 00 00 00

000:STREAM                     1281874043.937626
 0D 01 00 00 00 00 00 00

000:STREAM                     1281874043.939630
 0D 01 00 56 00 00 00 00

000:STREAM                     1281874043.941609
 0D 00 00 00 00 00 00 00

000:STREAM                     1281874043.995623
 0D 01 00 00 00 00 00 00

000:STREAM                     1281874043.997600
 0D 01 00 56 00 00 00 00

000:STREAM                     1281874043.999621
 0D 01 00 56 00 00 00 00

000:STREAM                     1281874044.001620
 0D 00 00 00 00 00 00 00

000:STREAM                     1281874044.047625
 0D 01 00 00 00 00 00 00

000:STREAM                     1281874044.049603
 0D 01 00 56 00 00 00 00

000:STREAM                     1281874044.051620
 0D 00 00 00 00 00 00 00

000:STREAM                     1281874044.061622
 0D 01 00 00 00 00 00 00

000:STREAM                     1281874044.063598
 0D 01 00 56 00 00 00 00

000:STREAM                     1281874044.065597
 0D 00 00 00 00 00 00 00

000:STREAM                     1281874044.107627
 0D 01 00 00 00 00 00 00

000:STREAM                     1281874044.109601
 0D 01 00 56 00 00 00 00

000:STREAM                     1281874044.111614
 0D 00 00 00 00 00 00 00

000:STREAM                     1281874044.161624
 0D 01 00 00 00 00 00 00

000:STREAM                     1281874044.163597
 0D 01 00 56 00 00 00 00

000:STREAM                     1281874044.165596
 0D 00 00 00 00 00 00 00

000:STREAM                     1281874044.171040
 0D 01 00 00 00 00 00 00

000:STREAM                     1281874044.173603
 0D 01 00 56 00 00 00 00

000:STREAM                     1281874044.175623
 0D 00 00 00 00 00 00 00

000:STREAM                     1281874044.215626
 0D 01 00 00 00 00 00 00

000:STREAM                     1281874044.217601
 0D 01 00 56 00 00 00 00

000:STREAM                     1281874044.219615
 0D 00 00 00 00 00 00 00

000:STREAM                     1281874044.221616
 0D 01 00 00 00 00 00 00

000:STREAM                     1281874044.223616
 0D 01 00 56 00 00 00 00

000:STREAM                     1281874044.225620
 0D 00 00 00 00 00 00 00

000:STREAM                     1281874044.245625
 0D 01 00 00 00 00 00 00

000:STREAM                     1281874044.247597
 0D 01 00 56 00 00 00 00

000:STREAM                     1281874044.249596
 0D 00 00 00 00 00 00 00

000:STREAM                     1281874044.269624
 0D 01 00 00 00 00 00 00

000:STREAM                     1281874044.271597
 0D 01 00 56 00 00 00 00

000:STREAM                     1281874044.273595
 0D 00 00 00 00 00 00 00

000:STREAM                     1281874044.279623
 0D 01 00 00 00 00 00 00

000:STREAM                     1281874044.281598
 0D 01 00 56 00 00 00 00

000:STREAM                     1281874044.283617
 0D 00 00 00 00 00 00 00

000:STREAM                     1281874044.305622
 0D 01 00 00 00 00 00 00

000:STREAM                     1281874044.307596
 0D 01 00 56 00 00 00 00

000:STREAM                     1281874044.309595
 0D 00 00 00 00 00 00 00

000:STREAM                     1281874044.319616
 0D 01 00 00 00 00 00 00

000:STREAM                     1281874044.321600
 0D 01 00 56 00 00 00 00

000:STREAM                     1281874044.323622
 0D 00 00 00 00 00 00 00

000:STREAM                     1281874044.355622
 0D 01 00 00 00 00 00 00

000:STREAM                     1281874044.357598
 0D 01 00 56 00 00 00 00

000:STREAM                     1281874044.359622
 0D 00 00 00 00 00 00 00

000:STREAM                     1281874044.373621
 0D 01 00 00 00 00 00 00

000:STREAM                     1281874044.375596
 0D 01 00 56 00 00 00 00

000:STREAM                     1281874044.377596
 0D 00 00 00 00 00 00 00

000:STREAM                     1281874044.399623
 0D 01 00 00 00 00 00 00

000:STREAM                     1281874044.401596
 0D 01 00 56 00 00 00 00

000:STREAM                     1281874044.403619
 0D 00 00 00 00 00 00 00

000:STREAM                     1281874044.405615
 0D 01 00 00 00 00 00 00

000:STREAM                     1281874044.407622
 0D 01 00 56 00 00 00 00

000:STREAM                     1281874044.409610
 0D 00 00 00 00 00 00 00

000:STREAM                     1281874044.431623
 0D 01 00 00 00 00 00 00

000:STREAM                     1281874044.433599
 0D 01 00 56 00 00 00 00

000:STREAM                     1281874044.435613
 0D 00 00 00 00 00 00 00

000:STREAM                     1281874044.441620
 0D 01 00 00 00 00 00 00

000:STREAM                     1281874044.443596
 0D 01 00 56 00 00 00 00

000:STREAM                     1281874044.445596
 0D 00 00 00 00 00 00 00

000:STREAM                     1281874044.469621
 0D 01 00 00 00 00 00 00

000:STREAM                     1281874044.471596
 0D 01 00 56 00 00 00 00

000:STREAM                     1281874044.473595
 0D 00 00 00 00 00 00 00

000:STREAM                     1281874044.495622
 0D 01 00 00 00 00 00 00

000:STREAM                     1281874044.497597
 0D 01 00 56 00 00 00 00

000:STREAM                     1281874044.499614
 0D 00 00 00 00 00 00 00

000:STREAM                     1281874044.517620
 0D 01 00 00 00 00 00 00

000:STREAM                     1281874044.519596
 0D 01 00 56 00 00 00 00

000:STREAM                     1281874044.521595
 0D 00 00 00 00 00 00 00

000:STREAM                     1281874044.539617
 0D 01 00 00 00 00 00 00

000:STREAM                     1281874044.541598
 0D 01 00 56 00 00 00 00

000:STREAM                     1281874044.543616
 0D 00 00 00 00 00 00 00

000:STREAM                     1281874044.567621
 0D 01 00 00 00 00 00 00

000:STREAM                     1281874044.569598
 0D 01 00 56 00 00 00 00

000:STREAM                     1281874044.571618
 0D 00 00 00 00 00 00 00

000:STREAM                     1281874044.603625
 0D 01 00 00 00 00 00 00

000:STREAM                     1281874044.605598
 0D 01 00 56 00 00 00 00

000:STREAM                     1281874044.607614
 0D 00 00 00 00 00 00 00

000:STREAM                     1281874044.635624
 0D 01 00 00 00 00 00 00

000:STREAM                     1281874044.637598
 0D 01 00 56 00 00 00 00

000:STREAM                     1281874044.639617
 0D 00 00 00 00 00 00 00

000:STREAM                     1281874044.661620
 0D 01 00 00 00 00 00 00

000:STREAM                     1281874044.663595
 0D 01 00 56 00 00 00 00

000:STREAM                     1281874044.665594
 0D 00 00 00 00 00 00 00

000:STREAM                     1281874044.701623
 0D 01 00 00 00 00 00 00

000:STREAM                     1281874044.703595
 0D 01 00 56 00 00 00 00

000:STREAM                     1281874044.705594
 0D 00 00 00 00 00 00 00

000:STREAM                     1281874044.743623
 0D 01 00 00 00 00 00 00

000:STREAM                     1281874044.745597
 0D 01 00 56 00 00 00 00

000:STREAM                     1281874044.747612
 0D 00 00 00 00 00 00 00

000:STREAM                     1281874044.781622
 0D 01 00 00 00 00 00 00

000:STREAM                     1281874044.783594
 0D 01 00 56 00 00 00 00

000:STREAM                     1281874044.785594
 0D 00 00 00 00 00 00 00

000:STREAM                     1281874044.805619
 0D 01 00 00 00 00 00 00

000:STREAM                     1281874044.807595
 0D 01 00 56 00 00 00 00

000:STREAM                     1281874044.809594
 0D 00 00 00 00 00 00 00

000:STREAM                     1281874044.839620
 0D 01 00 00 00 00 00 00

000:STREAM                     1281874044.841596
 0D 01 00 56 00 00 00 00

000:STREAM                     1281874044.843614
 0D 00 00 00 00 00 00 00

000:STREAM                     1281874044.867618
 0D 01 00 00 00 00 00 00

000:STREAM                     1281874044.869597
 0D 01 00 56 00 00 00 00

000:STREAM                     1281874044.871617
 0D 00 00 00 00 00 00 00

000:STREAM                     1281874044.905626
 0D 01 00 00 00 00 00 00

000:STREAM                     1281874044.907596
 0D 01 00 56 00 00 00 00

000:STREAM                     1281874044.909594
 0D 00 00 00 00 00 00 00

000:STREAM                     1281874044.951625
 0D 01 00 00 00 00 00 00

000:STREAM                     1281874044.953596
 0D 01 00 56 00 00 00 00

000:STREAM                     1281874044.955616
 0D 00 00 00 00 00 00 00

000:STREAM                     1281874044.991620
 0D 01 00 00 00 00 00 00

000:STREAM                     1281874044.993596
 0D 01 00 56 00 00 00 00

000:STREAM                     1281874044.995619
 0D 00 00 00 00 00 00 00

000:STREAM                     1281874045.035620
 0D 01 00 00 00 00 00 00

000:STREAM                     1281874045.037594
 0D 01 00 56 00 00 00 00

000:STREAM                     1281874045.039616
 0D 00 00 00 00 00 00 00

000:STREAM                     1281874045.083619
 0D 01 00 00 00 00 00 00

000:STREAM                     1281874045.085595
 0D 01 00 56 00 00 00 00

000:STREAM                     1281874045.087613
 0D 00 00 00 00 00 00 00

000:STREAM                     1281874045.119619
 0D 01 00 00 00 00 00 00

000:STREAM                     1281874045.121595
 0D 01 00 56 00 00 00 00

000:STREAM                     1281874045.123613
 0D 00 00 00 00 00 00 00

000:STREAM                     1281874045.165617
 0D 01 00 00 00 00 00 00

000:STREAM                     1281874045.167592
 0D 01 00 56 00 00 00 00

000:STREAM                     1281874045.169592
 0D 00 00 00 00 00 00 00

000:STREAM                     1281874045.195618
 0D 01 00 00 00 00 00 00

000:STREAM                     1281874045.197594
 0D 01 00 56 00 00 00 00

000:STREAM                     1281874045.199615
 0D 00 00 00 00 00 00 00

000:STREAM                     1281874045.229617
 0D 01 00 00 00 00 00 00

000:STREAM                     1281874045.231594
 0D 01 00 56 00 00 00 00

000:STREAM                     1281874045.233591
 0D 00 00 00 00 00 00 00

000:STREAM                     1281874045.265621
 0D 01 00 00 00 00 00 00

000:STREAM                     1281874045.267595
 0D 01 00 56 00 00 00 00

000:STREAM                     1281874045.269590
 0D 00 00 00 00 00 00 00

000:STREAM                     1281874045.291617
 0D 01 00 00 00 00 00 00

000:STREAM                     1281874045.293596
 0D 01 00 56 00 00 00 00

000:STREAM                     1281874045.295614
 0D 00 00 00 00 00 00 00

000:STREAM                     1281874045.311615
 0D 01 00 00 00 00 00 00

000:STREAM                     1281874045.313594
 0D 01 00 56 00 00 00 00

000:STREAM                     1281874045.315614
 0D 00 00 00 00 00 00 00

000:STREAM                     1281874045.337620
 0D 01 00 00 00 00 00 00

000:STREAM                     1281874045.339592
 0D 01 00 56 00 00 00 00

000:STREAM                     1281874045.341591
 0D 00 00 00 00 00 00 00

000:STREAM                     1281874045.359613
 0D 01 00 00 00 00 00 00

000:STREAM                     1281874045.361592
 0D 01 00 56 00 00 00 00

000:STREAM                     1281874045.363614
 0D 00 00 00 00 00 00 00

000:STREAM                     1281874045.391616
 0D 01 00 00 00 00 00 00

000:STREAM                     1281874045.393593
 0D 01 00 56 00 00 00 00

000:STREAM                     1281874045.395614
 0D 00 00 00 00 00 00 00

000:STREAM                     1281874045.423621
 0D 01 00 00 00 00 00 00

000:STREAM                     1281874045.425593
 0D 01 00 56 00 00 00 00

000:STREAM                     1281874045.427614
 0D 00 00 00 00 00 00 00

000:STREAM                     1281874045.463618
 0D 01 00 00 00 00 00 00

000:STREAM                     1281874045.465593
 0D 01 00 56 00 00 00 00

000:STREAM                     1281874045.467613
 0D 00 00 00 00 00 00 00

000:STREAM                     1281874045.501615
 0D 01 00 00 00 00 00 00

000:STREAM                     1281874045.503590
 0D 01 00 56 00 00 00 00

000:STREAM                     1281874045.505590
 0D 00 00 00 00 00 00 00

000:STREAM                     1281874045.543616
 0D 01 00 00 00 00 00 00

000:STREAM                     1281874045.545594
 0D 01 00 56 00 00 00 00

000:STREAM                     1281874045.547615
 0D 00 00 00 00 00 00 00

000:STREAM                     1281874045.567615
 0D 01 00 00 00 00 00 00

000:STREAM                     1281874045.569592
 0D 01 00 56 00 00 00 00

000:STREAM                     1281874045.571611
 0D 00 00 00 00 00 00 00

000:STREAM                     1281874045.589615
 0D 01 00 00 00 00 00 00

000:STREAM                     1281874045.591589
 0D 01 00 56 00 00 00 00

000:STREAM                     1281874045.593589
 0D 00 00 00 00 00 00 00

000:STREAM                     1281874045.615620
 0D 01 00 00 00 00 00 00

000:STREAM                     1281874045.617593
 0D 01 00 56 00 00 00 00

000:STREAM                     1281874045.619614
 0D 00 00 00 00 00 00 00

000:STREAM                     1281874045.645619
 0D 01 00 00 00 00 00 00

000:STREAM                     1281874045.647591
 0D 01 00 56 00 00 00 00

000:STREAM                     1281874045.649589
 0D 00 00 00 00 00 00 00

000:STREAM                     1281874045.681620
 0D 01 00 00 00 00 00 00

000:STREAM                     1281874045.683591
 0D 01 00 56 00 00 00 00

000:STREAM                     1281874045.685589
 0D 00 00 00 00 00 00 00

000:STREAM                     1281874045.723617
 0D 01 00 00 00 00 00 00

000:STREAM                     1281874045.725592
 0D 01 00 56 00 00 00 00

000:STREAM                     1281874045.727608
 0D 00 00 00 00 00 00 00

000:STREAM                     1281874045.759614
 0D 01 00 00 00 00 00 00

000:STREAM                     1281874045.761592
 0D 01 00 56 00 00 00 00

000:STREAM                     1281874045.763612
 0D 00 00 00 00 00 00 00

000:STREAM                     1281874045.805618
 0D 01 00 00 00 00 00 00

000:STREAM                     1281874045.807590
 0D 01 00 56 00 00 00 00

000:STREAM                     1281874045.809589
 0D 00 00 00 00 00 00 00

000:STREAM                     1281874045.849616
 0D 01 00 00 00 00 00 00

000:STREAM                     1281874045.851590
 0D 01 00 56 00 00 00 00

000:STREAM                     1281874045.853589
 0D 00 00 00 00 00 00 00

000:STREAM                     1281874045.881617
 0D 01 00 00 00 00 00 00

000:STREAM                     1281874045.883589
 0D 01 00 56 00 00 00 00

000:STREAM                     1281874045.885589
 0D 00 00 00 00 00 00 00

000:STREAM                     1281874045.911608
 0D 01 00 00 00 00 00 00

000:STREAM                     1281874045.913592
 0D 01 00 56 00 00 00 00

000:STREAM                     1281874045.915612
 0D 00 00 00 00 00 00 00

000:STREAM                     1281874045.955616
 0D 01 00 00 00 00 00 00

000:STREAM                     1281874045.957592
 0D 01 00 56 00 00 00 00

000:STREAM                     1281874045.959610
 0D 00 00 00 00 00 00 00

000:STREAM                     1281874045.987615
 0D 01 00 00 00 00 00 00

000:STREAM                     1281874045.989591
 0D 01 00 56 00 00 00 00

000:STREAM                     1281874045.991613
 0D 00 00 00 00 00 00 00

000:STREAM                     1281874046.015617
 0D 01 00 00 00 00 00 00

000:STREAM                     1281874046.017591
 0D 01 00 56 00 00 00 00

000:STREAM                     1281874046.019616
 0D 00 00 00 00 00 00 00

000:STREAM                     1281874046.047616
 0D 01 00 00 00 00 00 00

000:STREAM                     1281874046.049592
 0D 01 00 56 00 00 00 00

000:STREAM                     1281874046.051612
 0D 00 00 00 00 00 00 00

000:STREAM                     1281874046.081614
 0D 01 00 00 00 00 00 00

000:STREAM                     1281874046.083589
 0D 01 00 56 00 00 00 00

000:STREAM                     1281874046.085589
 0D 00 00 00 00 00 00 00

000:STREAM                     1281874046.109614
 0D 01 00 00 00 00 00 00

000:STREAM                     1281874046.111589
 0D 01 00 56 00 00 00 00

000:STREAM                     1281874046.113587
 0D 00 00 00 00 00 00 00

000:STREAM                     1281874046.141613
 0D 01 00 00 00 00 00 00

000:STREAM                     1281874046.143589
 0D 01 00 56 00 00 00 00

000:STREAM                     1281874046.145587
 0D 00 00 00 00 00 00 00

000:STREAM                     1281874046.181616
 0D 01 00 00 00 00 00 00

000:STREAM                     1281874046.183589
 0D 01 00 56 00 00 00 00

000:STREAM                     1281874046.185587
 0D 00 00 00 00 00 00 00

000:STREAM                     1281874046.239612
 0D 01 00 00 00 00 00 00

000:STREAM                     1281874046.241592
 0D 01 00 56 00 00 00 00

000:STREAM                     1281874046.243604
 0D 00 00 00 00 00 00 00

000:STREAM                     1281874046.267612
 0D 01 00 00 00 00 00 00

000:STREAM                     1281874046.269590
 0D 01 00 56 00 00 00 00

000:STREAM                     1281874046.271613
 0D 00 00 00 00 00 00 00

000:STREAM                     1281874046.295612
 0D 01 00 00 00 00 00 00

000:STREAM                     1281874046.297590
 0D 01 00 56 00 00 00 00

000:STREAM                     1281874046.299615
 0D 00 00 00 00 00 00 00

000:STREAM                     1281874046.327613
 0D 01 00 00 00 00 00 00

000:STREAM                     1281874046.329590
 0D 01 00 56 00 00 00 00

000:STREAM                     1281874046.331606
 0D 00 00 00 00 00 00 00

000:STREAM                     1281874046.351615
 0D 01 00 00 00 00 00 00

000:STREAM                     1281874046.353593
 0D 01 00 56 00 00 00 00

000:STREAM                     1281874046.355611
 0D 00 00 00 00 00 00 00

000:STREAM                     1281874046.381615
 0D 01 00 00 00 00 00 00

000:STREAM                     1281874046.383587
 0D 01 00 56 00 00 00 00

000:STREAM                     1281874046.385586
 0D 00 00 00 00 00 00 00

000:STREAM                     1281874046.423612
 0D 01 00 00 00 00 00 00

000:STREAM                     1281874046.425590
 0D 01 00 56 00 00 00 00

000:STREAM                     1281874046.427609
 0D 00 00 00 00 00 00 00

000:STREAM                     1281874046.459612
 0D 01 00 00 00 00 00 00

000:STREAM                     1281874046.461588
 0D 01 00 56 00 00 00 00

000:STREAM                     1281874046.463609
 0D 00 00 00 00 00 00 00

000:STREAM                     1281874046.525612
 0D 01 00 00 00 00 00 00

000:STREAM                     1281874046.527586
 0D 01 00 56 00 00 00 00

000:STREAM                     1281874046.529585
 0D 00 00 00 00 00 00 00

000:STREAM                     1281874046.577611
 0D 01 00 00 00 00 00 00

000:STREAM                     1281874046.579586
 0D 01 00 56 00 00 00 00

000:STREAM                     1281874046.581586
 0D 00 00 00 00 00 00 00

000:STREAM                     1281874046.613614
 0D 01 00 00 00 00 00 00

000:STREAM                     1281874046.615585
 0D 01 00 56 00 00 00 00

000:STREAM                     1281874046.617585
 0D 00 00 00 00 00 00 00

000:STREAM                     1281874046.651609
 0D 01 00 00 00 00 00 00

000:STREAM                     1281874046.653586
 0D 01 00 56 00 00 00 00

000:STREAM                     1281874046.655607
 0D 00 00 00 00 00 00 00

000:STREAM                     1281874046.707615
 0D 01 00 00 00 00 00 00

000:STREAM                     1281874046.709590
 0D 01 00 56 00 00 00 00

000:STREAM                     1281874046.710621
 0D 00 00 00 00 00 00 00

000:STREAM                     1281874046.737611
 0D 01 00 00 00 00 00 00

000:STREAM                     1281874046.739587
 0D 01 00 56 00 00 00 00

000:STREAM                     1281874046.741585
 0D 00 00 00 00 00 00 00

000:STREAM                     1281874046.767614
 0D 01 00 00 00 00 00 00

000:STREAM                     1281874046.769590
 0D 01 00 56 00 00 00 00

000:STREAM                     1281874046.771601
 0D 00 00 00 00 00 00 00

000:STREAM                     1281874046.803611
 0D 01 00 00 00 00 00 00

000:STREAM                     1281874046.805587
 0D 01 00 56 00 00 00 00

000:STREAM                     1281874046.807604
 0D 00 00 00 00 00 00 00

000:STREAM                     1281874046.831614
 0D 01 00 00 00 00 00 00

000:STREAM                     1281874046.833587
 0D 01 00 56 00 00 00 00

000:STREAM                     1281874046.835605
 0D 00 00 00 00 00 00 00

000:STREAM                     1281874046.855609
 0D 01 00 00 00 00 00 00

000:STREAM                     1281874046.857586
 0D 01 00 56 00 00 00 00

000:STREAM                     1281874046.859607
 0D 00 00 00 00 00 00 00

000:STREAM                     1281874046.879610
 0D 01 00 00 00 00 00 00

000:STREAM                     1281874046.881586
 0D 01 00 56 00 00 00 00

000:STREAM                     1281874046.883605
 0D 00 00 00 00 00 00 00

000:STREAM                     1281874046.913613
 0D 01 00 00 00 00 00 00

000:STREAM                     1281874046.915585
 0D 01 00 56 00 00 00 00

000:STREAM                     1281874046.917583
 0D 00 00 00 00 00 00 00

000:STREAM                     1281874046.951610
 0D 01 00 00 00 00 00 00

000:STREAM                     1281874046.953586
 0D 01 00 56 00 00 00 00

000:STREAM                     1281874046.955609
 0D 00 00 00 00 00 00 00

000:STREAM                     1281874046.975608
 0D 01 00 00 00 00 00 00

000:STREAM                     1281874046.977587
 0D 01 00 56 00 00 00 00

000:STREAM                     1281874046.979606
 0D 00 00 00 00 00 00 00

