000:STREAM                     1281873862.996499
 10 10 FB 13 E2 24 00 00

000:STREAM                     1281873863.000484
 10 10 FC 13 E2 24 00 00

000:STREAM                     1281873863.004470
 10 10 06 14 E1 24 00 00

000:STREAM                     1281873863.010471
 10 10 14 14 E1 24 00 00

000:STREAM                     1281873863.014463
 10 10 20 14 DF 24 00 00

000:STREAM                     1281873863.018476
 10 10 2B 14 DD 24 00 00

000:STREAM                     1281873863.021485
 10 10 34 14 DB 24 00 00

000:STREAM                     1281873863.026480
 10 10 3B 14 D8 24 00 00

000:STREAM                     1281873863.032473
 10 10 42 14 D4 24 00 00

000:STREAM                     1281873863.036455
 10 10 47 14 D0 24 00 00

000:STREAM                     1281873863.040479
 10 10 4B 14 CB 24 00 00

000:STREAM                     1281873863.044469
 10 10 4E 14 C6 24 00 00

000:STREAM                     1281873863.048482
 10 10 51 14 C1 24 00 00

000:STREAM                     1281873863.052475
 10 10 52 14 BC 24 00 00

000:STREAM                     1281873863.058479
 10 10 53 14 B6 24 00 00

000:STREAM                     1281873863.062466
 10 10 53 14 B1 24 00 00

000:STREAM                     1281873863.066483
 10 10 54 14 AB 24 00 00

000:STREAM                     1281873863.070485
 10 10 53 14 A6 24 00 00

000:STREAM                     1281873863.074487
 10 10 53 14 A0 24 00 00

000:STREAM                     1281873863.078496
 10 10 52 14 9C 24 00 00

000:STREAM                     1281873863.084483
 10 10 51 14 98 24 00 00

000:STREAM                     1281873863.088481
 10 10 4F 14 94 24 00 00

000:STREAM                     1281873863.092467
 10 10 4E 14 8F 24 00 00

000:STREAM                     1281873863.096472
 10 10 4B 14 8C 24 00 00

000:STREAM                     1281873863.100468
 10 10 4A 14 89 24 00 00

000:STREAM                     1281873863.106491
 10 10 47 14 86 24 00 00

000:STREAM                     1281873863.110472
 10 10 45 14 83 24 00 00

000:STREAM                     1281873863.114477
 10 10 42 14 80 24 00 00

000:STREAM                     1281873863.117480
 10 10 40 14 7D 24 00 00

000:STREAM                     1281873863.122474
 10 10 3E 14 7B 24 00 00

000:STREAM                     1281873863.126500
 10 10 3C 14 78 24 00 00

000:STREAM                     1281873863.132483
 10 10 3A 14 75 24 00 00

000:STREAM                     1281873863.136485
 10 10 38 14 72 24 00 00

000:STREAM                     1281873863.140471
 10 10 36 14 6F 24 00 00

000:STREAM                     1281873863.144484
 10 10 34 14 6D 24 00 00

000:STREAM                     1281873863.148480
 10 10 32 14 6A 24 00 00

000:STREAM                     1281873863.152501
 10 10 31 14 67 24 00 00

000:STREAM                     1281873863.158480
 10 10 30 14 65 24 00 00

000:STREAM                     1281873863.162468
 10 10 2D 14 63 24 00 00

000:STREAM                     1281873863.166479
 10 10 2B 14 62 24 00 00

000:STREAM                     1281873863.170474
 10 10 28 14 60 24 00 00

000:STREAM                     1281873863.174474
 10 10 26 14 5E 24 00 00

000:STREAM                     1281873863.178463
 10 10 24 14 5D 24 00 00

000:STREAM                     1281873863.184480
 10 10 23 14 5B 24 00 00

000:STREAM                     1281873863.188480
 10 10 21 14 5A 24 00 00

000:STREAM                     1281873863.192481
 10 10 20 14 59 24 00 00

000:STREAM                     1281873863.196476
 10 10 1F 14 58 24 00 00

000:STREAM                     1281873863.200470
 10 10 1F 14 57 24 00 00

000:STREAM                     1281873863.206484
 10 10 1E 14 55 24 00 00

000:STREAM                     1281873863.210484
 10 10 1E 14 53 24 00 00

000:STREAM                     1281873863.214483
 10 10 1E 14 51 24 00 00

000:STREAM                     1281873863.218477
 10 10 1E 14 4F 24 00 00

000:STREAM                     1281873863.222484
 10 10 1E 14 4D 24 00 00

000:STREAM                     1281873863.226487
 10 10 1F 14 4C 24 00 00

000:STREAM                     1281873863.232474
 10 10 1F 14 4A 24 00 00

000:STREAM                     1281873863.236483
 10 10 1F 14 48 24 00 00

000:STREAM                     1281873863.240469
 10 10 1F 14 45 24 00 00

000:STREAM                     1281873863.244485
 10 10 1F 14 43 24 00 00

000:STREAM                     1281873863.248477
 10 10 1F 14 42 24 00 00

000:STREAM                     1281873863.252477
 10 10 1F 14 40 24 00 00

000:STREAM                     1281873863.258483
 10 10 1F 14 3F 24 00 00

000:STREAM                     1281873863.262466
 10 10 1F 14 3E 24 00 00

000:STREAM                     1281873863.266476
 10 10 1F 14 3D 24 00 00

000:STREAM                     1281873863.270460
 10 10 1E 14 3D 24 00 00

000:STREAM                     1281873863.274477
 10 10 1E 14 3D 24 00 00

000:STREAM                     1281873863.280486
 10 10 1E 14 3D 24 00 00

000:STREAM                     1281873863.284479
 10 10 1E 14 3D 24 00 00

000:STREAM                     1281873863.288473
 10 10 1E 14 3D 24 00 00

000:STREAM                     1281873863.292482
 10 10 1E 14 3D 24 00 00

000:STREAM                     1281873863.296477
 10 10 1E 14 3D 24 00 00

000:STREAM                     1281873863.300467
 10 10 1E 14 3D 24 00 00

000:STREAM                     1281873863.306481
 10 10 1E 14 3E 24 00 00

000:STREAM                     1281873863.310464
 10 10 1F 14 40 24 00 00

000:STREAM                     1281873863.314480
 10 10 20 14 42 24 00 00

000:STREAM                     1281873863.317478
 10 10 21 14 45 24 00 00

000:STREAM                     1281873863.322483
 10 10 21 14 47 24 00 00

000:STREAM                     1281873863.326482
 10 10 21 14 49 24 00 00

000:STREAM                     1281873863.332475
 10 10 21 14 4B 24 00 00

000:STREAM                     1281873863.336478
 10 10 22 14 4E 24 00 00

000:STREAM                     1281873863.340472
 10 10 22 14 50 24 00 00

000:STREAM                     1281873863.344484
 10 10 23 14 53 24 00 00

000:STREAM                     1281873863.348467
 10 10 24 14 57 24 00 00

000:STREAM                     1281873863.352468
 10 10 25 14 5B 24 00 00

000:STREAM                     1281873863.358473
 10 10 27 14 60 24 00 00

000:STREAM                     1281873863.362464
 10 10 28 14 65 24 00 00

000:STREAM                     1281873863.366475
 10 10 29 14 6A 24 00 00

000:STREAM                     1281873863.370462
 10 10 29 14 71 24 00 00

000:STREAM                     1281873863.374489
 10 10 2B 14 78 24 00 00

000:STREAM                     1281873863.378485
 10 10 2C 14 7F 24 00 00

000:STREAM                     1281873863.384474
 10 10 2D 14 86 24 00 00

000:STREAM                     1281873863.388459
 10 10 2F 14 8E 24 00 00

000:STREAM                     1281873863.392481
 10 10 30 14 95 24 00 00

000:STREAM                     1281873863.396477
 10 10 32 14 9B 24 00 00

000:STREAM                     1281873863.400474
 10 10 34 14 A1 24 00 00

000:STREAM                     1281873863.404481
 10 10 35 14 A6 24 00 00

000:STREAM                     1281873863.410480
 10 10 36 14 AC 24 00 00

000:STREAM                     1281873863.414472
 10 10 37 14 B1 24 00 00

000:STREAM                     1281873863.418475
 10 10 38 14 B6 24 00 00

000:STREAM                     1281873863.422485
 10 10 39 14 B9 24 00 00

000:STREAM                     1281873863.426476
 10 10 3B 14 BC 24 00 00

000:STREAM                     1281873863.432477
 10 10 3C 14 BE 24 00 00

000:STREAM                     1281873863.436469
 10 10 3D 14 BF 24 00 00

000:STREAM                     1281873863.440467
 10 10 3D 14 C1 24 00 00

000:STREAM                     1281873863.444468
 10 10 3E 14 C3 24 00 00

000:STREAM                     1281873863.448481
 10 10 3E 14 C5 24 00 00

000:STREAM                     1281873863.452478
 10 10 3F 14 C5 24 00 00

000:STREAM                     1281873863.458480
 10 10 3F 14 C6 24 00 00

000:STREAM                     1281873863.462487
 10 10 40 14 C7 24 00 00

000:STREAM                     1281873863.466486
 10 10 41 14 C8 24 00 00

000:STREAM                     1281873863.470478
 10 10 42 14 C9 24 00 00

000:STREAM                     1281873863.474455
 10 10 43 14 CC 24 00 00

000:STREAM                     1281873863.478489
 10 10 44 14 CE 24 00 00

000:STREAM                     1281873863.484491
 10 10 44 14 D0 24 00 00

000:STREAM                     1281873863.488461
 10 10 44 14 D3 24 00 00

000:STREAM                     1281873863.492476
 10 10 44 14 D5 24 00 00

000:STREAM                     1281873863.496474
 10 10 44 14 D7 24 00 00

000:STREAM                     1281873863.500468
 10 10 44 14 DA 24 00 00

000:STREAM                     1281873863.504476
 10 10 44 14 DC 24 00 00

000:STREAM                     1281873863.510474
 10 10 44 14 DF 24 00 00

000:STREAM                     1281873863.514464
 10 10 43 14 E1 24 00 00

000:STREAM                     1281873863.518473
 10 10 43 14 E2 24 00 00

000:STREAM                     1281873863.522460
 10 10 43 14 E4 24 00 00

000:STREAM                     1281873863.526476
 10 10 43 14 E4 24 00 00

000:STREAM                     1281873863.530485
 10 10 43 14 E4 24 00 00

000:STREAM                     1281873863.536472
 10 10 42 14 E4 24 00 00

000:STREAM                     1281873863.540478
 10 10 42 14 E4 24 00 00

000:STREAM                     1281873863.544474
 10 10 43 14 E3 24 00 00

000:STREAM                     1281873863.548456
 10 10 43 14 E3 24 00 00

000:STREAM                     1281873863.552481
 10 10 43 14 E3 24 00 00

000:STREAM                     1281873863.556474
 10 10 43 14 E2 24 00 00

000:STREAM                     1281873863.562478
 10 10 43 14 E0 24 00 00

000:STREAM                     1281873863.566470
 10 10 43 14 DE 24 00 00

000:STREAM                     1281873863.570480
 10 10 43 14 DB 24 00 00

000:STREAM                     1281873863.574485
 10 10 43 14 D8 24 00 00

000:STREAM                     1281873863.578486
 10 10 43 14 D5 24 00 00

000:STREAM                     1281873863.582494
 10 10 43 14 D3 24 00 00

000:STREAM                     1281873863.588482
 10 10 43 14 D1 24 00 00

000:STREAM                     1281873863.592475
 10 10 43 14 D0 24 00 00

000:STREAM                     1281873863.596475
 10 10 43 14 CE 24 00 00

000:STREAM                     1281873863.600472
 10 10 43 14 CD 24 00 00

000:STREAM                     1281873863.604475
 10 10 44 14 CB 24 00 00

000:STREAM                     1281873863.608478
 10 10 44 14 CA 24 00 00

000:STREAM                     1281873863.614479
 10 10 44 14 C9 24 00 00

000:STREAM                     1281873863.618459
 10 10 44 14 C8 24 00 00

000:STREAM                     1281873863.622473
 10 10 44 14 C8 24 00 00

000:STREAM                     1281873863.626456
 10 10 44 14 C7 24 00 00

000:STREAM                     1281873863.630494
 10 10 44 14 C6 24 00 00

000:STREAM                     1281873863.634480
 10 10 44 14 C5 24 00 00

000:STREAM                     1281873863.640474
 10 10 44 14 C5 24 00 00

000:STREAM                     1281873863.644456
 10 10 45 14 C4 24 00 00

000:STREAM                     1281873863.648481
 10 10 45 14 C3 24 00 00

000:STREAM                     1281873863.652482
 10 10 46 14 C3 24 00 00

000:STREAM                     1281873863.656472
 10 10 47 14 C1 24 00 00

000:STREAM                     1281873863.660474
 10 10 48 14 BF 24 00 00

000:STREAM                     1281873863.666480
 10 10 49 14 BE 24 00 00

000:STREAM                     1281873863.670468
 10 10 49 14 BC 24 00 00

000:STREAM                     1281873863.674473
 10 10 49 14 BB 24 00 00

000:STREAM                     1281873863.678447
 10 10 4A 14 B8 24 00 00

000:STREAM                     1281873863.682482
 10 10 49 14 B4 24 00 00

000:STREAM                     1281873863.688469
 10 10 4A 14 B0 24 00 00

000:STREAM                     1281873863.692476
 10 10 4A 14 AE 24 00 00

000:STREAM                     1281873863.696483
 10 10 4A 14 AA 24 00 00

000:STREAM                     1281873863.700490
 10 10 49 14 A6 24 00 00

000:STREAM                     1281873863.704475
 10 10 48 14 A3 24 00 00

000:STREAM                     1281873863.708466
 10 10 47 14 A0 24 00 00

000:STREAM                     1281873863.714479
 10 10 46 14 9D 24 00 00

000:STREAM                     1281873863.718491
 10 10 45 14 9A 24 00 00

000:STREAM                     1281873863.722472
 10 10 44 14 97 24 00 00

000:STREAM                     1281873863.726482
 10 10 43 14 94 24 00 00

000:STREAM                     1281873863.730482
 10 10 42 14 91 24 00 00

000:STREAM                     1281873863.734474
 10 10 41 14 8F 24 00 00

000:STREAM                     1281873863.740468
 10 10 3F 14 8C 24 00 00

000:STREAM                     1281873863.744465
 10 10 3E 14 8A 24 00 00

000:STREAM                     1281873863.748479
 10 10 3D 14 87 24 00 00

000:STREAM                     1281873863.752474
 10 10 3C 14 85 24 00 00

000:STREAM                     1281873863.756481
 10 10 3B 14 83 24 00 00

000:STREAM                     1281873863.760474
 10 10 3A 14 82 24 00 00

000:STREAM                     1281873863.766481
 10 10 38 14 81 24 00 00

000:STREAM                     1281873863.770461
 10 10 37 14 81 24 00 00

000:STREAM                     1281873863.774481
 10 10 36 14 80 24 00 00

000:STREAM                     1281873863.778478
 10 10 34 14 80 24 00 00

000:STREAM                     1281873863.782484
 10 10 32 14 80 24 00 00

000:STREAM                     1281873863.788475
 10 10 31 14 80 24 00 00

000:STREAM                     1281873863.792465
 10 10 2F 14 81 24 00 00

000:STREAM                     1281873863.796466
 10 10 2E 14 82 24 00 00

000:STREAM                     1281873863.800476
 10 10 2C 14 84 24 00 00

000:STREAM                     1281873863.804475
 10 10 2B 14 84 24 00 00

000:STREAM                     1281873863.808466
 10 10 29 14 85 24 00 00

000:STREAM                     1281873863.814475
 10 10 28 14 86 24 00 00

000:STREAM                     1281873863.818462
 10 10 27 14 86 24 00 00

000:STREAM                     1281873863.822477
 10 10 26 14 87 24 00 00

000:STREAM                     1281873863.826485
 10 10 26 14 87 24 00 00

000:STREAM                     1281873863.830482
 10 10 26 14 87 24 00 00

000:STREAM                     1281873863.834487
 10 10 26 14 87 24 00 00

000:STREAM                     1281873863.840479
 10 10 26 14 87 24 00 00

000:STREAM                     1281873863.844469
 10 10 26 14 85 24 00 00

000:STREAM                     1281873863.848480
 10 10 27 14 84 24 00 00

000:STREAM                     1281873863.852476
 10 10 28 14 83 24 00 00

000:STREAM                     1281873863.856470
 10 10 29 14 82 24 00 00

000:STREAM                     1281873863.862476
 10 10 29 14 81 24 00 00

000:STREAM                     1281873863.866481
 10 10 2A 14 81 24 00 00

000:STREAM                     1281873863.870473
 10 10 2B 14 81 24 00 00

000:STREAM                     1281873863.874474
 10 10 2C 14 80 24 00 00

000:STREAM                     1281873863.878472
 10 10 2D 14 7F 24 00 00

000:STREAM                     1281873863.882478
 10 10 2D 14 7F 24 00 00

000:STREAM                     1281873863.888472
 10 10 2E 14 80 24 00 00

000:STREAM                     1281873863.892467
 10 10 2E 14 80 24 00 00

000:STREAM                     1281873863.896479
 10 10 2E 14 82 24 00 00

000:STREAM                     1281873863.900472
 10 10 2E 14 84 24 00 00

000:STREAM                     1281873863.904472
 10 10 2D 14 86 24 00 00

000:STREAM                     1281873863.908478
 10 10 2D 14 88 24 00 00

000:STREAM                     1281873863.914478
 10 10 2C 14 89 24 00 00

000:STREAM                     1281873863.918463
 10 10 2C 14 8A 24 00 00

000:STREAM                     1281873863.922470
 10 10 2C 14 8B 24 00 00

000:STREAM                     1281873863.926470
 10 10 2B 14 8C 24 00 00

000:STREAM                     1281873863.930472
 10 10 2B 14 8D 24 00 00

000:STREAM                     1281873863.934460
 10 10 2B 14 8D 24 00 00

000:STREAM                     1281873863.940472
 10 10 2C 14 8E 24 00 00

000:STREAM                     1281873863.944481
 10 10 2C 14 8F 24 00 00

000:STREAM                     1281873863.948476
 10 10 2C 14 91 24 00 00

000:STREAM                     1281873863.952467
 10 10 2C 14 91 24 00 00

000:STREAM                     1281873863.956477
 10 10 2C 14 92 24 00 00

000:STREAM                     1281873863.962472
 10 10 2D 14 94 24 00 00

000:STREAM                     1281873863.966466
 10 10 2E 14 96 24 00 00

000:STREAM                     1281873863.970472
 10 10 2E 14 97 24 00 00

000:STREAM                     1281873863.974481
 10 10 2E 14 98 24 00 00

000:STREAM                     1281873863.978474
 10 10 2F 14 99 24 00 00

000:STREAM                     1281873863.982471
 10 10 2E 14 9A 24 00 00

000:STREAM                     1281873863.988473
 10 10 2E 14 9C 24 00 00

000:STREAM                     1281873863.992472
 10 10 2E 14 9E 24 00 00

000:STREAM                     1281873863.996475
 10 10 2D 14 9F 24 00 00

000:STREAM                     1281873864.000469
 10 10 2D 14 A1 24 00 00

000:STREAM                     1281873864.004479
 10 10 2C 14 A3 24 00 00

000:STREAM                     1281873864.008477
 10 10 2C 14 A4 24 00 00

000:STREAM                     1281873864.014475
 10 10 2B 14 A5 24 00 00

000:STREAM                     1281873864.018483
 10 10 2B 14 A5 24 00 00

000:STREAM                     1281873864.022484
 10 10 2B 14 A6 24 00 00

000:STREAM                     1281873864.026473
 10 10 2A 14 A8 24 00 00

000:STREAM                     1281873864.030464
 10 10 2A 14 A9 24 00 00

000:STREAM                     1281873864.034487
 10 10 2A 14 AB 24 00 00

000:STREAM                     1281873864.040472
 10 10 2A 14 AD 24 00 00

000:STREAM                     1281873864.044454
 10 10 2A 14 AF 24 00 00

000:STREAM                     1281873864.048478
 10 10 2A 14 B0 24 00 00

000:STREAM                     1281873864.052473
 10 10 2A 14 B2 24 00 00

000:STREAM                     1281873864.056473
 10 10 29 14 B4 24 00 00

000:STREAM                     1281873864.060477
 10 10 29 14 B8 24 00 00

000:STREAM                     1281873864.066470
 10 10 28 14 BC 24 00 00

000:STREAM                     1281873864.070470
 10 10 27 14 BE 24 00 00

000:STREAM                     1281873864.074471
 10 10 27 14 C0 24 00 00

000:STREAM                     1281873864.078455
 10 10 25 14 C2 24 00 00

000:STREAM                     1281873864.082476
 10 10 25 14 C3 24 00 00

000:STREAM                     1281873864.086479
 10 10 25 14 C4 24 00 00

000:STREAM                     1281873864.092472
 10 10 24 14 C4 24 00 00

000:STREAM                     1281873864.096474
 10 10 23 14 C3 24 00 00

000:STREAM                     1281873864.100467
 10 10 23 14 C2 24 00 00

000:STREAM                     1281873864.104454
 10 10 21 14 C0 24 00 00

000:STREAM                     1281873864.108437
 10 10 20 14 BC 24 00 00

000:STREAM                     1281873864.114481
 10 10 1F 14 BB 24 00 00

000:STREAM                     1281873864.118482
 10 10 1F 14 B8 24 00 00

000:STREAM                     1281873864.122478
 10 10 1F 14 B5 24 00 00

000:STREAM                     1281873864.126476
 10 10 1D 14 B2 24 00 00

000:STREAM                     1281873864.130471
 10 10 1C 14 AE 24 00 00

000:STREAM                     1281873864.134485
 10 10 1B 14 AC 24 00 00

000:STREAM                     1281873864.162481
 10 12 18 14 A9 24 FF 03

000:STREAM                     1281873864.166460
 10 12 18 14 AB 24 FF 03

000:STREAM                     1281873864.170480
 10 12 18 14 AB 24 FF 03

000:STREAM                     1281873864.174480
 10 12 18 14 AB 24 FF 03

000:STREAM                     1281873864.180471
 10 12 18 14 AB 24 FF 03

000:STREAM                     1281873864.184474
 10 12 18 14 AB 24 FF 03

000:STREAM                     1281873864.188468
 10 12 18 14 AB 24 FF 03

000:STREAM                     1281873864.192455
 10 12 18 14 AB 24 FF 03

000:STREAM                     1281873864.198473
 10 12 17 14 AA 24 FF 03

000:STREAM                     1281873864.202460
 10 12 17 14 AA 24 FF 03

000:STREAM                     1281873864.206471
 10 12 17 14 AA 24 FF 03

000:STREAM                     1281873864.210460
 10 12 17 14 AA 24 FF 03

000:STREAM                     1281873864.216472
 10 12 17 14 A9 24 FF 03

000:STREAM                     1281873864.220477
 10 12 16 14 A9 24 FF 03

000:STREAM                     1281873864.224473
 10 12 14 14 A7 24 FF 03

000:STREAM                     1281873864.228470
 10 12 14 14 A6 24 FF 03

000:STREAM                     1281873864.234482
 10 12 13 14 A5 24 FF 03

000:STREAM                     1281873864.238458
 10 12 13 14 A4 24 FF 03

000:STREAM                     1281873864.242482
 10 12 12 14 A5 24 FF 03

000:STREAM                     1281873864.246476
 10 12 10 14 A7 24 FF 03

000:STREAM                     1281873864.252470
 10 12 10 14 AB 24 FF 03

000:STREAM                     1281873864.256473
 10 12 0F 14 AE 24 FF 03

000:STREAM                     1281873864.260467
 10 12 0E 14 B3 24 FF 03

000:STREAM                     1281873864.264468
 10 12 0D 14 B8 24 FF 03

000:STREAM                     1281873864.270482
 10 12 0D 14 BD 24 FF 03

000:STREAM                     1281873864.274469
 10 12 0D 14 C3 24 FF 03

000:STREAM                     1281873864.278472
 10 12 0B 14 C9 24 FF 03

000:STREAM                     1281873864.282473
 10 12 0B 14 CF 24 FF 03

000:STREAM                     1281873864.288477
 10 12 0B 14 D5 24 FF 03

000:STREAM                     1281873864.292472
 10 12 0B 14 DD 24 FF 03

000:STREAM                     1281873864.296472
 10 12 0C 14 E4 24 FF 03

000:STREAM                     1281873864.300479
 10 12 0C 14 E9 24 FF 03

000:STREAM                     1281873864.306479
 10 12 0C 14 EE 24 FF 03

000:STREAM                     1281873864.310457
 10 12 0D 14 F3 24 FF 03

000:STREAM                     1281873864.314477
 10 12 0F 14 FA 24 FF 03

000:STREAM                     1281873864.336482
 10 10 0E 14 02 25 00 00

000:STREAM                     1281873864.340471
 10 10 0C 14 0C 25 00 00

000:STREAM                     1281873864.344468
 10 10 0C 14 17 25 00 00

000:STREAM                     1281873864.350478
 10 10 0D 14 1E 25 00 00

000:STREAM                     1281873864.353514
 10 10 0C 14 26 25 00 00

000:STREAM                     1281873864.358477
 10 10 0B 14 30 25 00 00

000:STREAM                     1281873864.362468
 10 10 09 14 37 25 00 00

000:STREAM                     1281873864.366470
 10 10 08 14 3D 25 00 00

000:STREAM                     1281873864.372472
 10 10 09 14 43 25 00 00

000:STREAM                     1281873864.376476
 10 10 0A 14 49 25 00 00

000:STREAM                     1281873864.380471
 10 10 0B 14 4F 25 00 00

000:STREAM                     1281873864.384469
 10 10 0C 14 54 25 00 00

000:STREAM                     1281873864.388475
 10 10 0D 14 58 25 00 00

000:STREAM                     1281873864.392474
 10 10 0E 14 5C 25 00 00

000:STREAM                     1281873864.398478
 10 10 0E 14 5E 25 00 00

000:STREAM                     1281873864.402478
 10 10 0E 14 5F 25 00 00

000:STREAM                     1281873864.406478
 10 10 0D 14 5E 25 00 00

000:STREAM                     1281873864.410479
 10 10 0D 14 5F 25 00 00

000:STREAM                     1281873864.414472
 10 10 0C 14 5F 25 00 00

000:STREAM                     1281873864.418471
 10 10 0B 14 5E 25 00 00

000:STREAM                     1281873864.424477
 10 10 0A 14 5C 25 00 00

000:STREAM                     1281873864.428463
 10 10 08 14 5C 25 00 00

000:STREAM                     1281873864.432462
 10 10 08 14 5A 25 00 00

000:STREAM                     1281873864.436460
 10 10 09 14 56 25 00 00

000:STREAM                     1281873864.440472
 10 10 07 14 52 25 00 00

000:STREAM                     1281873864.444468
 10 10 07 14 50 25 00 00

000:STREAM                     1281873864.450476
 10 10 07 14 4C 25 00 00

000:STREAM                     1281873864.454482
 10 10 07 14 4A 25 00 00

000:STREAM                     1281873864.458483
 10 10 06 14 45 25 00 00

000:STREAM                     1281873864.462472
 10 10 05 14 41 25 00 00

000:STREAM                     1281873864.466475
 10 10 04 14 3B 25 00 00

000:STREAM                     1281873864.472479
 10 10 03 14 36 25 00 00

000:STREAM                     1281873864.476469
 10 10 03 14 31 25 00 00

000:STREAM                     1281873864.480477
 10 10 03 14 2D 25 00 00

000:STREAM                     1281873864.484475
 10 10 02 14 28 25 00 00

000:STREAM                     1281873864.488464
 10 10 00 14 27 25 00 00

000:STREAM                     1281873864.492474
 10 10 FF 13 26 25 00 00

000:STREAM                     1281873864.498470
 10 10 FE 13 23 25 00 00

000:STREAM                     1281873864.502461
 10 10 FD 13 20 25 00 00

000:STREAM                     1281873864.506472
 10 10 FB 13 1D 25 00 00

000:STREAM                     1281873864.510491
 10 10 FB 13 1B 25 00 00

000:STREAM                     1281873864.514476
 10 10 FB 13 1A 25 00 00

000:STREAM                     1281873864.518479
 10 10 FA 13 1A 25 00 00

000:STREAM                     1281873864.524469
 10 10 F9 13 19 25 00 00

000:STREAM                     1281873864.528474
 10 10 F9 13 19 25 00 00

000:STREAM                     1281873864.532468
 10 10 F8 13 17 25 00 00

000:STREAM                     1281873864.536452
 10 10 F8 13 15 25 00 00

000:STREAM                     1281873864.540477
 10 10 F9 13 15 25 00 00

000:STREAM                     1281873864.546481
 10 10 F9 13 14 25 00 00

000:STREAM                     1281873864.550470
 10 10 F8 13 14 25 00 00

000:STREAM                     1281873864.554471
 10 10 F8 13 14 25 00 00

000:STREAM                     1281873864.558461
 10 10 F8 13 12 25 00 00

000:STREAM                     1281873864.562469
 10 10 F7 13 10 25 00 00

000:STREAM                     1281873864.566466
 10 10 F5 13 0C 25 00 00

000:STREAM                     1281873864.572475
 10 10 F5 13 0A 25 00 00

000:STREAM                     1281873864.576474
 10 10 F5 13 08 25 00 00

000:STREAM                     1281873864.601489
 10 12 F3 13 C5 24 FF 03

000:STREAM                     1281873864.606457
 10 12 F3 13 D3 24 FF 03

000:STREAM                     1281873864.610470
 10 12 F4 13 DE 24 FF 03

000:STREAM                     1281873864.616480
 10 12 F4 13 E4 24 FF 03

000:STREAM                     1281873864.620460
 10 12 F3 13 E9 24 FF 03

000:STREAM                     1281873864.624468
 10 12 F2 13 EC 24 FF 03

000:STREAM                     1281873864.628471
 10 12 F1 13 EF 24 FF 03

000:STREAM                     1281873864.634474
 10 12 F1 13 F0 24 FF 03

000:STREAM                     1281873864.638478
 10 12 F1 13 F2 24 FF 03

000:STREAM                     1281873864.642485
 10 12 F0 13 F2 24 FF 03

000:STREAM                     1281873864.646478
 10 12 F1 13 F1 24 FF 03

000:STREAM                     1281873864.652475
 10 12 F1 13 F1 24 FF 03

000:STREAM                     1281873864.656461
 10 12 F1 13 F1 24 FF 03

000:STREAM                     1281873864.660459
 10 12 F1 13 F1 24 FF 03

000:STREAM                     1281873864.664463
 10 12 F0 13 F0 24 FF 03

000:STREAM                     1281873864.670474
 10 12 F0 13 F0 24 FF 03

000:STREAM                     1281873864.674476
 10 12 F0 13 F0 24 FF 03

000:STREAM                     1281873864.678476
 10 12 F0 13 F0 24 FF 03

000:STREAM                     1281873864.682468
 10 12 F0 13 F0 24 FF 03

000:STREAM                     1281873864.688474
 10 12 F0 13 F0 24 FF 03

000:STREAM                     1281873864.692461
 10 12 F0 13 F0 24 FF 03

000:STREAM                     1281873864.696461
 10 12 F0 13 EF 24 FF 03

000:STREAM                     1281873864.700463
 10 12 EE 13 EC 24 FF 03

000:STREAM                     1281873864.706474
 10 12 ED 13 EB 24 FF 03

000:STREAM                     1281873864.710474
 10 12 ED 13 E9 24 FF 03

000:STREAM                     1281873864.714483
 10 12 ED 13 E8 24 FF 03

000:STREAM                     1281873864.720470
 10 12 EB 13 E6 24 FF 03

000:STREAM                     1281873864.724459
 10 12 EA 13 E4 24 FF 03

000:STREAM                     1281873864.728469
 10 12 E8 13 E3 24 FF 03

000:STREAM                     1281873864.732468
 10 12 E9 13 E2 24 FF 03

000:STREAM                     1281873864.738473
 10 12 E8 13 E1 24 FF 03

000:STREAM                     1281873864.742459
 10 12 E8 13 E1 24 FF 03

000:STREAM                     1281873864.746466
 10 12 E8 13 E1 24 FF 03

000:STREAM                     1281873864.750455
 10 12 E7 13 E1 24 FF 03

000:STREAM                     1281873864.756474
 10 12 E7 13 E1 24 FF 03

000:STREAM                     1281873864.760475
 10 12 E7 13 E1 24 FF 03

000:STREAM                     1281873864.764472
 10 12 E7 13 E2 24 FF 03

000:STREAM                     1281873864.768460
 10 12 E5 13 E3 24 FF 03

000:STREAM                     1281873864.774472
 10 12 E4 13 E4 24 FF 03

000:STREAM                     1281873864.794476
 10 10 E3 13 E4 24 00 00

000:STREAM                     1281873864.800477
 10 10 E3 13 E5 24 00 00

000:STREAM                     1281873864.804468
 10 10 E2 13 E7 24 00 00

000:STREAM                     1281873864.808469
 10 10 E2 13 E9 24 00 00

000:STREAM                     1281873864.812471
 10 10 E3 13 E9 24 00 00

000:STREAM                     1281873864.816465
 10 10 E3 13 E9 24 00 00

000:STREAM                     1281873864.820472
 10 10 E3 13 E9 24 00 00

000:STREAM                     1281873864.826475
 10 10 E4 13 E8 24 00 00

000:STREAM                     1281873864.830468
 10 10 E5 13 E8 24 00 00

000:STREAM                     1281873864.834481
 10 10 E5 13 E7 24 00 00

000:STREAM                     1281873864.838478
 10 10 E5 13 E7 24 00 00

000:STREAM                     1281873864.842478
 10 10 E5 13 E7 24 00 00

000:STREAM                     1281873864.848472
 10 10 E4 13 E7 24 00 00

000:STREAM                     1281873864.852471
 10 10 E4 13 E7 24 00 00

000:STREAM                     1281873864.856467
 10 10 E5 13 E7 24 00 00

000:STREAM                     1281873864.860460
 10 10 E5 13 E7 24 00 00

000:STREAM                     1281873864.864469
 10 10 E5 13 E7 24 00 00

000:STREAM                     1281873864.868471
 10 10 E5 13 E7 24 00 00

000:STREAM                     1281873864.874471
 10 10 E5 13 E8 24 00 00

000:STREAM                     1281873864.878454
 10 10 E5 13 E8 24 00 00

000:STREAM                     1281873864.882465
 10 10 E6 13 E7 24 00 00

000:STREAM                     1281873864.886452
 10 10 E7 13 E6 24 00 00

000:STREAM                     1281873864.890490
 10 10 E8 13 E6 24 00 00

000:STREAM                     1281873864.894478
 10 10 E9 13 E5 24 00 00

000:STREAM                     1281873864.900467
 10 10 EA 13 E5 24 00 00

000:STREAM                     1281873864.904450
 10 10 EA 13 E7 24 00 00

000:STREAM                     1281873864.908466
 10 10 EA 13 E9 24 00 00

000:STREAM                     1281873864.912474
 10 10 EA 13 EB 24 00 00

000:STREAM                     1281873864.916466
 10 10 EA 13 EB 24 00 00

000:STREAM                     1281873864.920467
 10 10 E9 13 EB 24 00 00

000:STREAM                     1281873864.926474
 10 10 E8 13 EA 24 00 00

000:STREAM                     1281873864.930453
 10 10 E8 13 E9 24 00 00

000:STREAM                     1281873864.934465
 10 10 E8 13 E9 24 00 00

000:STREAM                     1281873864.938452
 10 10 E8 13 E9 24 00 00

000:STREAM                     1281873864.942474
 10 10 E8 13 E8 24 00 00

000:STREAM                     1281873864.948471
 10 10 E7 13 E7 24 00 00

000:STREAM                     1281873864.952471
 10 10 E6 13 E5 24 00 00

000:STREAM                     1281873864.956467
 10 10 E5 13 E5 24 00 00

000:STREAM                     1281873864.960449
 10 10 E5 13 E4 24 00 00

000:STREAM                     1281873864.964475
 10 10 E5 13 E2 24 00 00

000:STREAM                     1281873864.968470
 10 10 E5 13 E2 24 00 00

000:STREAM                     1281873864.974466
 10 10 E5 13 E2 24 00 00

000:STREAM                     1281873864.978454
 10 10 E5 13 E2 24 00 00

000:STREAM                     1281873864.982480
 10 10 E5 13 E2 24 00 00

000:STREAM                     1281873864.986478
 10 10 E5 13 E2 24 00 00

000:STREAM                     1281873864.990466
 10 10 E4 13 E2 24 00 00

000:STREAM                     1281873864.994467
 10 10 E4 13 E2 24 00 00

000:STREAM                     1281873865.000451
 10 10 E4 13 E2 24 00 00

000:STREAM                     1281873865.004474
 10 10 E4 13 E2 24 00 00

000:STREAM                     1281873865.124473
 10 00 E4 13 E2 24 00 00

000:STREAM                     1281873865.912481
 10 10 A4 12 A1 23 00 00

000:STREAM                     1281873865.918465
 10 10 FB 13 FA 23 00 00

000:STREAM                     1281873865.922449
 10 10 FB 13 F1 23 00 00

000:STREAM                     1281873865.926475
 10 10 F7 13 F1 23 00 00

000:STREAM                     1281873865.930457
 10 10 E1 13 F1 23 00 00

000:STREAM                     1281873865.934468
 10 10 C5 13 EF 23 00 00

000:STREAM                     1281873865.938432
 10 10 AF 13 ED 23 00 00

000:STREAM                     1281873865.942480
 10 10 9F 13 EA 23 00 00

000:STREAM                     1281873865.948460
 10 10 92 13 E6 23 00 00

000:STREAM                     1281873865.952467
 10 10 87 13 E5 23 00 00

000:STREAM                     1281873865.956457
 10 10 7F 13 E3 23 00 00

000:STREAM                     1281873865.960469
 10 10 79 13 E1 23 00 00

000:STREAM                     1281873865.964459
 10 10 74 13 E0 23 00 00

000:STREAM                     1281873865.970464
 10 10 70 13 DF 23 00 00

000:STREAM                     1281873865.973452
 10 10 6D 13 DE 23 00 00

000:STREAM                     1281873865.978473
 10 10 6A 13 DE 23 00 00

000:STREAM                     1281873865.982453
 10 10 69 13 DE 23 00 00

000:STREAM                     1281873865.986468
 10 10 68 13 DD 23 00 00

000:STREAM                     1281873865.990466
 10 10 67 13 DD 23 00 00

000:STREAM                     1281873865.996471
 10 10 67 13 DC 23 00 00

000:STREAM                     1281873866.000467
 10 10 66 13 DD 23 00 00

000:STREAM                     1281873866.004463
 10 10 66 13 DD 23 00 00

000:STREAM                     1281873866.008455
 10 10 66 13 DD 23 00 00

000:STREAM                     1281873866.012455
 10 10 66 13 DD 23 00 00

000:STREAM                     1281873866.016455
 10 10 66 13 DD 23 00 00

000:STREAM                     1281873866.022471
 10 10 66 13 DD 23 00 00

000:STREAM                     1281873866.026474
 10 10 66 13 DD 23 00 00

000:STREAM                     1281873866.030475
 10 10 66 13 DD 23 00 00

000:STREAM                     1281873866.034455
 10 10 66 13 DD 23 00 00

000:STREAM                     1281873866.038462
 10 10 66 13 DD 23 00 00

000:STREAM                     1281873866.044469
 10 10 66 13 DD 23 00 00

000:STREAM                     1281873866.048463
 10 10 66 13 DD 23 00 00

000:STREAM                     1281873866.052469
 10 10 66 13 DD 23 00 00

000:STREAM                     1281873866.056462
 10 10 66 13 DD 23 00 00

000:STREAM                     1281873866.060466
 10 10 66 13 DD 23 00 00

000:STREAM                     1281873866.064454
 10 10 65 13 DD 23 00 00

000:STREAM                     1281873866.070468
 10 10 64 13 DD 23 00 00

000:STREAM                     1281873866.074461
 10 10 64 13 DD 23 00 00

000:STREAM                     1281873866.078462
 10 10 63 13 DD 23 00 00

000:STREAM                     1281873866.082461
 10 10 61 13 DE 23 00 00

000:STREAM                     1281873866.086461
 10 10 5F 13 E0 23 00 00

000:STREAM                     1281873866.090469
 10 10 5C 13 E2 23 00 00

000:STREAM                     1281873866.096468
 10 10 5A 13 E4 23 00 00

000:STREAM                     1281873866.100464
 10 10 59 13 E2 23 00 00

000:STREAM                     1281873866.104463
 10 10 57 13 E1 23 00 00

000:STREAM                     1281873866.108444
 10 10 55 13 E0 23 00 00

000:STREAM                     1281873866.112460
 10 10 53 13 E0 23 00 00

000:STREAM                     1281873866.116467
 10 10 52 13 DE 23 00 00

000:STREAM                     1281873866.122470
 10 10 50 13 DD 23 00 00

000:STREAM                     1281873866.126451
 10 10 4E 13 D9 23 00 00

000:STREAM                     1281873866.130465
 10 10 4D 13 D7 23 00 00

000:STREAM                     1281873866.134442
 10 10 4C 13 D4 23 00 00

000:STREAM                     1281873866.138480
 10 10 4B 13 D2 23 00 00

000:STREAM                     1281873866.144471
 10 10 4B 13 D0 23 00 00

000:STREAM                     1281873866.148464
 10 10 4A 13 CE 23 00 00

000:STREAM                     1281873866.152463
 10 10 4A 13 CB 23 00 00

000:STREAM                     1281873866.156444
 10 10 4A 13 C9 23 00 00

000:STREAM                     1281873866.160469
 10 10 4A 13 C9 23 00 00

000:STREAM                     1281873866.164464
 10 10 4A 13 C9 23 00 00

000:STREAM                     1281873866.170458
 10 10 4A 13 C9 23 00 00

000:STREAM                     1281873866.174470
 10 10 4A 13 C9 23 00 00

000:STREAM                     1281873866.178476
 10 10 4A 13 C9 23 00 00

000:STREAM                     1281873866.182463
 10 10 4A 13 CA 23 00 00

000:STREAM                     1281873866.186448
 10 10 4A 13 CD 23 00 00

000:STREAM                     1281873866.190466
 10 10 4A 13 CF 23 00 00

000:STREAM                     1281873866.196469
 10 10 4A 13 D2 23 00 00

000:STREAM                     1281873866.200461
 10 10 4B 13 D3 23 00 00

000:STREAM                     1281873866.204461
 10 10 4B 13 D6 23 00 00

000:STREAM                     1281873866.208444
 10 10 4B 13 D8 23 00 00

000:STREAM                     1281873866.212457
 10 10 4B 13 DB 23 00 00

000:STREAM                     1281873866.218470
 10 10 4C 13 DB 23 00 00

000:STREAM                     1281873866.222447
 10 10 4D 13 DE 23 00 00

000:STREAM                     1281873866.226471
 10 10 4D 13 E0 23 00 00

000:STREAM                     1281873866.230472
 10 10 4D 13 E1 23 00 00

000:STREAM                     1281873866.234469
 10 10 4E 13 E1 23 00 00

000:STREAM                     1281873866.238460
 10 10 4E 13 E1 23 00 00

000:STREAM                     1281873866.244460
 10 10 4F 13 E2 23 00 00

000:STREAM                     1281873866.248464
 10 10 4F 13 E2 23 00 00

000:STREAM                     1281873866.252468
 10 10 4F 13 E3 23 00 00

000:STREAM                     1281873866.256464
 10 10 4F 13 E4 23 00 00

000:STREAM                     1281873866.260462
 10 10 50 13 E5 23 00 00

000:STREAM                     1281873866.264445
 10 10 50 13 E6 23 00 00

000:STREAM                     1281873866.270467
 10 10 50 13 E8 23 00 00

000:STREAM                     1281873866.274450
 10 10 50 13 EA 23 00 00

000:STREAM                     1281873866.278463
 10 10 50 13 EB 23 00 00

000:STREAM                     1281873866.282476
 10 10 4F 13 EC 23 00 00

000:STREAM                     1281873866.286470
 10 10 4F 13 ED 23 00 00

000:STREAM                     1281873866.290482
 10 10 50 13 EF 23 00 00

000:STREAM                     1281873866.296469
 10 10 50 13 F0 23 00 00

000:STREAM                     1281873866.300453
 10 10 50 13 F1 23 00 00

000:STREAM                     1281873866.304450
 10 10 4F 13 F2 23 00 00

000:STREAM                     1281873866.308453
 10 10 4F 13 F3 23 00 00

000:STREAM                     1281873866.312463
 10 10 4F 13 F2 23 00 00

000:STREAM                     1281873866.318464
 10 10 4F 13 F2 23 00 00

000:STREAM                     1281873866.322450
 10 10 4F 13 F2 23 00 00

000:STREAM                     1281873866.326462
 10 10 4F 13 F2 23 00 00

000:STREAM                     1281873866.330446
 10 10 4F 13 F2 23 00 00

000:STREAM                     1281873866.334477
 10 10 4F 13 F2 23 00 00

000:STREAM                     1281873866.338469
 10 10 4F 13 F2 23 00 00

000:STREAM                     1281873866.344460
 10 10 4F 13 F2 23 00 00

000:STREAM                     1281873866.348465
 10 10 50 13 F2 23 00 00

000:STREAM                     1281873866.352459
 10 10 51 13 F1 23 00 00

000:STREAM                     1281873866.356463
 10 10 51 13 F1 23 00 00

000:STREAM                     1281873866.360462
 10 10 50 13 F1 23 00 00

000:STREAM                     1281873866.364453
 10 10 50 13 F1 23 00 00

000:STREAM                     1281873866.370473
 10 10 50 13 F1 23 00 00

000:STREAM                     1281873866.374459
 10 10 50 13 F1 23 00 00

000:STREAM                     1281873866.378460
 10 10 50 13 F1 23 00 00

000:STREAM                     1281873866.382475
 10 10 50 13 F1 23 00 00

000:STREAM                     1281873866.386465
 10 10 50 13 F1 23 00 00

000:STREAM                     1281873866.392462
 10 10 50 13 F1 23 00 00

000:STREAM                     1281873866.396455
 10 10 50 13 F1 23 00 00

000:STREAM                     1281873866.400468
 10 10 50 13 F1 23 00 00

000:STREAM                     1281873866.404462
 10 10 50 13 F1 23 00 00

000:STREAM                     1281873866.408455
 10 10 50 13 F1 23 00 00

000:STREAM                     1281873866.412462
 10 10 50 13 F1 23 00 00

000:STREAM                     1281873866.418460
 10 10 50 13 F1 23 00 00

000:STREAM                     1281873866.422473
 10 10 50 13 F1 23 00 00

000:STREAM                     1281873866.426467
 10 10 50 13 F1 23 00 00

000:STREAM                     1281873866.430455
 10 10 50 13 F1 23 00 00

000:STREAM                     1281873866.434460
 10 10 50 13 F1 23 00 00

000:STREAM                     1281873866.438460
 10 10 50 13 F1 23 00 00

000:STREAM                     1281873866.444474
 10 10 50 13 F1 23 00 00

000:STREAM                     1281873866.448453
 10 10 50 13 F1 23 00 00

000:STREAM                     1281873866.452469
 10 10 50 13 F1 23 00 00

000:STREAM                     1281873866.456461
 10 10 50 13 F1 23 00 00

000:STREAM                     1281873866.460462
 10 10 50 13 F1 23 00 00

000:STREAM                     1281873866.466466
 10 10 50 13 F1 23 00 00

000:STREAM                     1281873866.470449
 10 10 50 13 F1 23 00 00

000:STREAM                     1281873866.474459
 10 10 50 13 F1 23 00 00

000:STREAM                     1281873866.478448
 10 10 50 13 F1 23 00 00

000:STREAM                     1281873866.482479
 10 10 50 13 F1 23 00 00

000:STREAM                     1281873866.486467
 10 10 50 13 F1 23 00 00

000:STREAM                     1281873866.492462
 10 10 50 13 F1 23 00 00

000:STREAM                     1281873866.496442
 10 10 50 13 F1 23 00 00

000:STREAM                     1281873866.500449
 10 10 50 13 F1 23 00 00

000:STREAM                     1281873866.504464
 10 10 50 13 F1 23 00 00

000:STREAM                     1281873866.508457
 10 10 50 13 F1 23 00 00

000:STREAM                     1281873866.514468
 10 10 50 13 F1 23 00 00

000:STREAM                     1281873866.518449
 10 10 50 13 F1 23 00 00

000:STREAM                     1281873866.522462
 10 10 50 13 F1 23 00 00

000:STREAM                     1281873866.526472
 10 10 50 13 F1 23 00 00

000:STREAM                     1281873866.530472
 10 10 50 13 F1 23 00 00

000:STREAM                     1281873866.534471
 10 10 50 13 F1 23 00 00

000:STREAM                     1281873866.540461
 10 10 50 13 F1 23 00 00

000:STREAM                     1281873866.544466
 10 10 50 13 F1 23 00 00

000:STREAM                     1281873866.548453
 10 10 50 13 F1 23 00 00

000:STREAM                     1281873866.552469
 10 10 50 13 F1 23 00 00

000:STREAM                     1281873866.556461
 10 10 50 13 F0 23 00 00

000:STREAM                     1281873866.560459
 10 10 50 13 EE 23 00 00

000:STREAM                     1281873866.566467
 10 10 4F 13 EB 23 00 00

000:STREAM                     1281873866.570447
 10 10 4E 13 E9 23 00 00

000:STREAM                     1281873866.574465
 10 10 4D 13 E7 23 00 00

000:STREAM                     1281873866.578476
 10 10 4D 13 E5 23 00 00

000:STREAM                     1281873866.582466
 10 10 4D 13 E5 23 00 00

000:STREAM                     1281873866.588459
 10 10 4C 13 E5 23 00 00

000:STREAM                     1281873866.592454
 10 10 4C 13 E5 23 00 00

000:STREAM                     1281873866.596451
 10 10 4C 13 E5 23 00 00

000:STREAM                     1281873866.600452
 10 10 4C 13 E5 23 00 00

000:STREAM                     1281873866.604451
 10 10 4C 13 E5 23 00 00

000:STREAM                     1281873866.608460
 10 10 4C 13 E5 23 00 00

000:STREAM                     1281873866.614464
 10 10 4C 13 E5 23 00 00

000:STREAM                     1281873866.618449
 10 10 4C 13 E5 23 00 00

000:STREAM                     1281873866.622459
 10 10 4C 13 E5 23 00 00

000:STREAM                     1281873866.626447
 10 10 4C 13 E5 23 00 00

000:STREAM                     1281873866.630464
 10 10 4C 13 E5 23 00 00

000:STREAM                     1281873866.636455
 10 10 4B 13 E3 23 00 00

000:STREAM                     1281873866.640451
 10 10 4A 13 E1 23 00 00

000:STREAM                     1281873866.644452
 10 10 49 13 DF 23 00 00

000:STREAM                     1281873866.648459
 10 10 48 13 DF 23 00 00

000:STREAM                     1281873866.652461
 10 10 48 13 DF 23 00 00

000:STREAM                     1281873866.656457
 10 10 48 13 DF 23 00 00

000:STREAM                     1281873866.662467
 10 10 47 13 DF 23 00 00

000:STREAM                     1281873866.666468
 10 10 47 13 DF 23 00 00

000:STREAM                     1281873866.670473
 10 10 47 13 DF 23 00 00

000:STREAM                     1281873866.674470
 10 10 47 13 DF 23 00 00

000:STREAM                     1281873866.678459
 10 10 47 13 DF 23 00 00

000:STREAM                     1281873866.682479
 10 10 47 13 DF 23 00 00

000:STREAM                     1281873866.688460
 10 10 47 13 DF 23 00 00

000:STREAM                     1281873866.692457
 10 10 47 13 DF 23 00 00

000:STREAM                     1281873866.696463
 10 10 47 13 DF 23 00 00

000:STREAM                     1281873866.700458
 10 10 47 13 DF 23 00 00

000:STREAM                     1281873866.704471
 10 10 47 13 DF 23 00 00

000:STREAM                     1281873866.710462
 10 10 47 13 DF 23 00 00

000:STREAM                     1281873866.714447
 10 10 47 13 DF 23 00 00

000:STREAM                     1281873866.718453
 10 10 47 13 DF 23 00 00

000:STREAM                     1281873866.722451
 10 10 47 13 DD 23 00 00

000:STREAM                     1281873866.726463
 10 10 46 13 DB 23 00 00

000:STREAM                     1281873866.730470
 10 10 46 13 D9 23 00 00

000:STREAM                     1281873866.736458
 10 10 45 13 D7 23 00 00

000:STREAM                     1281873866.740462
 10 10 45 13 D6 23 00 00

000:STREAM                     1281873866.744456
 10 10 45 13 D4 23 00 00

000:STREAM                     1281873866.748442
 10 10 45 13 D3 23 00 00

000:STREAM                     1281873866.752459
 10 10 44 13 D2 23 00 00

000:STREAM                     1281873866.758464
 10 10 44 13 D0 23 00 00

000:STREAM                     1281873866.762455
 10 10 43 13 CF 23 00 00

000:STREAM                     1281873866.766459
 10 10 42 13 CD 23 00 00

000:STREAM                     1281873866.770458
 10 10 42 13 CC 23 00 00

000:STREAM                     1281873866.774464
 10 10 41 13 CB 23 00 00

000:STREAM                     1281873866.778472
 10 10 40 13 CA 23 00 00

000:STREAM                     1281873866.784459
 10 10 41 13 C9 23 00 00

000:STREAM                     1281873866.788460
 10 10 40 13 C8 23 00 00

000:STREAM                     1281873866.792456
 10 10 40 13 C6 23 00 00

000:STREAM                     1281873866.796441
 10 10 40 13 C5 23 00 00

000:STREAM                     1281873866.800459
 10 10 3F 13 C2 23 00 00

000:STREAM                     1281873866.804460
 10 10 3F 13 C0 23 00 00

000:STREAM                     1281873866.810456
 10 10 3F 13 BF 23 00 00

000:STREAM                     1281873866.814448
 10 10 3F 13 C0 23 00 00

000:STREAM                     1281873866.818457
 10 10 3F 13 BF 23 00 00

000:STREAM                     1281873866.822439
 10 10 3F 13 BF 23 00 00

000:STREAM                     1281873866.826454
 10 10 3F 13 BF 23 00 00

000:STREAM                     1281873866.832461
 10 10 3F 13 BF 23 00 00

000:STREAM                     1281873866.836440
 10 10 3F 13 BE 23 00 00

000:STREAM                     1281873866.840453
 10 10 3F 13 BB 23 00 00

000:STREAM                     1281873866.844461
 10 10 3F 13 B9 23 00 00

000:STREAM                     1281873866.848456
 10 10 3F 13 B9 23 00 00

000:STREAM                     1281873866.852458
 10 10 3F 13 B7 23 00 00

000:STREAM                     1281873866.858456
 10 10 3F 13 B7 23 00 00

000:STREAM                     1281873866.862444
 10 10 3F 13 B4 23 00 00

000:STREAM                     1281873866.866458
 10 10 3F 13 B3 23 00 00

000:STREAM                     1281873866.870442
 10 10 3F 13 B2 23 00 00

000:STREAM                     1281873866.874466
 10 10 3E 13 B2 23 00 00

000:STREAM                     1281873866.878466
 10 10 3E 13 B2 23 00 00

000:STREAM                     1281873866.884460
 10 10 3E 13 B2 23 00 00

000:STREAM                     1281873866.888461
 10 10 3E 13 B2 23 00 00

000:STREAM                     1281873866.892456
 10 10 3E 13 B1 23 00 00

000:STREAM                     1281873866.896464
 10 10 3E 13 AF 23 00 00

000:STREAM                     1281873866.900462
 10 10 3E 13 AD 23 00 00

000:STREAM                     1281873866.904459
 10 10 3E 13 AA 23 00 00

000:STREAM                     1281873866.910465
 10 10 3E 13 A9 23 00 00

000:STREAM                     1281873866.914471
 10 10 3E 13 A8 23 00 00

000:STREAM                     1281873866.918460
 10 10 3D 13 A5 23 00 00

000:STREAM                     1281873866.922453
 10 10 3D 13 A4 23 00 00

000:STREAM                     1281873866.926456
 10 10 3C 13 A2 23 00 00

000:STREAM                     1281873866.932470
 10 10 3C 13 A1 23 00 00

000:STREAM                     1281873866.936450
 10 10 3B 13 A0 23 00 00

000:STREAM                     1281873866.940469
 10 10 3B 13 9E 23 00 00

000:STREAM                     1281873866.944462
 10 10 3B 13 9C 23 00 00

000:STREAM                     1281873866.948455
 10 10 3A 13 9C 23 00 00

000:STREAM                     1281873866.952457
 10 10 3A 13 9B 23 00 00

000:STREAM                     1281873866.958464
 10 10 3A 13 9B 23 00 00

000:STREAM                     1281873866.962468
 10 10 3A 13 9B 23 00 00

000:STREAM                     1281873866.966460
 10 10 3A 13 9B 23 00 00

000:STREAM                     1281873866.970450
 10 10 3A 13 9B 23 00 00

000:STREAM                     1281873866.974460
 10 10 3A 13 9B 23 00 00

000:STREAM                     1281873866.978453
 10 10 3A 13 9B 23 00 00

000:STREAM                     1281873866.984459
 10 10 3A 13 9B 23 00 00

000:STREAM                     1281873866.988468
 10 10 3A 13 9B 23 00 00

000:STREAM                     1281873866.992449
 10 10 3A 13 9B 23 00 00

000:STREAM                     1281873866.996451
 10 10 3A 13 9B 23 00 00

000:STREAM                     1281873867.000459
 10 10 3A 13 9B 23 00 00

000:STREAM                     1281873867.006460
 10 10 3A 13 9B 23 00 00

000:STREAM                     1281873867.010455
 10 10 3A 13 9B 23 00 00

000:STREAM                     1281873867.014458
 10 10 3A 13 9B 23 00 00

000:STREAM                     1281873867.018445
 10 10 3A 13 9B 23 00 00

000:STREAM                     1281873867.022477
 10 10 3A 13 9B 23 00 00

000:STREAM                     1281873867.026464
 10 10 3A 13 99 23 00 00

000:STREAM                     1281873867.032458
 10 10 3A 13 97 23 00 00

000:STREAM                     1281873867.036441
 10 10 3B 13 96 23 00 00

000:STREAM                     1281873867.040465
 10 10 3C 13 95 23 00 00

000:STREAM                     1281873867.044459
 10 10 3C 13 93 23 00 00

000:STREAM                     1281873867.048458
 10 10 3D 13 93 23 00 00

000:STREAM                     1281873867.052466
 10 10 3E 13 92 23 00 00

000:STREAM                     1281873867.168465
 10 00 3E 13 92 23 00 00

000:STREAM                     1281873867.302467
 10 10 FB 13 48 23 00 00

000:STREAM                     1281873867.306470
 10 10 FB 13 55 23 00 00

000:STREAM                     1281873867.310458
 10 10 FB 13 BA 23 00 00

000:STREAM                     1281873867.316460
 10 10 EC 13 BA 23 00 00

000:STREAM                     1281873867.320450
 10 10 A7 13 BB 23 00 00

000:STREAM                     1281873867.324466
 10 10 9B 13 BB 23 00 00

000:STREAM                     1281873867.328459
 10 10 90 13 BB 23 00 00

000:STREAM                     1281873867.332459
 10 10 87 13 BA 23 00 00

000:STREAM                     1281873867.336456
 10 10 7E 13 BA 23 00 00

000:STREAM                     1281873867.342464
 10 10 77 13 BA 23 00 00

000:STREAM                     1281873867.346447
 10 10 70 13 BA 23 00 00

000:STREAM                     1281873867.350454
 10 10 6B 13 B9 23 00 00

000:STREAM                     1281873867.354455
 10 10 66 13 B8 23 00 00

000:STREAM                     1281873867.358455
 10 10 61 13 B8 23 00 00

000:STREAM                     1281873867.364438
 10 10 5D 13 B8 23 00 00

000:STREAM                     1281873867.368461
 10 10 5A 13 B8 23 00 00

000:STREAM                     1281873867.372458
 10 10 57 13 B8 23 00 00

000:STREAM                     1281873867.376457
 10 10 54 13 B7 23 00 00

000:STREAM                     1281873867.380452
 10 10 52 13 B6 23 00 00

000:STREAM                     1281873867.384462
 10 10 50 13 B6 23 00 00

000:STREAM                     1281873867.390466
 10 10 4F 13 B6 23 00 00

000:STREAM                     1281873867.394455
 10 10 4E 13 B5 23 00 00

000:STREAM                     1281873867.398459
 10 10 4C 13 B6 23 00 00

000:STREAM                     1281873867.402471
 10 10 4B 13 B6 23 00 00

000:STREAM                     1281873867.406460
 10 10 4A 13 B5 23 00 00

000:STREAM                     1281873867.410465
 10 10 49 13 B5 23 00 00

000:STREAM                     1281873867.416455
 10 10 48 13 B4 23 00 00

000:STREAM                     1281873867.420457
 10 10 48 13 B4 23 00 00

000:STREAM                     1281873867.424462
 10 10 47 13 B4 23 00 00

000:STREAM                     1281873867.428457
 10 10 46 13 B3 23 00 00

000:STREAM                     1281873867.432455
 10 10 46 13 B2 23 00 00

000:STREAM                     1281873867.436437
 10 10 45 13 B1 23 00 00

000:STREAM                     1281873867.442462
 10 10 45 13 B1 23 00 00

000:STREAM                     1281873867.446444
 10 10 44 13 B0 23 00 00

000:STREAM                     1281873867.450454
 10 10 44 13 AF 23 00 00

000:STREAM                     1281873867.454447
 10 10 44 13 AF 23 00 00

000:STREAM                     1281873867.458460
 10 10 44 13 AF 23 00 00

000:STREAM                     1281873867.464450
 10 10 44 13 AF 23 00 00

000:STREAM                     1281873867.468448
 10 10 44 13 AF 23 00 00

000:STREAM                     1281873867.472447
 10 10 44 13 AF 23 00 00

000:STREAM                     1281873867.476460
 10 10 44 13 AF 23 00 00

000:STREAM                     1281873867.480453
 10 10 44 13 AF 23 00 00

000:STREAM                     1281873867.484455
 10 10 44 13 AF 23 00 00

000:STREAM                     1281873867.490461
 10 10 44 13 AF 23 00 00

000:STREAM                     1281873867.494445
 10 10 44 13 AF 23 00 00

000:STREAM                     1281873867.498454
 10 10 44 13 AF 23 00 00

000:STREAM                     1281873867.502467
 10 10 44 13 AF 23 00 00

000:STREAM                     1281873867.506459
 10 10 44 13 AF 23 00 00

000:STREAM                     1281873867.510447
 10 10 44 13 AF 23 00 00

000:STREAM                     1281873867.516454
 10 10 44 13 AF 23 00 00

000:STREAM                     1281873867.542463
 10 12 44 13 87 23 FF 03

000:STREAM                     1281873867.546445
 10 12 43 13 8C 23 FF 03

000:STREAM                     1281873867.550467
 10 12 43 13 8E 23 FF 03

000:STREAM                     1281873867.556452
 10 12 43 13 91 23 FF 03

000:STREAM                     1281873867.560455
 10 12 43 13 95 23 FF 03

000:STREAM                     1281873867.564458
 10 12 43 13 98 23 FF 03

000:STREAM                     1281873867.568455
 10 12 43 13 9A 23 FF 03

000:STREAM                     1281873867.574462
 10 12 43 13 9C 23 FF 03

000:STREAM                     1281873867.578446
 10 12 43 13 9E 23 FF 03

000:STREAM                     1281873867.582456
 10 12 43 13 A0 23 FF 03

000:STREAM                     1281873867.586446
 10 12 43 13 A2 23 FF 03

000:STREAM                     1281873867.592462
 10 12 43 13 A3 23 FF 03

000:STREAM                     1281873867.596449
 10 12 43 13 A4 23 FF 03

000:STREAM                     1281873867.600454
 10 12 43 13 A5 23 FF 03

000:STREAM                     1281873867.604457
 10 12 43 13 A6 23 FF 03

000:STREAM                     1281873867.610452
 10 12 43 13 A7 23 FF 03

000:STREAM                     1281873867.614470
 10 12 42 13 A7 23 FF 03

000:STREAM                     1281873867.618469
 10 12 42 13 A7 23 FF 03

000:STREAM                     1281873867.622465
 10 12 42 13 A7 23 FF 03

000:STREAM                     1281873867.628457
 10 12 42 13 A7 23 FF 03

000:STREAM                     1281873867.632450
 10 12 42 13 A7 23 FF 03

000:STREAM                     1281873867.636447
 10 12 42 13 A7 23 FF 03

000:STREAM                     1281873867.640458
 10 12 42 13 A7 23 FF 03

000:STREAM                     1281873867.646464
 10 12 42 13 A7 23 FF 03

000:STREAM                     1281873867.650463
 10 12 42 13 A7 23 FF 03

000:STREAM                     1281873867.654462
 10 12 42 13 A7 23 FF 03

000:STREAM                     1281873867.658461
 10 12 42 13 A7 23 FF 03

000:STREAM                     1281873867.664486
 10 12 42 13 A7 23 FF 03

000:STREAM                     1281873867.668445
 10 12 42 13 A7 23 FF 03

000:STREAM                     1281873867.672447
 10 12 42 13 A7 23 FF 03

000:STREAM                     1281873867.678453
 10 12 42 13 A7 23 FF 03

000:STREAM                     1281873867.682445
 10 12 42 13 A7 23 FF 03

000:STREAM                     1281873867.686453
 10 12 42 13 A7 23 FF 03

000:STREAM                     1281873867.690441
 10 12 41 13 A7 23 FF 03

000:STREAM                     1281873867.696456
 10 12 41 13 A9 23 FF 03

000:STREAM                     1281873867.700460
 10 12 41 13 AA 23 FF 03

000:STREAM                     1281873867.704457
 10 12 40 13 AC 23 FF 03

000:STREAM                     1281873867.708455
 10 12 40 13 AD 23 FF 03

000:STREAM                     1281873867.714462
 10 12 40 13 AE 23 FF 03

000:STREAM                     1281873867.718474
 10 12 40 13 AF 23 FF 03

000:STREAM                     1281873867.722456
 10 12 40 13 AF 23 FF 03

000:STREAM                     1281873867.726448
 10 12 40 13 AF 23 FF 03

000:STREAM                     1281873867.732453
 10 12 40 13 AF 23 FF 03

000:STREAM                     1281873867.736457
 10 12 40 13 AF 23 FF 03

000:STREAM                     1281873867.740455
 10 12 40 13 AE 23 FF 03

000:STREAM                     1281873867.762464
 10 10 3F 13 AE 23 00 00

000:STREAM                     1281873867.766473
 10 10 3F 13 AD 23 00 00

000:STREAM                     1281873867.770463
 10 10 3F 13 AD 23 00 00

000:STREAM                     1281873867.776456
 10 10 3F 13 AD 23 00 00

000:STREAM                     1281873867.780449
 10 10 3F 13 AD 23 00 00

000:STREAM                     1281873867.784461
 10 10 3F 13 AC 23 00 00

000:STREAM                     1281873867.788455
 10 10 3E 13 AA 23 00 00

000:STREAM                     1281873867.792455
 10 10 3D 13 A8 23 00 00

000:STREAM                     1281873867.796446
 10 10 3D 13 A7 23 00 00

000:STREAM                     1281873867.802463
 10 10 3C 13 A5 23 00 00

000:STREAM                     1281873867.806440
 10 10 3C 13 A4 23 00 00

000:STREAM                     1281873867.810452
 10 10 3C 13 A4 23 00 00

000:STREAM                     1281873867.814444
 10 10 3B 13 A3 23 00 00

000:STREAM                     1281873867.818458
 10 10 3B 13 A1 23 00 00

000:STREAM                     1281873867.822469
 10 10 3B 13 A2 23 00 00

000:STREAM                     1281873867.828454
 10 10 3B 13 A2 23 00 00

000:STREAM                     1281873867.832456
 10 10 3B 13 A2 23 00 00

000:STREAM                     1281873867.836450
 10 10 3B 13 A2 23 00 00

000:STREAM                     1281873867.840460
 10 10 3B 13 A2 23 00 00

000:STREAM                     1281873867.844453
 10 10 3B 13 A2 23 00 00

000:STREAM                     1281873867.850473
 10 10 3B 13 A2 23 00 00

000:STREAM                     1281873867.854508
 10 10 3B 13 A2 23 00 00

000:STREAM                     1281873867.859009
 10 10 3B 13 A2 23 00 00

000:STREAM                     1281873867.862458
 10 10 3B 13 A2 23 00 00

000:STREAM                     1281873867.866467
 10 10 3B 13 A2 23 00 00

000:STREAM                     1281873867.869508
 10 10 3B 13 A2 23 00 00

000:STREAM                     1281873867.876458
 10 10 3B 13 A2 23 00 00

000:STREAM                     1281873867.880467
 10 10 3B 13 A2 23 00 00

000:STREAM                     1281873867.884495
 10 10 3B 13 A2 23 00 00

000:STREAM                     1281873867.888452
 10 10 3B 13 A2 23 00 00

000:STREAM                     1281873867.892451
 10 10 3B 13 A2 23 00 00

000:STREAM                     1281873867.896460
 10 10 3B 13 A2 23 00 00

000:STREAM                     1281873867.902440
 10 10 3B 13 A2 23 00 00

000:STREAM                     1281873867.906483
 10 10 3B 13 A2 23 00 00

000:STREAM                     1281873867.910465
 10 10 3B 13 A2 23 00 00

000:STREAM                     1281873867.914461
 10 10 3B 13 A2 23 00 00

000:STREAM                     1281873867.918474
 10 10 3B 13 A2 23 00 00

000:STREAM                     1281873867.924454
 10 10 3B 13 A2 23 00 00

000:STREAM                     1281873867.928452
 10 10 3B 13 A2 23 00 00

000:STREAM                     1281873867.932452
 10 10 3B 13 A2 23 00 00

000:STREAM                     1281873867.936444
 10 10 3B 13 A2 23 00 00

000:STREAM                     1281873867.940448
 10 10 3B 13 A2 23 00 00

000:STREAM                     1281873867.944448
 10 10 3B 13 A2 23 00 00

000:STREAM                     1281873867.950452
 10 10 3B 13 A2 23 00 00

000:STREAM                     1281873867.954442
 10 10 3B 13 A2 23 00 00

000:STREAM                     1281873867.958451
 10 10 3B 13 A2 23 00 00

000:STREAM                     1281873867.962433
 10 10 3B 13 A2 23 00 00

000:STREAM                     1281873867.966451
 10 10 3B 13 A2 23 00 00

000:STREAM                     1281873867.972458
 10 10 3B 13 A2 23 00 00

000:STREAM                     1281873867.976434
 10 10 3B 13 A2 23 00 00

000:STREAM                     1281873867.980450
 10 10 3B 13 A2 23 00 00

000:STREAM                     1281873867.984455
 10 10 3B 13 A2 23 00 00

000:STREAM                     1281873867.988454
 10 10 3B 13 A2 23 00 00

000:STREAM                     1281873867.992447
 10 10 3B 13 A2 23 00 00

000:STREAM                     1281873867.998451
 10 10 3B 13 A2 23 00 00

000:STREAM                     1281873868.002440
 10 10 3B 13 A2 23 00 00

000:STREAM                     1281873868.006470
 10 10 3B 13 A2 23 00 00

000:STREAM                     1281873868.010457
 10 10 3B 13 A2 23 00 00

000:STREAM                     1281873868.014455
 10 10 3B 13 A2 23 00 00

000:STREAM                     1281873868.018453
 10 10 3B 13 A1 23 00 00

000:STREAM                     1281873868.024458
 10 10 3B 13 9F 23 00 00

000:STREAM                     1281873868.028448
 10 10 3B 13 9E 23 00 00

000:STREAM                     1281873868.032455
 10 10 3B 13 9C 23 00 00

000:STREAM                     1281873868.036448
 10 10 3B 13 9B 23 00 00

000:STREAM                     1281873868.040461
 10 10 3B 13 99 23 00 00

000:STREAM                     1281873868.046458
 10 10 3B 13 99 23 00 00

000:STREAM                     1281873868.050442
 10 10 3B 13 99 23 00 00

000:STREAM                     1281873868.054455
 10 10 3B 13 98 23 00 00

000:STREAM                     1281873868.058436
 10 10 3B 13 99 23 00 00

000:STREAM                     1281873868.062448
 10 10 3B 13 9A 23 00 00

000:STREAM                     1281873868.066462
 10 10 3B 13 9A 23 00 00

000:STREAM                     1281873868.072454
 10 10 3B 13 9A 23 00 00

000:STREAM                     1281873868.188467
 10 00 3B 13 9A 23 00 00

000:STREAM                     1281873868.320462
 10 10 FB 13 48 23 00 00

000:STREAM                     1281873868.324463
 10 10 FB 13 76 23 00 00

000:STREAM                     1281873868.330459
 10 10 FB 13 CF 23 00 00

000:STREAM                     1281873868.334435
 10 10 EB 13 CE 23 00 00

000:STREAM                     1281873868.338461
 10 10 A0 13 CE 23 00 00

000:STREAM                     1281873868.342466
 10 10 82 13 CE 23 00 00

000:STREAM                     1281873868.346460
 10 10 6F 13 CE 23 00 00

000:STREAM                     1281873868.350463
 10 10 60 13 CE 23 00 00

000:STREAM                     1281873868.356445
 10 10 55 13 CD 23 00 00

000:STREAM                     1281873868.360450
 10 10 4D 13 CC 23 00 00

000:STREAM                     1281873868.364451
 10 10 46 13 CC 23 00 00

000:STREAM                     1281873868.368442
 10 10 44 13 CC 23 00 00

000:STREAM                     1281873868.372452
 10 10 42 13 CC 23 00 00

000:STREAM                     1281873868.376450
 10 10 40 13 CB 23 00 00

000:STREAM                     1281873868.382450
 10 10 3F 13 CA 23 00 00

000:STREAM                     1281873868.386442
 10 10 3D 13 CA 23 00 00

000:STREAM                     1281873868.390451
 10 10 3C 13 CA 23 00 00

000:STREAM                     1281873868.394432
 10 10 3B 13 CA 23 00 00

000:STREAM                     1281873868.398460
 10 10 3B 13 C9 23 00 00

000:STREAM                     1281873868.402462
 10 10 3A 13 C9 23 00 00

000:STREAM                     1281873868.408451
 10 10 39 13 C8 23 00 00

000:STREAM                     1281873868.412457
 10 10 39 13 C8 23 00 00

000:STREAM                     1281873868.416448
 10 10 38 13 C8 23 00 00

000:STREAM                     1281873868.420459
 10 10 38 13 C8 23 00 00

000:STREAM                     1281873868.424453
 10 10 37 13 C6 23 00 00

000:STREAM                     1281873868.430449
 10 10 37 13 C6 23 00 00

000:STREAM                     1281873868.434465
 10 10 37 13 C6 23 00 00

000:STREAM                     1281873868.438465
 10 10 37 13 C6 23 00 00

000:STREAM                     1281873868.442473
 10 10 37 13 C5 23 00 00

000:STREAM                     1281873868.446455
 10 10 37 13 C5 23 00 00

000:STREAM                     1281873868.450448
 10 10 37 13 C5 23 00 00

000:STREAM                     1281873868.456456
 10 10 37 13 C5 23 00 00

000:STREAM                     1281873868.460459
 10 10 37 13 C5 23 00 00

000:STREAM                     1281873868.464445
 10 10 37 13 C5 23 00 00

000:STREAM                     1281873868.468460
 10 10 37 13 C5 23 00 00

000:STREAM                     1281873868.472453
 10 10 37 13 C5 23 00 00

000:STREAM                     1281873868.478450
 10 10 37 13 C5 23 00 00

000:STREAM                     1281873868.482448
 10 10 37 13 C5 23 00 00

000:STREAM                     1281873868.486453
 10 10 37 13 C5 23 00 00

000:STREAM                     1281873868.490428
 10 10 37 13 C5 23 00 00

000:STREAM                     1281873868.494443
 10 10 37 13 C5 23 00 00

000:STREAM                     1281873868.498431
 10 10 37 13 C5 23 00 00

000:STREAM                     1281873868.504455
 10 10 37 13 C5 23 00 00

000:STREAM                     1281873868.508445
 10 10 37 13 C5 23 00 00

000:STREAM                     1281873868.512445
 10 10 37 13 C5 23 00 00

000:STREAM                     1281873868.516444
 10 10 37 13 C5 23 00 00

000:STREAM                     1281873868.520444
 10 10 37 13 C5 23 00 00

000:STREAM                     1281873868.524455
 10 10 37 13 C5 23 00 00

000:STREAM                     1281873868.530454
 10 10 37 13 C4 23 00 00

000:STREAM                     1281873868.534448
 10 10 37 13 C4 23 00 00

000:STREAM                     1281873868.538461
 10 10 37 13 C4 23 00 00

000:STREAM                     1281873868.542462
 10 10 37 13 C3 23 00 00

000:STREAM                     1281873868.546460
 10 10 37 13 C1 23 00 00

000:STREAM                     1281873868.552459
 10 10 37 13 C0 23 00 00

000:STREAM                     1281873868.556447
 10 10 37 13 BF 23 00 00

000:STREAM                     1281873868.560445
 10 10 37 13 BE 23 00 00

000:STREAM                     1281873868.564454
 10 10 37 13 BC 23 00 00

000:STREAM                     1281873868.568443
 10 10 37 13 BA 23 00 00

000:STREAM                     1281873868.572451
 10 10 37 13 BA 23 00 00

000:STREAM                     1281873868.578459
 10 10 36 13 B9 23 00 00

000:STREAM                     1281873868.582449
 10 10 36 13 B8 23 00 00

000:STREAM                     1281873868.586452
 10 10 36 13 B8 23 00 00

000:STREAM                     1281873868.590443
 10 10 36 13 B7 23 00 00

000:STREAM                     1281873868.594450
 10 10 36 13 B7 23 00 00

000:STREAM                     1281873868.600432
 10 10 36 13 B7 23 00 00

000:STREAM                     1281873868.604458
 10 10 36 13 B7 23 00 00

000:STREAM                     1281873868.608450
 10 10 36 13 B7 23 00 00

000:STREAM                     1281873868.612451
 10 10 36 13 B7 23 00 00

000:STREAM                     1281873868.616446
 10 10 36 13 B7 23 00 00

000:STREAM                     1281873868.620457
 10 10 36 13 B7 23 00 00

000:STREAM                     1281873868.736461
 10 00 36 13 B7 23 00 00

000:STREAM                     1281873868.856461
 10 12 36 13 B6 23 FF 03

000:STREAM                     1281873868.860454
 10 12 38 13 B7 23 FF 03

000:STREAM                     1281873868.866456
 10 12 38 13 B6 23 FF 03

000:STREAM                     1281873868.869456
 10 12 37 13 B6 23 FF 03

000:STREAM                     1281873868.874456
 10 12 37 13 B6 23 FF 03

000:STREAM                     1281873868.878461
 10 12 37 13 B6 23 FF 03

000:STREAM                     1281873868.884450
 10 12 36 13 B6 23 FF 03

000:STREAM                     1281873868.888449
 10 12 36 13 B5 23 FF 03

000:STREAM                     1281873868.892450
 10 12 36 13 B5 23 FF 03

000:STREAM                     1281873868.896449
 10 12 36 13 B5 23 FF 03

000:STREAM                     1281873868.902461
 10 12 36 13 B5 23 FF 03

000:STREAM                     1281873868.906449
 10 12 36 13 B5 23 FF 03

000:STREAM                     1281873868.909471
 10 12 36 13 B5 23 FF 03

000:STREAM                     1281873868.914460
 10 12 36 13 B5 23 FF 03

000:STREAM                     1281873868.920460
 10 12 36 13 B5 23 FF 03

000:STREAM                     1281873868.924456
 10 12 36 13 B5 23 FF 03

000:STREAM                     1281873868.928451
 10 12 36 13 B5 23 FF 03

000:STREAM                     1281873868.932450
 10 12 36 13 B5 23 FF 03

000:STREAM                     1281873868.938462
 10 12 36 13 B5 23 FF 03

000:STREAM                     1281873868.942437
 10 12 36 13 B5 23 FF 03

000:STREAM                     1281873868.946438
 10 12 36 13 B5 23 FF 03

000:STREAM                     1281873868.950438
 10 12 36 13 B5 23 FF 03

000:STREAM                     1281873868.956447
 10 12 36 13 B5 23 FF 03

000:STREAM                     1281873868.960455
 10 12 36 13 B5 23 FF 03

000:STREAM                     1281873868.964450
 10 12 36 13 B5 23 FF 03

000:STREAM                     1281873868.968449
 10 12 36 13 B5 23 FF 03

000:STREAM                     1281873868.974462
 10 12 36 13 B5 23 FF 03

000:STREAM                     1281873868.978437
 10 12 36 13 B5 23 FF 03

000:STREAM                     1281873868.982454
 10 12 36 13 B5 23 FF 03

000:STREAM                     1281873868.986460
 10 12 36 13 B5 23 FF 03

000:STREAM                     1281873868.992448
 10 12 36 13 B5 23 FF 03

000:STREAM                     1281873869.014455
 10 10 36 13 B7 23 00 00

000:STREAM                     1281873869.018436
 10 10 37 13 B8 23 00 00

000:STREAM                     1281873869.022447
 10 10 37 13 B9 23 00 00

000:STREAM                     1281873869.026432
 10 10 38 13 BB 23 00 00

000:STREAM                     1281873869.030449
 10 10 38 13 BC 23 00 00

000:STREAM                     1281873869.034434
 10 10 39 13 BD 23 00 00

000:STREAM                     1281873869.040453
 10 10 3A 13 BE 23 00 00

000:STREAM                     1281873869.044448
 10 10 3B 13 BF 23 00 00

000:STREAM                     1281873869.048442
 10 10 3B 13 C0 23 00 00

000:STREAM                     1281873869.052440
 10 10 3C 13 C1 23 00 00

000:STREAM                     1281873869.056451
 10 10 3C 13 C2 23 00 00

000:STREAM                     1281873869.060446
 10 10 3D 13 C2 23 00 00

000:STREAM                     1281873869.066447
 10 10 3D 13 C3 23 00 00

000:STREAM                     1281873869.070434
 10 10 3D 13 C3 23 00 00

000:STREAM                     1281873869.074456
 10 10 3E 13 C4 23 00 00

000:STREAM                     1281873869.078460
 10 10 3E 13 C5 23 00 00

000:STREAM                     1281873869.082460
 10 10 3F 13 C6 23 00 00

000:STREAM                     1281873869.088457
 10 10 3F 13 C7 23 00 00

000:STREAM                     1281873869.092450
 10 10 40 13 C8 23 00 00

000:STREAM                     1281873869.096442
 10 10 40 13 C9 23 00 00

000:STREAM                     1281873869.100440
 10 10 41 13 CB 23 00 00

000:STREAM                     1281873869.104449
 10 10 42 13 CE 23 00 00

000:STREAM                     1281873869.108447
 10 10 42 13 D1 23 00 00

000:STREAM                     1281873869.114455
 10 10 43 13 D3 23 00 00

000:STREAM                     1281873869.118465
 10 10 44 13 D5 23 00 00

000:STREAM                     1281873869.122453
 10 10 44 13 D7 23 00 00

000:STREAM                     1281873869.126469
 10 10 45 13 DA 23 00 00

000:STREAM                     1281873869.130451
 10 10 46 13 DE 23 00 00

000:STREAM                     1281873869.134446
 10 10 47 13 E3 23 00 00

000:STREAM                     1281873869.140448
 10 10 48 13 E8 23 00 00

000:STREAM                     1281873869.144444
 10 10 49 13 EB 23 00 00

000:STREAM                     1281873869.148453
 10 10 4B 13 F0 23 00 00

000:STREAM                     1281873869.152450
 10 10 4C 13 F3 23 00 00

000:STREAM                     1281873869.156448
 10 10 4D 13 F8 23 00 00

000:STREAM                     1281873869.160458
 10 10 4F 13 FC 23 00 00

000:STREAM                     1281873869.166453
 10 10 50 13 02 24 00 00

000:STREAM                     1281873869.170438
 10 10 51 13 08 24 00 00

000:STREAM                     1281873869.174451
 10 10 51 13 10 24 00 00

000:STREAM                     1281873869.178444
 10 10 51 13 1A 24 00 00

000:STREAM                     1281873869.182447
 10 10 51 13 25 24 00 00

000:STREAM                     1281873869.188430
 10 10 51 13 32 24 00 00

000:STREAM                     1281873869.192453
 10 10 52 13 3E 24 00 00

000:STREAM                     1281873869.196448
 10 10 54 13 4A 24 00 00

000:STREAM                     1281873869.200447
 10 10 59 13 57 24 00 00

000:STREAM                     1281873869.204441
 10 10 60 13 67 24 00 00

000:STREAM                     1281873869.208440
 10 10 66 13 78 24 00 00

000:STREAM                     1281873869.214457
 10 10 6D 13 8E 24 00 00

000:STREAM                     1281873869.218438
 10 10 74 13 A6 24 00 00

000:STREAM                     1281873869.222456
 10 10 77 13 B5 24 00 00

000:STREAM                     1281873869.226464
 10 10 7B 13 C7 24 00 00

000:STREAM                     1281873869.230456
 10 10 7F 13 DF 24 00 00

000:STREAM                     1281873869.234460
 10 10 83 13 FB 24 00 00

000:STREAM                     1281873869.240470
 10 10 87 13 1B 25 00 00

000:STREAM                     1281873869.244443
 10 10 8B 13 3E 25 00 00

000:STREAM                     1281873869.248448
 10 10 90 13 64 25 00 00

000:STREAM                     1281873869.332454
 10 00 90 13 64 25 00 00

