000:STREAM                     1282380133.429020
 01 00 00 00 00 FF

000:STREAM                     1282380133.467015
 01 00 00 00 00 FF

000:STREAM                     1282380133.505007
 01 00 00 00 00 FF

000:STREAM                     1282380133.531015
 01 00 00 00 00 FF

000:STREAM                     1282380133.553008
 01 00 00 00 00 FF

000:STREAM                     1282380133.579010
 01 00 00 00 00 FF

000:STREAM                     1282380133.623007
 01 00 00 00 00 FF

000:STREAM                     1282380133.655009
 01 00 00 00 00 FF

000:STREAM                     1282380133.691008
 01 00 00 00 00 FF

000:STREAM                     1282380133.747010
 01 00 00 00 00 FF

000:STREAM                     1282380133.791008
 01 00 00 00 00 FF

000:STREAM                     1282380133.823007
 01 00 00 00 00 FF

000:STREAM                     1282380133.859007
 01 00 00 00 00 FF

000:STREAM                     1282380133.893003
 01 00 00 00 00 FF

000:STREAM                     1282380133.931003
 01 00 00 00 00 FF

000:STREAM                     1282380133.977009
 01 00 00 00 00 FF

000:STREAM                     1282380134.019009
 01 00 00 00 00 FF

000:STREAM                     1282380134.045010
 01 00 00 00 00 FF

000:STREAM                     1282380134.105006
 01 00 00 00 00 FF

000:STREAM                     1282380134.127011
 01 00 00 00 00 FF

000:STREAM                     1282380134.145004
 01 00 00 00 00 FF

000:STREAM                     1282380134.167010
 01 00 00 00 00 FF

000:STREAM                     1282380134.207005
 01 00 00 00 00 FF

000:STREAM                     1282380134.227006
 01 00 00 00 00 FF

000:STREAM                     1282380134.247005
 01 00 00 00 00 FF

000:STREAM                     1282380134.271007
 01 00 00 00 00 FF

000:STREAM                     1282380134.317003
 01 00 00 00 00 FF

000:STREAM                     1282380134.345006
 01 00 00 00 00 FF

000:STREAM                     1282380134.367009
 01 00 00 00 00 FF

000:STREAM                     1282380134.389003
 01 00 00 00 00 FF

000:STREAM                     1282380134.419006
 01 00 00 00 00 FF

000:STREAM                     1282380134.461005
 01 00 00 00 00 FF

000:STREAM                     1282380134.495006
 01 00 00 00 00 FF

000:STREAM                     1282380134.517003
 01 00 00 00 00 FF

000:STREAM                     1282380134.541005
 01 00 00 00 00 FF

000:STREAM                     1282380134.569003
 01 00 00 00 00 FF

000:STREAM                     1282380134.621003
 01 00 00 00 00 FF

000:STREAM                     1282380134.663007
 01 00 00 00 00 FF

000:STREAM                     1282380134.679002
 01 00 00 00 00 FF

000:STREAM                     1282380134.695002
 01 00 00 00 00 FF

000:STREAM                     1282380134.723004
 01 00 00 00 00 FF

000:STREAM                     1282380134.749005
 01 00 00 00 00 FF

000:STREAM                     1282380134.773004
 01 00 00 00 00 FF

000:STREAM                     1282380134.793005
 01 00 00 00 00 FF

000:STREAM                     1282380134.825005
 01 00 00 00 00 FF

000:STREAM                     1282380134.872999
 01 00 00 00 00 FF

000:STREAM                     1282380134.909003
 01 00 00 00 00 FF

000:STREAM                     1282380134.937003
 01 00 00 00 00 FF

000:STREAM                     1282380134.965005
 01 00 00 00 00 FF

000:STREAM                     1282380135.001003
 01 00 00 00 00 FF

000:STREAM                     1282380135.051004
 01 00 00 00 00 FF

000:STREAM                     1282380135.087003
 01 00 00 00 00 FF

000:STREAM                     1282380135.117003
 01 00 00 00 00 FF

000:STREAM                     1282380135.149004
 01 00 00 00 00 FF

000:STREAM                     1282380135.199004
 01 00 00 00 00 FF

000:STREAM                     1282380135.241002
 01 00 00 00 00 FF

000:STREAM                     1282380135.271004
 01 00 00 00 00 FF

000:STREAM                     1282380135.339004
 01 00 00 00 00 FF

000:STREAM                     1282380135.387002
 01 00 00 00 00 FF

000:STREAM                     1282380135.429002
 01 00 00 00 00 FF

000:STREAM                     1282380135.459000
 01 00 00 00 00 FF

000:STREAM                     1282380135.481001
 01 00 00 00 00 FF

000:STREAM                     1282380135.505000
 01 00 00 00 00 FF

000:STREAM                     1282380135.528999
 01 00 00 00 00 FF

000:STREAM                     1282380135.565003
 01 00 00 00 00 FF

000:STREAM                     1282380135.592998
 01 00 00 00 00 FF

000:STREAM                     1282380135.623004
 01 00 00 00 00 FF

