000:STREAM                     1281874028.569726
 0D 01 00 00 00 00 00 00

000:STREAM                     1281874028.571675
 0D 01 00 57 00 00 00 00

000:STREAM                     1281874028.573672
 0D 00 00 00 00 00 00 00

000:STREAM                     1281874028.655702
 0D 01 00 00 00 00 00 00

000:STREAM                     1281874028.657674
 0D 01 00 57 00 00 00 00

000:STREAM                     1281874028.659696
 0D 00 00 00 00 00 00 00

000:STREAM                     1281874028.717700
 0D 01 00 00 00 00 00 00

000:STREAM                     1281874028.719675
 0D 01 00 57 00 00 00 00

000:STREAM                     1281874028.721672
 0D 00 00 00 00 00 00 00

000:STREAM                     1281874028.759701
 0D 01 00 00 00 00 00 00

000:STREAM                     1281874028.761673
 0D 01 00 57 00 00 00 00

000:STREAM                     1281874028.763697
 0D 00 00 00 00 00 00 00

000:STREAM                     1281874028.811695
 0D 01 00 00 00 00 00 00

000:STREAM                     1281874028.813674
 0D 01 00 57 00 00 00 00

000:STREAM                     1281874028.815699
 0D 00 00 00 00 00 00 00

000:STREAM                     1281874028.855697
 0D 01 00 00 00 00 00 00

000:STREAM                     1281874028.857674
 0D 01 00 57 00 00 00 00

000:STREAM                     1281874028.859698
 0D 00 00 00 00 00 00 00

000:STREAM                     1281874028.885701
 0D 01 00 00 00 00 00 00

000:STREAM                     1281874028.887671
 0D 01 00 57 00 00 00 00

000:STREAM                     1281874028.889671
 0D 00 00 00 00 00 00 00

000:STREAM                     1281874028.921698
 0D 01 00 00 00 00 00 00

000:STREAM                     1281874028.923671
 0D 01 00 57 00 00 00 00

000:STREAM                     1281874028.925673
 0D 00 00 00 00 00 00 00

000:STREAM                     1281874028.985700
 0D 01 00 00 00 00 00 00

000:STREAM                     1281874028.987669
 0D 01 00 57 00 00 00 00

000:STREAM                     1281874028.989670
 0D 00 00 00 00 00 00 00

000:STREAM                     1281874029.023701
 0D 01 00 00 00 00 00 00

000:STREAM                     1281874029.025672
 0D 01 00 57 00 00 00 00

000:STREAM                     1281874029.027699
 0D 00 00 00 00 00 00 00

000:STREAM                     1281874029.085696
 0D 01 00 00 00 00 00 00

000:STREAM                     1281874029.087672
 0D 01 00 57 00 00 00 00

000:STREAM                     1281874029.089669
 0D 00 00 00 00 00 00 00

000:STREAM                     1281874029.119699
 0D 01 00 00 00 00 00 00

000:STREAM                     1281874029.121672
 0D 01 00 57 00 00 00 00

000:STREAM                     1281874029.123702
 0D 00 00 00 00 00 00 00

000:STREAM                     1281874029.153697
 0D 01 00 00 00 00 00 00

000:STREAM                     1281874029.155670
 0D 01 00 57 00 00 00 00

000:STREAM                     1281874029.157669
 0D 00 00 00 00 00 00 00

000:STREAM                     1281874029.191694
 0D 01 00 00 00 00 00 00

000:STREAM                     1281874029.193679
 0D 01 00 57 00 00 00 00

000:STREAM                     1281874029.195692
 0D 00 00 00 00 00 00 00

000:STREAM                     1281874029.239696
 0D 01 00 00 00 00 00 00

000:STREAM                     1281874029.241670
 0D 01 00 57 00 00 00 00

000:STREAM                     1281874029.243695
 0D 00 00 00 00 00 00 00

000:STREAM                     1281874029.271694
 0D 01 00 00 00 00 00 00

000:STREAM                     1281874029.273679
 0D 01 00 57 00 00 00 00

000:STREAM                     1281874029.275694
 0D 00 00 00 00 00 00 00

000:STREAM                     1281874029.307696
 0D 01 00 00 00 00 00 00

000:STREAM                     1281874029.309682
 0D 01 00 57 00 00 00 00

000:STREAM                     1281874029.311695
 0D 00 00 00 00 00 00 00

000:STREAM                     1281874029.347693
 0D 01 00 00 00 00 00 00

000:STREAM                     1281874029.349671
 0D 01 00 57 00 00 00 00

000:STREAM                     1281874029.351697
 0D 00 00 00 00 00 00 00

000:STREAM                     1281874029.397696
 0D 01 00 00 00 00 00 00

000:STREAM                     1281874029.399670
 0D 01 00 57 00 00 00 00

000:STREAM                     1281874029.401668
 0D 00 00 00 00 00 00 00

000:STREAM                     1281874029.439697
 0D 01 00 00 00 00 00 00

000:STREAM                     1281874029.441680
 0D 01 00 57 00 00 00 00

000:STREAM                     1281874029.443689
 0D 00 00 00 00 00 00 00

000:STREAM                     1281874029.517693
 0D 01 00 00 00 00 00 00

000:STREAM                     1281874029.519669
 0D 01 00 57 00 00 00 00

000:STREAM                     1281874029.521668
 0D 00 00 00 00 00 00 00

000:STREAM                     1281874029.561691
 0D 01 00 00 00 00 00 00

000:STREAM                     1281874029.563668
 0D 01 00 57 00 00 00 00

000:STREAM                     1281874029.565667
 0D 00 00 00 00 00 00 00

000:STREAM                     1281874029.607700
 0D 01 00 00 00 00 00 00

000:STREAM                     1281874029.609672
 0D 01 00 57 00 00 00 00

000:STREAM                     1281874029.611694
 0D 00 00 00 00 00 00 00

000:STREAM                     1281874029.655696
 0D 01 00 00 00 00 00 00

000:STREAM                     1281874029.657669
 0D 01 00 57 00 00 00 00

000:STREAM                     1281874029.659692
 0D 00 00 00 00 00 00 00

000:STREAM                     1281874029.697695
 0D 01 00 00 00 00 00 00

000:STREAM                     1281874029.699668
 0D 01 00 57 00 00 00 00

000:STREAM                     1281874029.701669
 0D 00 00 00 00 00 00 00

000:STREAM                     1281874029.731693
 0D 01 00 00 00 00 00 00

000:STREAM                     1281874029.733677
 0D 01 00 57 00 00 00 00

000:STREAM                     1281874029.735690
 0D 00 00 00 00 00 00 00

000:STREAM                     1281874029.759692
 0D 01 00 00 00 00 00 00

000:STREAM                     1281874029.761670
 0D 01 00 57 00 00 00 00

000:STREAM                     1281874029.763692
 0D 00 00 00 00 00 00 00

000:STREAM                     1281874029.789695
 0D 01 00 00 00 00 00 00

000:STREAM                     1281874029.791669
 0D 01 00 57 00 00 00 00

000:STREAM                     1281874029.793665
 0D 00 00 00 00 00 00 00

000:STREAM                     1281874029.821693
 0D 01 00 00 00 00 00 00

000:STREAM                     1281874029.823668
 0D 01 00 57 00 00 00 00

000:STREAM                     1281874029.825667
 0D 00 00 00 00 00 00 00

000:STREAM                     1281874029.847693
 0D 01 00 00 00 00 00 00

000:STREAM                     1281874029.849676
 0D 01 00 57 00 00 00 00

000:STREAM                     1281874029.850701
 0D 00 00 00 00 00 00 00

000:STREAM                     1281874029.883693
 0D 01 00 00 00 00 00 00

000:STREAM                     1281874029.885677
 0D 01 00 57 00 00 00 00

000:STREAM                     1281874029.887690
 0D 00 00 00 00 00 00 00

000:STREAM                     1281874029.919690
 0D 01 00 00 00 00 00 00

000:STREAM                     1281874029.921668
 0D 01 00 57 00 00 00 00

000:STREAM                     1281874029.923694
 0D 00 00 00 00 00 00 00

000:STREAM                     1281874029.955692
 0D 01 00 00 00 00 00 00

000:STREAM                     1281874029.957668
 0D 01 00 57 00 00 00 00

000:STREAM                     1281874029.959697
 0D 00 00 00 00 00 00 00

000:STREAM                     1281874029.989695
 0D 01 00 00 00 00 00 00

000:STREAM                     1281874029.991666
 0D 01 00 57 00 00 00 00

000:STREAM                     1281874029.993664
 0D 00 00 00 00 00 00 00

000:STREAM                     1281874030.031692
 0D 01 00 00 00 00 00 00

000:STREAM                     1281874030.033506
 0D 01 00 57 00 00 00 00

000:STREAM                     1281874030.035694
 0D 00 00 00 00 00 00 00

000:STREAM                     1281874030.067694
 0D 01 00 00 00 00 00 00

000:STREAM                     1281874030.069667
 0D 01 00 57 00 00 00 00

000:STREAM                     1281874030.071694
 0D 00 00 00 00 00 00 00

000:STREAM                     1281874030.109692
 0D 01 00 00 00 00 00 00

000:STREAM                     1281874030.111667
 0D 01 00 57 00 00 00 00

000:STREAM                     1281874030.113666
 0D 00 00 00 00 00 00 00

000:STREAM                     1281874030.153692
 0D 01 00 00 00 00 00 00

000:STREAM                     1281874030.155665
 0D 01 00 57 00 00 00 00

000:STREAM                     1281874030.157665
 0D 00 00 00 00 00 00 00

000:STREAM                     1281874030.203690
 0D 01 00 00 00 00 00 00

000:STREAM                     1281874030.205675
 0D 01 00 57 00 00 00 00

000:STREAM                     1281874030.207685
 0D 00 00 00 00 00 00 00

000:STREAM                     1281874030.269688
 0D 01 00 00 00 00 00 00

000:STREAM                     1281874030.271666
 0D 01 00 57 00 00 00 00

000:STREAM                     1281874030.273663
 0D 00 00 00 00 00 00 00

000:STREAM                     1281874030.321691
 0D 01 00 00 00 00 00 00

000:STREAM                     1281874030.323665
 0D 01 00 57 00 00 00 00

000:STREAM                     1281874030.325665
 0D 00 00 00 00 00 00 00

000:STREAM                     1281874030.367693
 0D 01 00 00 00 00 00 00

000:STREAM                     1281874030.369666
 0D 01 00 57 00 00 00 00

000:STREAM                     1281874030.371689
 0D 00 00 00 00 00 00 00

000:STREAM                     1281874030.399688
 0D 01 00 00 00 00 00 00

000:STREAM                     1281874030.401758
 0D 01 00 57 00 00 00 00

000:STREAM                     1281874030.403693
 0D 00 00 00 00 00 00 00

000:STREAM                     1281874030.431688
 0D 01 00 00 00 00 00 00

000:STREAM                     1281874030.433666
 0D 01 00 57 00 00 00 00

000:STREAM                     1281874030.435689
 0D 00 00 00 00 00 00 00

000:STREAM                     1281874030.465691
 0D 01 00 00 00 00 00 00

000:STREAM                     1281874030.467664
 0D 01 00 57 00 00 00 00

000:STREAM                     1281874030.469662
 0D 00 00 00 00 00 00 00

000:STREAM                     1281874030.485686
 0D 01 00 00 00 00 00 00

000:STREAM                     1281874030.487663
 0D 01 00 57 00 00 00 00

000:STREAM                     1281874030.489661
 0D 00 00 00 00 00 00 00

000:STREAM                     1281874030.515691
 0D 01 00 00 00 00 00 00

000:STREAM                     1281874030.517672
 0D 01 00 57 00 00 00 00

000:STREAM                     1281874030.519688
 0D 00 00 00 00 00 00 00

000:STREAM                     1281874030.547687
 0D 01 00 00 00 00 00 00

000:STREAM                     1281874030.549674
 0D 01 00 57 00 00 00 00

000:STREAM                     1281874030.551684
 0D 00 00 00 00 00 00 00

000:STREAM                     1281874030.575686
 0D 01 00 00 00 00 00 00

000:STREAM                     1281874030.577664
 0D 01 00 57 00 00 00 00

000:STREAM                     1281874030.579694
 0D 00 00 00 00 00 00 00

000:STREAM                     1281874030.619692
 0D 01 00 00 00 00 00 00

000:STREAM                     1281874030.621664
 0D 01 00 57 00 00 00 00

000:STREAM                     1281874030.623685
 0D 00 00 00 00 00 00 00

000:STREAM                     1281874030.651690
 0D 01 00 00 00 00 00 00

000:STREAM                     1281874030.653665
 0D 01 00 57 00 00 00 00

000:STREAM                     1281874030.655690
 0D 00 00 00 00 00 00 00

000:STREAM                     1281874030.677690
 0D 01 00 00 00 00 00 00

000:STREAM                     1281874030.679664
 0D 01 00 57 00 00 00 00

000:STREAM                     1281874030.681661
 0D 00 00 00 00 00 00 00

000:STREAM                     1281874030.707691
 0D 01 00 00 00 00 00 00

000:STREAM                     1281874030.709667
 0D 01 00 57 00 00 00 00

000:STREAM                     1281874030.711684
 0D 00 00 00 00 00 00 00

000:STREAM                     1281874030.737687
 0D 01 00 00 00 00 00 00

000:STREAM                     1281874030.739663
 0D 01 00 57 00 00 00 00

000:STREAM                     1281874030.741663
 0D 00 00 00 00 00 00 00

000:STREAM                     1281874030.775688
 0D 01 00 00 00 00 00 00

000:STREAM                     1281874030.777461
 0D 01 00 57 00 00 00 00

000:STREAM                     1281874030.779686
 0D 00 00 00 00 00 00 00

000:STREAM                     1281874030.813690
 0D 01 00 00 00 00 00 00

000:STREAM                     1281874030.815663
 0D 01 00 57 00 00 00 00

000:STREAM                     1281874030.817661
 0D 00 00 00 00 00 00 00

000:STREAM                     1281874030.847691
 0D 01 00 00 00 00 00 00

000:STREAM                     1281874030.849672
 0D 01 00 57 00 00 00 00

000:STREAM                     1281874030.851680
 0D 00 00 00 00 00 00 00

000:STREAM                     1281874030.885684
 0D 01 00 00 00 00 00 00

000:STREAM                     1281874030.887663
 0D 01 00 57 00 00 00 00

000:STREAM                     1281874030.889661
 0D 00 00 00 00 00 00 00

000:STREAM                     1281874030.929688
 0D 01 00 00 00 00 00 00

000:STREAM                     1281874030.931662
 0D 01 00 57 00 00 00 00

000:STREAM                     1281874030.933660
 0D 00 00 00 00 00 00 00

000:STREAM                     1281874030.955686
 0D 01 00 00 00 00 00 00

000:STREAM                     1281874030.957671
 0D 01 00 57 00 00 00 00

000:STREAM                     1281874030.959687
 0D 00 00 00 00 00 00 00

000:STREAM                     1281874031.009684
 0D 01 00 00 00 00 00 00

000:STREAM                     1281874031.011663
 0D 01 00 57 00 00 00 00

000:STREAM                     1281874031.013659
 0D 00 00 00 00 00 00 00

000:STREAM                     1281874031.067688
 0D 01 00 00 00 00 00 00

000:STREAM                     1281874031.069670
 0D 01 00 57 00 00 00 00

000:STREAM                     1281874031.071680
 0D 00 00 00 00 00 00 00

000:STREAM                     1281874031.109684
 0D 01 00 00 00 00 00 00

000:STREAM                     1281874031.111662
 0D 01 00 57 00 00 00 00

000:STREAM                     1281874031.113659
 0D 00 00 00 00 00 00 00

000:STREAM                     1281874031.149686
 0D 01 00 00 00 00 00 00

000:STREAM                     1281874031.151661
 0D 01 00 57 00 00 00 00

000:STREAM                     1281874031.153660
 0D 00 00 00 00 00 00 00

000:STREAM                     1281874031.183690
 0D 01 00 00 00 00 00 00

000:STREAM                     1281874031.185661
 0D 01 00 57 00 00 00 00

000:STREAM                     1281874031.187684
 0D 00 00 00 00 00 00 00

000:STREAM                     1281874031.211687
 0D 01 00 00 00 00 00 00

000:STREAM                     1281874031.213662
 0D 01 00 57 00 00 00 00

000:STREAM                     1281874031.215689
 0D 00 00 00 00 00 00 00

000:STREAM                     1281874031.241688
 0D 01 00 00 00 00 00 00

000:STREAM                     1281874031.243669
 0D 01 00 57 00 00 00 00

000:STREAM                     1281874031.245658
 0D 00 00 00 00 00 00 00

000:STREAM                     1281874031.265686
 0D 01 00 00 00 00 00 00

000:STREAM                     1281874031.267661
 0D 01 00 57 00 00 00 00

000:STREAM                     1281874031.269662
 0D 00 00 00 00 00 00 00

000:STREAM                     1281874031.293681
 0D 01 00 00 00 00 00 00

000:STREAM                     1281874031.295660
 0D 01 00 57 00 00 00 00

000:STREAM                     1281874031.297659
 0D 00 00 00 00 00 00 00

000:STREAM                     1281874031.327689
 0D 01 00 00 00 00 00 00

000:STREAM                     1281874031.329662
 0D 01 00 57 00 00 00 00

000:STREAM                     1281874031.331687
 0D 00 00 00 00 00 00 00

000:STREAM                     1281874031.375686
 0D 01 00 00 00 00 00 00

000:STREAM                     1281874031.377662
 0D 01 00 57 00 00 00 00

000:STREAM                     1281874031.379692
 0D 00 00 00 00 00 00 00

000:STREAM                     1281874031.411687
 0D 01 00 00 00 00 00 00

000:STREAM                     1281874031.413660
 0D 01 00 57 00 00 00 00

000:STREAM                     1281874031.415689
 0D 00 00 00 00 00 00 00

000:STREAM                     1281874031.451689
 0D 01 00 00 00 00 00 00

000:STREAM                     1281874031.453661
 0D 01 00 57 00 00 00 00

000:STREAM                     1281874031.455686
 0D 00 00 00 00 00 00 00

000:STREAM                     1281874031.481686
 0D 01 00 00 00 00 00 00

000:STREAM                     1281874031.483659
 0D 01 00 57 00 00 00 00

000:STREAM                     1281874031.485658
 0D 00 00 00 00 00 00 00

000:STREAM                     1281874031.515686
 0D 01 00 00 00 00 00 00

000:STREAM                     1281874031.517660
 0D 01 00 57 00 00 00 00

000:STREAM                     1281874031.519681
 0D 00 00 00 00 00 00 00

000:STREAM                     1281874031.551686
 0D 01 00 00 00 00 00 00

000:STREAM                     1281874031.553660
 0D 01 00 57 00 00 00 00

000:STREAM                     1281874031.555685
 0D 00 00 00 00 00 00 00

000:STREAM                     1281874031.591683
 0D 01 00 00 00 00 00 00

000:STREAM                     1281874031.593668
 0D 01 00 57 00 00 00 00

000:STREAM                     1281874031.595681
 0D 00 00 00 00 00 00 00

000:STREAM                     1281874031.637680
 0D 01 00 00 00 00 00 00

000:STREAM                     1281874031.639658
 0D 01 00 57 00 00 00 00

000:STREAM                     1281874031.641659
 0D 00 00 00 00 00 00 00

000:STREAM                     1281874031.681685
 0D 01 00 00 00 00 00 00

000:STREAM                     1281874031.683659
 0D 01 00 57 00 00 00 00

000:STREAM                     1281874031.685658
 0D 00 00 00 00 00 00 00

000:STREAM                     1281874031.743682
 0D 01 00 00 00 00 00 00

000:STREAM                     1281874031.745660
 0D 01 00 57 00 00 00 00

000:STREAM                     1281874031.747689
 0D 00 00 00 00 00 00 00

000:STREAM                     1281874033.695681
 0D 01 00 00 00 00 00 00

000:STREAM                     1281874033.697658
 0D 01 00 57 00 00 00 00

000:STREAM                     1281874033.699683
 0D 00 00 00 00 00 00 00

000:STREAM                     1281874033.799681
 0D 01 00 00 00 00 00 00

000:STREAM                     1281874033.801650
 0D 01 00 57 00 00 00 00

000:STREAM                     1281874033.803670
 0D 00 00 00 00 00 00 00

000:STREAM                     1281874033.859673
 0D 01 00 00 00 00 00 00

000:STREAM                     1281874033.861649
 0D 01 00 57 00 00 00 00

000:STREAM                     1281874033.863675
 0D 00 00 00 00 00 00 00

000:STREAM                     1281874033.907675
 0D 01 00 00 00 00 00 00

000:STREAM                     1281874033.909650
 0D 01 00 57 00 00 00 00

000:STREAM                     1281874033.911670
 0D 00 00 00 00 00 00 00

000:STREAM                     1281874033.965672
 0D 01 00 00 00 00 00 00

000:STREAM                     1281874033.967646
 0D 01 00 57 00 00 00 00

000:STREAM                     1281874033.969647
 0D 00 00 00 00 00 00 00

000:STREAM                     1281874034.023674
 0D 01 00 00 00 00 00 00

000:STREAM                     1281874034.025650
 0D 01 00 57 00 00 00 00

000:STREAM                     1281874034.027670
 0D 00 00 00 00 00 00 00

000:STREAM                     1281874034.065671
 0D 01 00 00 00 00 00 00

000:STREAM                     1281874034.067654
 0D 01 00 57 00 00 00 00

000:STREAM                     1281874034.069644
 0D 00 00 00 00 00 00 00

000:STREAM                     1281874034.103673
 0D 01 00 00 00 00 00 00

000:STREAM                     1281874034.105648
 0D 01 00 57 00 00 00 00

000:STREAM                     1281874034.107672
 0D 00 00 00 00 00 00 00

000:STREAM                     1281874034.147676
 0D 01 00 00 00 00 00 00

000:STREAM                     1281874034.149658
 0D 01 00 57 00 00 00 00

000:STREAM                     1281874034.151668
 0D 00 00 00 00 00 00 00

000:STREAM                     1281874034.191671
 0D 01 00 00 00 00 00 00

000:STREAM                     1281874034.193647
 0D 01 00 57 00 00 00 00

000:STREAM                     1281874034.195683
 0D 00 00 00 00 00 00 00

000:STREAM                     1281874034.235670
 0D 01 00 00 00 00 00 00

000:STREAM                     1281874034.237647
 0D 01 00 57 00 00 00 00

000:STREAM                     1281874034.239676
 0D 00 00 00 00 00 00 00

000:STREAM                     1281874034.277676
 0D 01 00 00 00 00 00 00

000:STREAM                     1281874034.279648
 0D 01 00 57 00 00 00 00

000:STREAM                     1281874034.281645
 0D 00 00 00 00 00 00 00

000:STREAM                     1281874034.315676
 0D 01 00 00 00 00 00 00

000:STREAM                     1281874034.317647
 0D 01 00 57 00 00 00 00

000:STREAM                     1281874034.319679
 0D 00 00 00 00 00 00 00

000:STREAM                     1281874034.351667
 0D 01 00 00 00 00 00 00

000:STREAM                     1281874034.353655
 0D 01 00 57 00 00 00 00

000:STREAM                     1281874034.355667
 0D 00 00 00 00 00 00 00

000:STREAM                     1281874034.389673
 0D 01 00 00 00 00 00 00

000:STREAM                     1281874034.391646
 0D 01 00 57 00 00 00 00

000:STREAM                     1281874034.393643
 0D 00 00 00 00 00 00 00

000:STREAM                     1281874034.437681
 0D 01 00 00 00 00 00 00

000:STREAM                     1281874034.439645
 0D 01 00 57 00 00 00 00

000:STREAM                     1281874034.441644
 0D 00 00 00 00 00 00 00

000:STREAM                     1281874034.483674
 0D 01 00 00 00 00 00 00

000:STREAM                     1281874034.485646
 0D 01 00 57 00 00 00 00

000:STREAM                     1281874034.487671
 0D 00 00 00 00 00 00 00

000:STREAM                     1281874034.535670
 0D 01 00 00 00 00 00 00

000:STREAM                     1281874034.537663
 0D 01 00 57 00 00 00 00

000:STREAM                     1281874034.538680
 0D 00 00 00 00 00 00 00

000:STREAM                     1281874034.589689
 0D 01 00 00 00 00 00 00

000:STREAM                     1281874034.591659
 0D 01 00 57 00 00 00 00

000:STREAM                     1281874034.593650
 0D 00 00 00 00 00 00 00

000:STREAM                     1281874034.671666
 0D 01 00 00 00 00 00 00

000:STREAM                     1281874034.673645
 0D 01 00 57 00 00 00 00

000:STREAM                     1281874034.675661
 0D 00 00 00 00 00 00 00

000:STREAM                     1281874034.717673
 0D 01 00 00 00 00 00 00

000:STREAM                     1281874034.719646
 0D 01 00 57 00 00 00 00

000:STREAM                     1281874034.721642
 0D 00 00 00 00 00 00 00

000:STREAM                     1281874034.751671
 0D 01 00 00 00 00 00 00

000:STREAM                     1281874034.753651
 0D 01 00 57 00 00 00 00

000:STREAM                     1281874034.755665
 0D 00 00 00 00 00 00 00

000:STREAM                     1281874034.795668
 0D 01 00 00 00 00 00 00

000:STREAM                     1281874034.797652
 0D 01 00 57 00 00 00 00

000:STREAM                     1281874034.799664
 0D 00 00 00 00 00 00 00

000:STREAM                     1281874034.827664
 0D 01 00 00 00 00 00 00

000:STREAM                     1281874034.829648
 0D 01 00 57 00 00 00 00

000:STREAM                     1281874034.831668
 0D 00 00 00 00 00 00 00

000:STREAM                     1281874034.857665
 0D 01 00 00 00 00 00 00

000:STREAM                     1281874034.859643
 0D 01 00 57 00 00 00 00

000:STREAM                     1281874034.861641
 0D 00 00 00 00 00 00 00

000:STREAM                     1281874034.879667
 0D 01 00 00 00 00 00 00

000:STREAM                     1281874034.881645
 0D 01 00 57 00 00 00 00

000:STREAM                     1281874034.882665
 0D 00 00 00 00 00 00 00

000:STREAM                     1281874034.911673
 0D 01 00 00 00 00 00 00

000:STREAM                     1281874034.913649
 0D 01 00 57 00 00 00 00

000:STREAM                     1281874034.915663
 0D 00 00 00 00 00 00 00

000:STREAM                     1281874034.941665
 0D 01 00 00 00 00 00 00

000:STREAM                     1281874034.943642
 0D 01 00 57 00 00 00 00

000:STREAM                     1281874034.945641
 0D 00 00 00 00 00 00 00

000:STREAM                     1281874034.977670
 0D 01 00 00 00 00 00 00

000:STREAM                     1281874034.979644
 0D 01 00 57 00 00 00 00

000:STREAM                     1281874034.981642
 0D 00 00 00 00 00 00 00

000:STREAM                     1281874035.035656
 0D 01 00 00 00 00 00 00

000:STREAM                     1281874035.037651
 0D 01 00 57 00 00 00 00

000:STREAM                     1281874035.039636
 0D 00 00 00 00 00 00 00

000:STREAM                     1281874035.079670
 0D 01 00 00 00 00 00 00

000:STREAM                     1281874035.081876
 0D 01 00 57 00 00 00 00

000:STREAM                     1281874035.083657
 0D 00 00 00 00 00 00 00

000:STREAM                     1281874035.119671
 0D 01 00 00 00 00 00 00

000:STREAM                     1281874035.121646
 0D 01 00 57 00 00 00 00

000:STREAM                     1281874035.123670
 0D 00 00 00 00 00 00 00

000:STREAM                     1281874035.161667
 0D 01 00 00 00 00 00 00

000:STREAM                     1281874035.163641
 0D 01 00 57 00 00 00 00

000:STREAM                     1281874035.165640
 0D 00 00 00 00 00 00 00

000:STREAM                     1281874035.193668
 0D 01 00 00 00 00 00 00

000:STREAM                     1281874035.195641
 0D 01 00 57 00 00 00 00

000:STREAM                     1281874035.197640
 0D 00 00 00 00 00 00 00

000:STREAM                     1281874035.231669
 0D 01 00 00 00 00 00 00

000:STREAM                     1281874035.233644
 0D 01 00 57 00 00 00 00

000:STREAM                     1281874035.235666
 0D 00 00 00 00 00 00 00

000:STREAM                     1281874035.269664
 0D 01 00 00 00 00 00 00

000:STREAM                     1281874035.271643
 0D 01 00 57 00 00 00 00

000:STREAM                     1281874035.273639
 0D 00 00 00 00 00 00 00

000:STREAM                     1281874035.303668
 0D 01 00 00 00 00 00 00

000:STREAM                     1281874035.305645
 0D 01 00 57 00 00 00 00

000:STREAM                     1281874035.307667
 0D 00 00 00 00 00 00 00

000:STREAM                     1281874035.341666
 0D 01 00 00 00 00 00 00

000:STREAM                     1281874035.343641
 0D 01 00 57 00 00 00 00

000:STREAM                     1281874035.345640
 0D 00 00 00 00 00 00 00

000:STREAM                     1281874035.395669
 0D 01 00 00 00 00 00 00

000:STREAM                     1281874035.397642
 0D 01 00 57 00 00 00 00

000:STREAM                     1281874035.399668
 0D 00 00 00 00 00 00 00

000:STREAM                     1281874035.431667
 0D 01 00 00 00 00 00 00

000:STREAM                     1281874035.433642
 0D 01 00 57 00 00 00 00

000:STREAM                     1281874035.435674
 0D 00 00 00 00 00 00 00

000:STREAM                     1281874035.465667
 0D 01 00 00 00 00 00 00

000:STREAM                     1281874035.467639
 0D 01 00 57 00 00 00 00

000:STREAM                     1281874035.469639
 0D 00 00 00 00 00 00 00

000:STREAM                     1281874035.521664
 0D 01 00 00 00 00 00 00

000:STREAM                     1281874035.523640
 0D 01 00 57 00 00 00 00

000:STREAM                     1281874035.525637
 0D 00 00 00 00 00 00 00

000:STREAM                     1281874035.567670
 0D 01 00 00 00 00 00 00

000:STREAM                     1281874035.569646
 0D 01 00 57 00 00 00 00

000:STREAM                     1281874035.571661
 0D 00 00 00 00 00 00 00

000:STREAM                     1281874035.609666
 0D 01 00 00 00 00 00 00

000:STREAM                     1281874035.611642
 0D 01 00 57 00 00 00 00

000:STREAM                     1281874035.613639
 0D 00 00 00 00 00 00 00

000:STREAM                     1281874035.641672
 0D 01 00 00 00 00 00 00

000:STREAM                     1281874035.643641
 0D 01 00 57 00 00 00 00

000:STREAM                     1281874035.645638
 0D 00 00 00 00 00 00 00

000:STREAM                     1281874035.669667
 0D 01 00 00 00 00 00 00

000:STREAM                     1281874035.671640
 0D 01 00 57 00 00 00 00

000:STREAM                     1281874035.673638
 0D 00 00 00 00 00 00 00

000:STREAM                     1281874035.705669
 0D 01 00 00 00 00 00 00

000:STREAM                     1281874035.707639
 0D 01 00 57 00 00 00 00

000:STREAM                     1281874035.709639
 0D 00 00 00 00 00 00 00

000:STREAM                     1281874035.733667
 0D 01 00 00 00 00 00 00

000:STREAM                     1281874035.735640
 0D 01 00 57 00 00 00 00

000:STREAM                     1281874035.737639
 0D 00 00 00 00 00 00 00

000:STREAM                     1281874035.771664
 0D 01 00 00 00 00 00 00

000:STREAM                     1281874035.773646
 0D 01 00 57 00 00 00 00

000:STREAM                     1281874035.775665
 0D 00 00 00 00 00 00 00

000:STREAM                     1281874035.809663
 0D 01 00 00 00 00 00 00

000:STREAM                     1281874035.811639
 0D 01 00 57 00 00 00 00

000:STREAM                     1281874035.813638
 0D 00 00 00 00 00 00 00

000:STREAM                     1281874035.847665
 0D 01 00 00 00 00 00 00

000:STREAM                     1281874035.849640
 0D 01 00 57 00 00 00 00

000:STREAM                     1281874035.851667
 0D 00 00 00 00 00 00 00

000:STREAM                     1281874035.887664
 0D 01 00 00 00 00 00 00

000:STREAM                     1281874035.889640
 0D 01 00 57 00 00 00 00

000:STREAM                     1281874035.891671
 0D 00 00 00 00 00 00 00

000:STREAM                     1281874035.919666
 0D 01 00 00 00 00 00 00

000:STREAM                     1281874035.921639
 0D 01 00 57 00 00 00 00

000:STREAM                     1281874035.923656
 0D 00 00 00 00 00 00 00

000:STREAM                     1281874035.957666
 0D 01 00 00 00 00 00 00

000:STREAM                     1281874035.959637
 0D 01 00 57 00 00 00 00

000:STREAM                     1281874035.961636
 0D 00 00 00 00 00 00 00

000:STREAM                     1281874035.999660
 0D 01 00 00 00 00 00 00

000:STREAM                     1281874036.001643
 0D 01 00 57 00 00 00 00

000:STREAM                     1281874036.003656
 0D 00 00 00 00 00 00 00

000:STREAM                     1281874036.027663
 0D 01 00 00 00 00 00 00

000:STREAM                     1281874036.029639
 0D 01 00 57 00 00 00 00

000:STREAM                     1281874036.031663
 0D 00 00 00 00 00 00 00

000:STREAM                     1281874036.057663
 0D 01 00 00 00 00 00 00

000:STREAM                     1281874036.059637
 0D 01 00 57 00 00 00 00

000:STREAM                     1281874036.061635
 0D 00 00 00 00 00 00 00

000:STREAM                     1281874036.089665
 0D 01 00 00 00 00 00 00

000:STREAM                     1281874036.091638
 0D 01 00 57 00 00 00 00

000:STREAM                     1281874036.093636
 0D 00 00 00 00 00 00 00

000:STREAM                     1281874036.133663
 0D 01 00 00 00 00 00 00

000:STREAM                     1281874036.135638
 0D 01 00 57 00 00 00 00

000:STREAM                     1281874036.137637
 0D 00 00 00 00 00 00 00

000:STREAM                     1281874036.163664
 0D 01 00 00 00 00 00 00

000:STREAM                     1281874036.165643
 0D 01 00 57 00 00 00 00

000:STREAM                     1281874036.167657
 0D 00 00 00 00 00 00 00

000:STREAM                     1281874036.189663
 0D 01 00 00 00 00 00 00

000:STREAM                     1281874036.191636
 0D 01 00 57 00 00 00 00

000:STREAM                     1281874036.193636
 0D 00 00 00 00 00 00 00

000:STREAM                     1281874036.229663
 0D 01 00 00 00 00 00 00

000:STREAM                     1281874036.231637
 0D 01 00 57 00 00 00 00

000:STREAM                     1281874036.233635
 0D 00 00 00 00 00 00 00

000:STREAM                     1281874036.277661
 0D 01 00 00 00 00 00 00

000:STREAM                     1281874036.279644
 0D 01 00 57 00 00 00 00

000:STREAM                     1281874036.281636
 0D 00 00 00 00 00 00 00

000:STREAM                     1281874036.313657
 0D 01 00 00 00 00 00 00

000:STREAM                     1281874036.315637
 0D 01 00 57 00 00 00 00

000:STREAM                     1281874036.317634
 0D 00 00 00 00 00 00 00

000:STREAM                     1281874036.351666
 0D 01 00 00 00 00 00 00

000:STREAM                     1281874036.353638
 0D 01 00 57 00 00 00 00

000:STREAM                     1281874036.355652
 0D 00 00 00 00 00 00 00

000:STREAM                     1281874036.375663
 0D 01 00 00 00 00 00 00

000:STREAM                     1281874036.377638
 0D 01 00 57 00 00 00 00

000:STREAM                     1281874036.379654
 0D 00 00 00 00 00 00 00

000:STREAM                     1281874036.409660
 0D 01 00 00 00 00 00 00

000:STREAM                     1281874036.411636
 0D 01 00 57 00 00 00 00

000:STREAM                     1281874036.413634
 0D 00 00 00 00 00 00 00

000:STREAM                     1281874036.443660
 0D 01 00 00 00 00 00 00

000:STREAM                     1281874036.445636
 0D 01 00 57 00 00 00 00

000:STREAM                     1281874036.447672
 0D 00 00 00 00 00 00 00

000:STREAM                     1281874036.485661
 0D 01 00 00 00 00 00 00

000:STREAM                     1281874036.487637
 0D 01 00 57 00 00 00 00

000:STREAM                     1281874036.489634
 0D 00 00 00 00 00 00 00

000:STREAM                     1281874036.545664
 0D 01 00 00 00 00 00 00

000:STREAM                     1281874036.547636
 0D 01 00 57 00 00 00 00

000:STREAM                     1281874036.549635
 0D 00 00 00 00 00 00 00

000:STREAM                     1281874036.593660
 0D 01 00 00 00 00 00 00

000:STREAM                     1281874036.595635
 0D 01 00 57 00 00 00 00

000:STREAM                     1281874036.597633
 0D 00 00 00 00 00 00 00

000:STREAM                     1281874036.629659
 0D 01 00 00 00 00 00 00

000:STREAM                     1281874036.631635
 0D 01 00 57 00 00 00 00

000:STREAM                     1281874036.633633
 0D 00 00 00 00 00 00 00

000:STREAM                     1281874036.673652
 0D 01 00 00 00 00 00 00

000:STREAM                     1281874036.675635
 0D 01 00 57 00 00 00 00

000:STREAM                     1281874036.677633
 0D 00 00 00 00 00 00 00

000:STREAM                     1281874036.719668
 0D 01 00 00 00 00 00 00

000:STREAM                     1281874036.721637
 0D 01 00 57 00 00 00 00

000:STREAM                     1281874036.723662
 0D 00 00 00 00 00 00 00

000:STREAM                     1281874036.795661
 0D 01 00 00 00 00 00 00

000:STREAM                     1281874036.797637
 0D 01 00 57 00 00 00 00

000:STREAM                     1281874036.799668
 0D 00 00 00 00 00 00 00

