000:STREAM                     1281873993.025887
 01 00 00 00 FF 00

000:STREAM                     1281873993.149869
 01 00 00 00 FF 00

000:STREAM                     1281873993.213872
 01 00 00 00 FF 00

000:STREAM                     1281873993.267868
 01 00 00 00 FF 00

000:STREAM                     1281873993.301871
 01 00 00 00 FF 00

000:STREAM                     1281873993.345867
 01 00 00 00 FF 00

000:STREAM                     1281873993.383870
 01 00 00 00 FF 00

000:STREAM                     1281873993.419869
 01 00 00 00 FF 00

000:STREAM                     1281873993.449865
 01 00 00 00 FF 00

000:STREAM                     1281873993.483866
 01 00 00 00 FF 00

000:STREAM                     1281873993.521867
 01 00 00 00 FF 00

000:STREAM                     1281873993.533863
 01 00 00 00 FF 00

000:STREAM                     1281873993.555865
 01 00 00 00 FF 00

000:STREAM                     1281873993.581861
 01 00 00 00 FF 00

000:STREAM                     1281873993.617867
 01 00 00 00 FF 00

000:STREAM                     1281873993.633864
 01 00 00 00 FF 00

000:STREAM                     1281873993.665864
 01 00 00 00 FF 00

000:STREAM                     1281873993.707866
 01 00 00 00 FF 00

000:STREAM                     1281873993.711864
 01 00 00 00 FF 00

000:STREAM                     1281873993.757863
 01 00 00 00 FF 00

000:STREAM                     1281873993.773861
 01 00 00 00 FF 00

000:STREAM                     1281873993.801866
 01 00 00 00 FF 00

000:STREAM                     1281873993.823862
 01 00 00 00 FF 00

000:STREAM                     1281873993.835861
 01 00 00 00 FF 00

000:STREAM                     1281873993.869864
 01 00 00 00 FF 00

000:STREAM                     1281873993.881862
 01 00 00 00 FF 00

000:STREAM                     1281873993.905863
 01 00 00 00 FF 00

000:STREAM                     1281873993.915859
 01 00 00 00 FF 00

000:STREAM                     1281873993.935860
 01 00 00 00 FF 00

000:STREAM                     1281873993.959866
 01 00 00 00 FF 00

000:STREAM                     1281873993.969859
 01 00 00 00 FF 00

000:STREAM                     1281873993.999863
 01 00 00 00 FF 00

000:STREAM                     1281873994.009866
 01 00 00 00 FF 00

000:STREAM                     1281873994.041864
 01 00 00 00 FF 00

000:STREAM                     1281873994.051859
 01 00 00 00 FF 00

000:STREAM                     1281873994.077860
 01 00 00 00 FF 00

000:STREAM                     1281873994.115862
 01 00 00 00 FF 00

000:STREAM                     1281873994.153865
 01 00 00 00 FF 00

000:STREAM                     1281873994.185864
 01 00 00 00 FF 00

000:STREAM                     1281873994.217866
 01 00 00 00 FF 00

000:STREAM                     1281873994.245862
 01 00 00 00 FF 00

000:STREAM                     1281873994.283864
 01 00 00 00 FF 00

000:STREAM                     1281873994.315861
 01 00 00 00 FF 00

000:STREAM                     1281873994.343865
 01 00 00 00 FF 00

000:STREAM                     1281873994.377861
 01 00 00 00 FF 00

000:STREAM                     1281873994.413864
 01 00 00 00 FF 00

000:STREAM                     1281873994.439859
 01 00 00 00 FF 00

000:STREAM                     1281873994.473861
 01 00 00 00 FF 00

000:STREAM                     1281873994.511863
 01 00 00 00 FF 00

000:STREAM                     1281873994.533863
 01 00 00 00 FF 00

000:STREAM                     1281873994.561861
 01 00 00 00 FF 00

000:STREAM                     1281873994.593865
 01 00 00 00 FF 00

000:STREAM                     1281873994.619859
 01 00 00 00 FF 00

000:STREAM                     1281873994.647864
 01 00 00 00 FF 00

000:STREAM                     1281873994.649855
 01 00 00 00 FF 00

000:STREAM                     1281873994.669860
 01 00 00 00 FF 00

000:STREAM                     1281873994.699862
 01 00 00 00 FF 00

000:STREAM                     1281873994.733862
 01 00 00 00 FF 00

000:STREAM                     1281873994.737833
 01 00 00 00 FF 00

000:STREAM                     1281873994.767862
 01 00 00 00 FF 00

000:STREAM                     1281873994.789861
 01 00 00 00 FF 00

000:STREAM                     1281873994.805857
 01 00 00 00 FF 00

000:STREAM                     1281873994.841859
 01 00 00 00 FF 00

000:STREAM                     1281873994.883858
 01 00 00 00 FF 00

000:STREAM                     1281873994.885835
 01 00 00 00 FF 00

000:STREAM                     1281873994.907858
 01 00 00 00 FF 00

000:STREAM                     1281873994.935859
 01 00 00 00 FF 00

000:STREAM                     1281873994.937835
 01 00 00 00 FF 00

000:STREAM                     1281873994.973860
 01 00 00 00 FF 00

000:STREAM                     1281873995.009859
 01 00 00 00 FF 00

000:STREAM                     1281873995.049855
 01 00 00 00 FF 00

000:STREAM                     1281873995.083858
 01 00 00 00 FF 00

000:STREAM                     1281873995.113859
 01 00 00 00 FF 00

000:STREAM                     1281873995.159862
 01 00 00 00 FF 00

000:STREAM                     1281873995.195861
 01 00 00 00 FF 00

000:STREAM                     1281873995.239854
 01 00 00 00 FF 00

000:STREAM                     1281873995.289857
 01 00 00 00 FF 00

000:STREAM                     1281873995.325852
 01 00 00 00 FF 00

000:STREAM                     1281873995.351855
 01 00 00 00 FF 00

000:STREAM                     1281873995.389859
 01 00 00 00 FF 00

000:STREAM                     1281873995.433858
 01 00 00 00 FF 00

000:STREAM                     1281873995.475858
 01 00 00 00 FF 00

000:STREAM                     1281873995.513856
 01 00 00 00 FF 00

000:STREAM                     1281873995.563853
 01 00 00 00 FF 00

000:STREAM                     1281873995.605855
 01 00 00 00 FF 00

000:STREAM                     1281873995.655859
 01 00 00 00 FF 00

000:STREAM                     1281873995.703857
 01 00 00 00 FF 00

000:STREAM                     1281873995.737854
 01 00 00 00 FF 00

