000:STREAM                     1280571077.524540
 01 00 00 00 FF 00

000:STREAM                     1280571077.582523
 01 00 00 00 FF 00

000:STREAM                     1280571077.616519
 01 00 00 00 FF 00

000:STREAM                     1280571077.658521
 01 00 00 00 FF 00

000:STREAM                     1280571077.698524
 01 00 00 00 FF 00

000:STREAM                     1280571077.748517
 01 00 00 00 FF 00

000:STREAM                     1280571077.816509
 01 00 00 00 FF 00

000:STREAM                     1280571077.860516
 01 00 00 00 FF 00

000:STREAM                     1280571077.896526
 01 00 00 00 FF 00

000:STREAM                     1280571077.962523
 01 00 00 00 FF 00

000:STREAM                     1280571078.004521
 01 00 00 00 FF 00

000:STREAM                     1280571078.064521
 01 00 00 00 FF 00

000:STREAM                     1280571078.096521
 01 00 00 00 FF 00

000:STREAM                     1280571078.126521
 01 00 00 00 FF 00

000:STREAM                     1280571078.156522
 01 00 00 00 FF 00

000:STREAM                     1280571078.192522
 01 00 00 00 FF 00

000:STREAM                     1280571078.228519
 01 00 00 00 FF 00

000:STREAM                     1280571078.258524
 01 00 00 00 FF 00

000:STREAM                     1280571078.298522
 01 00 00 00 FF 00

000:STREAM                     1280571078.326521
 01 00 00 00 FF 00

000:STREAM                     1280571078.346521
 01 00 00 00 FF 00

000:STREAM                     1280571078.376522
 01 00 00 00 FF 00

000:STREAM                     1280571078.406526
 01 00 00 00 FF 00

000:STREAM                     1280571078.434522
 01 00 00 00 FF 00

000:STREAM                     1280571078.460521
 01 00 00 00 FF 00

000:STREAM                     1280571078.496523
 01 00 00 00 FF 00

000:STREAM                     1280571078.520520
 01 00 00 00 FF 00

000:STREAM                     1280571078.548520
 01 00 00 00 FF 00

000:STREAM                     1280571078.582520
 01 00 00 00 FF 00

000:STREAM                     1280571078.612520
 01 00 00 00 FF 00

000:STREAM                     1280571078.640522
 01 00 00 00 FF 00

000:STREAM                     1280571078.664521
 01 00 00 00 FF 00

000:STREAM                     1280571078.688521
 01 00 00 00 FF 00

000:STREAM                     1280571078.726519
 01 00 00 00 FF 00

000:STREAM                     1280571078.750524
 01 00 00 00 FF 00

000:STREAM                     1280571078.770522
 01 00 00 00 FF 00

000:STREAM                     1280571078.790520
 01 00 00 00 FF 00

000:STREAM                     1280571079.240516
 01 00 00 00 01 00

000:STREAM                     1280571079.258520
 01 00 00 00 01 00

000:STREAM                     1280571079.278521
 01 00 00 00 01 00

000:STREAM                     1280571079.302520
 01 00 00 00 01 00

000:STREAM                     1280571079.330521
 01 00 00 00 01 00

000:STREAM                     1280571079.364522
 01 00 00 00 01 00

000:STREAM                     1280571079.392520
 01 00 00 00 01 00

000:STREAM                     1280571079.418513
 01 00 00 00 01 00

000:STREAM                     1280571079.464521
 01 00 00 00 01 00

000:STREAM                     1280571079.496522
 01 00 00 00 01 00

000:STREAM                     1280571079.524519
 01 00 00 00 01 00

000:STREAM                     1280571079.548521
 01 00 00 00 01 00

000:STREAM                     1280571079.574521
 01 00 00 00 01 00

000:STREAM                     1280571079.602523
 01 00 00 00 01 00

000:STREAM                     1280571079.630519
 01 00 00 00 01 00

000:STREAM                     1280571079.650527
 01 00 00 00 01 00

000:STREAM                     1280571079.674523
 01 00 00 00 01 00

000:STREAM                     1280571079.724522
 01 00 00 00 01 00

000:STREAM                     1280571079.768522
 01 00 00 00 01 00

000:STREAM                     1280571079.790527
 01 00 00 00 01 00

000:STREAM                     1280571079.814527
 01 00 00 00 01 00

000:STREAM                     1280571079.848518
 01 00 00 00 01 00

000:STREAM                     1280571079.876521
 01 00 00 00 01 00

000:STREAM                     1280571079.902520
 01 00 00 00 01 00

000:STREAM                     1280571079.932519
 01 00 00 00 01 00

000:STREAM                     1280571079.954522
 01 00 00 00 01 00

000:STREAM                     1280571079.986517
 01 00 00 00 01 00

000:STREAM                     1280571080.024523
 01 00 00 00 01 00

000:STREAM                     1280571080.060522
 01 00 00 00 01 00

000:STREAM                     1280571080.092522
 01 00 00 00 01 00

000:STREAM                     1280571080.134529
 01 00 00 00 01 00

000:STREAM                     1280571080.166521
 01 00 00 00 01 00

000:STREAM                     1280571080.192520
 01 00 00 00 01 00

000:STREAM                     1280571080.212517
 01 00 00 00 01 00

000:STREAM                     1280571080.248523
 01 00 00 00 01 00

000:STREAM                     1280571080.370524
 01 00 00 00 01 00

