000:DESCRIPTOR                 1282969192.838401
 05 01 09 00 A1 01 85 01 09 00 15 00 25 7F 95 02
 75 08 81 02 09 00 16 00 80 26 FF 7F 95 01 75 10
 81 02 C0 05 0D 09 01 A1 01 85 02 09 00 75 08 95
 09 15 00 26 FF 00 81 02 09 3A 25 02 95 01 B1 02
 85 03 09 00 26 FF 00 B1 02 85 04 09 3A 25 01 B1
 02 85 05 09 00 26 FF 00 95 08 B1 02 85 06 09 00
 B1 02 85 07 09 00 95 04 B1 02 85 08 09 00 B1 02
 85 09 09 00 95 01 B1 02 85 0A 09 00 95 02 B1 02
 85 0B 09 00 95 01 B1 02 85 0C 09 00 95 09 81 02
 85 0D 09 00 95 01 B1 02 C0
