 05 01 09 02 A1 01 85 09 09 01 A1 00 05 09 19 01
 29 03 15 00 25 01 95 03 75 01 81 02 95 05 81 01
 05 01 09 30 09 31 26 FF 7F 95 02 75 10 81 02 05
 0D 09 30 26 FF 07 95 01 75 10 81 02 C0 C0 05 01
 09 02 A1 01 09 01 A1 00 85 01 05 09 19 01 29 05
 95 05 75 01 15 00 25 01 81 02 95 03 81 01 05 01
 09 30 09 31 95 02 75 10 16 00 80 26 FF 7F 81 06
 09 38 15 81 25 7F 95 01 75 08 81 06 05 0C 0A 38
 02 95 01 75 08 81 06 C0 C0 05 01 09 06 A1 01 85
 06 05 07 19 E0 29 E7 15 00 25 01 75 01 95 08 81
 02 05 07 19 00 29 FF 26 FF 00 75 08 95 06 81 00
 C0
