000:STREAM                     1280570452.657565
 01 00 00 00

000:STREAM                     1280570452.673539
 01 00 00 00

000:STREAM                     1280570452.697537
 01 00 FD 00

000:STREAM                     1280570452.713539
 01 00 FC 00

000:STREAM                     1280570452.733545
 01 00 FD 00

000:STREAM                     1280570452.749544
 01 00 00 00

000:STREAM                     1280570452.773529
 01 00 FD 03

000:STREAM                     1280570452.789542
 01 00 00 00

000:STREAM                     1280570452.813539
 01 00 FA 00

000:STREAM                     1280570452.829541
 01 00 F8 00

000:STREAM                     1280570452.849542
 01 00 F6 03

000:STREAM                     1280570452.865543
 01 00 F5 00

000:STREAM                     1280570452.889539
 01 00 F8 05

000:STREAM                     1280570452.905539
 01 00 F8 00

000:STREAM                     1280570452.925551
 01 00 F8 03

000:STREAM                     1280570452.945545
 01 00 FC 00

000:STREAM                     1280570452.965542
 01 00 00 00

000:STREAM                     1280570452.981536
 01 00 00 00

000:STREAM                     1280570453.005549
 01 00 00 00

000:STREAM                     1280570453.021536
 01 00 00 FD

000:STREAM                     1280570453.041545
 01 00 00 00

000:STREAM                     1280570453.057544
 01 00 00 00

000:STREAM                     1280570453.081543
 01 00 00 00

000:STREAM                     1280570454.305540
 01 00 00 00

000:STREAM                     1280570454.321548
 01 00 00 00

000:STREAM                     1280570454.345545
 01 00 FD 00

000:STREAM                     1280570454.361544
 01 00 00 FD

000:STREAM                     1280570454.381543
 01 00 05 FD

000:STREAM                     1280570454.401543
 01 00 00 FD

000:STREAM                     1280570454.421541
 01 00 04 FC

000:STREAM                     1280570454.437541
 01 00 00 FA

000:STREAM                     1280570454.461548
 01 00 00 FB

000:STREAM                     1280570454.477542
 01 00 00 F8

000:STREAM                     1280570454.497543
 01 00 00 F7

000:STREAM                     1280570454.513540
 01 00 00 F8

000:STREAM                     1280570454.537548
 01 00 00 F7

000:STREAM                     1280570454.553545
 01 00 00 F6

000:STREAM                     1280570454.573547
 01 00 00 F5

000:STREAM                     1280570454.593539
 01 00 FD F4

000:STREAM                     1280570454.613542
 01 00 00 F6

000:STREAM                     1280570454.629539
 01 00 FD F7

000:STREAM                     1280570454.653545
 01 00 00 F7

000:STREAM                     1280570454.669541
 01 00 FD FC

000:STREAM                     1280570454.689540
 01 00 00 00

000:STREAM                     1280570454.705540
 01 00 00 00

000:STREAM                     1280570456.597542
 01 00 00 00

000:STREAM                     1280570456.613543
 01 00 00 00

000:STREAM                     1280570456.633541
 01 00 03 00

000:STREAM                     1280570456.649541
 01 00 05 00

000:STREAM                     1280570456.673543
 01 00 08 00

000:STREAM                     1280570456.689544
 01 00 08 00

000:STREAM                     1280570456.713543
 01 00 07 00

000:STREAM                     1280570456.729542
 01 00 06 00

000:STREAM                     1280570456.749540
 01 00 06 00

000:STREAM                     1280570456.765546
 01 00 07 00

000:STREAM                     1280570456.789544
 01 00 05 00

000:STREAM                     1280570456.805545
 01 00 03 FD

000:STREAM                     1280570456.825542
 01 00 06 00

000:STREAM                     1280570456.845547
 01 00 07 00

000:STREAM                     1280570456.865546
 01 00 07 FB

000:STREAM                     1280570456.881546
 01 00 08 FD

000:STREAM                     1280570456.905543
 01 00 07 FD

000:STREAM                     1280570456.921543
 01 00 03 FD

000:STREAM                     1280570456.941543
 01 00 00 00

000:STREAM                     1280570456.957537
 01 00 00 00

000:STREAM                     1280570456.981542
 01 00 00 00

000:STREAM                     1280570458.205538
 01 00 00 00

000:STREAM                     1280570458.221550
 01 00 00 00

000:STREAM                     1280570458.241547
 01 00 00 00

000:STREAM                     1280570458.261542
 01 00 00 00

000:STREAM                     1280570458.281542
 01 00 00 00

000:STREAM                     1280570458.297542
 01 00 00 00

000:STREAM                     1280570458.321542
 01 00 00 00

000:STREAM                     1280570458.337545
 01 00 00 00

000:STREAM                     1280570458.357547
 01 00 00 03

000:STREAM                     1280570458.377545
 01 00 00 03

000:STREAM                     1280570458.397542
 01 00 00 04

000:STREAM                     1280570458.413541
 01 00 00 06

000:STREAM                     1280570458.437543
 01 00 00 06

000:STREAM                     1280570458.453551
 01 00 00 04

000:STREAM                     1280570458.473546
 01 00 00 00

000:STREAM                     1280570458.493544
 01 00 00 00

000:STREAM                     1280570458.513543
 01 00 00 06

000:STREAM                     1280570458.529544
 01 00 00 05

000:STREAM                     1280570458.553544
 01 00 00 05

000:STREAM                     1280570458.569546
 01 00 00 05

000:STREAM                     1280570458.589543
 01 00 00 06

000:STREAM                     1280570458.605541
 01 00 00 08

000:STREAM                     1280570458.629540
 01 00 00 09

000:STREAM                     1280570458.645546
 01 00 00 09

000:STREAM                     1280570458.665546
 01 00 00 09

000:STREAM                     1280570458.685541
 01 00 00 09

000:STREAM                     1280570458.705545
 01 00 00 07

000:STREAM                     1280570458.721544
 01 00 FD 04

000:STREAM                     1280570458.745536
 01 00 00 00

000:STREAM                     1280570458.761542
 01 00 00 00

000:STREAM                     1280570458.781543
 01 00 00 00

