000:STREAM                     1280570477.589567
 01 01 00 00

000:STREAM                     1280570477.805566
 01 00 00 00

000:STREAM                     1280570479.545542
 01 02 00 00

000:STREAM                     1280570479.781548
 01 00 00 00

000:STREAM                     1280570481.089543
 01 10 00 00

000:STREAM                     1280570481.301543
 01 00 00 00

000:STREAM                     1280570482.333547
 01 08 00 00

000:STREAM                     1280570482.653545
 01 00 00 00

