003:002:001:STREAM             1344090762.222401
 05 00 00 00 01 00

003:002:001:STREAM             1344090762.478371
 05 00 00 00 00 00

003:002:001:STREAM             1344090762.838339
 05 00 00 00 02 00

003:002:001:STREAM             1344090763.054322
 05 00 00 00 00 00

003:002:001:STREAM             1344090763.382295
 05 00 00 20 00 00

003:002:001:STREAM             1344090763.614272
 05 00 00 00 00 00

003:002:001:STREAM             1344090763.974246
 05 00 00 40 00 00

003:002:001:STREAM             1344090764.206223
 05 00 00 00 00 00

003:002:001:STREAM             1344090764.582193
 05 00 20 00 00 00

003:002:001:STREAM             1344090764.766175
 05 00 00 00 00 00

003:002:001:STREAM             1344090765.150146
 05 00 02 00 00 00

003:002:001:STREAM             1344090765.334130
 05 00 00 00 00 00

003:002:001:STREAM             1344090765.758091
 05 00 00 10 00 00

003:002:001:STREAM             1344090765.942079
 05 00 00 00 00 00

003:002:001:STREAM             1344090766.286048
 05 00 00 08 00 00

003:002:001:STREAM             1344090766.486029
 05 00 00 00 00 00

