003:002:000:STREAM             1344090524.555516
 09 80 96 44 B2 36 00 00

003:002:000:STREAM             1344090524.559488
 09 80 96 44 B2 36 00 00

003:002:000:STREAM             1344090524.563484
 09 80 96 44 B2 36 00 00

003:002:000:STREAM             1344090524.567524
 09 80 96 44 B2 36 00 00

003:002:000:STREAM             1344090524.571503
 09 80 96 44 B2 36 00 00

003:002:000:STREAM             1344090524.575484
 09 80 B4 44 D1 36 00 00

003:002:000:STREAM             1344090524.583509
 09 80 B4 44 EE 36 00 00

003:002:000:STREAM             1344090524.587550
 09 80 D3 44 0A 37 00 00

003:002:000:STREAM             1344090524.591495
 09 80 EC 44 1D 37 00 00

003:002:000:STREAM             1344090524.595490
 09 80 08 45 1D 37 00 00

003:002:000:STREAM             1344090524.603488
 09 80 1C 45 1D 37 00 00

003:002:000:STREAM             1344090524.607489
 09 80 1C 45 1D 37 00 00

003:002:000:STREAM             1344090524.611479
 09 80 30 45 1D 37 00 00

003:002:000:STREAM             1344090524.615478
 09 80 44 45 34 37 00 00

003:002:000:STREAM             1344090524.619487
 09 80 50 45 45 37 00 00

003:002:000:STREAM             1344090524.627498
 09 80 5B 45 53 37 00 00

003:002:000:STREAM             1344090524.631486
 09 80 5B 45 5F 37 00 00

003:002:000:STREAM             1344090524.635478
 09 80 69 45 5F 37 00 00

003:002:000:STREAM             1344090524.639483
 09 80 69 45 6D 37 00 00

003:002:000:STREAM             1344090524.647486
 09 80 7B 45 7A 37 00 00

003:002:000:STREAM             1344090524.651507
 09 80 8D 45 7A 37 00 00

003:002:000:STREAM             1344090524.655486
 09 80 9B 45 81 37 00 00

003:002:000:STREAM             1344090524.663484
 09 80 9B 45 81 37 00 00

003:002:000:STREAM             1344090524.667477
 09 80 A6 45 81 37 00 00

003:002:000:STREAM             1344090524.671478
 09 80 B0 45 89 37 00 00

003:002:000:STREAM             1344090524.675482
 09 80 BA 45 89 37 00 00

003:002:000:STREAM             1344090524.683502
 09 80 C6 45 91 37 00 00

003:002:000:STREAM             1344090524.687481
 09 80 D2 45 91 37 00 00

003:002:000:STREAM             1344090524.691477
 09 80 DC 45 91 37 00 00

003:002:000:STREAM             1344090524.699479
 09 80 DC 45 9A 37 00 00

003:002:000:STREAM             1344090524.703475
 09 80 E4 45 A4 37 00 00

003:002:000:STREAM             1344090524.707474
 09 80 E4 45 B0 37 00 00

003:002:000:STREAM             1344090524.711503
 09 80 E4 45 BD 37 00 00

003:002:000:STREAM             1344090524.719493
 09 80 E4 45 C4 37 00 00

003:002:000:STREAM             1344090524.723478
 09 80 EF 45 C4 37 00 00

003:002:000:STREAM             1344090524.727470
 09 80 EF 45 CC 37 00 00

003:002:000:STREAM             1344090524.735477
 09 80 EF 45 D4 37 00 00

003:002:000:STREAM             1344090524.739471
 09 80 EF 45 DF 37 00 00

003:002:000:STREAM             1344090524.743491
 09 80 EF 45 ED 37 00 00

003:002:000:STREAM             1344090524.747482
 09 80 E8 45 F7 37 00 00

003:002:000:STREAM             1344090524.755469
 09 80 DC 45 FE 37 00 00

003:002:000:STREAM             1344090524.759475
 09 80 CD 45 05 38 00 00

003:002:000:STREAM             1344090524.763467
 09 80 BA 45 10 38 00 00

003:002:000:STREAM             1344090524.767463
 09 80 A8 45 18 38 00 00

003:002:000:STREAM             1344090524.775493
 09 80 93 45 21 38 00 00

003:002:000:STREAM             1344090524.779472
 09 80 7B 45 2E 38 00 00

003:002:000:STREAM             1344090524.783465
 09 80 67 45 3B 38 00 00

003:002:000:STREAM             1344090524.787469
 09 80 52 45 4B 38 00 00

003:002:000:STREAM             1344090524.795466
 09 80 42 45 5F 38 00 00

003:002:000:STREAM             1344090524.799471
 09 80 33 45 6C 38 00 00

003:002:000:STREAM             1344090524.803481
 09 80 26 45 75 38 00 00

003:002:000:STREAM             1344090524.811484
 09 80 1B 45 7C 38 00 00

003:002:000:STREAM             1344090524.815470
 09 80 1B 45 7C 38 00 00

003:002:000:STREAM             1344090524.819464
 09 80 0D 45 8E 38 00 00

003:002:000:STREAM             1344090524.823470
 09 80 0D 45 9B 38 00 00

003:002:000:STREAM             1344090524.831467
 09 80 04 45 A4 38 00 00

003:002:000:STREAM             1344090524.835491
 09 80 04 45 A4 38 00 00

003:002:000:STREAM             1344090524.839476
 09 80 F9 44 A4 38 00 00

003:002:000:STREAM             1344090524.843466
 09 80 F9 44 AF 38 00 00

003:002:000:STREAM             1344090524.851478
 09 80 F9 44 AF 38 00 00

003:002:000:STREAM             1344090524.855458
 09 80 F9 44 AF 38 00 00

003:002:000:STREAM             1344090524.859454
 09 80 EE 44 BA 38 00 00

003:002:000:STREAM             1344090524.863484
 09 80 E4 44 BA 38 00 00

003:002:000:STREAM             1344090524.867487
 09 80 E4 44 BA 38 00 00

003:002:000:STREAM             1344090524.875468
 09 80 E4 44 BA 38 00 00

003:002:000:STREAM             1344090524.879458
 09 80 D4 44 CD 38 00 00

003:002:000:STREAM             1344090524.883453
 09 80 D4 44 CD 38 00 00

003:002:000:STREAM             1344090524.887469
 09 80 BF 44 D7 38 00 00

003:002:000:STREAM             1344090524.895471
 09 80 BF 44 D7 38 00 00

003:002:000:STREAM             1344090524.899484
 09 80 BF 44 D7 38 00 00

003:002:000:STREAM             1344090524.903457
 09 80 BF 44 D7 38 00 00

003:002:000:STREAM             1344090524.907451
 09 80 BF 44 D7 38 00 00

003:002:000:STREAM             1344090524.911461
 09 80 A7 44 D7 38 00 00

003:002:000:STREAM             1344090524.919453
 09 80 A7 44 D7 38 00 00

003:002:000:STREAM             1344090524.923459
 09 80 A7 44 D7 38 00 00

003:002:000:STREAM             1344090524.927485
 09 80 A7 44 D7 38 00 00

003:002:000:STREAM             1344090524.931458
 09 80 8D 44 D7 38 00 00

003:002:000:STREAM             1344090524.935461
 09 80 8D 44 D7 38 00 00

003:002:000:STREAM             1344090524.939452
 09 80 8D 44 D7 38 00 00

003:002:000:STREAM             1344090524.947461
 09 80 8D 44 D7 38 00 00

003:002:000:STREAM             1344090524.951452
 09 80 8D 44 D7 38 00 00

003:002:000:STREAM             1344090524.955448
 09 80 8D 44 D7 38 00 00

003:002:000:STREAM             1344090524.959481
 09 80 72 44 D7 38 00 00

003:002:000:STREAM             1344090524.963454
 09 80 72 44 D7 38 00 00

003:002:000:STREAM             1344090524.967447
 09 80 72 44 BC 38 00 00

003:002:000:STREAM             1344090524.975458
 09 80 72 44 BC 38 00 00

003:002:000:STREAM             1344090524.979449
 09 80 72 44 BC 38 00 00

003:002:000:STREAM             1344090524.983444
 09 80 72 44 98 38 00 00

003:002:000:STREAM             1344090524.987454
 09 80 72 44 98 38 00 00

003:002:000:STREAM             1344090524.991474
 09 80 72 44 98 38 00 00

003:002:000:STREAM             1344090524.995448
 09 80 72 44 68 38 00 00

003:002:000:STREAM             1344090525.003455
 09 80 72 44 68 38 00 00

003:002:000:STREAM             1344090525.007449
 09 80 72 44 3C 38 00 00

003:002:000:STREAM             1344090525.011451
 09 80 50 44 3C 38 00 00

003:002:000:STREAM             1344090525.015452
 09 80 50 44 0F 38 00 00

003:002:000:STREAM             1344090525.019476
 09 80 50 44 0F 38 00 00

003:002:000:STREAM             1344090525.023455
 09 80 50 44 EB 37 00 00

003:002:000:STREAM             1344090525.027454
 09 80 50 44 EB 37 00 00

003:002:000:STREAM             1344090525.031444
 09 80 50 44 BB 37 00 00

003:002:000:STREAM             1344090525.039451
 09 80 28 44 BB 37 00 00

003:002:000:STREAM             1344090525.043445
 09 80 28 44 8E 37 00 00

003:002:000:STREAM             1344090525.047443
 09 80 28 44 8E 37 00 00

003:002:000:STREAM             1344090525.051472
 09 80 28 44 8E 37 00 00

003:002:000:STREAM             1344090525.055444
 09 80 28 44 8E 37 00 00

003:002:000:STREAM             1344090525.059439
 09 80 28 44 8E 37 00 00

003:002:000:STREAM             1344090525.063450
 09 80 28 44 69 37 00 00

003:002:000:STREAM             1344090525.071446
 09 80 28 44 69 37 00 00

003:002:000:STREAM             1344090525.075448
 09 80 28 44 69 37 00 00

003:002:000:STREAM             1344090525.079466
 09 80 28 44 69 37 00 00

003:002:000:STREAM             1344090525.083469
 09 80 28 44 69 37 00 00

003:002:000:STREAM             1344090525.087453
 09 80 28 44 69 37 00 00

003:002:000:STREAM             1344090525.091440
 09 80 04 44 41 37 00 00

003:002:000:STREAM             1344090525.095438
 09 80 04 44 41 37 00 00

003:002:000:STREAM             1344090525.103445
 09 80 04 44 41 37 00 00

003:002:000:STREAM             1344090525.107441
 09 80 04 44 41 37 00 00

003:002:000:STREAM             1344090525.111461
 09 80 E1 43 41 37 00 00

003:002:000:STREAM             1344090525.115452
 09 80 E1 43 41 37 00 00

003:002:000:STREAM             1344090525.119437
 09 80 E1 43 41 37 00 00

003:002:000:STREAM             1344090525.123438
 09 80 E1 43 41 37 00 00

003:002:000:STREAM             1344090525.127444
 09 80 E1 43 1F 37 00 00

003:002:000:STREAM             1344090525.135438
 09 80 E1 43 1F 37 00 00

003:002:000:STREAM             1344090525.139441
 09 80 E1 43 1F 37 00 00

003:002:000:STREAM             1344090525.143460
 09 80 E1 43 1F 37 00 00

003:002:000:STREAM             1344090525.147440
 09 80 E1 43 1F 37 00 00

003:002:000:STREAM             1344090525.151443
 09 80 E1 43 1F 37 00 00

003:002:000:STREAM             1344090525.155433
 09 80 BD 43 1F 37 00 00

003:002:000:STREAM             1344090525.159435
 09 80 BD 43 1F 37 00 00

003:002:000:STREAM             1344090525.167443
 09 80 BD 43 1F 37 00 00

003:002:000:STREAM             1344090525.171464
 09 80 BD 43 ED 36 00 00

003:002:000:STREAM             1344090525.175437
 09 80 BD 43 C3 36 00 00

003:002:000:STREAM             1344090525.179438
 09 80 BD 43 C3 36 00 00

003:002:000:STREAM             1344090525.183432
 09 80 BD 43 C3 36 00 00

003:002:000:STREAM             1344090525.187428
 09 80 BD 43 C3 36 00 00

003:002:000:STREAM             1344090525.195438
 09 80 BD 43 C3 36 00 00

003:002:000:STREAM             1344090525.199430
 09 80 BD 43 C3 36 00 00

003:002:000:STREAM             1344090525.203455
 09 80 BD 43 96 36 00 00

003:002:000:STREAM             1344090525.207439
 09 80 BD 43 96 36 00 00

003:002:000:STREAM             1344090525.211429
 09 80 BD 43 96 36 00 00

003:002:000:STREAM             1344090525.215428
 09 80 BD 43 96 36 00 00

003:002:000:STREAM             1344090525.219437
 09 80 BD 43 96 36 00 00

003:002:000:STREAM             1344090525.227430
 09 80 BD 43 96 36 00 00

003:002:000:STREAM             1344090525.231434
 09 80 E2 43 96 36 00 00

003:002:000:STREAM             1344090525.235452
 09 80 E2 43 96 36 00 00

003:002:000:STREAM             1344090525.239425
 09 80 E2 43 96 36 00 00

003:002:000:STREAM             1344090525.243436
 09 80 E2 43 96 36 00 00

003:002:000:STREAM             1344090525.247427
 09 80 07 44 96 36 00 00

003:002:000:STREAM             1344090525.255433
 09 80 07 44 96 36 00 00

003:002:000:STREAM             1344090525.259427
 09 80 07 44 96 36 00 00

003:002:000:STREAM             1344090525.263437
 09 80 07 44 96 36 00 00

003:002:000:STREAM             1344090525.267448
 09 80 07 44 96 36 00 00

003:002:000:STREAM             1344090525.271425
 09 80 2A 44 96 36 00 00

003:002:000:STREAM             1344090525.275429
 09 80 2A 44 96 36 00 00

003:002:000:STREAM             1344090525.283430
 09 80 2A 44 96 36 00 00

003:002:000:STREAM             1344090525.287423
 09 80 2A 44 96 36 00 00

003:002:000:STREAM             1344090525.291427
 09 80 2A 44 96 36 00 00

003:002:000:STREAM             1344090525.295449
 09 80 2A 44 96 36 00 00

003:002:000:STREAM             1344090525.299440
 09 80 2A 44 96 36 00 00

003:002:000:STREAM             1344090525.303426
 09 80 2A 44 96 36 00 00

003:002:000:STREAM             1344090525.307430
 09 80 2A 44 79 36 00 00

003:002:000:STREAM             1344090525.315423
 09 80 2A 44 79 36 00 00

003:002:000:STREAM             1344090525.319428
 09 80 2A 44 79 36 00 00

003:002:000:STREAM             1344090525.323419
 09 80 2A 44 79 36 00 00

003:002:000:STREAM             1344090525.327446
 09 80 2A 44 79 36 00 00

003:002:000:STREAM             1344090525.331430
 09 80 2A 44 79 36 00 00

003:002:000:STREAM             1344090525.335421
 09 80 2A 44 79 36 00 00

003:002:000:STREAM             1344090525.343427
 09 80 2A 44 79 36 00 00

003:002:000:STREAM             1344090525.347418
 09 80 44 44 79 36 00 00

003:002:000:STREAM             1344090525.351415
 09 80 44 44 79 36 00 00

003:002:000:STREAM             1344090525.355422
 09 80 61 44 79 36 00 00

003:002:000:STREAM             1344090525.359441
 09 80 61 44 79 36 00 00

003:002:000:STREAM             1344090525.367424
 09 80 7F 44 79 36 00 00

003:002:000:STREAM             1344090525.371416
 09 80 7F 44 79 36 00 00

003:002:000:STREAM             1344090525.375412
 09 80 9B 44 93 36 00 00

003:002:000:STREAM             1344090525.379420
 09 80 9B 44 93 36 00 00

003:002:000:STREAM             1344090525.383415
 09 80 B8 44 B0 36 00 00

003:002:000:STREAM             1344090525.387440
 09 80 B8 44 B0 36 00 00

003:002:000:STREAM             1344090525.395431
 09 80 B8 44 B0 36 00 00

003:002:000:STREAM             1344090525.399417
 09 80 B8 44 D2 36 00 00

003:002:000:STREAM             1344090525.403418
 09 80 B8 44 EC 36 00 00

003:002:000:STREAM             1344090525.407423
 09 80 B8 44 EC 36 00 00

003:002:000:STREAM             1344090525.411414
 09 80 B8 44 EC 36 00 00

003:002:000:STREAM             1344090525.415408
 09 80 B8 44 0D 37 00 00

003:002:000:STREAM             1344090525.423433
 09 80 B8 44 0D 37 00 00

003:002:000:STREAM             1344090525.427412
 09 80 B8 44 30 37 00 00

003:002:000:STREAM             1344090525.431407
 09 80 98 44 4C 37 00 00

003:002:000:STREAM             1344090525.435415
 09 80 98 44 4C 37 00 00

003:002:000:STREAM             1344090525.439411
 09 80 7C 44 4C 37 00 00

003:002:000:STREAM             1344090525.447418
 09 80 7C 44 4C 37 00 00

003:002:000:STREAM             1344090525.451434
 09 80 7C 44 4C 37 00 00

003:002:000:STREAM             1344090525.455409
 09 80 7C 44 4C 37 00 00

003:002:000:STREAM             1344090525.459416
 09 80 7C 44 4C 37 00 00

003:002:000:STREAM             1344090525.463415
 09 80 7C 44 6D 37 00 00

003:002:000:STREAM             1344090525.467406
 09 80 7C 44 6D 37 00 00

003:002:000:STREAM             1344090525.475417
 09 80 7C 44 6D 37 00 00

003:002:000:STREAM             1344090525.479440
 09 80 7C 44 6D 37 00 00

003:002:000:STREAM             1344090525.483414
 09 80 7C 44 6D 37 00 00

003:002:000:STREAM             1344090525.487415
 09 80 7C 44 6D 37 00 00

003:002:000:STREAM             1344090525.491404
 09 80 7C 44 6D 37 00 00

003:002:000:STREAM             1344090525.495401
 09 80 7C 44 6D 37 00 00

003:002:000:STREAM             1344090525.503412
 09 80 7C 44 6D 37 00 00

003:002:000:STREAM             1344090525.507403
 09 80 7C 44 87 37 00 00

003:002:000:STREAM             1344090525.511430
 09 80 7C 44 87 37 00 00

003:002:000:STREAM             1344090525.515412
 09 80 7C 44 87 37 00 00

003:002:000:STREAM             1344090525.519406
 09 80 7C 44 87 37 00 00

003:002:000:STREAM             1344090525.523401
 09 80 98 44 87 37 00 00

003:002:000:STREAM             1344090525.531407
 09 80 98 44 87 37 00 00

003:002:000:STREAM             1344090525.535405
 09 80 98 44 87 37 00 00

003:002:000:STREAM             1344090525.539398
 09 80 98 44 A4 37 00 00

003:002:000:STREAM             1344090525.543429
 09 80 B3 44 A4 37 00 00

003:002:000:STREAM             1344090525.547405
 09 80 B3 44 A4 37 00 00

003:002:000:STREAM             1344090525.555409
 09 80 B3 44 A4 37 00 00

003:002:000:STREAM             1344090525.559403
 09 80 B3 44 A4 37 00 00

003:002:000:STREAM             1344090525.563397
 09 80 B3 44 A4 37 00 00

003:002:000:STREAM             1344090525.567415
 09 80 B3 44 A4 37 00 00

003:002:000:STREAM             1344090525.571426
 09 80 D0 44 A4 37 00 00

003:002:000:STREAM             1344090525.575407
 09 80 D0 44 A4 37 00 00

003:002:000:STREAM             1344090525.583407
 09 80 D0 44 A4 37 00 00

003:002:000:STREAM             1344090525.587399
 09 80 D0 44 A4 37 00 00

003:002:000:STREAM             1344090525.591400
 09 80 D0 44 A4 37 00 00

003:002:000:STREAM             1344090525.595404
 09 80 D0 44 A4 37 00 00

003:002:000:STREAM             1344090525.599397
 09 80 D0 44 A4 37 00 00

003:002:000:STREAM             1344090525.607417
 09 80 D0 44 A4 37 00 00

003:002:000:STREAM             1344090525.611399
 09 80 D0 44 A4 37 00 00

003:002:000:STREAM             1344090525.615391
 09 80 D0 44 A4 37 00 00

003:002:000:STREAM             1344090525.619400
 09 80 D0 44 87 37 00 00

003:002:000:STREAM             1344090525.623394
 09 80 D0 44 87 37 00 00

003:002:000:STREAM             1344090525.627389
 09 80 D0 44 87 37 00 00

003:002:000:STREAM             1344090525.635423
 09 80 D0 44 87 37 00 00

003:002:000:STREAM             1344090525.639395
 09 80 D0 44 87 37 00 00

003:002:000:STREAM             1344090525.643392
 09 80 D0 44 87 37 00 00

003:002:000:STREAM             1344090525.647400
 09 80 D0 44 87 37 00 00

003:002:000:STREAM             1344090525.651393
 09 80 B4 44 87 37 00 00

003:002:000:STREAM             1344090525.655388
 09 80 B4 44 87 37 00 00

003:002:000:STREAM             1344090525.663412
 09 80 B4 44 87 37 00 00

003:002:000:STREAM             1344090525.667414
 09 80 B4 44 87 37 00 00

003:002:000:STREAM             1344090525.671389
 09 80 B4 44 87 37 00 00

003:002:000:STREAM             1344090525.675398
 09 80 B4 44 87 37 00 00

003:002:000:STREAM             1344090525.679393
 09 80 B4 44 87 37 00 00

003:002:000:STREAM             1344090525.687397
 09 80 B4 44 87 37 00 00

003:002:000:STREAM             1344090525.691388
 09 80 B4 44 87 37 00 00

003:002:000:STREAM             1344090525.695412
 09 80 B4 44 87 37 00 00

003:002:000:STREAM             1344090525.699401
 09 80 B4 44 87 37 00 00

003:002:000:STREAM             1344090525.703388
 09 80 B4 44 87 37 00 00

003:002:000:STREAM             1344090525.707383
 09 80 B4 44 87 37 00 00

003:002:000:STREAM             1344090525.715392
 09 80 B4 44 87 37 00 00

003:002:000:STREAM             1344090525.719386
 09 80 B4 44 87 37 00 00

003:002:000:STREAM             1344090525.723382
 09 80 B4 44 87 37 00 00

003:002:000:STREAM             1344090525.727415
 09 80 B4 44 87 37 00 00

003:002:000:STREAM             1344090525.731386
 09 80 B4 44 87 37 00 00

003:002:000:STREAM             1344090525.739390
 09 80 B4 44 87 37 00 00

003:002:000:STREAM             1344090525.743390
 09 80 D0 44 87 37 00 00

003:002:000:STREAM             1344090525.747386
 09 80 D0 44 87 37 00 00

003:002:000:STREAM             1344090525.751390
 09 80 D0 44 87 37 00 00

003:002:000:STREAM             1344090525.756481
 09 80 EA 44 87 37 00 00

003:002:000:STREAM             1344090525.759397
 09 80 EA 44 87 37 00 00

003:002:000:STREAM             1344090525.767390
 09 80 EA 44 87 37 00 00

003:002:000:STREAM             1344090525.771388
 09 80 EA 44 87 37 00 00

003:002:000:STREAM             1344090525.775381
 09 80 EA 44 87 37 00 00

003:002:000:STREAM             1344090525.779388
 09 80 EA 44 87 37 00 00

003:002:000:STREAM             1344090525.783386
 09 80 EA 44 87 37 00 00

003:002:000:STREAM             1344090525.791403
 09 80 EA 44 6D 37 00 00

003:002:000:STREAM             1344090525.795384
 09 80 EA 44 6D 37 00 00

003:002:000:STREAM             1344090525.799377
 09 80 EA 44 6D 37 00 00

003:002:000:STREAM             1344090525.803385
 09 80 EA 44 6D 37 00 00

003:002:000:STREAM             1344090525.807383
 09 80 EA 44 6D 37 00 00

003:002:000:STREAM             1344090525.815393
 09 80 EA 44 6D 37 00 00

003:002:000:STREAM             1344090525.819401
 09 80 EA 44 6D 37 00 00

003:002:000:STREAM             1344090525.823375
 09 80 EA 44 4E 37 00 00

003:002:000:STREAM             1344090525.827385
 09 80 07 45 4E 37 00 00

003:002:000:STREAM             1344090525.831377
 09 80 07 45 4E 37 00 00

003:002:000:STREAM             1344090525.835372
 09 80 07 45 4E 37 00 00

003:002:000:STREAM             1344090525.843384
 09 80 07 45 4E 37 00 00

003:002:000:STREAM             1344090525.847396
 09 80 07 45 4E 37 00 00

003:002:000:STREAM             1344090525.851406
 09 80 07 45 4E 37 00 00

003:002:000:STREAM             1344090525.855388
 09 80 07 45 4E 37 00 00

003:002:000:STREAM             1344090525.859377
 09 80 07 45 4E 37 00 00

003:002:000:STREAM             1344090525.867382
 09 80 07 45 4E 37 00 00

003:002:000:STREAM             1344090525.871379
 09 80 07 45 4E 37 00 00

003:002:000:STREAM             1344090525.875378
 09 80 07 45 4E 37 00 00

003:002:000:STREAM             1344090525.879401
 09 80 07 45 2E 37 00 00

003:002:000:STREAM             1344090525.883385
 09 80 07 45 2E 37 00 00

003:002:000:STREAM             1344090525.891380
 09 80 07 45 2E 37 00 00

003:002:000:STREAM             1344090525.895373
 09 80 07 45 0D 37 00 00

003:002:000:STREAM             1344090525.899369
 09 80 07 45 0D 37 00 00

003:002:000:STREAM             1344090525.903377
 09 80 07 45 0D 37 00 00

003:002:000:STREAM             1344090525.907371
 09 80 07 45 0D 37 00 00

003:002:000:STREAM             1344090525.911399
 09 80 07 45 0D 37 00 00

003:002:000:STREAM             1344090525.919379
 09 80 07 45 0D 37 00 00

003:002:000:STREAM             1344090525.923370
 09 80 07 45 0D 37 00 00

003:002:000:STREAM             1344090525.927366
 09 80 07 45 0D 37 00 00

003:002:000:STREAM             1344090525.931374
 09 80 07 45 0D 37 00 00

003:002:000:STREAM             1344090525.935369
 09 80 07 45 0D 37 00 00

003:002:000:STREAM             1344090525.943395
 09 80 07 45 0D 37 00 00

003:002:000:STREAM             1344090525.947370
 09 80 07 45 F1 36 00 00

003:002:000:STREAM             1344090525.951363
 09 80 07 45 F1 36 00 00

003:002:000:STREAM             1344090525.955375
 09 80 07 45 F1 36 00 00

003:002:000:STREAM             1344090525.959368
 09 80 21 45 F1 36 00 00

003:002:000:STREAM             1344090525.963362
 09 80 21 45 F1 36 00 00

003:002:000:STREAM             1344090525.972240
 09 80 21 45 F1 36 00 00

003:002:000:STREAM             1344090525.975383
 09 80 37 45 F1 36 00 00

003:002:000:STREAM             1344090525.979362
 09 80 37 45 F1 36 00 00

003:002:000:STREAM             1344090525.983364
 09 80 54 45 F1 36 00 00

003:002:000:STREAM             1344090525.987365
 09 80 54 45 F1 36 00 00

003:002:000:STREAM             1344090525.995366
 09 80 54 45 F1 36 00 00

003:002:000:STREAM             1344090525.999367
 09 80 54 45 F1 36 00 00

003:002:000:STREAM             1344090526.003388
 09 80 66 45 F1 36 00 00

003:002:000:STREAM             1344090526.007364
 09 80 66 45 F1 36 00 00

003:002:000:STREAM             1344090526.011367
 09 80 66 45 F1 36 00 00

003:002:000:STREAM             1344090526.019365
 09 80 66 45 F1 36 00 00

003:002:000:STREAM             1344090526.023365
 09 80 66 45 F1 36 00 00

003:002:000:STREAM             1344090526.027360
 09 80 7A 45 F1 36 00 00

003:002:000:STREAM             1344090526.031358
 09 80 7A 45 F1 36 00 00

003:002:000:STREAM             1344090526.039379
 09 80 7A 45 F1 36 00 00

003:002:000:STREAM             1344090526.043362
 09 80 7A 45 F1 36 00 00

003:002:000:STREAM             1344090526.047360
 09 80 96 45 F1 36 00 00

003:002:000:STREAM             1344090526.051363
 09 80 96 45 03 37 00 00

003:002:000:STREAM             1344090526.055359
 09 80 AD 45 03 37 00 00

003:002:000:STREAM             1344090526.063379
 09 80 AD 45 03 37 00 00

003:002:000:STREAM             1344090526.067382
 09 80 AD 45 03 37 00 00

003:002:000:STREAM             1344090526.071356
 09 80 AD 45 03 37 00 00

003:002:000:STREAM             1344090526.075361
 09 80 AD 45 03 37 00 00

003:002:000:STREAM             1344090526.079365
 09 80 C5 45 03 37 00 00

003:002:000:STREAM             1344090526.087361
 09 80 DC 45 03 37 00 00

003:002:000:STREAM             1344090526.091358
 09 80 DC 45 03 37 00 00

003:002:000:STREAM             1344090526.095384
 09 80 DC 45 03 37 00 00

003:002:000:STREAM             1344090526.099368
 09 80 DC 45 03 37 00 00

003:002:000:STREAM             1344090526.103356
 09 80 DC 45 03 37 00 00

003:002:000:STREAM             1344090526.111357
 09 80 EE 45 03 37 00 00

003:002:000:STREAM             1344090526.115356
 09 80 EE 45 03 37 00 00

003:002:000:STREAM             1344090526.119351
 09 80 EE 45 03 37 00 00

003:002:000:STREAM             1344090526.123355
 09 80 EE 45 03 37 00 00

003:002:000:STREAM             1344090526.131369
 09 80 EE 45 03 37 00 00

003:002:000:STREAM             1344090526.135357
 09 80 EE 45 03 37 00 00

003:002:000:STREAM             1344090526.139355
 09 80 EE 45 03 37 00 00

003:002:000:STREAM             1344090526.143353
 09 80 01 46 03 37 00 00

003:002:000:STREAM             1344090526.147353
 09 80 01 46 03 37 00 00

003:002:000:STREAM             1344090526.155350
 09 80 01 46 03 37 00 00

003:002:000:STREAM             1344090526.159376
 09 80 16 46 03 37 00 00

003:002:000:STREAM             1344090526.163348
 09 80 16 46 03 37 00 00

003:002:000:STREAM             1344090526.167351
 09 80 16 46 03 37 00 00

003:002:000:STREAM             1344090526.171354
 09 80 16 46 03 37 00 00

003:002:000:STREAM             1344090526.179350
 09 80 16 46 03 37 00 00

003:002:000:STREAM             1344090526.183349
 09 80 16 46 03 37 00 00

003:002:000:STREAM             1344090526.187417
 09 80 16 46 03 37 00 00

003:002:000:STREAM             1344090526.191355
 09 80 16 46 03 37 00 00

003:002:000:STREAM             1344090526.199353
 09 80 16 46 03 37 00 00

003:002:000:STREAM             1344090526.203347
 09 80 16 46 03 37 00 00

003:002:000:STREAM             1344090526.207344
 09 80 16 46 03 37 00 00

003:002:000:STREAM             1344090526.211347
 09 80 16 46 03 37 00 00

003:002:000:STREAM             1344090526.215351
 09 80 28 46 03 37 00 00

003:002:000:STREAM             1344090526.223366
 09 80 28 46 03 37 00 00

003:002:000:STREAM             1344090526.227350
 09 80 28 46 03 37 00 00

003:002:000:STREAM             1344090526.231342
 09 80 28 46 03 37 00 00

003:002:000:STREAM             1344090526.235348
 09 80 28 46 03 37 00 00

003:002:000:STREAM             1344090526.243345
 09 80 3D 46 03 37 00 00

003:002:000:STREAM             1344090526.247347
 09 80 3D 46 03 37 00 00

003:002:000:STREAM             1344090526.251367
 09 80 3D 46 03 37 00 00

003:002:000:STREAM             1344090526.255344
 09 80 3D 46 03 37 00 00

003:002:000:STREAM             1344090526.263346
 09 80 3D 46 03 37 00 00

003:002:000:STREAM             1344090526.267346
 09 80 47 46 03 37 00 00

003:002:000:STREAM             1344090526.271341
 09 80 47 46 03 37 00 00

003:002:000:STREAM             1344090526.275351
 09 80 47 46 03 37 00 00

003:002:000:STREAM             1344090526.283360
 09 80 47 46 03 37 00 00

003:002:000:STREAM             1344090526.287345
 09 80 57 46 03 37 00 00

003:002:000:STREAM             1344090526.291337
 09 80 57 46 03 37 00 00

003:002:000:STREAM             1344090526.295339
 09 80 57 46 03 37 00 00

003:002:000:STREAM             1344090526.303341
 09 80 57 46 03 37 00 00

003:002:000:STREAM             1344090526.307346
 09 80 57 46 03 37 00 00

003:002:000:STREAM             1344090526.311363
 09 80 57 46 03 37 00 00

003:002:000:STREAM             1344090526.319346
 09 80 57 46 03 37 00 00

003:002:000:STREAM             1344090526.323336
 09 80 57 46 F7 36 00 00

003:002:000:STREAM             1344090526.327333
 09 80 57 46 F7 36 00 00

003:002:000:STREAM             1344090526.331341
 09 80 57 46 F7 36 00 00

003:002:000:STREAM             1344090526.339348
 09 80 61 46 00 37 00 00

003:002:000:STREAM             1344090526.343359
 09 80 6A 46 00 37 00 00

003:002:000:STREAM             1344090526.347341
 09 80 6A 46 00 37 00 00

003:002:000:STREAM             1344090526.355342
 09 80 6A 46 09 37 00 00

003:002:000:STREAM             1344090526.359332
 09 80 6A 46 09 37 00 00

003:002:000:STREAM             1344090526.363330
 09 80 6A 46 09 37 00 00

003:002:000:STREAM             1344090526.367338
 09 80 6A 46 09 37 00 00

003:002:000:STREAM             1344090526.375350
 09 80 6A 46 09 37 00 00

003:002:000:STREAM             1344090526.439344
 09 82 88 46 4E 37 00 00

003:002:000:STREAM             1344090526.447326
 09 82 8E 46 4E 37 00 00

003:002:000:STREAM             1344090526.451361
 09 82 8E 46 4E 37 00 00

003:002:000:STREAM             1344090526.459342
 09 82 97 46 55 37 00 00

003:002:000:STREAM             1344090526.463331
 09 82 9D 46 58 37 00 00

003:002:000:STREAM             1344090526.471342
 09 82 A3 46 58 37 00 00

003:002:000:STREAM             1344090526.475331
 09 82 AD 46 58 37 00 00

003:002:000:STREAM             1344090526.483322
 09 82 AD 46 58 37 00 00

003:002:000:STREAM             1344090526.487328
 09 82 A8 46 58 37 00 00

003:002:000:STREAM             1344090526.495321
 09 82 A8 46 5E 37 00 00

003:002:000:STREAM             1344090526.499345
 09 82 B4 46 63 37 00 00

003:002:000:STREAM             1344090526.507336
 09 82 B7 46 67 37 00 00

003:002:000:STREAM             1344090526.511330
 09 82 BB 46 67 37 00 00

003:002:000:STREAM             1344090526.519321
 09 82 BB 46 6D 37 00 00

003:002:000:STREAM             1344090526.527324
 09 82 BB 46 74 37 00 00

003:002:000:STREAM             1344090526.531345
 09 82 B8 46 74 37 00 00

003:002:000:STREAM             1344090526.539324
 09 82 B4 46 74 37 00 00

003:002:000:STREAM             1344090526.543317
 09 82 B4 46 78 37 00 00

003:002:000:STREAM             1344090526.551325
 09 82 AE 46 7B 37 00 00

003:002:000:STREAM             1344090526.555318
 09 82 AB 46 7F 37 00 00

003:002:000:STREAM             1344090526.563343
 09 82 A3 46 85 37 00 00

003:002:000:STREAM             1344090526.567323
 09 82 A1 46 8B 37 00 00

003:002:000:STREAM             1344090526.575323
 09 82 9F 46 8F 37 00 00

003:002:000:STREAM             1344090526.579323
 09 82 98 46 92 37 00 00

003:002:000:STREAM             1344090526.587321
 09 82 92 46 95 37 00 00

003:002:000:STREAM             1344090526.595331
 09 82 8D 46 99 37 00 00

003:002:000:STREAM             1344090526.599321
 09 82 88 46 9C 37 00 00

003:002:000:STREAM             1344090526.607313
 09 82 83 46 9E 37 00 00

003:002:000:STREAM             1344090526.611316
 09 82 7D 46 9B 37 00 00

003:002:000:STREAM             1344090526.619314
 09 82 80 46 9B 37 00 00

003:002:000:STREAM             1344090526.623339
 09 82 80 46 9D 37 00 00

003:002:000:STREAM             1344090526.631312
 09 82 82 46 9F 37 00 00

003:002:000:STREAM             1344090526.639317
 09 82 7D 46 A3 37 00 00

003:002:000:STREAM             1344090526.643307
 09 82 7D 46 A7 37 00 00

003:002:000:STREAM             1344090526.651316
 09 82 81 46 A7 37 00 00

003:002:000:STREAM             1344090526.655333
 09 82 89 46 A7 37 00 00

003:002:000:STREAM             1344090526.663315
 09 82 91 46 A7 37 00 00

003:002:000:STREAM             1344090526.671312
 09 82 98 46 A7 37 00 00

003:002:000:STREAM             1344090526.675310
 09 82 A0 46 A4 37 00 00

003:002:000:STREAM             1344090526.683768
 09 82 A4 46 9E 37 00 00

003:002:000:STREAM             1344090526.687315
 09 82 A8 46 96 37 00 00

003:002:000:STREAM             1344090526.695310
 09 82 A4 46 8D 37 00 00

003:002:000:STREAM             1344090526.703312
 09 82 99 46 82 37 00 00

003:002:000:STREAM             1344090526.707305
 09 82 9C 46 74 37 00 00

003:002:000:STREAM             1344090526.767316
 09 80 B5 45 08 37 00 00

003:002:000:STREAM             1344090526.771299
 09 80 AD 45 08 37 00 00

003:002:000:STREAM             1344090526.775293
 09 80 A5 45 08 37 00 00

003:002:000:STREAM             1344090526.779332
 09 80 9B 45 08 37 00 00

003:002:000:STREAM             1344090526.787313
 09 80 9B 45 08 37 00 00

003:002:000:STREAM             1344090526.791305
 09 80 94 45 08 37 00 00

003:002:000:STREAM             1344090526.795320
 09 80 8D 45 08 37 00 00

003:002:000:STREAM             1344090526.803308
 09 80 8D 45 10 37 00 00

003:002:000:STREAM             1344090526.807297
 09 80 8D 45 1A 37 00 00

003:002:000:STREAM             1344090526.811309
 09 80 8D 45 22 37 00 00

003:002:000:STREAM             1344090526.815301
 09 80 8D 45 22 37 00 00

003:002:000:STREAM             1344090526.823293
 09 80 8D 45 2D 37 00 00

003:002:000:STREAM             1344090526.827329
 09 80 8D 45 2D 37 00 00

003:002:000:STREAM             1344090526.831300
 09 80 81 45 34 37 00 00

003:002:000:STREAM             1344090526.835292
 09 80 81 45 3C 37 00 00

003:002:000:STREAM             1344090526.843298
 09 80 79 45 3C 37 00 00

003:002:000:STREAM             1344090526.847291
 09 80 79 45 44 37 00 00

003:002:000:STREAM             1344090526.851288
 09 80 72 45 44 37 00 00

003:002:000:STREAM             1344090526.859321
 09 80 72 45 44 37 00 00

003:002:000:STREAM             1344090526.863292
 09 80 6A 45 44 37 00 00

003:002:000:STREAM             1344090526.867293
 09 80 6A 45 44 37 00 00

003:002:000:STREAM             1344090526.871296
 09 80 5D 45 44 37 00 00

003:002:000:STREAM             1344090526.879288
 09 80 53 45 44 37 00 00

003:002:000:STREAM             1344090526.883295
 09 80 4B 45 44 37 00 00

003:002:000:STREAM             1344090526.887303
 09 80 43 45 44 37 00 00

003:002:000:STREAM             1344090526.891313
 09 80 43 45 44 37 00 00

003:002:000:STREAM             1344090526.899298
 09 80 39 45 44 37 00 00

003:002:000:STREAM             1344090526.903288
 09 80 39 45 44 37 00 00

003:002:000:STREAM             1344090526.907283
 09 80 2E 45 44 37 00 00

003:002:000:STREAM             1344090526.915292
 09 80 2E 45 44 37 00 00

003:002:000:STREAM             1344090526.919734
 09 80 2E 45 44 37 00 00

003:002:000:STREAM             1344090526.923286
 09 80 2E 45 44 37 00 00

003:002:000:STREAM             1344090526.927294
 09 80 2E 45 44 37 00 00

003:002:000:STREAM             1344090526.935285
 09 80 2E 45 44 37 00 00

003:002:000:STREAM             1344090526.939288
 09 80 2E 45 44 37 00 00

003:002:000:STREAM             1344090526.943284
 09 80 2E 45 44 37 00 00

003:002:000:STREAM             1344090526.947279
 09 80 2E 45 44 37 00 00

003:002:000:STREAM             1344090526.955305
 09 80 3A 45 44 37 00 00

003:002:000:STREAM             1344090526.959281
 09 80 3A 45 44 37 00 00

003:002:000:STREAM             1344090526.963279
 09 80 3A 45 44 37 00 00

003:002:000:STREAM             1344090526.967290
 09 80 3A 45 44 37 00 00

003:002:000:STREAM             1344090526.975283
 09 80 3A 45 44 37 00 00

003:002:000:STREAM             1344090526.979287
 09 80 3A 45 4D 37 00 00

003:002:000:STREAM             1344090526.983307
 09 80 3A 45 4D 37 00 00

003:002:000:STREAM             1344090526.987278
 09 80 3A 45 4D 37 00 00

003:002:000:STREAM             1344090526.995287
 09 80 3A 45 54 37 00 00

003:002:000:STREAM             1344090526.999278
 09 80 3A 45 54 37 00 00

003:002:000:STREAM             1344090527.003278
 09 80 3A 45 54 37 00 00

003:002:000:STREAM             1344090527.012108
 09 80 33 45 54 37 00 00

003:002:000:STREAM             1344090527.015289
 09 80 33 45 54 37 00 00

003:002:000:STREAM             1344090527.019273
 09 80 33 45 54 37 00 00

003:002:000:STREAM             1344090527.023288
 09 80 33 45 54 37 00 00

003:002:000:STREAM             1344090527.031276
 09 80 33 45 54 37 00 00

003:002:000:STREAM             1344090527.035280
 09 80 3A 45 54 37 00 00

003:002:000:STREAM             1344090527.039273
 09 80 3A 45 54 37 00 00

003:002:000:STREAM             1344090527.047297
 09 80 42 45 54 37 00 00

003:002:000:STREAM             1344090527.051275
 09 80 4A 45 60 37 00 00

003:002:000:STREAM             1344090527.055271
 09 80 4A 45 6C 37 00 00

003:002:000:STREAM             1344090527.059277
 09 80 52 45 76 37 00 00

003:002:000:STREAM             1344090527.067272
 09 80 5C 45 76 37 00 00

003:002:000:STREAM             1344090527.071283
 09 80 5C 45 82 37 00 00

003:002:000:STREAM             1344090527.075300
 09 80 68 45 82 37 00 00

003:002:000:STREAM             1344090527.083280
 09 80 74 45 8E 37 00 00

003:002:000:STREAM             1344090527.087270
 09 80 7B 45 98 37 00 00

003:002:000:STREAM             1344090527.091266
 09 80 7B 45 98 37 00 00

003:002:000:STREAM             1344090527.095277
 09 80 83 45 A1 37 00 00

003:002:000:STREAM             1344090527.104188
 09 80 90 45 A1 37 00 00

003:002:000:STREAM             1344090527.107292
 09 80 99 45 A1 37 00 00

003:002:000:STREAM             1344090527.111269
 09 80 A4 45 A9 37 00 00

003:002:000:STREAM             1344090527.119277
 09 80 B8 45 A9 37 00 00

003:002:000:STREAM             1344090527.123269
 09 80 C3 45 B0 37 00 00

003:002:000:STREAM             1344090527.127264
 09 80 C3 45 B0 37 00 00

003:002:000:STREAM             1344090527.131273
 09 80 C3 45 B0 37 00 00

003:002:000:STREAM             1344090527.139286
 09 80 CC 45 B0 37 00 00

003:002:000:STREAM             1344090527.143274
 09 80 D3 45 A8 37 00 00

003:002:000:STREAM             1344090527.147265
 09 80 DB 45 9F 37 00 00

003:002:000:STREAM             1344090527.155274
 09 80 DB 45 94 37 00 00

003:002:000:STREAM             1344090527.159264
 09 80 E4 45 94 37 00 00

003:002:000:STREAM             1344090527.163261
 09 80 E4 45 94 37 00 00

003:002:000:STREAM             1344090527.167294
 09 80 EF 45 94 37 00 00

003:002:000:STREAM             1344090527.175265
 09 80 EF 45 94 37 00 00

003:002:000:STREAM             1344090527.179269
 09 80 FE 45 94 37 00 00

003:002:000:STREAM             1344090527.183262
 09 80 07 46 94 37 00 00

003:002:000:STREAM             1344090527.191268
 09 80 07 46 94 37 00 00

003:002:000:STREAM             1344090527.195262
 09 80 0F 46 8D 37 00 00

003:002:000:STREAM             1344090527.199288
 09 80 1E 46 8D 37 00 00

003:002:000:STREAM             1344090527.203267
 09 80 2D 46 8D 37 00 00

003:002:000:STREAM             1344090527.211261
 09 80 3F 46 8D 37 00 00

003:002:000:STREAM             1344090527.215266
 09 80 4A 46 8D 37 00 00

003:002:000:STREAM             1344090527.219266
 09 80 4A 46 8D 37 00 00

003:002:000:STREAM             1344090527.227283
 09 80 55 46 8D 37 00 00

003:002:000:STREAM             1344090527.231274
 09 80 55 46 8D 37 00 00

003:002:000:STREAM             1344090527.235260
 09 80 5F 46 8D 37 00 00

003:002:000:STREAM             1344090527.239266
 09 80 5F 46 8D 37 00 00

003:002:000:STREAM             1344090527.247260
 09 80 6B 46 8D 37 00 00

003:002:000:STREAM             1344090527.251264
 09 80 78 46 8D 37 00 00

003:002:000:STREAM             1344090527.255264
 09 80 83 46 8D 37 00 00

003:002:000:STREAM             1344090527.259281
 09 80 83 46 94 37 00 00

003:002:000:STREAM             1344090527.267268
 09 80 83 46 94 37 00 00

003:002:000:STREAM             1344090527.271256
 09 80 83 46 94 37 00 00

003:002:000:STREAM             1344090527.275259
 09 80 83 46 94 37 00 00

003:002:000:STREAM             1344090527.283262
 09 80 8E 46 94 37 00 00

003:002:000:STREAM             1344090527.287268
 09 80 8E 46 94 37 00 00

003:002:000:STREAM             1344090527.291275
 09 80 8E 46 94 37 00 00

003:002:000:STREAM             1344090527.295259
 09 80 99 46 9F 37 00 00

003:002:000:STREAM             1344090527.303253
 09 80 99 46 9F 37 00 00

003:002:000:STREAM             1344090527.307261
 09 80 A4 46 9F 37 00 00

003:002:000:STREAM             1344090527.311253
 09 80 A4 46 9F 37 00 00

003:002:000:STREAM             1344090527.319284
 09 80 A4 46 9F 37 00 00

003:002:000:STREAM             1344090527.323261
 09 80 A4 46 9F 37 00 00

003:002:000:STREAM             1344090527.327247
 09 80 A4 46 9F 37 00 00

003:002:000:STREAM             1344090527.331257
 09 80 A4 46 9F 37 00 00

003:002:000:STREAM             1344090527.339250
 09 80 A4 46 AA 37 00 00

003:002:000:STREAM             1344090527.343254
 09 80 A4 46 B4 37 00 00

003:002:000:STREAM             1344090527.347256
 09 80 A4 46 B4 37 00 00

003:002:000:STREAM             1344090527.351281
 09 80 A4 46 B4 37 00 00

003:002:000:STREAM             1344090527.359259
 09 80 A4 46 B4 37 00 00

003:002:000:STREAM             1344090527.363247
 09 80 A4 46 B4 37 00 00

003:002:000:STREAM             1344090527.367243
 09 80 A4 46 B4 37 00 00

003:002:000:STREAM             1344090527.371251
 09 80 A4 46 B4 37 00 00

003:002:000:STREAM             1344090527.379247
 09 80 A4 46 B4 37 00 00

003:002:000:STREAM             1344090527.383274
 09 80 A4 46 A8 37 00 00

003:002:000:STREAM             1344090527.387245
 09 80 A4 46 A8 37 00 00

003:002:000:STREAM             1344090527.391242
 09 80 A4 46 9E 37 00 00

003:002:000:STREAM             1344090527.399251
 09 80 A4 46 9E 37 00 00

003:002:000:STREAM             1344090527.403244
 09 80 A4 46 9E 37 00 00

003:002:000:STREAM             1344090527.407244
 09 80 A4 46 9E 37 00 00

003:002:000:STREAM             1344090527.415262
 09 80 A4 46 94 37 00 00

003:002:000:STREAM             1344090527.419246
 09 80 A4 46 8A 37 00 00

003:002:000:STREAM             1344090527.423241
 09 80 A4 46 7F 37 00 00

003:002:000:STREAM             1344090527.427250
 09 80 9A 46 7F 37 00 00

003:002:000:STREAM             1344090527.435242
 09 80 9A 46 71 37 00 00

003:002:000:STREAM             1344090527.439246
 09 80 8F 46 71 37 00 00

003:002:000:STREAM             1344090527.443264
 09 80 8F 46 71 37 00 00

003:002:000:STREAM             1344090527.447237
 09 80 8F 46 71 37 00 00

003:002:000:STREAM             1344090527.455248
 09 80 8F 46 71 37 00 00

003:002:000:STREAM             1344090527.459238
 09 80 8F 46 71 37 00 00

003:002:000:STREAM             1344090527.463241
 09 80 8F 46 65 37 00 00

003:002:000:STREAM             1344090527.471272
 09 80 8F 46 65 37 00 00

003:002:000:STREAM             1344090527.475266
 09 80 8F 46 65 37 00 00

003:002:000:STREAM             1344090527.479236
 09 80 8F 46 65 37 00 00

003:002:000:STREAM             1344090527.483247
 09 80 8F 46 65 37 00 00

003:002:000:STREAM             1344090527.491236
 09 80 8F 46 65 37 00 00

003:002:000:STREAM             1344090527.495242
 09 80 87 46 65 37 00 00

003:002:000:STREAM             1344090527.499236
 09 80 87 46 65 37 00 00

003:002:000:STREAM             1344090527.503260
 09 80 87 46 65 37 00 00

003:002:000:STREAM             1344090527.511248
 09 80 87 46 65 37 00 00

003:002:000:STREAM             1344090527.515235
 09 80 87 46 65 37 00 00

003:002:000:STREAM             1344090527.519230
 09 80 87 46 65 37 00 00

003:002:000:STREAM             1344090527.527241
 09 80 87 46 65 37 00 00

003:002:000:STREAM             1344090527.531234
 09 80 87 46 65 37 00 00

003:002:000:STREAM             1344090527.535259
 09 80 7E 46 5B 37 00 00

003:002:000:STREAM             1344090527.543243
 09 80 7E 46 52 37 00 00

003:002:000:STREAM             1344090527.547234
 09 80 76 46 52 37 00 00

003:002:000:STREAM             1344090527.551230
 09 80 76 46 48 37 00 00

003:002:000:STREAM             1344090527.555238
 09 80 76 46 48 37 00 00

003:002:000:STREAM             1344090527.563245
 09 80 76 46 48 37 00 00

003:002:000:STREAM             1344090527.567256
 09 80 76 46 39 37 00 00

003:002:000:STREAM             1344090527.571230
 09 80 76 46 32 37 00 00

003:002:000:STREAM             1344090527.579234
 09 80 76 46 29 37 00 00

003:002:000:STREAM             1344090527.583228
 09 80 76 46 29 37 00 00

003:002:000:STREAM             1344090527.587335
 09 80 6A 46 1A 37 00 00

003:002:000:STREAM             1344090527.595263
 09 80 6A 46 1A 37 00 00

003:002:000:STREAM             1344090527.599235
 09 80 6A 46 1A 37 00 00

003:002:000:STREAM             1344090527.603225
 09 80 6A 46 11 37 00 00

003:002:000:STREAM             1344090527.611237
 09 80 6A 46 06 37 00 00

003:002:000:STREAM             1344090527.615226
 09 80 6A 46 06 37 00 00

003:002:000:STREAM             1344090527.619222
 09 80 6A 46 06 37 00 00

003:002:000:STREAM             1344090527.623232
 09 80 63 46 FB 36 00 00

003:002:000:STREAM             1344090527.631243
 09 80 63 46 EE 36 00 00

003:002:000:STREAM             1344090527.635234
 09 80 63 46 EE 36 00 00

003:002:000:STREAM             1344090527.639230
 09 80 59 46 EE 36 00 00

003:002:000:STREAM             1344090527.647232
 09 80 51 46 EE 36 00 00

003:002:000:STREAM             1344090527.651230
 09 80 51 46 EE 36 00 00

003:002:000:STREAM             1344090527.655222
 09 80 51 46 EE 36 00 00

003:002:000:STREAM             1344090527.663246
 09 80 51 46 EE 36 00 00

003:002:000:STREAM             1344090527.667223
 09 80 51 46 F7 36 00 00

003:002:000:STREAM             1344090527.671219
 09 80 51 46 F7 36 00 00

003:002:000:STREAM             1344090527.679229
 09 80 51 46 02 37 00 00

003:002:000:STREAM             1344090527.683221
 09 80 51 46 0D 37 00 00

003:002:000:STREAM             1344090527.687244
 09 80 62 46 0D 37 00 00

003:002:000:STREAM             1344090527.751236
 09 84 46 46 05 37 00 00

003:002:000:STREAM             1344090527.755219
 09 84 46 46 00 37 00 00

003:002:000:STREAM             1344090527.763242
 09 84 46 46 FA 36 00 00

003:002:000:STREAM             1344090527.767225
 09 84 46 46 FA 36 00 00

003:002:000:STREAM             1344090527.775221
 09 84 46 46 FE 36 00 00

003:002:000:STREAM             1344090527.780117
 09 84 46 46 FE 36 00 00

003:002:000:STREAM             1344090527.787228
 09 84 46 46 05 37 00 00

003:002:000:STREAM             1344090527.791213
 09 84 46 46 12 37 00 00

003:002:000:STREAM             1344090527.799218
 09 84 46 46 18 37 00 00

003:002:000:STREAM             1344090527.803218
 09 84 4E 46 18 37 00 00

003:002:000:STREAM             1344090527.807209
 09 84 4E 46 12 37 00 00

003:002:000:STREAM             1344090527.815234
 09 84 52 46 0B 37 00 00

003:002:000:STREAM             1344090527.819212
 09 84 52 46 0B 37 00 00

003:002:000:STREAM             1344090527.827216
 09 84 52 46 0B 37 00 00

003:002:000:STREAM             1344090527.831208
 09 84 56 46 0B 37 00 00

003:002:000:STREAM             1344090527.839213
 09 84 5A 46 0B 37 00 00

003:002:000:STREAM             1344090527.843737
 09 84 57 46 05 37 00 00

003:002:000:STREAM             1344090527.851217
 09 84 57 46 FE 36 00 00

003:002:000:STREAM             1344090527.855208
 09 84 57 46 F5 36 00 00

003:002:000:STREAM             1344090527.863211
 09 84 57 46 EA 36 00 00

003:002:000:STREAM             1344090527.867205
 09 84 5B 46 E6 36 00 00

003:002:000:STREAM             1344090527.875234
 09 84 5B 46 EB 36 00 00

003:002:000:STREAM             1344090527.879206
 09 84 63 46 EB 36 00 00

003:002:000:STREAM             1344090527.887211
 09 84 67 46 EE 36 00 00

003:002:000:STREAM             1344090527.891203
 09 84 67 46 EE 36 00 00

003:002:000:STREAM             1344090527.899206
 09 84 6D 46 EB 36 00 00

003:002:000:STREAM             1344090527.903216
 09 84 75 46 EB 36 00 00

003:002:000:STREAM             1344090527.911224
 09 84 7E 46 E3 36 00 00

003:002:000:STREAM             1344090527.915204
 09 84 84 46 E3 36 00 00

003:002:000:STREAM             1344090527.923207
 09 84 8D 46 E3 36 00 00

003:002:000:STREAM             1344090527.927199
 09 84 97 46 E3 36 00 00

003:002:000:STREAM             1344090527.935237
 09 84 A2 46 E3 36 00 00

003:002:000:STREAM             1344090527.939208
 09 84 AF 46 E3 36 00 00

003:002:000:STREAM             1344090527.947207
 09 84 B8 46 E3 36 00 00

003:002:000:STREAM             1344090527.951199
 09 84 C8 46 DE 36 00 00

003:002:000:STREAM             1344090527.959205
 09 84 D7 46 D9 36 00 00

003:002:000:STREAM             1344090527.963197
 09 84 E1 46 CB 36 00 00

003:002:000:STREAM             1344090527.971218
 09 84 E9 46 BD 36 00 00

003:002:000:STREAM             1344090528.031214
 09 80 98 46 D6 36 00 00

003:002:000:STREAM             1344090528.035195
 09 80 98 46 E2 36 00 00

003:002:000:STREAM             1344090528.043595
 09 80 8F 46 ED 36 00 00

003:002:000:STREAM             1344090528.047195
 09 80 8F 46 F4 36 00 00

003:002:000:STREAM             1344090528.055200
 09 80 8F 46 F4 36 00 00

003:002:000:STREAM             1344090528.059204
 09 80 8F 46 F4 36 00 00

003:002:000:STREAM             1344090528.063204
 09 80 8F 46 EE 36 00 00

003:002:000:STREAM             1344090528.071196
 09 80 8F 46 EE 36 00 00

003:002:000:STREAM             1344090528.075186
 09 80 8F 46 E8 36 00 00

003:002:000:STREAM             1344090528.079181
 09 80 8F 46 E3 36 00 00

003:002:000:STREAM             1344090528.087193
 09 80 8F 46 D7 36 00 00

003:002:000:STREAM             1344090528.091203
 09 80 8F 46 C7 36 00 00

003:002:000:STREAM             1344090528.099208
 09 80 8F 46 AF 36 00 00

003:002:000:STREAM             1344090528.103188
 09 80 8F 46 A0 36 00 00

003:002:000:STREAM             1344090528.107180
 09 80 8F 46 94 36 00 00

003:002:000:STREAM             1344090528.115190
 09 80 8F 46 8B 36 00 00

003:002:000:STREAM             1344090528.119183
 09 80 8F 46 80 36 00 00

003:002:000:STREAM             1344090528.123596
 09 80 8F 46 7A 36 00 00

003:002:000:STREAM             1344090528.131196
 09 80 8F 46 70 36 00 00

003:002:000:STREAM             1344090528.135183
 09 80 8F 46 70 36 00 00

003:002:000:STREAM             1344090528.139180
 09 80 8F 46 69 36 00 00

003:002:000:STREAM             1344090528.147185
 09 80 8F 46 69 36 00 00

003:002:000:STREAM             1344090528.151184
 09 80 8F 46 69 36 00 00

003:002:000:STREAM             1344090528.155206
 09 80 8F 46 69 36 00 00

003:002:000:STREAM             1344090528.163186
 09 80 8F 46 69 36 00 00

003:002:000:STREAM             1344090528.167179
 09 80 8F 46 69 36 00 00

003:002:000:STREAM             1344090528.171181
 09 80 97 46 70 36 00 00

003:002:000:STREAM             1344090528.179186
 09 80 97 46 79 36 00 00

003:002:000:STREAM             1344090528.183193
 09 80 97 46 79 36 00 00

003:002:000:STREAM             1344090528.187204
 09 80 97 46 79 36 00 00

003:002:000:STREAM             1344090528.195187
 09 80 97 46 81 36 00 00

003:002:000:STREAM             1344090528.199178
 09 80 A2 46 81 36 00 00

003:002:000:STREAM             1344090528.203176
 09 80 AD 46 81 36 00 00

003:002:000:STREAM             1344090528.211183
 09 80 AD 46 88 36 00 00

003:002:000:STREAM             1344090528.215260
 09 80 AD 46 8F 36 00 00

003:002:000:STREAM             1344090528.219182
 09 80 B9 46 8F 36 00 00

003:002:000:STREAM             1344090528.223182
 09 80 B9 46 8F 36 00 00

003:002:000:STREAM             1344090528.231176
 09 80 B9 46 8F 36 00 00

003:002:000:STREAM             1344090528.235182
 09 80 B9 46 86 36 00 00

003:002:000:STREAM             1344090528.239173
 09 80 B9 46 86 36 00 00

003:002:000:STREAM             1344090528.247203
 09 80 B9 46 8D 36 00 00

003:002:000:STREAM             1344090528.251176
 09 80 B9 46 8D 36 00 00

003:002:000:STREAM             1344090528.255166
 09 80 B9 46 82 36 00 00

003:002:000:STREAM             1344090528.263180
 09 80 C1 46 70 36 00 00

003:002:000:STREAM             1344090528.267178
 09 80 C1 46 63 36 00 00

003:002:000:STREAM             1344090528.271187
 09 80 C1 46 63 36 00 00

003:002:000:STREAM             1344090528.275191
 09 80 C1 46 63 36 00 00

003:002:000:STREAM             1344090528.283188
 09 80 C1 46 54 36 00 00

003:002:000:STREAM             1344090528.287177
 09 80 C1 46 44 36 00 00

003:002:000:STREAM             1344090528.291169
 09 80 C1 46 44 36 00 00

003:002:000:STREAM             1344090528.295167
 09 80 C1 46 44 36 00 00

003:002:000:STREAM             1344090528.303177
 09 80 C1 46 35 36 00 00

003:002:000:STREAM             1344090528.307191
 09 80 C1 46 35 36 00 00

003:002:000:STREAM             1344090528.311174
 09 80 C1 46 35 36 00 00

003:002:000:STREAM             1344090528.315174
 09 80 C1 46 35 36 00 00

003:002:000:STREAM             1344090528.323167
 09 80 C1 46 35 36 00 00

003:002:000:STREAM             1344090528.327171
 09 80 C1 46 35 36 00 00

003:002:000:STREAM             1344090528.331165
 09 80 C1 46 35 36 00 00

003:002:000:STREAM             1344090528.335160
 09 80 C1 46 35 36 00 00

003:002:000:STREAM             1344090528.343185
 09 80 C1 46 35 36 00 00

003:002:000:STREAM             1344090528.347165
 09 80 C1 46 35 36 00 00

003:002:000:STREAM             1344090528.351168
 09 80 C1 46 35 36 00 00

003:002:000:STREAM             1344090528.355172
 09 80 C1 46 35 36 00 00

003:002:000:STREAM             1344090528.359163
 09 80 C1 46 35 36 00 00

003:002:000:STREAM             1344090528.367168
 09 80 C1 46 35 36 00 00

003:002:000:STREAM             1344090528.371187
 09 80 C1 46 53 36 00 00

003:002:000:STREAM             1344090528.375161
 09 80 C1 46 53 36 00 00

003:002:000:STREAM             1344090528.379170
 09 80 C1 46 53 36 00 00

003:002:000:STREAM             1344090528.387162
 09 80 C1 46 53 36 00 00

003:002:000:STREAM             1344090528.391167
 09 80 C1 46 53 36 00 00

003:002:000:STREAM             1344090528.395159
 09 80 C1 46 6A 36 00 00

003:002:000:STREAM             1344090528.400020
 09 80 C1 46 7E 36 00 00

003:002:000:STREAM             1344090528.403181
 09 80 C1 46 7E 36 00 00

003:002:000:STREAM             1344090528.411162
 09 80 C1 46 7E 36 00 00

003:002:000:STREAM             1344090528.415167
 09 80 C1 46 95 36 00 00

003:002:000:STREAM             1344090528.419157
 09 80 C1 46 95 36 00 00

003:002:000:STREAM             1344090528.423155
 09 80 C1 46 95 36 00 00

003:002:000:STREAM             1344090528.427164
 09 80 C1 46 95 36 00 00

003:002:000:STREAM             1344090528.435176
 09 80 C1 46 95 36 00 00

003:002:000:STREAM             1344090528.439165
 09 80 C1 46 B4 36 00 00

003:002:000:STREAM             1344090528.443156
 09 80 C1 46 B4 36 00 00

003:002:000:STREAM             1344090528.447152
 09 80 C1 46 D7 36 00 00

003:002:000:STREAM             1344090528.451164
 09 80 C1 46 D7 36 00 00

003:002:000:STREAM             1344090528.459156
 09 80 C1 46 D7 36 00 00

003:002:000:STREAM             1344090528.463183
 09 80 9C 46 D7 36 00 00

003:002:000:STREAM             1344090528.467155
 09 80 9C 46 D7 36 00 00

003:002:000:STREAM             1344090528.471151
 09 80 9C 46 D7 36 00 00

003:002:000:STREAM             1344090528.475162
 09 80 77 46 D7 36 00 00

003:002:000:STREAM             1344090528.479154
 09 80 77 46 D7 36 00 00

003:002:000:STREAM             1344090528.487158
 09 80 77 46 D7 36 00 00

003:002:000:STREAM             1344090528.491175
 09 80 77 46 D7 36 00 00

003:002:000:STREAM             1344090528.495156
 09 80 77 46 D7 36 00 00

003:002:000:STREAM             1344090528.499158
 09 80 77 46 D7 36 00 00

003:002:000:STREAM             1344090528.503152
 09 80 77 46 D7 36 00 00

003:002:000:STREAM             1344090528.507147
 09 80 77 46 D7 36 00 00

003:002:000:STREAM             1344090528.511156
 09 80 77 46 D7 36 00 00

003:002:000:STREAM             1344090528.515152
 09 80 77 46 8A 36 00 00

003:002:000:STREAM             1344090528.519147
 09 80 77 46 8A 36 00 00

003:002:000:STREAM             1344090528.523189
 09 80 77 46 33 36 00 00

003:002:000:STREAM             1344090528.531150
 09 80 D5 46 33 36 00 00

003:002:000:STREAM             1344090528.535159
 09 80 D5 46 33 36 00 00

003:002:000:STREAM             1344090528.539148
 09 80 D5 46 33 36 00 00

003:002:000:STREAM             1344090528.543144
 09 80 24 47 E3 35 00 00

003:002:000:STREAM             1344090528.547154
 09 80 24 47 E3 35 00 00

003:002:000:STREAM             1344090528.551158
 09 80 24 47 79 35 00 00

003:002:000:STREAM             1344090528.555166
 09 80 24 47 79 35 00 00

003:002:000:STREAM             1344090528.559153
 09 80 24 47 79 35 00 00

003:002:000:STREAM             1344090528.563148
 09 80 8E 47 79 35 00 00

003:002:000:STREAM             1344090528.567142
 09 80 8E 47 79 35 00 00

003:002:000:STREAM             1344090528.571150
 09 80 8E 47 79 35 00 00

003:002:000:STREAM             1344090528.575146
 09 80 8E 47 79 35 00 00

003:002:000:STREAM             1344090528.579149
 09 80 8E 47 79 35 00 00

003:002:000:STREAM             1344090528.583169
 09 80 12 48 00 35 00 00

003:002:000:STREAM             1344090528.587158
 09 80 12 48 00 35 00 00

003:002:000:STREAM             1344090528.591148
 09 80 12 48 00 35 00 00

003:002:000:STREAM             1344090528.595152
 09 80 12 48 00 35 00 00

003:002:000:STREAM             1344090528.599142
 09 80 12 48 75 34 00 00

003:002:000:STREAM             1344090528.603140
 09 80 83 48 75 34 00 00

003:002:000:STREAM             1344090528.607150
 09 80 83 48 75 34 00 00

003:002:000:STREAM             1344090528.611142
 09 80 83 48 75 34 00 00

003:002:000:STREAM             1344090528.615169
 09 80 04 49 75 34 00 00

003:002:000:STREAM             1344090528.619151
 09 80 04 49 75 34 00 00

003:002:000:STREAM             1344090528.623143
 09 80 04 49 75 34 00 00

003:002:000:STREAM             1344090528.627137
 09 80 7A 49 DF 33 00 00

003:002:000:STREAM             1344090528.631148
 09 80 7A 49 DF 33 00 00

003:002:000:STREAM             1344090528.635141
 09 80 7A 49 DF 33 00 00

003:002:000:STREAM             1344090528.639135
 09 80 EB 49 DF 33 00 00

003:002:000:STREAM             1344090528.643147
 09 80 EB 49 60 33 00 00

003:002:000:STREAM             1344090528.647167
 09 80 EB 49 60 33 00 00

003:002:000:STREAM             1344090528.651139
 09 80 EB 49 60 33 00 00

003:002:000:STREAM             1344090528.655146
 09 80 EB 49 60 33 00 00

003:002:000:STREAM             1344090528.659138
 09 80 60 4A 60 33 00 00

003:002:000:STREAM             1344090528.663134
 09 80 60 4A 60 33 00 00

003:002:000:STREAM             1344090528.667142
 09 80 60 4A 60 33 00 00

003:002:000:STREAM             1344090528.675027
 09 80 60 4A E9 32 00 00

003:002:000:STREAM             1344090528.679157
 09 80 60 4A E9 32 00 00

003:002:000:STREAM             1344090528.683141
 09 80 60 4A E9 32 00 00

003:002:000:STREAM             1344090528.687128
 09 80 D0 4A E9 32 00 00

003:002:000:STREAM             1344090528.691128
 09 80 D0 4A E9 32 00 00

003:002:000:STREAM             1344090528.695133
 09 80 D0 4A E9 32 00 00

003:002:000:STREAM             1344090528.699126
 09 80 D0 4A E9 32 00 00

003:002:000:STREAM             1344090528.703132
 09 80 49 4B E9 32 00 00

003:002:000:STREAM             1344090528.707158
 09 80 49 4B E9 32 00 00

003:002:000:STREAM             1344090528.711129
 09 80 49 4B E9 32 00 00

003:002:000:STREAM             1344090528.715140
 09 80 49 4B E9 32 00 00

003:002:000:STREAM             1344090528.719139
 09 80 49 4B E9 32 00 00

003:002:000:STREAM             1344090528.723131
 09 80 BC 4B E9 32 00 00

003:002:000:STREAM             1344090528.727130
 09 80 BC 4B 78 32 00 00

003:002:000:STREAM             1344090528.731134
 09 80 BC 4B 78 32 00 00

003:002:000:STREAM             1344090528.736312
 09 80 BC 4B 78 32 00 00

003:002:000:STREAM             1344090528.739147
 09 80 BC 4B 78 32 00 00

003:002:000:STREAM             1344090528.743136
 09 80 BC 4B 78 32 00 00

003:002:000:STREAM             1344090528.747129
 09 80 BC 4B 78 32 00 00

003:002:000:STREAM             1344090528.751130
 09 80 BC 4B 78 32 00 00

003:002:000:STREAM             1344090528.755135
 09 80 BC 4B 78 32 00 00

003:002:000:STREAM             1344090528.759128
 09 80 BC 4B 78 32 00 00

003:002:000:STREAM             1344090528.763128
 09 80 BC 4B 78 32 00 00

003:002:000:STREAM             1344090528.767252
 09 80 BC 4B 78 32 00 00

003:002:000:STREAM             1344090528.771138
 09 00 BC 4B 78 32 00 00

