003:002:001:STREAM             1343943834.374352
 05 00 01 00 00 00

003:002:001:STREAM             1343943834.526339
 05 00 00 00 00 00

003:002:001:STREAM             1343943835.118340
 05 00 04 00 00 00

003:002:001:STREAM             1343943835.230336
 05 00 00 00 00 00

003:002:001:STREAM             1343943836.046342
 05 00 08 00 00 00

003:002:001:STREAM             1343943836.214341
 05 00 00 00 00 00

003:002:001:STREAM             1343943836.830343
 05 00 10 00 00 00

003:002:001:STREAM             1343943837.022341
 05 00 00 00 00 00

003:002:001:STREAM             1343943837.606365
 05 00 40 00 00 00

003:002:001:STREAM             1343943837.814335
 05 00 00 00 00 00

003:002:001:STREAM             1343943838.390347
 05 00 80 00 00 00

003:002:001:STREAM             1343943838.590342
 05 00 00 00 00 00

003:002:001:STREAM             1343943839.142342
 05 00 00 10 00 00

003:002:001:STREAM             1343943839.350344
 05 00 00 00 00 00

003:002:001:STREAM             1343943839.958344
 05 00 00 08 00 00

003:002:001:STREAM             1343943840.118328
 05 00 00 00 00 00

