003:002:000:STREAM             1343943764.816313
 09 80 8D 26 84 25 00 00

003:002:000:STREAM             1343943764.820313
 09 80 8D 26 84 25 00 00

003:002:000:STREAM             1343943764.824308
 09 80 9F 26 84 25 00 00

003:002:000:STREAM             1343943764.828312
 09 80 9F 26 84 25 00 00

003:002:000:STREAM             1343943764.832311
 09 80 9F 26 84 25 00 00

003:002:000:STREAM             1343943764.836308
 09 80 9F 26 84 25 00 00

003:002:000:STREAM             1343943764.840307
 09 80 9F 26 84 25 00 00

003:002:000:STREAM             1343943764.844293
 09 80 9F 26 84 25 00 00

003:002:000:STREAM             1343943764.848313
 09 80 9F 26 84 25 00 00

003:002:000:STREAM             1343943764.852310
 09 80 9F 26 78 25 00 00

003:002:000:STREAM             1343943764.856310
 09 80 9F 26 78 25 00 00

003:002:000:STREAM             1343943764.860310
 09 80 9F 26 78 25 00 00

003:002:000:STREAM             1343943764.868310
 09 80 9F 26 78 25 00 00

003:002:000:STREAM             1343943764.872291
 09 80 9F 26 78 25 00 00

003:002:000:STREAM             1343943764.876309
 09 80 9F 26 78 25 00 00

003:002:000:STREAM             1343943764.880308
 09 80 9F 26 78 25 00 00

003:002:000:STREAM             1343943764.884309
 09 80 9F 26 78 25 00 00

003:002:000:STREAM             1343943764.892308
 09 80 9F 26 78 25 00 00

003:002:000:STREAM             1343943764.896312
 09 80 9F 26 78 25 00 00

003:002:000:STREAM             1343943764.900308
 09 80 9F 26 78 25 00 00

003:002:000:STREAM             1343943764.904312
 09 80 9F 26 78 25 00 00

003:002:000:STREAM             1343943764.908383
 09 80 9F 26 6C 25 00 00

003:002:000:STREAM             1343943764.916310
 09 80 9F 26 6C 25 00 00

003:002:000:STREAM             1343943764.920309
 09 80 9F 26 61 25 00 00

003:002:000:STREAM             1343943764.924308
 09 80 9F 26 61 25 00 00

003:002:000:STREAM             1343943764.928308
 09 80 9F 26 61 25 00 00

003:002:000:STREAM             1343943764.932307
 09 80 9F 26 61 25 00 00

003:002:000:STREAM             1343943764.940312
 09 80 9F 26 61 25 00 00

003:002:000:STREAM             1343943764.944312
 09 80 9F 26 61 25 00 00

003:002:000:STREAM             1343943764.948309
 09 80 9F 26 61 25 00 00

003:002:000:STREAM             1343943764.952310
 09 80 9F 26 61 25 00 00

003:002:000:STREAM             1343943764.960310
 09 80 A9 26 61 25 00 00

003:002:000:STREAM             1343943764.964293
 09 80 A9 26 61 25 00 00

003:002:000:STREAM             1343943764.968312
 09 80 A9 26 61 25 00 00

003:002:000:STREAM             1343943764.972312
 09 80 A9 26 61 25 00 00

003:002:000:STREAM             1343943764.976311
 09 80 A9 26 61 25 00 00

003:002:000:STREAM             1343943764.984309
 09 80 A9 26 61 25 00 00

003:002:000:STREAM             1343943764.988288
 09 80 A9 26 61 25 00 00

003:002:000:STREAM             1343943764.992310
 09 80 A9 26 61 25 00 00

003:002:000:STREAM             1343943764.996309
 09 80 A9 26 61 25 00 00

003:002:000:STREAM             1343943765.000310
 09 80 A9 26 61 25 00 00

003:002:000:STREAM             1343943765.008399
 09 80 A9 26 61 25 00 00

003:002:000:STREAM             1343943765.012312
 09 80 A9 26 61 25 00 00

003:002:000:STREAM             1343943765.016306
 09 80 A9 26 61 25 00 00

003:002:000:STREAM             1343943765.020306
 09 80 A9 26 61 25 00 00

003:002:000:STREAM             1343943765.024311
 09 80 A9 26 61 25 00 00

003:002:000:STREAM             1343943765.032310
 09 80 A9 26 61 25 00 00

003:002:000:STREAM             1343943765.036316
 09 80 A9 26 61 25 00 00

003:002:000:STREAM             1343943765.040309
 09 80 A9 26 61 25 00 00

003:002:000:STREAM             1343943765.044295
 09 80 A9 26 61 25 00 00

003:002:000:STREAM             1343943765.048313
 09 80 A9 26 61 25 00 00

003:002:000:STREAM             1343943765.056313
 09 80 A9 26 61 25 00 00

003:002:000:STREAM             1343943765.060293
 09 80 A9 26 61 25 00 00

003:002:000:STREAM             1343943765.064290
 09 80 A9 26 61 25 00 00

003:002:000:STREAM             1343943765.068310
 09 80 A9 26 61 25 00 00

003:002:000:STREAM             1343943765.072311
 09 80 A9 26 61 25 00 00

003:002:000:STREAM             1343943765.080307
 09 80 A9 26 61 25 00 00

003:002:000:STREAM             1343943765.084313
 09 80 A9 26 61 25 00 00

003:002:000:STREAM             1343943765.088293
 09 80 A9 26 61 25 00 00

003:002:000:STREAM             1343943765.092311
 09 80 A9 26 61 25 00 00

003:002:000:STREAM             1343943765.096310
 09 80 A9 26 61 25 00 00

003:002:000:STREAM             1343943765.104306
 09 80 A9 26 61 25 00 00

003:002:000:STREAM             1343943765.108313
 09 80 A9 26 61 25 00 00

003:002:000:STREAM             1343943765.112308
 09 80 A9 26 61 25 00 00

003:002:000:STREAM             1343943765.116308
 09 80 A9 26 61 25 00 00

003:002:000:STREAM             1343943765.120291
 09 80 A9 26 6C 25 00 00

003:002:000:STREAM             1343943765.128289
 09 80 A9 26 6C 25 00 00

003:002:000:STREAM             1343943765.132308
 09 80 A9 26 6C 25 00 00

003:002:000:STREAM             1343943765.136310
 09 80 A9 26 6C 25 00 00

003:002:000:STREAM             1343943765.140306
 09 80 A9 26 6C 25 00 00

003:002:000:STREAM             1343943765.144314
 09 80 A9 26 6C 25 00 00

003:002:000:STREAM             1343943765.152312
 09 80 A9 26 6C 25 00 00

003:002:000:STREAM             1343943765.156313
 09 80 A9 26 6C 25 00 00

003:002:000:STREAM             1343943765.160310
 09 80 A9 26 6C 25 00 00

003:002:000:STREAM             1343943765.164307
 09 80 A9 26 77 25 00 00

003:002:000:STREAM             1343943765.168308
 09 80 A9 26 77 25 00 00

003:002:000:STREAM             1343943765.176339
 09 80 A9 26 77 25 00 00

003:002:000:STREAM             1343943765.180291
 09 80 A9 26 77 25 00 00

003:002:000:STREAM             1343943765.184310
 09 80 A9 26 77 25 00 00

003:002:000:STREAM             1343943765.188307
 09 80 A9 26 77 25 00 00

003:002:000:STREAM             1343943765.192308
 09 80 A9 26 82 25 00 00

003:002:000:STREAM             1343943765.200313
 09 80 A9 26 82 25 00 00

003:002:000:STREAM             1343943765.204290
 09 80 A9 26 82 25 00 00

003:002:000:STREAM             1343943765.208293
 09 80 A9 26 82 25 00 00

003:002:000:STREAM             1343943765.212291
 09 80 A9 26 82 25 00 00

003:002:000:STREAM             1343943765.216311
 09 80 A9 26 82 25 00 00

003:002:000:STREAM             1343943765.224323
 09 80 A9 26 82 25 00 00

003:002:000:STREAM             1343943765.228315
 09 80 A9 26 82 25 00 00

003:002:000:STREAM             1343943765.232308
 09 80 A9 26 82 25 00 00

003:002:000:STREAM             1343943765.236315
 09 80 A9 26 82 25 00 00

003:002:000:STREAM             1343943765.240294
 09 80 A9 26 82 25 00 00

003:002:000:STREAM             1343943765.248308
 09 80 A9 26 82 25 00 00

003:002:000:STREAM             1343943765.252310
 09 80 A9 26 82 25 00 00

003:002:000:STREAM             1343943765.256307
 09 80 A9 26 82 25 00 00

003:002:000:STREAM             1343943765.260308
 09 80 A9 26 82 25 00 00

003:002:000:STREAM             1343943765.264309
 09 80 A9 26 82 25 00 00

003:002:000:STREAM             1343943765.272296
 09 80 A9 26 82 25 00 00

003:002:000:STREAM             1343943765.276313
 09 80 A9 26 82 25 00 00

003:002:000:STREAM             1343943765.280307
 09 80 A9 26 82 25 00 00

003:002:000:STREAM             1343943765.284309
 09 80 A9 26 82 25 00 00

003:002:000:STREAM             1343943765.288308
 09 80 A9 26 82 25 00 00

003:002:000:STREAM             1343943765.296310
 09 80 A9 26 82 25 00 00

003:002:000:STREAM             1343943765.300308
 09 80 A9 26 82 25 00 00

003:002:000:STREAM             1343943765.304292
 09 80 A9 26 82 25 00 00

003:002:000:STREAM             1343943765.308309
 09 80 A9 26 82 25 00 00

003:002:000:STREAM             1343943765.312310
 09 80 A9 26 82 25 00 00

003:002:000:STREAM             1343943765.320310
 09 80 A9 26 82 25 00 00

003:002:000:STREAM             1343943765.324309
 09 80 A9 26 82 25 00 00

003:002:000:STREAM             1343943765.328313
 09 80 A9 26 82 25 00 00

003:002:000:STREAM             1343943765.332293
 09 80 A9 26 82 25 00 00

003:002:000:STREAM             1343943765.336314
 09 80 A9 26 82 25 00 00

003:002:000:STREAM             1343943765.340310
 09 80 A9 26 82 25 00 00

003:002:000:STREAM             1343943765.348313
 09 80 A9 26 82 25 00 00

003:002:000:STREAM             1343943765.352307
 09 80 A9 26 82 25 00 00

003:002:000:STREAM             1343943765.356306
 09 80 A9 26 82 25 00 00

003:002:000:STREAM             1343943765.360309
 09 80 A9 26 82 25 00 00

003:002:000:STREAM             1343943765.364292
 09 80 A9 26 82 25 00 00

003:002:000:STREAM             1343943765.372308
 09 80 A9 26 82 25 00 00

003:002:000:STREAM             1343943765.376312
 09 80 A9 26 82 25 00 00

003:002:000:STREAM             1343943765.380306
 09 80 A9 26 82 25 00 00

003:002:000:STREAM             1343943765.384309
 09 80 A9 26 82 25 00 00

003:002:000:STREAM             1343943765.388309
 09 80 A9 26 82 25 00 00

003:002:000:STREAM             1343943765.396293
 09 80 A9 26 82 25 00 00

003:002:000:STREAM             1343943765.400309
 09 80 A9 26 82 25 00 00

003:002:000:STREAM             1343943765.404308
 09 80 A9 26 82 25 00 00

003:002:000:STREAM             1343943765.408415
 09 80 A9 26 82 25 00 00

003:002:000:STREAM             1343943765.412310
 09 80 A9 26 82 25 00 00

003:002:000:STREAM             1343943765.420316
 09 80 A9 26 82 25 00 00

003:002:000:STREAM             1343943765.424293
 09 80 A9 26 82 25 00 00

003:002:000:STREAM             1343943765.428312
 09 80 A9 26 82 25 00 00

003:002:000:STREAM             1343943765.432309
 09 80 A9 26 82 25 00 00

003:002:000:STREAM             1343943765.436309
 09 80 A9 26 82 25 00 00

003:002:000:STREAM             1343943765.440306
 09 80 A9 26 82 25 00 00

003:002:000:STREAM             1343943765.448313
 09 80 A9 26 82 25 00 00

003:002:000:STREAM             1343943765.452311
 09 80 A9 26 82 25 00 00

003:002:000:STREAM             1343943765.456322
 09 80 A9 26 82 25 00 00

003:002:000:STREAM             1343943765.460308
 09 80 A9 26 82 25 00 00

003:002:000:STREAM             1343943765.464308
 09 80 A9 26 94 25 00 00

003:002:000:STREAM             1343943765.468309
 09 80 A9 26 94 25 00 00

003:002:000:STREAM             1343943765.476308
 09 80 A9 26 94 25 00 00

003:002:000:STREAM             1343943765.480309
 09 80 A9 26 94 25 00 00

003:002:000:STREAM             1343943765.484310
 09 80 A9 26 A8 25 00 00

003:002:000:STREAM             1343943765.488291
 09 80 A9 26 A8 25 00 00

003:002:000:STREAM             1343943765.492309
 09 80 A9 26 A8 25 00 00

003:002:000:STREAM             1343943765.496310
 09 80 A9 26 A8 25 00 00

003:002:000:STREAM             1343943765.504312
 09 80 A9 26 A8 25 00 00

003:002:000:STREAM             1343943765.508307
 09 80 A9 26 A8 25 00 00

003:002:000:STREAM             1343943765.512291
 09 80 A9 26 A8 25 00 00

003:002:000:STREAM             1343943765.516293
 09 80 A9 26 A8 25 00 00

003:002:000:STREAM             1343943765.520290
 09 80 A9 26 A8 25 00 00

003:002:000:STREAM             1343943765.524307
 09 80 BB 26 A8 25 00 00

003:002:000:STREAM             1343943765.532313
 09 80 BB 26 A8 25 00 00

003:002:000:STREAM             1343943765.536293
 09 80 BB 26 A8 25 00 00

003:002:000:STREAM             1343943765.540315
 09 80 BB 26 A8 25 00 00

003:002:000:STREAM             1343943765.544316
 09 80 D0 26 A8 25 00 00

003:002:000:STREAM             1343943765.548293
 09 80 D0 26 A8 25 00 00

003:002:000:STREAM             1343943765.556309
 09 80 E2 26 A8 25 00 00

003:002:000:STREAM             1343943765.560313
 09 80 E2 26 A8 25 00 00

003:002:000:STREAM             1343943765.564310
 09 80 E2 26 A8 25 00 00

003:002:000:STREAM             1343943765.568311
 09 80 E2 26 A8 25 00 00

003:002:000:STREAM             1343943765.572309
 09 80 E2 26 A8 25 00 00

003:002:000:STREAM             1343943765.576313
 09 80 E2 26 A8 25 00 00

003:002:000:STREAM             1343943765.584311
 09 80 E2 26 A8 25 00 00

003:002:000:STREAM             1343943765.588314
 09 80 E2 26 A8 25 00 00

003:002:000:STREAM             1343943765.592308
 09 80 F8 26 A8 25 00 00

003:002:000:STREAM             1343943765.596310
 09 80 F8 26 A8 25 00 00

003:002:000:STREAM             1343943765.600312
 09 80 F8 26 A8 25 00 00

003:002:000:STREAM             1343943765.608314
 09 80 F8 26 A8 25 00 00

003:002:000:STREAM             1343943765.612292
 09 80 0C 27 A8 25 00 00

003:002:000:STREAM             1343943765.616310
 09 80 0C 27 A8 25 00 00

003:002:000:STREAM             1343943765.620288
 09 80 0C 27 BB 25 00 00

003:002:000:STREAM             1343943765.628309
 09 80 0C 27 BB 25 00 00

003:002:000:STREAM             1343943765.632310
 09 80 0C 27 BB 25 00 00

003:002:000:STREAM             1343943765.636290
 09 80 0C 27 BB 25 00 00

003:002:000:STREAM             1343943765.640342
 09 80 0C 27 BB 25 00 00

003:002:000:STREAM             1343943765.644292
 09 80 0C 27 BB 25 00 00

003:002:000:STREAM             1343943765.652314
 09 80 0C 27 D0 25 00 00

003:002:000:STREAM             1343943765.656311
 09 80 1E 27 D0 25 00 00

003:002:000:STREAM             1343943765.660311
 09 80 1E 27 D0 25 00 00

003:002:000:STREAM             1343943765.664308
 09 80 1E 27 D0 25 00 00

003:002:000:STREAM             1343943765.668338
 09 80 1E 27 E2 25 00 00

003:002:000:STREAM             1343943765.676316
 09 80 1E 27 E2 25 00 00

003:002:000:STREAM             1343943765.680307
 09 80 1E 27 04 26 00 00

003:002:000:STREAM             1343943765.740313
 09 82 3F 27 0A 26 00 00

003:002:000:STREAM             1343943765.744310
 09 82 3F 27 0A 26 00 00

003:002:000:STREAM             1343943765.748307
 09 82 3F 27 0A 26 00 00

003:002:000:STREAM             1343943765.756294
 09 82 3F 27 0A 26 00 00

003:002:000:STREAM             1343943765.760308
 09 82 47 27 13 26 00 00

003:002:000:STREAM             1343943765.764311
 09 82 47 27 1A 26 00 00

003:002:000:STREAM             1343943765.772311
 09 82 47 27 1A 26 00 00

003:002:000:STREAM             1343943765.776310
 09 82 47 27 1A 26 00 00

003:002:000:STREAM             1343943765.780308
 09 82 47 27 27 26 00 00

003:002:000:STREAM             1343943765.788309
 09 82 47 27 33 26 00 00

003:002:000:STREAM             1343943765.792307
 09 82 40 27 3D 26 00 00

003:002:000:STREAM             1343943765.796312
 09 82 40 27 3D 26 00 00

003:002:000:STREAM             1343943765.804293
 09 82 40 27 3D 26 00 00

003:002:000:STREAM             1343943765.808308
 09 82 40 27 45 26 00 00

003:002:000:STREAM             1343943765.816307
 09 82 39 27 4C 26 00 00

003:002:000:STREAM             1343943765.820310
 09 82 39 27 4C 26 00 00

003:002:000:STREAM             1343943765.824306
 09 82 39 27 4C 26 00 00

003:002:000:STREAM             1343943765.832311
 09 82 32 27 41 26 00 00

003:002:000:STREAM             1343943765.836312
 09 82 32 27 41 26 00 00

003:002:000:STREAM             1343943765.840309
 09 82 2B 27 38 26 00 00

003:002:000:STREAM             1343943765.848310
 09 82 2B 27 30 26 00 00

003:002:000:STREAM             1343943765.852309
 09 82 2B 27 24 26 00 00

003:002:000:STREAM             1343943765.856309
 09 82 2B 27 10 26 00 00

003:002:000:STREAM             1343943765.864309
 09 82 2B 27 04 26 00 00

003:002:000:STREAM             1343943765.868310
 09 82 12 27 04 26 00 00

003:002:000:STREAM             1343943765.920313
 09 80 12 27 98 25 00 00

003:002:000:STREAM             1343943765.924310
 09 80 12 27 98 25 00 00

003:002:000:STREAM             1343943765.928310
 09 80 12 27 98 25 00 00

003:002:000:STREAM             1343943765.932314
 09 80 12 27 98 25 00 00

003:002:000:STREAM             1343943765.940311
 09 80 12 27 98 25 00 00

003:002:000:STREAM             1343943765.944310
 09 80 12 27 98 25 00 00

003:002:000:STREAM             1343943765.948313
 09 80 12 27 98 25 00 00

003:002:000:STREAM             1343943765.952309
 09 80 12 27 98 25 00 00

003:002:000:STREAM             1343943765.956308
 09 80 12 27 98 25 00 00

003:002:000:STREAM             1343943765.960313
 09 80 12 27 98 25 00 00

003:002:000:STREAM             1343943765.968309
 09 80 FE 26 98 25 00 00

003:002:000:STREAM             1343943765.972314
 09 80 FE 26 98 25 00 00

003:002:000:STREAM             1343943765.976309
 09 80 FE 26 98 25 00 00

003:002:000:STREAM             1343943765.980307
 09 80 EB 26 98 25 00 00

003:002:000:STREAM             1343943765.984308
 09 80 EB 26 98 25 00 00

003:002:000:STREAM             1343943765.988308
 09 80 EB 26 98 25 00 00

003:002:000:STREAM             1343943765.996312
 09 80 EB 26 98 25 00 00

003:002:000:STREAM             1343943766.000307
 09 80 EB 26 98 25 00 00

003:002:000:STREAM             1343943766.004306
 09 80 D8 26 98 25 00 00

003:002:000:STREAM             1343943766.008308
 09 80 D8 26 98 25 00 00

003:002:000:STREAM             1343943766.012307
 09 80 D8 26 98 25 00 00

003:002:000:STREAM             1343943766.016309
 09 80 D8 26 98 25 00 00

003:002:000:STREAM             1343943766.024318
 09 80 D8 26 98 25 00 00

003:002:000:STREAM             1343943766.028308
 09 80 D8 26 98 25 00 00

003:002:000:STREAM             1343943766.032311
 09 80 D8 26 98 25 00 00

003:002:000:STREAM             1343943766.036309
 09 80 D8 26 98 25 00 00

003:002:000:STREAM             1343943766.040292
 09 80 D8 26 98 25 00 00

003:002:000:STREAM             1343943766.044309
 09 80 D8 26 98 25 00 00

003:002:000:STREAM             1343943766.052293
 09 80 D8 26 98 25 00 00

003:002:000:STREAM             1343943766.056311
 09 80 EB 26 98 25 00 00

003:002:000:STREAM             1343943766.060315
 09 80 EB 26 98 25 00 00

003:002:000:STREAM             1343943766.064289
 09 80 EB 26 98 25 00 00

003:002:000:STREAM             1343943766.068313
 09 80 EB 26 98 25 00 00

003:002:000:STREAM             1343943766.076311
 09 80 EB 26 98 25 00 00

003:002:000:STREAM             1343943766.080310
 09 80 EB 26 98 25 00 00

003:002:000:STREAM             1343943766.084308
 09 80 EB 26 98 25 00 00

003:002:000:STREAM             1343943766.088309
 09 80 EB 26 98 25 00 00

003:002:000:STREAM             1343943766.092308
 09 80 EB 26 98 25 00 00

003:002:000:STREAM             1343943766.096309
 09 80 EB 26 98 25 00 00

003:002:000:STREAM             1343943766.104312
 09 80 FE 26 98 25 00 00

003:002:000:STREAM             1343943766.108308
 09 80 FE 26 83 25 00 00

003:002:000:STREAM             1343943766.112293
 09 80 FE 26 83 25 00 00

003:002:000:STREAM             1343943766.116313
 09 80 FE 26 83 25 00 00

003:002:000:STREAM             1343943766.120308
 09 80 FE 26 6E 25 00 00

003:002:000:STREAM             1343943766.124306
 09 80 FE 26 6E 25 00 00

003:002:000:STREAM             1343943766.132307
 09 80 FE 26 6E 25 00 00

003:002:000:STREAM             1343943766.136312
 09 80 FE 26 5B 25 00 00

003:002:000:STREAM             1343943766.140308
 09 80 FE 26 5B 25 00 00

003:002:000:STREAM             1343943766.144311
 09 80 FE 26 5B 25 00 00

003:002:000:STREAM             1343943766.148307
 09 80 FE 26 5B 25 00 00

003:002:000:STREAM             1343943766.156310
 09 80 FE 26 5B 25 00 00

003:002:000:STREAM             1343943766.160310
 09 80 FE 26 5B 25 00 00

003:002:000:STREAM             1343943766.164312
 09 80 FE 26 5B 25 00 00

003:002:000:STREAM             1343943766.168307
 09 80 FE 26 5B 25 00 00

003:002:000:STREAM             1343943766.172308
 09 80 FE 26 5B 25 00 00

003:002:000:STREAM             1343943766.176309
 09 80 FE 26 5B 25 00 00

003:002:000:STREAM             1343943766.184309
 09 80 FE 26 5B 25 00 00

003:002:000:STREAM             1343943766.188312
 09 80 FE 26 5B 25 00 00

003:002:000:STREAM             1343943766.192308
 09 80 FE 26 5B 25 00 00

003:002:000:STREAM             1343943766.196307
 09 80 FE 26 3F 25 00 00

003:002:000:STREAM             1343943766.200308
 09 80 FE 26 3F 25 00 00

003:002:000:STREAM             1343943766.204320
 09 80 FE 26 3F 25 00 00

003:002:000:STREAM             1343943766.212309
 09 80 FE 26 23 25 00 00

003:002:000:STREAM             1343943766.216313
 09 80 FE 26 11 25 00 00

003:002:000:STREAM             1343943766.220307
 09 80 FE 26 11 25 00 00

003:002:000:STREAM             1343943766.224308
 09 80 FE 26 11 25 00 00

003:002:000:STREAM             1343943766.228320
 09 80 FE 26 FE 24 00 00

003:002:000:STREAM             1343943766.236309
 09 80 FE 26 FE 24 00 00

003:002:000:STREAM             1343943766.240312
 09 80 12 27 FE 24 00 00

003:002:000:STREAM             1343943766.244308
 09 80 12 27 FE 24 00 00

003:002:000:STREAM             1343943766.248309
 09 80 12 27 FE 24 00 00

003:002:000:STREAM             1343943766.252309
 09 80 12 27 FE 24 00 00

003:002:000:STREAM             1343943766.256309
 09 80 12 27 EC 24 00 00

003:002:000:STREAM             1343943766.264309
 09 80 12 27 EC 24 00 00

003:002:000:STREAM             1343943766.268310
 09 80 12 27 EC 24 00 00

003:002:000:STREAM             1343943766.272309
 09 80 12 27 EC 24 00 00

003:002:000:STREAM             1343943766.276309
 09 80 12 27 EC 24 00 00

003:002:000:STREAM             1343943766.280310
 09 80 12 27 EC 24 00 00

003:002:000:STREAM             1343943766.288309
 09 80 12 27 EC 24 00 00

003:002:000:STREAM             1343943766.292310
 09 80 12 27 EC 24 00 00

003:002:000:STREAM             1343943766.296311
 09 80 12 27 EC 24 00 00

003:002:000:STREAM             1343943766.300310
 09 80 12 27 EC 24 00 00

003:002:000:STREAM             1343943766.304309
 09 80 12 27 EC 24 00 00

003:002:000:STREAM             1343943766.308308
 09 80 12 27 EC 24 00 00

003:002:000:STREAM             1343943766.316309
 09 80 12 27 EC 24 00 00

003:002:000:STREAM             1343943766.320312
 09 80 12 27 EC 24 00 00

003:002:000:STREAM             1343943766.324309
 09 80 12 27 EC 24 00 00

003:002:000:STREAM             1343943766.328293
 09 80 12 27 EC 24 00 00

003:002:000:STREAM             1343943766.332307
 09 80 12 27 EC 24 00 00

003:002:000:STREAM             1343943766.340313
 09 80 12 27 EC 24 00 00

003:002:000:STREAM             1343943766.344311
 09 80 12 27 EC 24 00 00

003:002:000:STREAM             1343943766.348309
 09 80 12 27 EC 24 00 00

003:002:000:STREAM             1343943766.352307
 09 80 12 27 EC 24 00 00

003:002:000:STREAM             1343943766.356308
 09 80 12 27 EC 24 00 00

003:002:000:STREAM             1343943766.360312
 09 80 12 27 EC 24 00 00

003:002:000:STREAM             1343943766.368312
 09 80 12 27 EC 24 00 00

003:002:000:STREAM             1343943766.372309
 09 80 12 27 EC 24 00 00

003:002:000:STREAM             1343943766.376307
 09 80 12 27 EC 24 00 00

003:002:000:STREAM             1343943766.380309
 09 80 12 27 08 25 00 00

003:002:000:STREAM             1343943766.384306
 09 80 12 27 08 25 00 00

003:002:000:STREAM             1343943766.388307
 09 80 12 27 08 25 00 00

003:002:000:STREAM             1343943766.396310
 09 80 2D 27 08 25 00 00

003:002:000:STREAM             1343943766.400309
 09 80 2D 27 08 25 00 00

003:002:000:STREAM             1343943766.404308
 09 80 2D 27 08 25 00 00

003:002:000:STREAM             1343943766.408306
 09 80 2D 27 08 25 00 00

003:002:000:STREAM             1343943766.412308
 09 80 2D 27 08 25 00 00

003:002:000:STREAM             1343943766.416310
 09 80 2D 27 08 25 00 00

003:002:000:STREAM             1343943766.420292
 09 80 2D 27 08 25 00 00

003:002:000:STREAM             1343943766.428310
 09 80 2D 27 08 25 00 00

003:002:000:STREAM             1343943766.432310
 09 80 2D 27 08 25 00 00

003:002:000:STREAM             1343943766.436306
 09 80 2D 27 08 25 00 00

003:002:000:STREAM             1343943766.440309
 09 80 2D 27 08 25 00 00

003:002:000:STREAM             1343943766.444312
 09 80 2D 27 08 25 00 00

003:002:000:STREAM             1343943766.448309
 09 80 49 27 08 25 00 00

003:002:000:STREAM             1343943766.456311
 09 80 49 27 08 25 00 00

003:002:000:STREAM             1343943766.460310
 09 80 49 27 08 25 00 00

003:002:000:STREAM             1343943766.464313
 09 80 49 27 08 25 00 00

003:002:000:STREAM             1343943766.468309
 09 80 49 27 08 25 00 00

003:002:000:STREAM             1343943766.472314
 09 80 49 27 08 25 00 00

003:002:000:STREAM             1343943766.476308
 09 80 49 27 08 25 00 00

003:002:000:STREAM             1343943766.484293
 09 80 49 27 08 25 00 00

003:002:000:STREAM             1343943766.488308
 09 80 49 27 08 25 00 00

003:002:000:STREAM             1343943766.492308
 09 80 49 27 08 25 00 00

003:002:000:STREAM             1343943766.496311
 09 80 49 27 08 25 00 00

003:002:000:STREAM             1343943766.500309
 09 80 49 27 08 25 00 00

003:002:000:STREAM             1343943766.504306
 09 80 49 27 08 25 00 00

003:002:000:STREAM             1343943766.512292
 09 80 49 27 08 25 00 00

003:002:000:STREAM             1343943766.516309
 09 80 49 27 08 25 00 00

003:002:000:STREAM             1343943766.520306
 09 80 49 27 08 25 00 00

003:002:000:STREAM             1343943766.524308
 09 80 49 27 08 25 00 00

003:002:000:STREAM             1343943766.528308
 09 80 49 27 08 25 00 00

003:002:000:STREAM             1343943766.532310
 09 80 49 27 08 25 00 00

003:002:000:STREAM             1343943766.540310
 09 80 49 27 08 25 00 00

003:002:000:STREAM             1343943766.544307
 09 80 49 27 08 25 00 00

003:002:000:STREAM             1343943766.548310
 09 80 49 27 08 25 00 00

003:002:000:STREAM             1343943766.552307
 09 80 49 27 08 25 00 00

003:002:000:STREAM             1343943766.556308
 09 80 49 27 08 25 00 00

003:002:000:STREAM             1343943766.560292
 09 80 49 27 08 25 00 00

003:002:000:STREAM             1343943766.568308
 09 80 49 27 08 25 00 00

003:002:000:STREAM             1343943766.572311
 09 80 49 27 08 25 00 00

003:002:000:STREAM             1343943766.576308
 09 80 49 27 08 25 00 00

003:002:000:STREAM             1343943766.580293
 09 80 49 27 08 25 00 00

003:002:000:STREAM             1343943766.584313
 09 80 49 27 08 25 00 00

003:002:000:STREAM             1343943766.588307
 09 80 49 27 08 25 00 00

003:002:000:STREAM             1343943766.596308
 09 80 49 27 08 25 00 00

003:002:000:STREAM             1343943766.600309
 09 80 49 27 08 25 00 00

003:002:000:STREAM             1343943766.604309
 09 80 49 27 08 25 00 00

003:002:000:STREAM             1343943766.608292
 09 80 49 27 08 25 00 00

003:002:000:STREAM             1343943766.612311
 09 80 49 27 08 25 00 00

003:002:000:STREAM             1343943766.616307
 09 80 49 27 25 25 00 00

003:002:000:STREAM             1343943766.624311
 09 80 49 27 25 25 00 00

003:002:000:STREAM             1343943766.628312
 09 80 49 27 25 25 00 00

003:002:000:STREAM             1343943766.632314
 09 80 49 27 25 25 00 00

003:002:000:STREAM             1343943766.636293
 09 80 49 27 25 25 00 00

003:002:000:STREAM             1343943766.640311
 09 80 49 27 25 25 00 00

003:002:000:STREAM             1343943766.648313
 09 80 49 27 25 25 00 00

003:002:000:STREAM             1343943766.652308
 09 80 49 27 25 25 00 00

003:002:000:STREAM             1343943766.656318
 09 80 49 27 25 25 00 00

003:002:000:STREAM             1343943766.660306
 09 80 49 27 25 25 00 00

003:002:000:STREAM             1343943766.664308
 09 80 49 27 25 25 00 00

003:002:000:STREAM             1343943766.668292
 09 80 5B 27 25 25 00 00

003:002:000:STREAM             1343943766.676309
 09 80 5B 27 25 25 00 00

003:002:000:STREAM             1343943766.680311
 09 80 5B 27 25 25 00 00

003:002:000:STREAM             1343943766.684307
 09 80 5B 27 25 25 00 00

003:002:000:STREAM             1343943766.688306
 09 80 5B 27 25 25 00 00

003:002:000:STREAM             1343943766.692308
 09 80 5B 27 25 25 00 00

003:002:000:STREAM             1343943766.696308
 09 80 5B 27 25 25 00 00

003:002:000:STREAM             1343943766.704309
 09 80 5B 27 25 25 00 00

003:002:000:STREAM             1343943766.708319
 09 80 5B 27 25 25 00 00

003:002:000:STREAM             1343943766.712292
 09 80 5B 27 25 25 00 00

003:002:000:STREAM             1343943766.716314
 09 80 5B 27 25 25 00 00

003:002:000:STREAM             1343943766.720293
 09 80 5B 27 25 25 00 00

003:002:000:STREAM             1343943766.728309
 09 80 5B 27 25 25 00 00

003:002:000:STREAM             1343943766.732305
 09 80 5B 27 25 25 00 00

003:002:000:STREAM             1343943766.736295
 09 80 5B 27 25 25 00 00

003:002:000:STREAM             1343943766.740293
 09 80 5B 27 25 25 00 00

003:002:000:STREAM             1343943766.743325
 09 80 5B 27 25 25 00 00

003:002:000:STREAM             1343943766.752305
 09 80 5B 27 25 25 00 00

003:002:000:STREAM             1343943766.756308
 09 80 5B 27 25 25 00 00

003:002:000:STREAM             1343943766.760307
 09 80 70 27 25 25 00 00

003:002:000:STREAM             1343943766.764313
 09 80 70 27 25 25 00 00

003:002:000:STREAM             1343943766.768309
 09 80 70 27 25 25 00 00

003:002:000:STREAM             1343943766.824329
 09 84 7D 27 F0 24 00 00

003:002:000:STREAM             1343943766.828314
 09 84 7D 27 F0 24 00 00

003:002:000:STREAM             1343943766.836309
 09 84 88 27 F0 24 00 00

003:002:000:STREAM             1343943766.840290
 09 84 88 27 F0 24 00 00

003:002:000:STREAM             1343943766.844289
 09 84 88 27 F0 24 00 00

003:002:000:STREAM             1343943766.848308
 09 84 88 27 F0 24 00 00

003:002:000:STREAM             1343943766.856310
 09 84 88 27 F0 24 00 00

003:002:000:STREAM             1343943766.860311
 09 84 88 27 E2 24 00 00

003:002:000:STREAM             1343943766.864291
 09 84 94 27 D4 24 00 00

003:002:000:STREAM             1343943766.868311
 09 84 94 27 CA 24 00 00

003:002:000:STREAM             1343943766.876395
 09 84 94 27 CA 24 00 00

003:002:000:STREAM             1343943766.880289
 09 84 94 27 CA 24 00 00

003:002:000:STREAM             1343943766.884314
 09 84 94 27 C0 24 00 00

003:002:000:STREAM             1343943766.888310
 09 84 94 27 C0 24 00 00

003:002:000:STREAM             1343943766.896310
 09 84 94 27 C0 24 00 00

003:002:000:STREAM             1343943766.900310
 09 84 94 27 C0 24 00 00

003:002:000:STREAM             1343943766.904307
 09 84 94 27 C0 24 00 00

003:002:000:STREAM             1343943766.908312
 09 84 94 27 C0 24 00 00

003:002:000:STREAM             1343943766.916330
 09 84 94 27 C0 24 00 00

003:002:000:STREAM             1343943766.920291
 09 84 94 27 C0 24 00 00

003:002:000:STREAM             1343943766.924310
 09 84 94 27 C0 24 00 00

003:002:000:STREAM             1343943766.928310
 09 84 94 27 C0 24 00 00

003:002:000:STREAM             1343943766.936307
 09 84 8A 27 C0 24 00 00

003:002:000:STREAM             1343943766.940309
 09 84 8A 27 C0 24 00 00

003:002:000:STREAM             1343943766.944321
 09 84 8A 27 C0 24 00 00

003:002:000:STREAM             1343943766.948292
 09 84 8A 27 C0 24 00 00

003:002:000:STREAM             1343943766.956308
 09 84 8A 27 D4 24 00 00

003:002:000:STREAM             1343943766.960314
 09 84 8A 27 D4 24 00 00

003:002:000:STREAM             1343943766.964311
 09 84 8A 27 D4 24 00 00

003:002:000:STREAM             1343943767.016312
 09 80 8A 27 D4 24 00 00

003:002:000:STREAM             1343943767.020309
 09 80 8A 27 D4 24 00 00

003:002:000:STREAM             1343943767.024310
 09 80 8A 27 D4 24 00 00

003:002:000:STREAM             1343943767.028310
 09 80 8A 27 D4 24 00 00

003:002:000:STREAM             1343943767.032307
 09 80 8A 27 D4 24 00 00

003:002:000:STREAM             1343943767.040310
 09 80 8A 27 D4 24 00 00

003:002:000:STREAM             1343943767.044315
 09 80 8A 27 D4 24 00 00

003:002:000:STREAM             1343943767.048291
 09 80 8A 27 D4 24 00 00

003:002:000:STREAM             1343943767.052312
 09 80 8A 27 D4 24 00 00

003:002:000:STREAM             1343943767.056307
 09 80 8A 27 D4 24 00 00

003:002:000:STREAM             1343943767.060292
 09 80 8A 27 D4 24 00 00

003:002:000:STREAM             1343943767.068291
 09 80 8A 27 D4 24 00 00

003:002:000:STREAM             1343943767.072308
 09 80 8A 27 D4 24 00 00

003:002:000:STREAM             1343943767.076312
 09 80 8A 27 D4 24 00 00

003:002:000:STREAM             1343943767.080291
 09 80 8A 27 D4 24 00 00

003:002:000:STREAM             1343943767.084307
 09 80 8A 27 D4 24 00 00

003:002:000:STREAM             1343943767.088310
 09 80 8A 27 D4 24 00 00

003:002:000:STREAM             1343943767.096309
 09 80 8A 27 D4 24 00 00

003:002:000:STREAM             1343943767.100312
 09 80 8A 27 EE 24 00 00

003:002:000:STREAM             1343943767.104307
 09 80 8A 27 EE 24 00 00

003:002:000:STREAM             1343943767.108309
 09 80 8A 27 EE 24 00 00

003:002:000:STREAM             1343943767.112290
 09 80 8A 27 EE 24 00 00

003:002:000:STREAM             1343943767.116322
 09 80 8A 27 EE 24 00 00

003:002:000:STREAM             1343943767.120310
 09 80 8A 27 EE 24 00 00

003:002:000:STREAM             1343943767.128319
 09 80 8A 27 EE 24 00 00

003:002:000:STREAM             1343943767.132311
 09 80 8A 27 EE 24 00 00

003:002:000:STREAM             1343943767.136309
 09 80 8A 27 EE 24 00 00

003:002:000:STREAM             1343943767.140343
 09 80 8A 27 EE 24 00 00

003:002:000:STREAM             1343943767.144293
 09 80 8A 27 EE 24 00 00

003:002:000:STREAM             1343943767.148314
 09 80 8A 27 EE 24 00 00

003:002:000:STREAM             1343943767.152311
 09 80 8A 27 EE 24 00 00

003:002:000:STREAM             1343943767.160308
 09 80 8A 27 EE 24 00 00

003:002:000:STREAM             1343943767.164310
 09 80 8A 27 EE 24 00 00

003:002:000:STREAM             1343943767.168310
 09 80 8A 27 EE 24 00 00

003:002:000:STREAM             1343943767.172290
 09 80 8A 27 EE 24 00 00

003:002:000:STREAM             1343943767.176308
 09 80 8A 27 EE 24 00 00

003:002:000:STREAM             1343943767.180310
 09 80 8A 27 EE 24 00 00

003:002:000:STREAM             1343943767.188290
 09 80 8A 27 EE 24 00 00

003:002:000:STREAM             1343943767.192309
 09 80 8A 27 EE 24 00 00

003:002:000:STREAM             1343943767.196313
 09 80 8A 27 EE 24 00 00

003:002:000:STREAM             1343943767.200307
 09 80 8A 27 EE 24 00 00

003:002:000:STREAM             1343943767.204293
 09 80 8A 27 EE 24 00 00

003:002:000:STREAM             1343943767.208311
 09 80 8A 27 EE 24 00 00

003:002:000:STREAM             1343943767.212308
 09 80 8A 27 EE 24 00 00

003:002:000:STREAM             1343943767.220310
 09 80 8A 27 EE 24 00 00

003:002:000:STREAM             1343943767.224309
 09 80 8A 27 EE 24 00 00

003:002:000:STREAM             1343943767.228306
 09 80 8A 27 EE 24 00 00

003:002:000:STREAM             1343943767.232310
 09 80 8A 27 EE 24 00 00

003:002:000:STREAM             1343943767.236308
 09 80 8A 27 EE 24 00 00

003:002:000:STREAM             1343943767.240307
 09 80 8A 27 EE 24 00 00

003:002:000:STREAM             1343943767.244310
 09 80 8A 27 EE 24 00 00

003:002:000:STREAM             1343943767.252309
 09 80 8A 27 EE 24 00 00

003:002:000:STREAM             1343943767.256309
 09 80 8A 27 EE 24 00 00

003:002:000:STREAM             1343943767.260310
 09 80 8A 27 EE 24 00 00

003:002:000:STREAM             1343943767.264292
 09 80 8A 27 EE 24 00 00

003:002:000:STREAM             1343943767.268307
 09 80 8A 27 EE 24 00 00

003:002:000:STREAM             1343943767.272310
 09 80 8A 27 EE 24 00 00

003:002:000:STREAM             1343943767.276306
 09 80 8A 27 EE 24 00 00

003:002:000:STREAM             1343943767.284309
 09 80 8A 27 EE 24 00 00

003:002:000:STREAM             1343943767.288310
 09 80 8A 27 EE 24 00 00

003:002:000:STREAM             1343943767.292308
 09 80 8A 27 EE 24 00 00

003:002:000:STREAM             1343943767.296311
 09 80 8A 27 EE 24 00 00

003:002:000:STREAM             1343943767.300307
 09 80 8A 27 EE 24 00 00

003:002:000:STREAM             1343943767.304309
 09 80 8A 27 EE 24 00 00

003:002:000:STREAM             1343943767.308308
 09 80 8A 27 EE 24 00 00

003:002:000:STREAM             1343943767.316306
 09 80 8A 27 EE 24 00 00

003:002:000:STREAM             1343943767.320310
 09 80 8A 27 EE 24 00 00

003:002:000:STREAM             1343943767.324311
 09 80 8A 27 EE 24 00 00

003:002:000:STREAM             1343943767.328294
 09 80 8A 27 EE 24 00 00

003:002:000:STREAM             1343943767.332307
 09 80 8A 27 EE 24 00 00

003:002:000:STREAM             1343943767.336309
 09 80 8A 27 EE 24 00 00

003:002:000:STREAM             1343943767.344309
 09 80 8A 27 EE 24 00 00

003:002:000:STREAM             1343943767.348311
 09 80 8A 27 EE 24 00 00

003:002:000:STREAM             1343943767.352327
 09 80 8A 27 EE 24 00 00

003:002:000:STREAM             1343943767.356293
 09 80 8A 27 EE 24 00 00

003:002:000:STREAM             1343943767.360288
 09 80 8A 27 EE 24 00 00

003:002:000:STREAM             1343943767.364312
 09 80 8A 27 EE 24 00 00

003:002:000:STREAM             1343943767.368307
 09 80 8A 27 EE 24 00 00

003:002:000:STREAM             1343943767.376309
 09 80 8A 27 08 25 00 00

003:002:000:STREAM             1343943767.380309
 09 80 8A 27 08 25 00 00

003:002:000:STREAM             1343943767.384308
 09 80 8A 27 08 25 00 00

003:002:000:STREAM             1343943767.388293
 09 80 8A 27 08 25 00 00

003:002:000:STREAM             1343943767.392310
 09 80 8A 27 08 25 00 00

003:002:000:STREAM             1343943767.396309
 09 80 8A 27 08 25 00 00

003:002:000:STREAM             1343943767.400316
 09 80 8A 27 08 25 00 00

003:002:000:STREAM             1343943767.404309
 09 80 8A 27 08 25 00 00

003:002:000:STREAM             1343943767.412312
 09 80 8A 27 08 25 00 00

003:002:000:STREAM             1343943767.416309
 09 80 8A 27 08 25 00 00

003:002:000:STREAM             1343943767.420293
 09 80 8A 27 08 25 00 00

003:002:000:STREAM             1343943767.424307
 09 80 8A 27 08 25 00 00

003:002:000:STREAM             1343943767.428312
 09 80 8A 27 08 25 00 00

003:002:000:STREAM             1343943767.432308
 09 80 8A 27 08 25 00 00

003:002:000:STREAM             1343943767.436314
 09 80 8A 27 08 25 00 00

003:002:000:STREAM             1343943767.440314
 09 80 8A 27 08 25 00 00

003:002:000:STREAM             1343943767.448311
 09 80 8A 27 08 25 00 00

003:002:000:STREAM             1343943767.452310
 09 80 8A 27 08 25 00 00

003:002:000:STREAM             1343943767.456309
 09 80 8A 27 08 25 00 00

003:002:000:STREAM             1343943767.460312
 09 80 8A 27 08 25 00 00

003:002:000:STREAM             1343943767.464308
 09 80 8A 27 08 25 00 00

003:002:000:STREAM             1343943767.468307
 09 80 8A 27 08 25 00 00

003:002:000:STREAM             1343943767.472310
 09 80 8A 27 08 25 00 00

003:002:000:STREAM             1343943767.480296
 09 80 8A 27 08 25 00 00

003:002:000:STREAM             1343943767.484312
 09 80 8A 27 08 25 00 00

003:002:000:STREAM             1343943767.488308
 09 80 8A 27 08 25 00 00

003:002:000:STREAM             1343943767.492310
 09 80 8A 27 08 25 00 00

003:002:000:STREAM             1343943767.496313
 09 80 8A 27 08 25 00 00

003:002:000:STREAM             1343943767.500308
 09 80 8A 27 08 25 00 00

003:002:000:STREAM             1343943767.504307
 09 80 8A 27 08 25 00 00

003:002:000:STREAM             1343943767.508310
 09 80 8A 27 08 25 00 00

003:002:000:STREAM             1343943767.516310
 09 80 8A 27 08 25 00 00

003:002:000:STREAM             1343943767.520311
 09 80 8A 27 08 25 00 00

003:002:000:STREAM             1343943767.524310
 09 80 8A 27 08 25 00 00

003:002:000:STREAM             1343943767.528309
 09 80 8A 27 08 25 00 00

003:002:000:STREAM             1343943767.532309
 09 80 8A 27 08 25 00 00

003:002:000:STREAM             1343943767.536314
 09 80 8A 27 08 25 00 00

003:002:000:STREAM             1343943767.540294
 09 80 8A 27 08 25 00 00

003:002:000:STREAM             1343943767.548309
 09 80 8A 27 08 25 00 00

003:002:000:STREAM             1343943767.552313
 09 80 8A 27 08 25 00 00

003:002:000:STREAM             1343943767.556309
 09 80 8A 27 08 25 00 00

003:002:000:STREAM             1343943767.560319
 09 80 8A 27 08 25 00 00

003:002:000:STREAM             1343943767.564308
 09 80 8A 27 08 25 00 00

003:002:000:STREAM             1343943767.568311
 09 80 8A 27 08 25 00 00

003:002:000:STREAM             1343943767.572311
 09 80 8A 27 08 25 00 00

003:002:000:STREAM             1343943767.576307
 09 80 8A 27 08 25 00 00

003:002:000:STREAM             1343943767.584293
 09 80 8A 27 08 25 00 00

003:002:000:STREAM             1343943767.588307
 09 80 8A 27 08 25 00 00

003:002:000:STREAM             1343943767.592308
 09 80 8A 27 08 25 00 00

003:002:000:STREAM             1343943767.596315
 09 80 8A 27 08 25 00 00

003:002:000:STREAM             1343943767.600309
 09 80 8A 27 08 25 00 00

003:002:000:STREAM             1343943767.604293
 09 80 8A 27 08 25 00 00

003:002:000:STREAM             1343943767.608324
 09 80 8A 27 08 25 00 00

003:002:000:STREAM             1343943767.612311
 09 80 8A 27 08 25 00 00

003:002:000:STREAM             1343943767.620309
 09 80 8A 27 08 25 00 00

003:002:000:STREAM             1343943767.624317
 09 80 8A 27 08 25 00 00

003:002:000:STREAM             1343943767.628315
 09 80 8A 27 08 25 00 00

003:002:000:STREAM             1343943767.632322
 09 80 8A 27 08 25 00 00

