M 58 00 50 00 2D 00 50 00 45 00 4E 00
P 41 00 52 00 54 00 49 00 53 00 54 00 20 00 31 00 35 00 2E 00 36 00
S 64 0C 03 73 86 05 4C 03 00 FF 1F EC 09
S 65 04 03 00 74
S 6E 04 03 30 00
S 79 28 03 46 00 36 00 30 00 20 00 5F 00 55 00 47 00 5F 00 56 00 41 00 54 00 31 00 36 00 5F 00 71 00 31 00 31 00 32 00 34 00
S 7A 28 03 46 00 36 00 30 00 20 00 5F 00 55 00 47 00 5F 00 56 00 41 00 54 00 31 00 36 00 5F 00 71 00 31 00 31 00 32 00 34 00
S 7B 28 03 46 00 36 00 30 00 20 00 5F 00 55 00 47 00 5F 00 56 00 41 00 54 00 31 00 36 00 5F 00 71 00 31 00 31 00 32 00 34 00
S C8 28 03 46 00 36 00 30 00 20 00 5F 00 55 00 47 00 5F 00 56 00 41 00 54 00 31 00 36 00 5F 00 71 00 31 00 31 00 32 00 34 00
S C9 28 03 46 00 36 00 30 00 20 00 5F 00 55 00 47 00 5F 00 56 00 41 00 54 00 31 00 36 00 5F 00 71 00 31 00 31 00 32 00 34 00
S CA 28 03 46 00 36 00 30 00 20 00 5F 00 55 00 47 00 5F 00 56 00 41 00 54 00 31 00 36 00 5F 00 71 00 31 00 31 00 32 00 34 00
