001:043:001:STREAM             1501824160.847677
 06 00 00 00 40

001:043:001:STREAM             1501824161.149655
 06 00 00 00 00

001:043:001:STREAM             1501824162.769670
 06 00 00 00 80

001:043:001:STREAM             1501824163.019666
 06 00 00 00 00

001:043:001:STREAM             1501824164.217653
 06 01 00 00 00

001:043:001:STREAM             1501824164.467682
 06 00 00 00 00

001:043:001:STREAM             1501824165.561594
 06 02 00 00 00

001:043:001:STREAM             1501824165.705692
 06 00 00 00 00

001:043:001:STREAM             1501824166.771634
 06 04 00 00 00

001:043:001:STREAM             1501824166.995601
 06 00 00 00 00

001:043:001:STREAM             1501824167.877631
 06 08 00 00 00

001:043:001:STREAM             1501824168.155626
 06 00 00 00 00

