002:004:000:STREAM             1338235832.975402
 07 12 10 11 12 00 00 00

002:004:000:STREAM             1338235838.781332
 12 01 00 00 00 00 00 00

002:004:000:STREAM             1338235838.901262
 12 00 00 00 00 00 00 00

002:004:000:STREAM             1338235840.465304
 12 02 00 00 00 00 00 00

002:004:000:STREAM             1338235840.555247
 12 00 00 00 00 00 00 00

002:004:000:STREAM             1338235841.397363
 12 04 00 00 00 00 00 00

002:004:000:STREAM             1338235841.487246
 12 00 00 00 00 00 00 00

002:004:000:STREAM             1338235842.331337
 12 08 00 00 00 00 00 00

002:004:000:STREAM             1338235842.421243
 12 00 00 00 00 00 00 00

002:004:000:STREAM             1338235843.503224
 12 01 00 00 00 00 00 00

002:004:000:STREAM             1338235843.593199
 12 00 00 00 00 00 00 00

002:004:000:STREAM             1338235844.465325
 12 02 00 00 00 00 00 00

002:004:000:STREAM             1338235844.587236
 12 00 00 00 00 00 00 00

002:004:000:STREAM             1338235845.429347
 12 04 00 00 00 00 00 00

002:004:000:STREAM             1338235845.519225
 12 00 00 00 00 00 00 00

002:004:000:STREAM             1338235846.481359
 12 08 00 00 00 00 00 00

002:004:000:STREAM             1338235846.571214
 12 00 00 00 00 00 00 00

002:004:000:STREAM             1338235847.865203
 12 01 00 00 00 00 00 00

002:004:000:STREAM             1338235847.985108
 12 00 00 00 00 00 00 00

002:004:000:STREAM             1338235848.797315
 12 02 00 00 00 00 00 00

002:004:000:STREAM             1338235848.887198
 12 00 00 00 00 00 00 00

002:004:000:STREAM             1338235849.699314
 12 04 00 00 00 00 00 00

002:004:000:STREAM             1338235849.789188
 12 00 00 00 00 00 00 00

002:004:000:STREAM             1338235850.631314
 12 08 00 00 00 00 00 00

002:004:000:STREAM             1338235850.723059
 12 00 00 00 00 00 00 00

002:004:000:STREAM             1338235852.075194
 12 01 00 00 00 00 00 00

002:004:000:STREAM             1338235852.165155
 12 00 00 00 00 00 00 00

002:004:000:STREAM             1338235852.947255
 12 02 00 00 00 00 00 00

002:004:000:STREAM             1338235853.099185
 12 00 00 00 00 00 00 00

002:004:000:STREAM             1338235853.911219
 12 04 00 00 00 00 00 00

002:004:000:STREAM             1338235854.001169
 12 00 00 00 00 00 00 00

002:004:000:STREAM             1338235854.813317
 12 08 00 00 00 00 00 00

002:004:000:STREAM             1338235854.873156
 12 00 00 00 00 00 00 00

002:004:000:STREAM             1338235858.211133
 12 01 00 00 00 00 00 00

002:004:000:STREAM             1338235858.331143
 12 00 00 00 00 00 00 00

002:004:000:STREAM             1338235859.145200
 12 02 00 00 00 00 00 00

002:004:000:STREAM             1338235859.235131
 12 00 00 00 00 00 00 00

002:004:000:STREAM             1338235860.047246
 12 04 00 00 00 00 00 00

002:004:000:STREAM             1338235860.167122
 12 00 00 00 00 00 00 00

002:004:000:STREAM             1338235861.009221
 12 08 00 00 00 00 00 00

002:004:000:STREAM             1338235861.159119
 12 00 00 00 00 00 00 00

