002:004:002:STREAM             1536020275.277317
 02 00 00 08 00 00 00 00

002:004:002:STREAM             1536020275.408317
 02 00 00 00 00 00 00 00

002:004:002:STREAM             1536020276.915325
 02 00 00 00 00 00 00 00

002:004:002:STREAM             1536020278.357339
 02 00 00 00 00 00 00 00

002:004:002:STREAM             1536020279.505383
 02 01 00 57 00 00 00 00

002:004:002:STREAM             1536020279.636372
 02 00 00 00 00 00 00 00

002:004:002:STREAM             1536020280.848406
 02 00 00 2F 00 00 00 00

002:004:002:STREAM             1536020280.979379
 02 00 00 00 00 00 00 00

002:004:002:STREAM             1536020282.028418
 02 00 00 00 00 00 00 00

002:004:001:STREAM             1536020283.437437
 03 00 00 00 01

002:004:002:STREAM             1536020284.650467
 02 00 00 2B 00 00 00 00

002:004:002:STREAM             1536020284.781450
 02 00 00 00 00 00 00 00

002:004:002:STREAM             1536020286.223482
 02 00 00 00 00 00 00 00

002:004:002:STREAM             1536020287.370503
 02 00 00 00 00 00 00 00

002:004:002:STREAM             1536020288.616540
 02 00 00 00 00 00 00 00

002:004:002:STREAM             1536020289.664549
 02 04 00 00 00 00 00 00

002:004:002:STREAM             1536020289.796543
 02 00 00 00 00 00 00 00

