05
0d
09
02
a1
01
85
07
09
20
a1
00
09
42
09
44
09
45
15
00
25
01
75
01
95
03
81
02
95
03
81
03
09
32
95
01
81
02
95
01
81
03
05
01
09
30
75
10
95
01
a4
55
0d
65
33
35
00
46
40
1f
26
80
3e
81
02
09
31
46
70
17
26
e0
2e
81
02
b4
05
0d
09
30
26
ff
03
81
02
75
10
c0
c0
05
01
09
02
a1
01
85
08
09
01
a1
00
05
09
19
01
29
03
15
00
25
01
95
03
75
01
81
02
95
05
81
01
05
01
09
30
09
31
09
38
09
00
15
81
25
7f
75
08
95
04
81
06
c0
c0
05
01
09
02
a1
01
85
09
09
01
a1
00
05
09
19
01
29
03
15
00
25
01
95
03
75
01
81
02
95
05
81
01
05
01
09
30
09
31
15
00
26
ff
7f
35
00
46
ff
7f
95
02
75
10
81
02
05
0d
09
30
26
ff
03
95
01
75
10
81
02
c0
c0
