M 55 00 47 00 54 00 41 00 42 00 4C 00 45 00 54 00
P 54 00 41 00 42 00 4C 00 45 00 54 00 20 00 47 00 33 00 20 00 34 00 78 00 33 00
S 64 0C 03 98 B2 1A 72 03 00 FF 07 D8 13
S 65 04 03 00 75
S 6E 04 03 30 00
S 79 1C 03 56 00 32 00 2E 00 30 00 20 00 32 00 30 00 31 00 37 00 30 00 34 00 32 00 33 00
S 7A 1C 03 56 00 32 00 2E 00 30 00 20 00 32 00 30 00 31 00 37 00 30 00 34 00 32 00 33 00
S 7B 1C 03 56 00 32 00 2E 00 30 00 20 00 32 00 30 00 31 00 37 00 30 00 34 00 32 00 33 00
S C8 1C 03 56 00 32 00 2E 00 30 00 20 00 32 00 30 00 31 00 37 00 30 00 34 00 32 00 33 00
S C9 1C 03 56 00 32 00 2E 00 30 00 20 00 32 00 30 00 31 00 37 00 30 00 34 00 32 00 33 00
S CA 1C 03 56 00 32 00 2E 00 30 00 20 00 32 00 30 00 31 00 37 00 30 00 34 00 32 00 33 00
