005:007:001:STREAM             1526467315.156708
 03 00 05 00 00 00 00 00

005:007:001:STREAM             1526467317.000734
 03 00 00 00 00 00 00 00

005:007:001:STREAM             1526467319.052736
 03 00 2C 00 00 00 00 00

005:007:001:STREAM             1526467321.378692
 03 00 00 00 00 00 00 00

005:007:001:STREAM             1526467323.198688
 03 00 08 00 00 00 00 00

005:007:001:STREAM             1526467325.142687
 03 00 00 00 00 00 00 00

005:007:001:STREAM             1526467327.078642
 03 00 0C 00 00 00 00 00

005:007:001:STREAM             1526467329.038681
 03 00 00 00 00 00 00 00

005:007:001:STREAM             1526467330.276675
 03 05 1D 00 00 00 00 00

005:007:001:STREAM             1526467332.186675
 03 00 00 00 00 00 00 00

005:007:001:STREAM             1526467333.722667
 03 01 16 00 00 00 00 00

005:007:001:STREAM             1526467335.508712
 03 00 00 00 00 00 00 00

