005:007:001:STREAM             1526467267.144817
 03 01 2E 00 00 00 00 00

005:007:001:STREAM             1526467267.146757
 03 00 00 00 00 00 00 00

005:007:001:STREAM             1526467267.246764
 03 01 2E 00 00 00 00 00

005:007:001:STREAM             1526467267.248726
 03 00 00 00 00 00 00 00

005:007:001:STREAM             1526467267.506804
 03 01 2E 00 00 00 00 00

005:007:001:STREAM             1526467267.508734
 03 00 00 00 00 00 00 00

005:007:001:STREAM             1526467267.716806
 03 01 2E 00 00 00 00 00

005:007:001:STREAM             1526467267.718764
 03 00 00 00 00 00 00 00

005:007:001:STREAM             1526467267.960742
 03 01 2E 00 00 00 00 00

005:007:001:STREAM             1526467267.962707
 03 00 00 00 00 00 00 00

005:007:001:STREAM             1526467268.104805
 03 01 2E 00 00 00 00 00

005:007:001:STREAM             1526467268.106756
 03 00 00 00 00 00 00 00

005:007:001:STREAM             1526467268.356795
 03 01 2E 00 00 00 00 00

005:007:001:STREAM             1526467268.358770
 03 00 00 00 00 00 00 00

005:007:001:STREAM             1526467268.392768
 03 01 2E 00 00 00 00 00

005:007:001:STREAM             1526467268.394711
 03 00 00 00 00 00 00 00

005:007:001:STREAM             1526467268.536741
 03 01 2E 00 00 00 00 00

005:007:001:STREAM             1526467268.538794
 03 00 00 00 00 00 00 00

005:007:001:STREAM             1526467268.598764
 03 01 2E 00 00 00 00 00

005:007:001:STREAM             1526467268.600756
 03 00 00 00 00 00 00 00

005:007:001:STREAM             1526467268.858797
 03 01 2E 00 00 00 00 00

005:007:001:STREAM             1526467268.860767
 03 00 00 00 00 00 00 00

005:007:001:STREAM             1526467268.944798
 03 01 2E 00 00 00 00 00

005:007:001:STREAM             1526467268.946755
 03 00 00 00 00 00 00 00

005:007:001:STREAM             1526467269.022888
 03 01 2E 00 00 00 00 00

005:007:001:STREAM             1526467269.024751
 03 00 00 00 00 00 00 00

005:007:001:STREAM             1526467269.066766
 03 01 2E 00 00 00 00 00

005:007:001:STREAM             1526467269.068725
 03 00 00 00 00 00 00 00

005:007:001:STREAM             1526467269.226749
 03 01 2E 00 00 00 00 00

005:007:001:STREAM             1526467269.228728
 03 00 00 00 00 00 00 00

005:007:001:STREAM             1526467269.278762
 03 01 2E 00 00 00 00 00

005:007:001:STREAM             1526467269.280729
 03 00 00 00 00 00 00 00

005:007:001:STREAM             1526467269.372772
 03 01 2E 00 00 00 00 00

005:007:001:STREAM             1526467269.374754
 03 00 00 00 00 00 00 00

005:007:001:STREAM             1526467269.442744
 03 01 2E 00 00 00 00 00

005:007:001:STREAM             1526467269.444718
 03 00 00 00 00 00 00 00

005:007:001:STREAM             1526467269.652800
 03 01 2E 00 00 00 00 00

005:007:001:STREAM             1526467269.654759
 03 00 00 00 00 00 00 00

005:007:001:STREAM             1526467269.714762
 03 01 2E 00 00 00 00 00

005:007:001:STREAM             1526467269.716727
 03 00 00 00 00 00 00 00

005:007:001:STREAM             1526467269.792746
 03 01 2E 00 00 00 00 00

005:007:001:STREAM             1526467269.794768
 03 00 00 00 00 00 00 00

005:007:001:STREAM             1526467269.836796
 03 01 2E 00 00 00 00 00

005:007:001:STREAM             1526467269.838751
 03 00 00 00 00 00 00 00

005:007:001:STREAM             1526467269.938767
 03 01 2E 00 00 00 00 00

005:007:001:STREAM             1526467269.940730
 03 00 00 00 00 00 00 00

005:007:001:STREAM             1526467269.982742
 03 01 2E 00 00 00 00 00

005:007:001:STREAM             1526467269.984714
 03 00 00 00 00 00 00 00

005:007:001:STREAM             1526467270.044766
 03 01 2E 00 00 00 00 00

005:007:001:STREAM             1526467270.046754
 03 00 00 00 00 00 00 00

005:007:001:STREAM             1526467270.096745
 03 01 2E 00 00 00 00 00

005:007:001:STREAM             1526467270.098718
 03 00 00 00 00 00 00 00

005:007:001:STREAM             1526467270.182801
 03 01 2E 00 00 00 00 00

005:007:001:STREAM             1526467270.184739
 03 00 00 00 00 00 00 00

005:007:001:STREAM             1526467270.226759
 03 01 2E 00 00 00 00 00

005:007:001:STREAM             1526467270.228759
 03 00 00 00 00 00 00 00

005:007:001:STREAM             1526467270.262736
 03 01 2E 00 00 00 00 00

005:007:001:STREAM             1526467270.264774
 03 00 00 00 00 00 00 00

005:007:001:STREAM             1526467270.298762
 03 01 2E 00 00 00 00 00

005:007:001:STREAM             1526467270.300760
 03 00 00 00 00 00 00 00

005:007:001:STREAM             1526467270.418748
 03 01 2E 00 00 00 00 00

005:007:001:STREAM             1526467270.420722
 03 00 00 00 00 00 00 00

005:007:001:STREAM             1526467270.462759
 03 01 2E 00 00 00 00 00

005:007:001:STREAM             1526467270.464732
 03 00 00 00 00 00 00 00

005:007:001:STREAM             1526467270.540797
 03 01 2E 00 00 00 00 00

005:007:001:STREAM             1526467270.542754
 03 00 00 00 00 00 00 00

005:007:001:STREAM             1526467270.568741
 03 01 2E 00 00 00 00 00

005:007:001:STREAM             1526467270.570773
 03 00 00 00 00 00 00 00

005:007:001:STREAM             1526467270.688801
 03 01 2E 00 00 00 00 00

005:007:001:STREAM             1526467270.690720
 03 00 00 00 00 00 00 00

005:007:001:STREAM             1526467270.758794
 03 01 2E 00 00 00 00 00

005:007:001:STREAM             1526467270.760742
 03 00 00 00 00 00 00 00

005:007:001:STREAM             1526467270.810762
 03 01 2E 00 00 00 00 00

005:007:001:STREAM             1526467270.812754
 03 00 00 00 00 00 00 00

005:007:001:STREAM             1526467270.888754
 03 01 2E 00 00 00 00 00

005:007:001:STREAM             1526467270.890725
 03 00 00 00 00 00 00 00

005:007:001:STREAM             1526467270.958788
 03 01 2E 00 00 00 00 00

005:007:001:STREAM             1526467270.960728
 03 00 00 00 00 00 00 00

005:007:001:STREAM             1526467271.052743
 03 01 2E 00 00 00 00 00

005:007:001:STREAM             1526467271.054754
 03 00 00 00 00 00 00 00

005:007:001:STREAM             1526467271.130795
 03 01 2E 00 00 00 00 00

005:007:001:STREAM             1526467271.132753
 03 00 00 00 00 00 00 00

005:007:001:STREAM             1526467271.200768
 03 01 2E 00 00 00 00 00

005:007:001:STREAM             1526467271.202755
 03 00 00 00 00 00 00 00

005:007:001:STREAM             1526467271.270798
 03 01 2E 00 00 00 00 00

005:007:001:STREAM             1526467271.272753
 03 00 00 00 00 00 00 00

005:007:001:STREAM             1526467271.356758
 03 01 2E 00 00 00 00 00

005:007:001:STREAM             1526467271.358729
 03 00 00 00 00 00 00 00

005:007:001:STREAM             1526467271.418744
 03 01 2E 00 00 00 00 00

005:007:001:STREAM             1526467271.420698
 03 00 00 00 00 00 00 00

005:007:001:STREAM             1526467271.512760
 03 01 2E 00 00 00 00 00

005:007:001:STREAM             1526467271.514727
 03 00 00 00 00 00 00 00

005:007:001:STREAM             1526467271.606799
 03 01 2E 00 00 00 00 00

005:007:001:STREAM             1526467271.608733
 03 00 00 00 00 00 00 00

005:007:001:STREAM             1526467271.626758
 03 01 2E 00 00 00 00 00

005:007:001:STREAM             1526467271.628726
 03 00 00 00 00 00 00 00

005:007:001:STREAM             1526467271.678752
 03 01 2E 00 00 00 00 00

005:007:001:STREAM             1526467271.680756
 03 00 00 00 00 00 00 00

005:007:001:STREAM             1526467271.714761
 03 01 2E 00 00 00 00 00

005:007:001:STREAM             1526467271.716741
 03 00 00 00 00 00 00 00

005:007:001:STREAM             1526467271.792800
 03 01 2E 00 00 00 00 00

005:007:001:STREAM             1526467271.794755
 03 00 00 00 00 00 00 00

005:007:001:STREAM             1526467271.828755
 03 01 2E 00 00 00 00 00

005:007:001:STREAM             1526467271.830762
 03 00 00 00 00 00 00 00

005:007:001:STREAM             1526467271.930758
 03 01 2E 00 00 00 00 00

005:007:001:STREAM             1526467271.932725
 03 00 00 00 00 00 00 00

005:007:001:STREAM             1526467271.966746
 03 01 2E 00 00 00 00 00

005:007:001:STREAM             1526467271.968713
 03 00 00 00 00 00 00 00

005:007:001:STREAM             1526467284.480788
 03 01 2D 00 00 00 00 00

005:007:001:STREAM             1526467284.482742
 03 00 00 00 00 00 00 00

005:007:001:STREAM             1526467284.616785
 03 01 2D 00 00 00 00 00

005:007:001:STREAM             1526467284.618739
 03 00 00 00 00 00 00 00

005:007:001:STREAM             1526467284.802734
 03 01 2D 00 00 00 00 00

005:007:001:STREAM             1526467284.804708
 03 00 00 00 00 00 00 00

005:007:001:STREAM             1526467284.896743
 03 01 2D 00 00 00 00 00

005:007:001:STREAM             1526467284.898707
 03 00 00 00 00 00 00 00

005:007:001:STREAM             1526467285.090746
 03 01 2D 00 00 00 00 00

005:007:001:STREAM             1526467285.092708
 03 00 00 00 00 00 00 00

005:007:001:STREAM             1526467285.118728
 03 01 2D 00 00 00 00 00

005:007:001:STREAM             1526467285.120696
 03 00 00 00 00 00 00 00

005:007:001:STREAM             1526467285.204789
 03 01 2D 00 00 00 00 00

005:007:001:STREAM             1526467285.206707
 03 00 00 00 00 00 00 00

005:007:001:STREAM             1526467285.232712
 03 01 2D 00 00 00 00 00

005:007:001:STREAM             1526467285.234703
 03 00 00 00 00 00 00 00

005:007:001:STREAM             1526467285.342737
 03 01 2D 00 00 00 00 00

005:007:001:STREAM             1526467285.344689
 03 00 00 00 00 00 00 00

005:007:001:STREAM             1526467285.404714
 03 01 2D 00 00 00 00 00

005:007:001:STREAM             1526467285.406706
 03 00 00 00 00 00 00 00

005:007:001:STREAM             1526467285.498782
 03 01 2D 00 00 00 00 00

005:007:001:STREAM             1526467285.500706
 03 00 00 00 00 00 00 00

005:007:001:STREAM             1526467285.534750
 03 01 2D 00 00 00 00 00

005:007:001:STREAM             1526467285.536716
 03 00 00 00 00 00 00 00

005:007:001:STREAM             1526467285.612776
 03 01 2D 00 00 00 00 00

005:007:001:STREAM             1526467285.614735
 03 00 00 00 00 00 00 00

005:007:001:STREAM             1526467285.648738
 03 01 2D 00 00 00 00 00

005:007:001:STREAM             1526467285.650734
 03 00 00 00 00 00 00 00

005:007:001:STREAM             1526467285.750776
 03 01 2D 00 00 00 00 00

005:007:001:STREAM             1526467285.752734
 03 00 00 00 00 00 00 00

005:007:001:STREAM             1526467285.786725
 03 01 2D 00 00 00 00 00

005:007:001:STREAM             1526467285.788680
 03 00 00 00 00 00 00 00

005:007:001:STREAM             1526467286.022749
 03 01 2D 00 00 00 00 00

005:007:001:STREAM             1526467286.024742
 03 00 00 00 00 00 00 00

005:007:001:STREAM             1526467286.058739
 03 01 2D 00 00 00 00 00

005:007:001:STREAM             1526467286.060747
 03 00 00 00 00 00 00 00

005:007:001:STREAM             1526467286.286741
 03 01 2D 00 00 00 00 00

005:007:001:STREAM             1526467286.288742
 03 00 00 00 00 00 00 00

005:007:001:STREAM             1526467286.314740
 03 01 2D 00 00 00 00 00

005:007:001:STREAM             1526467286.316673
 03 00 00 00 00 00 00 00

005:007:001:STREAM             1526467286.416777
 03 01 2D 00 00 00 00 00

005:007:001:STREAM             1526467286.418729
 03 00 00 00 00 00 00 00

005:007:001:STREAM             1526467286.428727
 03 01 2D 00 00 00 00 00

005:007:001:STREAM             1526467286.431058
 03 00 00 00 00 00 00 00

005:007:001:STREAM             1526467286.472739
 03 01 2D 00 00 00 00 00

005:007:001:STREAM             1526467286.474704
 03 00 00 00 00 00 00 00

005:007:001:STREAM             1526467286.508774
 03 01 2D 00 00 00 00 00

005:007:001:STREAM             1526467286.510732
 03 00 00 00 00 00 00 00

005:007:001:STREAM             1526467286.726783
 03 01 2D 00 00 00 00 00

005:007:001:STREAM             1526467286.728736
 03 00 00 00 00 00 00 00

005:007:001:STREAM             1526467286.754723
 03 01 2D 00 00 00 00 00

005:007:001:STREAM             1526467286.756694
 03 00 00 00 00 00 00 00

005:007:001:STREAM             1526467286.816738
 03 01 2D 00 00 00 00 00

005:007:001:STREAM             1526467286.818731
 03 00 00 00 00 00 00 00

005:007:001:STREAM             1526467286.878770
 03 01 2D 00 00 00 00 00

005:007:001:STREAM             1526467286.880711
 03 00 00 00 00 00 00 00

005:007:001:STREAM             1526467286.972740
 03 01 2D 00 00 00 00 00

005:007:001:STREAM             1526467286.974707
 03 00 00 00 00 00 00 00

005:007:001:STREAM             1526467287.034730
 03 01 2D 00 00 00 00 00

005:007:001:STREAM             1526467287.036704
 03 00 00 00 00 00 00 00

005:007:001:STREAM             1526467287.136776
 03 01 2D 00 00 00 00 00

005:007:001:STREAM             1526467287.138731
 03 00 00 00 00 00 00 00

005:007:001:STREAM             1526467287.180779
 03 01 2D 00 00 00 00 00

005:007:001:STREAM             1526467287.182727
 03 00 00 00 00 00 00 00

005:007:001:STREAM             1526467287.300777
 03 01 2D 00 00 00 00 00

005:007:001:STREAM             1526467287.302732
 03 00 00 00 00 00 00 00

005:007:001:STREAM             1526467287.378737
 03 01 2D 00 00 00 00 00

005:007:001:STREAM             1526467287.380731
 03 00 00 00 00 00 00 00

005:007:001:STREAM             1526467287.556777
 03 01 2D 00 00 00 00 00

005:007:001:STREAM             1526467287.558732
 03 00 00 00 00 00 00 00

005:007:001:STREAM             1526467287.618734
 03 01 2D 00 00 00 00 00

005:007:001:STREAM             1526467287.620736
 03 00 00 00 00 00 00 00

005:007:001:STREAM             1526467287.712720
 03 01 2D 00 00 00 00 00

005:007:001:STREAM             1526467287.714738
 03 00 00 00 00 00 00 00

005:007:001:STREAM             1526467287.748749
 03 01 2D 00 00 00 00 00

005:007:001:STREAM             1526467287.750744
 03 00 00 00 00 00 00 00

005:007:001:STREAM             1526467287.810734
 03 01 2D 00 00 00 00 00

005:007:001:STREAM             1526467287.812707
 03 00 00 00 00 00 00 00

005:007:001:STREAM             1526467287.862710
 03 01 2D 00 00 00 00 00

005:007:001:STREAM             1526467287.864683
 03 00 00 00 00 00 00 00

005:007:001:STREAM             1526467288.022727
 03 01 2D 00 00 00 00 00

005:007:001:STREAM             1526467288.024742
 03 00 00 00 00 00 00 00

005:007:001:STREAM             1526467288.092717
 03 01 2D 00 00 00 00 00

005:007:001:STREAM             1526467288.094715
 03 00 00 00 00 00 00 00

005:007:001:STREAM             1526467288.170743
 03 01 2D 00 00 00 00 00

005:007:001:STREAM             1526467288.172730
 03 00 00 00 00 00 00 00

005:007:001:STREAM             1526467288.214784
 03 01 2D 00 00 00 00 00

005:007:001:STREAM             1526467288.216707
 03 00 00 00 00 00 00 00

005:007:001:STREAM             1526467288.400775
 03 01 2D 00 00 00 00 00

005:007:001:STREAM             1526467288.402741
 03 00 00 00 00 00 00 00

005:007:001:STREAM             1526467288.444699
 03 01 2D 00 00 00 00 00

005:007:001:STREAM             1526467288.446689
 03 00 00 00 00 00 00 00

005:007:001:STREAM             1526467288.538725
 03 01 2D 00 00 00 00 00

005:007:001:STREAM             1526467288.540707
 03 00 00 00 00 00 00 00

005:007:001:STREAM             1526467288.566734
 03 01 2D 00 00 00 00 00

005:007:001:STREAM             1526467288.568692
 03 00 00 00 00 00 00 00

005:007:001:STREAM             1526467288.760775
 03 01 2D 00 00 00 00 00

005:007:001:STREAM             1526467288.762708
 03 00 00 00 00 00 00 00

005:007:001:STREAM             1526467291.560732
 03 01 2E 00 00 00 00 00

005:007:001:STREAM             1526467291.562713
 03 00 00 00 00 00 00 00

005:007:001:STREAM             1526467291.630779
 03 01 2D 00 00 00 00 00

005:007:001:STREAM             1526467291.632732
 03 00 00 00 00 00 00 00

005:007:001:STREAM             1526467292.912776
 03 01 2D 00 00 00 00 00

005:007:001:STREAM             1526467292.914727
 03 00 00 00 00 00 00 00

005:007:001:STREAM             1526467293.356762
 03 01 2E 00 00 00 00 00

005:007:001:STREAM             1526467293.358733
 03 00 00 00 00 00 00 00

005:007:001:STREAM             1526467293.740729
 03 01 2D 00 00 00 00 00

005:007:001:STREAM             1526467293.742675
 03 00 00 00 00 00 00 00

