005:007:001:STREAM             1526467033.249123
 03 00 00 00 00 00 00 00

005:007:001:STREAM             1526467033.691146
 03 01 2E 00 00 00 00 00

005:007:001:STREAM             1526467033.693105
 03 00 00 00 00 00 00 00

005:007:001:STREAM             1526467033.811124
 03 01 2E 00 00 00 00 00

005:007:001:STREAM             1526467033.813086
 03 00 00 00 00 00 00 00

005:007:001:STREAM             1526467034.097112
 03 01 2E 00 00 00 00 00

005:007:001:STREAM             1526467034.099079
 03 00 00 00 00 00 00 00

005:007:001:STREAM             1526467034.149110
 03 01 2E 00 00 00 00 00

005:007:001:STREAM             1526467034.151076
 03 00 00 00 00 00 00 00

005:007:001:STREAM             1526467034.309110
 03 01 2E 00 00 00 00 00

005:007:001:STREAM             1526467034.311061
 03 00 00 00 00 00 00 00

005:007:001:STREAM             1526467034.353147
 03 01 2E 00 00 00 00 00

005:007:001:STREAM             1526467034.355100
 03 00 00 00 00 00 00 00

005:007:001:STREAM             1526467034.497144
 03 01 2E 00 00 00 00 00

005:007:001:STREAM             1526467034.499098
 03 00 00 00 00 00 00 00

005:007:001:STREAM             1526467034.541110
 03 01 2E 00 00 00 00 00

005:007:001:STREAM             1526467034.543112
 03 00 00 00 00 00 00 00

005:007:001:STREAM             1526467034.693082
 03 01 2E 00 00 00 00 00

005:007:001:STREAM             1526467034.695076
 03 00 00 00 00 00 00 00

005:007:001:STREAM             1526467034.771110
 03 01 2E 00 00 00 00 00

005:007:001:STREAM             1526467034.773073
 03 00 00 00 00 00 00 00

005:007:001:STREAM             1526467034.915105
 03 01 2E 00 00 00 00 00

005:007:001:STREAM             1526467034.917084
 03 00 00 00 00 00 00 00

005:007:001:STREAM             1526467034.977106
 03 01 2E 00 00 00 00 00

005:007:001:STREAM             1526467034.979076
 03 00 00 00 00 00 00 00

005:007:001:STREAM             1526467035.071091
 03 01 2E 00 00 00 00 00

005:007:001:STREAM             1526467035.073065
 03 00 00 00 00 00 00 00

005:007:001:STREAM             1526467035.165108
 03 01 2E 00 00 00 00 00

005:007:001:STREAM             1526467035.167073
 03 00 00 00 00 00 00 00

005:007:001:STREAM             1526467035.267144
 03 01 2E 00 00 00 00 00

005:007:001:STREAM             1526467035.269101
 03 00 00 00 00 00 00 00

005:007:001:STREAM             1526467035.345108
 03 01 2E 00 00 00 00 00

005:007:001:STREAM             1526467035.347073
 03 00 00 00 00 00 00 00

005:007:001:STREAM             1526467035.423106
 03 01 2E 00 00 00 00 00

005:007:001:STREAM             1526467035.425077
 03 00 00 00 00 00 00 00

005:007:001:STREAM             1526467035.493144
 03 01 2E 00 00 00 00 00

005:007:001:STREAM             1526467035.495098
 03 00 00 00 00 00 00 00

005:007:001:STREAM             1526467035.603105
 03 01 2E 00 00 00 00 00

005:007:001:STREAM             1526467035.605077
 03 00 00 00 00 00 00 00

005:007:001:STREAM             1526467035.665104
 03 01 2E 00 00 00 00 00

005:007:001:STREAM             1526467035.667077
 03 00 00 00 00 00 00 00

005:007:001:STREAM             1526467035.717153
 03 01 2E 00 00 00 00 00

005:007:001:STREAM             1526467035.719104
 03 00 00 00 00 00 00 00

005:007:001:STREAM             1526467035.769084
 03 01 2E 00 00 00 00 00

005:007:001:STREAM             1526467035.771077
 03 00 00 00 00 00 00 00

005:007:001:STREAM             1526467035.871107
 03 01 2E 00 00 00 00 00

005:007:001:STREAM             1526467035.873062
 03 00 00 00 00 00 00 00

005:007:001:STREAM             1526467035.973146
 03 01 2E 00 00 00 00 00

005:007:001:STREAM             1526467035.975107
 03 00 00 00 00 00 00 00

005:007:001:STREAM             1526467036.035108
 03 01 2E 00 00 00 00 00

005:007:001:STREAM             1526467036.037072
 03 00 00 00 00 00 00 00

005:007:001:STREAM             1526467036.087106
 03 01 2E 00 00 00 00 00

005:007:001:STREAM             1526467036.089071
 03 00 00 00 00 00 00 00

005:007:001:STREAM             1526467036.215107
 03 01 2E 00 00 00 00 00

005:007:001:STREAM             1526467036.217078
 03 00 00 00 00 00 00 00

005:007:001:STREAM             1526467036.325088
 03 01 2E 00 00 00 00 00

005:007:001:STREAM             1526467036.327075
 03 00 00 00 00 00 00 00

005:007:001:STREAM             1526467036.419131
 03 01 2E 00 00 00 00 00

005:007:001:STREAM             1526467036.421102
 03 00 00 00 00 00 00 00

005:007:001:STREAM             1526467036.455087
 03 01 2E 00 00 00 00 00

005:007:001:STREAM             1526467036.457080
 03 00 00 00 00 00 00 00

005:007:001:STREAM             1526467036.557106
 03 01 2E 00 00 00 00 00

005:007:001:STREAM             1526467036.559109
 03 00 00 00 00 00 00 00

005:007:001:STREAM             1526467036.609078
 03 01 2E 00 00 00 00 00

005:007:001:STREAM             1526467036.611069
 03 00 00 00 00 00 00 00

005:007:001:STREAM             1526467036.719102
 03 01 2E 00 00 00 00 00

005:007:001:STREAM             1526467036.721056
 03 00 00 00 00 00 00 00

005:007:001:STREAM             1526467036.755144
 03 01 2E 00 00 00 00 00

005:007:001:STREAM             1526467036.757097
 03 00 00 00 00 00 00 00

005:007:001:STREAM             1526467036.865113
 03 01 2E 00 00 00 00 00

005:007:001:STREAM             1526467036.867110
 03 00 00 00 00 00 00 00

005:007:001:STREAM             1526467036.901099
 03 01 2E 00 00 00 00 00

005:007:001:STREAM             1526467036.903074
 03 00 00 00 00 00 00 00

005:007:001:STREAM             1526467036.987141
 03 01 2E 00 00 00 00 00

005:007:001:STREAM             1526467036.989081
 03 00 00 00 00 00 00 00

005:007:001:STREAM             1526467037.023088
 03 01 2E 00 00 00 00 00

005:007:001:STREAM             1526467037.025078
 03 00 00 00 00 00 00 00

005:007:001:STREAM             1526467037.117140
 03 01 2E 00 00 00 00 00

005:007:001:STREAM             1526467037.119092
 03 00 00 00 00 00 00 00

005:007:001:STREAM             1526467037.169104
 03 01 2E 00 00 00 00 00

005:007:001:STREAM             1526467037.171071
 03 00 00 00 00 00 00 00

005:007:001:STREAM             1526467037.263108
 03 01 2E 00 00 00 00 00

005:007:001:STREAM             1526467037.265082
 03 00 00 00 00 00 00 00

005:007:001:STREAM             1526467037.325083
 03 01 2E 00 00 00 00 00

005:007:001:STREAM             1526467037.327051
 03 00 00 00 00 00 00 00

005:007:001:STREAM             1526467037.445100
 03 01 2E 00 00 00 00 00

005:007:001:STREAM             1526467037.447074
 03 00 00 00 00 00 00 00

005:007:001:STREAM             1526467037.515143
 03 01 2E 00 00 00 00 00

005:007:001:STREAM             1526467037.517064
 03 00 00 00 00 00 00 00

005:007:001:STREAM             1526467037.593145
 03 01 2E 00 00 00 00 00

005:007:001:STREAM             1526467037.595097
 03 00 00 00 00 00 00 00

005:007:001:STREAM             1526467037.645083
 03 01 2E 00 00 00 00 00

005:007:001:STREAM             1526467037.647077
 03 00 00 00 00 00 00 00

005:007:001:STREAM             1526467037.715140
 03 01 2E 00 00 00 00 00

005:007:001:STREAM             1526467037.717091
 03 00 00 00 00 00 00 00

005:007:001:STREAM             1526467037.751100
 03 01 2E 00 00 00 00 00

005:007:001:STREAM             1526467037.753075
 03 00 00 00 00 00 00 00

005:007:001:STREAM             1526467037.803102
 03 01 2E 00 00 00 00 00

005:007:001:STREAM             1526467037.805079
 03 00 00 00 00 00 00 00

005:007:001:STREAM             1526467037.839099
 03 01 2E 00 00 00 00 00

005:007:001:STREAM             1526467037.841067
 03 00 00 00 00 00 00 00

005:007:001:STREAM             1526467037.925142
 03 01 2E 00 00 00 00 00

005:007:001:STREAM             1526467037.927053
 03 00 00 00 00 00 00 00

005:007:001:STREAM             1526467037.953080
 03 01 2E 00 00 00 00 00

005:007:001:STREAM             1526467037.955079
 03 00 00 00 00 00 00 00

005:007:001:STREAM             1526467038.055144
 03 01 2E 00 00 00 00 00

005:007:001:STREAM             1526467038.057055
 03 00 00 00 00 00 00 00

005:007:001:STREAM             1526467038.157159
 03 01 2E 00 00 00 00 00

005:007:001:STREAM             1526467038.159103
 03 00 00 00 00 00 00 00

005:007:001:STREAM             1526467038.219067
 03 01 2E 00 00 00 00 00

005:007:001:STREAM             1526467038.221058
 03 00 00 00 00 00 00 00

005:007:001:STREAM             1526467038.263103
 03 01 2E 00 00 00 00 00

005:007:001:STREAM             1526467038.265065
 03 00 00 00 00 00 00 00

005:007:001:STREAM             1526467038.307087
 03 01 2E 00 00 00 00 00

005:007:001:STREAM             1526467038.309099
 03 00 00 00 00 00 00 00

005:007:001:STREAM             1526467038.351101
 03 01 2E 00 00 00 00 00

005:007:001:STREAM             1526467038.353081
 03 00 00 00 00 00 00 00

005:007:001:STREAM             1526467038.453140
 03 01 2E 00 00 00 00 00

005:007:001:STREAM             1526467038.455096
 03 00 00 00 00 00 00 00

005:007:001:STREAM             1526467038.497096
 03 01 2E 00 00 00 00 00

005:007:001:STREAM             1526467038.499067
 03 00 00 00 00 00 00 00

005:007:001:STREAM             1526467038.541147
 03 01 2E 00 00 00 00 00

005:007:001:STREAM             1526467038.543092
 03 00 00 00 00 00 00 00

005:007:001:STREAM             1526467038.577087
 03 01 2E 00 00 00 00 00

005:007:001:STREAM             1526467038.579043
 03 00 00 00 00 00 00 00

005:007:001:STREAM             1526467038.647079
 03 01 2E 00 00 00 00 00

005:007:001:STREAM             1526467038.649047
 03 00 00 00 00 00 00 00

005:007:001:STREAM             1526467038.691087
 03 01 2E 00 00 00 00 00

005:007:001:STREAM             1526467038.693072
 03 00 00 00 00 00 00 00

005:007:001:STREAM             1526467038.761103
 03 01 2E 00 00 00 00 00

005:007:001:STREAM             1526467038.763065
 03 00 00 00 00 00 00 00

005:007:001:STREAM             1526467038.805100
 03 01 2E 00 00 00 00 00

005:007:001:STREAM             1526467038.807055
 03 00 00 00 00 00 00 00

005:007:001:STREAM             1526467038.883083
 03 01 2E 00 00 00 00 00

005:007:001:STREAM             1526467038.885037
 03 00 00 00 00 00 00 00

005:007:001:STREAM             1526467038.945100
 03 01 2E 00 00 00 00 00

005:007:001:STREAM             1526467038.947071
 03 00 00 00 00 00 00 00

005:007:001:STREAM             1526467039.023136
 03 01 2E 00 00 00 00 00

005:007:001:STREAM             1526467039.025107
 03 00 00 00 00 00 00 00

005:007:001:STREAM             1526467039.067090
 03 01 2E 00 00 00 00 00

005:007:001:STREAM             1526467039.069046
 03 00 00 00 00 00 00 00

005:007:001:STREAM             1526467039.153139
 03 01 2E 00 00 00 00 00

005:007:001:STREAM             1526467039.155095
 03 00 00 00 00 00 00 00

005:007:001:STREAM             1526467039.189100
 03 01 2E 00 00 00 00 00

005:007:001:STREAM             1526467039.191058
 03 00 00 00 00 00 00 00

005:007:001:STREAM             1526467039.217079
 03 01 2E 00 00 00 00 00

005:007:001:STREAM             1526467039.219027
 03 00 00 00 00 00 00 00

005:007:001:STREAM             1526467039.253101
 03 01 2E 00 00 00 00 00

005:007:001:STREAM             1526467039.255070
 03 00 00 00 00 00 00 00

005:007:001:STREAM             1526467039.305105
 03 01 2E 00 00 00 00 00

005:007:001:STREAM             1526467039.307061
 03 00 00 00 00 00 00 00

005:007:001:STREAM             1526467039.325076
 03 01 2E 00 00 00 00 00

005:007:001:STREAM             1526467039.327067
 03 00 00 00 00 00 00 00

005:007:001:STREAM             1526467039.369076
 03 01 2E 00 00 00 00 00

005:007:001:STREAM             1526467039.371051
 03 00 00 00 00 00 00 00

005:007:001:STREAM             1526467039.413098
 03 01 2E 00 00 00 00 00

005:007:001:STREAM             1526467039.415063
 03 00 00 00 00 00 00 00

005:007:001:STREAM             1526467039.491101
 03 01 2E 00 00 00 00 00

005:007:001:STREAM             1526467039.493040
 03 00 00 00 00 00 00 00

005:007:001:STREAM             1526467039.511081
 03 01 2E 00 00 00 00 00

005:007:001:STREAM             1526467039.513066
 03 00 00 00 00 00 00 00

005:007:001:STREAM             1526467039.581139
 03 01 2E 00 00 00 00 00

005:007:001:STREAM             1526467039.583074
 03 00 00 00 00 00 00 00

005:007:001:STREAM             1526467039.609085
 03 01 2E 00 00 00 00 00

005:007:001:STREAM             1526467039.611073
 03 00 00 00 00 00 00 00

005:007:001:STREAM             1526467039.695083
 03 01 2E 00 00 00 00 00

005:007:001:STREAM             1526467039.697056
 03 00 00 00 00 00 00 00

005:007:001:STREAM             1526467039.723071
 03 01 2E 00 00 00 00 00

005:007:001:STREAM             1526467039.725073
 03 00 00 00 00 00 00 00

005:007:001:STREAM             1526467039.809136
 03 01 2E 00 00 00 00 00

005:007:001:STREAM             1526467039.811054
 03 00 00 00 00 00 00 00

005:007:001:STREAM             1526467039.853139
 03 01 2E 00 00 00 00 00

005:007:001:STREAM             1526467039.855094
 03 00 00 00 00 00 00 00

005:007:001:STREAM             1526467039.955099
 03 01 2E 00 00 00 00 00

005:007:001:STREAM             1526467039.957065
 03 00 00 00 00 00 00 00

005:007:001:STREAM             1526467039.983088
 03 01 2E 00 00 00 00 00

005:007:001:STREAM             1526467039.984939
 03 00 00 00 00 00 00 00

005:007:001:STREAM             1526467040.045090
 03 01 2E 00 00 00 00 00

005:007:001:STREAM             1526467040.047096
 03 00 00 00 00 00 00 00

005:007:001:STREAM             1526467040.073090
 03 01 2E 00 00 00 00 00

005:007:001:STREAM             1526467040.075067
 03 00 00 00 00 00 00 00

005:007:001:STREAM             1526467040.135099
 03 01 2E 00 00 00 00 00

005:007:001:STREAM             1526467040.137054
 03 00 00 00 00 00 00 00

005:007:001:STREAM             1526467041.109104
 03 01 2D 00 00 00 00 00

005:007:001:STREAM             1526467041.111071
 03 00 00 00 00 00 00 00

005:007:001:STREAM             1526467041.445106
 03 01 2D 00 00 00 00 00

005:007:001:STREAM             1526467041.447068
 03 00 00 00 00 00 00 00

005:007:001:STREAM             1526467041.497133
 03 01 2D 00 00 00 00 00

005:007:001:STREAM             1526467041.499062
 03 00 00 00 00 00 00 00

005:007:001:STREAM             1526467041.633101
 03 01 2D 00 00 00 00 00

005:007:001:STREAM             1526467041.635060
 03 00 00 00 00 00 00 00

005:007:001:STREAM             1526467041.719117
 03 01 2D 00 00 00 00 00

005:007:001:STREAM             1526467041.721064
 03 00 00 00 00 00 00 00

005:007:001:STREAM             1526467041.863097
 03 01 2D 00 00 00 00 00

005:007:001:STREAM             1526467041.865045
 03 00 00 00 00 00 00 00

005:007:001:STREAM             1526467041.915072
 03 01 2D 00 00 00 00 00

005:007:001:STREAM             1526467041.917066
 03 00 00 00 00 00 00 00

005:007:001:STREAM             1526467041.993076
 03 01 2D 00 00 00 00 00

005:007:001:STREAM             1526467041.995065
 03 00 00 00 00 00 00 00

005:007:001:STREAM             1526467042.021102
 03 01 2D 00 00 00 00 00

005:007:001:STREAM             1526467042.023041
 03 00 00 00 00 00 00 00

005:007:001:STREAM             1526467042.099098
 03 01 2D 00 00 00 00 00

005:007:001:STREAM             1526467042.101048
 03 00 00 00 00 00 00 00

005:007:001:STREAM             1526467042.127062
 03 01 2D 00 00 00 00 00

005:007:001:STREAM             1526467042.129065
 03 00 00 00 00 00 00 00

005:007:001:STREAM             1526467042.189131
 03 01 2D 00 00 00 00 00

005:007:001:STREAM             1526467042.191112
 03 00 00 00 00 00 00 00

005:007:001:STREAM             1526467042.225101
 03 01 2D 00 00 00 00 00

005:007:001:STREAM             1526467042.227036
 03 00 00 00 00 00 00 00

005:007:001:STREAM             1526467042.295136
 03 01 2D 00 00 00 00 00

005:007:001:STREAM             1526467042.297067
 03 00 00 00 00 00 00 00

005:007:001:STREAM             1526467042.331098
 03 01 2D 00 00 00 00 00

005:007:001:STREAM             1526467042.333039
 03 00 00 00 00 00 00 00

005:007:001:STREAM             1526467042.475135
 03 01 2D 00 00 00 00 00

005:007:001:STREAM             1526467042.477090
 03 00 00 00 00 00 00 00

005:007:001:STREAM             1526467042.519100
 03 01 2D 00 00 00 00 00

005:007:001:STREAM             1526467042.521064
 03 00 00 00 00 00 00 00

005:007:001:STREAM             1526467042.655139
 03 01 2D 00 00 00 00 00

005:007:001:STREAM             1526467042.657090
 03 00 00 00 00 00 00 00

005:007:001:STREAM             1526467042.675074
 03 01 2D 00 00 00 00 00

005:007:001:STREAM             1526467042.677068
 03 00 00 00 00 00 00 00

005:007:001:STREAM             1526467042.777096
 03 01 2D 00 00 00 00 00

005:007:001:STREAM             1526467042.779053
 03 00 00 00 00 00 00 00

005:007:001:STREAM             1526467042.805107
 03 01 2D 00 00 00 00 00

005:007:001:STREAM             1526467042.807052
 03 00 00 00 00 00 00 00

005:007:001:STREAM             1526467042.907096
 03 01 2D 00 00 00 00 00

005:007:001:STREAM             1526467042.909062
 03 00 00 00 00 00 00 00

005:007:001:STREAM             1526467042.935096
 03 01 2D 00 00 00 00 00

005:007:001:STREAM             1526467042.937062
 03 00 00 00 00 00 00 00

005:007:001:STREAM             1526467043.021101
 03 01 2D 00 00 00 00 00

005:007:001:STREAM             1526467043.023091
 03 00 00 00 00 00 00 00

005:007:001:STREAM             1526467043.049115
 03 01 2D 00 00 00 00 00

005:007:001:STREAM             1526467043.051084
 03 00 00 00 00 00 00 00

005:007:001:STREAM             1526467043.193093
 03 01 2D 00 00 00 00 00

005:007:001:STREAM             1526467043.195093
 03 00 00 00 00 00 00 00

005:007:001:STREAM             1526467043.237097
 03 01 2D 00 00 00 00 00

005:007:001:STREAM             1526467043.239097
 03 00 00 00 00 00 00 00

005:007:001:STREAM             1526467043.347093
 03 01 2D 00 00 00 00 00

005:007:001:STREAM             1526467043.349072
 03 00 00 00 00 00 00 00

005:007:001:STREAM             1526467043.391136
 03 01 2D 00 00 00 00 00

005:007:001:STREAM             1526467043.393090
 03 00 00 00 00 00 00 00

005:007:001:STREAM             1526467043.519134
 03 01 2D 00 00 00 00 00

005:007:001:STREAM             1526467043.521091
 03 00 00 00 00 00 00 00

005:007:001:STREAM             1526467043.571099
 03 01 2D 00 00 00 00 00

005:007:001:STREAM             1526467043.573059
 03 00 00 00 00 00 00 00

005:007:001:STREAM             1526467043.681093
 03 01 2D 00 00 00 00 00

005:007:001:STREAM             1526467043.683063
 03 00 00 00 00 00 00 00

005:007:001:STREAM             1526467043.767135
 03 01 2D 00 00 00 00 00

005:007:001:STREAM             1526467043.769090
 03 00 00 00 00 00 00 00

005:007:001:STREAM             1526467043.869134
 03 01 2D 00 00 00 00 00

005:007:001:STREAM             1526467043.871087
 03 00 00 00 00 00 00 00

005:007:001:STREAM             1526467043.913131
 03 01 2D 00 00 00 00 00

005:007:001:STREAM             1526467043.915088
 03 00 00 00 00 00 00 00

005:007:001:STREAM             1526467043.999097
 03 01 2D 00 00 00 00 00

005:007:001:STREAM             1526467044.001060
 03 00 00 00 00 00 00 00

005:007:001:STREAM             1526467044.043095
 03 01 2D 00 00 00 00 00

005:007:001:STREAM             1526467044.045063
 03 00 00 00 00 00 00 00

005:007:001:STREAM             1526467044.237121
 03 01 2D 00 00 00 00 00

005:007:001:STREAM             1526467044.239062
 03 00 00 00 00 00 00 00

005:007:001:STREAM             1526467044.289136
 03 01 2D 00 00 00 00 00

005:007:001:STREAM             1526467044.291089
 03 00 00 00 00 00 00 00

005:007:001:STREAM             1526467044.359096
 03 01 2D 00 00 00 00 00

005:007:001:STREAM             1526467044.361060
 03 00 00 00 00 00 00 00

005:007:001:STREAM             1526467044.387073
 03 01 2D 00 00 00 00 00

005:007:001:STREAM             1526467044.389058
 03 00 00 00 00 00 00 00

005:007:001:STREAM             1526467044.439133
 03 01 2D 00 00 00 00 00

005:007:001:STREAM             1526467044.441086
 03 00 00 00 00 00 00 00

005:007:001:STREAM             1526467044.483076
 03 01 2D 00 00 00 00 00

005:007:001:STREAM             1526467044.484915
 03 00 00 00 00 00 00 00

005:007:001:STREAM             1526467044.545094
 03 01 2D 00 00 00 00 00

005:007:001:STREAM             1526467044.547068
 03 00 00 00 00 00 00 00

005:007:001:STREAM             1526467044.597073
 03 01 2D 00 00 00 00 00

005:007:001:STREAM             1526467044.599059
 03 00 00 00 00 00 00 00

005:007:001:STREAM             1526467044.675130
 03 01 2D 00 00 00 00 00

005:007:001:STREAM             1526467044.677061
 03 00 00 00 00 00 00 00

005:007:001:STREAM             1526467044.719090
 03 01 2D 00 00 00 00 00

005:007:001:STREAM             1526467044.721061
 03 00 00 00 00 00 00 00

005:007:001:STREAM             1526467044.763142
 03 01 2D 00 00 00 00 00

005:007:001:STREAM             1526467044.765088
 03 00 00 00 00 00 00 00

005:007:001:STREAM             1526467044.783070
 03 01 2D 00 00 00 00 00

005:007:001:STREAM             1526467044.785068
 03 00 00 00 00 00 00 00

005:007:001:STREAM             1526467044.845074
 03 01 2D 00 00 00 00 00

005:007:001:STREAM             1526467044.847049
 03 00 00 00 00 00 00 00

005:007:001:STREAM             1526467044.873092
 03 01 2D 00 00 00 00 00

005:007:001:STREAM             1526467044.875059
 03 00 00 00 00 00 00 00

005:007:001:STREAM             1526467044.917091
 03 01 2D 00 00 00 00 00

005:007:001:STREAM             1526467044.919058
 03 00 00 00 00 00 00 00

005:007:001:STREAM             1526467044.945078
 03 01 2D 00 00 00 00 00

005:007:001:STREAM             1526467044.947026
 03 00 00 00 00 00 00 00

005:007:001:STREAM             1526467045.007096
 03 01 2D 00 00 00 00 00

005:007:001:STREAM             1526467045.009058
 03 00 00 00 00 00 00 00

005:007:001:STREAM             1526467045.035054
 03 01 2D 00 00 00 00 00

005:007:001:STREAM             1526467045.037047
 03 00 00 00 00 00 00 00

005:007:001:STREAM             1526467045.079095
 03 01 2D 00 00 00 00 00

005:007:001:STREAM             1526467045.081063
 03 00 00 00 00 00 00 00

005:007:001:STREAM             1526467045.099064
 03 01 2D 00 00 00 00 00

005:007:001:STREAM             1526467045.101076
 03 00 00 00 00 00 00 00

005:007:001:STREAM             1526467045.143101
 03 01 2D 00 00 00 00 00

005:007:001:STREAM             1526467045.145057
 03 00 00 00 00 00 00 00

005:007:001:STREAM             1526467045.163081
 03 01 2D 00 00 00 00 00

005:007:001:STREAM             1526467045.165091
 03 00 00 00 00 00 00 00

005:007:001:STREAM             1526467045.207059
 03 01 2D 00 00 00 00 00

005:007:001:STREAM             1526467045.209044
 03 00 00 00 00 00 00 00

005:007:001:STREAM             1526467045.234975
 03 01 2D 00 00 00 00 00

005:007:001:STREAM             1526467045.236070
 03 00 00 00 00 00 00 00

005:007:001:STREAM             1526467046.383129
 03 01 2E 00 00 00 00 00

005:007:001:STREAM             1526467046.385070
 03 00 00 00 00 00 00 00

005:007:001:STREAM             1526467046.469122
 03 01 2E 00 00 00 00 00

005:007:001:STREAM             1526467046.471086
 03 00 00 00 00 00 00 00

005:007:001:STREAM             1526467046.555131
 03 01 2E 00 00 00 00 00

005:007:001:STREAM             1526467046.557059
 03 00 00 00 00 00 00 00

005:007:001:STREAM             1526467046.599099
 03 01 2E 00 00 00 00 00

005:007:001:STREAM             1526467046.601056
 03 00 00 00 00 00 00 00

005:007:001:STREAM             1526467046.734993
 03 01 2E 00 00 00 00 00

005:007:001:STREAM             1526467046.736058
 03 00 00 00 00 00 00 00

005:007:001:STREAM             1526467046.813058
 03 01 2E 00 00 00 00 00

005:007:001:STREAM             1526467046.815046
 03 00 00 00 00 00 00 00

005:007:001:STREAM             1526467046.923089
 03 01 2E 00 00 00 00 00

005:007:001:STREAM             1526467046.925054
 03 00 00 00 00 00 00 00

005:007:001:STREAM             1526467046.984951
 03 01 2E 00 00 00 00 00

005:007:001:STREAM             1526467046.986053
 03 00 00 00 00 00 00 00

005:007:001:STREAM             1526467047.087074
 03 01 2E 00 00 00 00 00

005:007:001:STREAM             1526467047.089044
 03 00 00 00 00 00 00 00

005:007:001:STREAM             1526467047.149085
 03 01 2E 00 00 00 00 00

005:007:001:STREAM             1526467047.151051
 03 00 00 00 00 00 00 00

005:007:001:STREAM             1526467047.219075
 03 01 2E 00 00 00 00 00

005:007:001:STREAM             1526467047.221042
 03 00 00 00 00 00 00 00

005:007:001:STREAM             1526467047.281090
 03 01 2E 00 00 00 00 00

005:007:001:STREAM             1526467047.283054
 03 00 00 00 00 00 00 00

005:007:001:STREAM             1526467047.409089
 03 01 2E 00 00 00 00 00

005:007:001:STREAM             1526467047.411056
 03 00 00 00 00 00 00 00

005:007:001:STREAM             1526467047.461086
 03 01 2E 00 00 00 00 00

005:007:001:STREAM             1526467047.463058
 03 00 00 00 00 00 00 00

005:007:001:STREAM             1526467047.523086
 03 01 2E 00 00 00 00 00

005:007:001:STREAM             1526467047.525056
 03 00 00 00 00 00 00 00

005:007:001:STREAM             1526467047.559087
 03 01 2E 00 00 00 00 00

005:007:001:STREAM             1526467047.561018
 03 00 00 00 00 00 00 00

005:007:001:STREAM             1526467047.621088
 03 01 2E 00 00 00 00 00

005:007:001:STREAM             1526467047.623060
 03 00 00 00 00 00 00 00

005:007:001:STREAM             1526467047.665119
 03 01 2E 00 00 00 00 00

005:007:001:STREAM             1526467047.667058
 03 00 00 00 00 00 00 00

005:007:001:STREAM             1526467047.727088
 03 01 2E 00 00 00 00 00

005:007:001:STREAM             1526467047.729056
 03 00 00 00 00 00 00 00

005:007:001:STREAM             1526467047.755089
 03 01 2E 00 00 00 00 00

005:007:001:STREAM             1526467047.757054
 03 00 00 00 00 00 00 00

005:007:001:STREAM             1526467047.849101
 03 01 2E 00 00 00 00 00

005:007:001:STREAM             1526467047.851086
 03 00 00 00 00 00 00 00

005:007:001:STREAM             1526467047.993127
 03 01 2E 00 00 00 00 00

005:007:001:STREAM             1526467047.995072
 03 00 00 00 00 00 00 00

005:007:001:STREAM             1526467048.245084
 03 01 2E 00 00 00 00 00

005:007:001:STREAM             1526467048.247054
 03 00 00 00 00 00 00 00

005:007:001:STREAM             1526467048.953124
 03 01 2D 00 00 00 00 00

005:007:001:STREAM             1526467048.955077
 03 00 00 00 00 00 00 00

005:007:001:STREAM             1526467049.131126
 03 01 2D 00 00 00 00 00

005:007:001:STREAM             1526467049.133070
 03 00 00 00 00 00 00 00

005:007:001:STREAM             1526467049.167060
 03 01 2D 00 00 00 00 00

005:007:001:STREAM             1526467049.169052
 03 00 00 00 00 00 00 00

005:007:001:STREAM             1526467049.345147
 03 01 2D 00 00 00 00 00

005:007:001:STREAM             1526467049.347087
 03 00 00 00 00 00 00 00

005:007:001:STREAM             1526467049.397086
 03 01 2D 00 00 00 00 00

005:007:001:STREAM             1526467049.399051
 03 00 00 00 00 00 00 00

005:007:001:STREAM             1526467049.491081
 03 01 2D 00 00 00 00 00

005:007:001:STREAM             1526467049.493086
 03 00 00 00 00 00 00 00

005:007:001:STREAM             1526467049.535084
 03 01 2D 00 00 00 00 00

005:007:001:STREAM             1526467049.537052
 03 00 00 00 00 00 00 00

005:007:001:STREAM             1526467049.621072
 03 01 2D 00 00 00 00 00

005:007:001:STREAM             1526467049.623040
 03 00 00 00 00 00 00 00

005:007:001:STREAM             1526467049.673124
 03 01 2D 00 00 00 00 00

005:007:001:STREAM             1526467049.675051
 03 00 00 00 00 00 00 00

005:007:001:STREAM             1526467049.767085
 03 01 2D 00 00 00 00 00

005:007:001:STREAM             1526467049.769055
 03 00 00 00 00 00 00 00

005:007:001:STREAM             1526467049.819102
 03 01 2D 00 00 00 00 00

005:007:001:STREAM             1526467049.821088
 03 00 00 00 00 00 00 00

005:007:001:STREAM             1526467049.929117
 03 01 2D 00 00 00 00 00

005:007:001:STREAM             1526467049.931085
 03 00 00 00 00 00 00 00

005:007:001:STREAM             1526467049.965085
 03 01 2D 00 00 00 00 00

005:007:001:STREAM             1526467049.967051
 03 00 00 00 00 00 00 00

005:007:001:STREAM             1526467050.009077
 03 01 2D 00 00 00 00 00

005:007:001:STREAM             1526467050.011067
 03 00 00 00 00 00 00 00

005:007:001:STREAM             1526467050.037080
 03 01 2D 00 00 00 00 00

005:007:001:STREAM             1526467050.039049
 03 00 00 00 00 00 00 00

005:007:001:STREAM             1526467050.099063
 03 01 2D 00 00 00 00 00

005:007:001:STREAM             1526467050.101034
 03 00 00 00 00 00 00 00

005:007:001:STREAM             1526467050.119063
 03 01 2D 00 00 00 00 00

005:007:001:STREAM             1526467050.121029
 03 00 00 00 00 00 00 00

005:007:001:STREAM             1526467050.163144
 03 01 2D 00 00 00 00 00

005:007:001:STREAM             1526467050.165052
 03 00 00 00 00 00 00 00

005:007:001:STREAM             1526467050.183095
 03 01 2D 00 00 00 00 00

005:007:001:STREAM             1526467050.185057
 03 00 00 00 00 00 00 00

005:007:001:STREAM             1526467050.253079
 03 01 2D 00 00 00 00 00

005:007:001:STREAM             1526467050.255089
 03 00 00 00 00 00 00 00

005:007:001:STREAM             1526467050.273086
 03 01 2D 00 00 00 00 00

005:007:001:STREAM             1526467050.275020
 03 00 00 00 00 00 00 00

005:007:001:STREAM             1526467050.309085
 03 01 2D 00 00 00 00 00

005:007:001:STREAM             1526467050.311055
 03 00 00 00 00 00 00 00

005:007:001:STREAM             1526467050.329074
 03 01 2D 00 00 00 00 00

005:007:001:STREAM             1526467050.331035
 03 00 00 00 00 00 00 00

005:007:001:STREAM             1526467050.391073
 03 01 2D 00 00 00 00 00

005:007:001:STREAM             1526467050.393053
 03 00 00 00 00 00 00 00

005:007:001:STREAM             1526467050.403040
 03 01 2D 00 00 00 00 00

005:007:001:STREAM             1526467050.405040
 03 00 00 00 00 00 00 00

005:007:001:STREAM             1526467050.465121
 03 01 2D 00 00 00 00 00

005:007:001:STREAM             1526467050.467076
 03 00 00 00 00 00 00 00

005:007:001:STREAM             1526467050.484981
 03 01 2D 00 00 00 00 00

005:007:001:STREAM             1526467050.486050
 03 00 00 00 00 00 00 00

005:007:001:STREAM             1526467050.555084
 03 01 2D 00 00 00 00 00

005:007:001:STREAM             1526467050.557046
 03 00 00 00 00 00 00 00

005:007:001:STREAM             1526467050.575077
 03 01 2D 00 00 00 00 00

005:007:001:STREAM             1526467050.577047
 03 00 00 00 00 00 00 00

005:007:001:STREAM             1526467050.627086
 03 01 2D 00 00 00 00 00

005:007:001:STREAM             1526467050.629049
 03 00 00 00 00 00 00 00

005:007:001:STREAM             1526467050.655083
 03 01 2D 00 00 00 00 00

005:007:001:STREAM             1526467050.657046
 03 00 00 00 00 00 00 00

005:007:001:STREAM             1526467050.699082
 03 01 2D 00 00 00 00 00

005:007:001:STREAM             1526467050.701053
 03 00 00 00 00 00 00 00

005:007:001:STREAM             1526467050.743082
 03 01 2D 00 00 00 00 00

005:007:001:STREAM             1526467050.745054
 03 00 00 00 00 00 00 00

005:007:001:STREAM             1526467051.119122
 03 01 2D 00 00 00 00 00

005:007:001:STREAM             1526467051.121076
 03 00 00 00 00 00 00 00

005:007:001:STREAM             1526467051.495081
 03 01 2D 00 00 00 00 00

005:007:001:STREAM             1526467051.497050
 03 00 00 00 00 00 00 00

005:007:001:STREAM             1526467051.597122
 03 01 2D 00 00 00 00 00

005:007:001:STREAM             1526467051.599051
 03 00 00 00 00 00 00 00

005:007:001:STREAM             1526467052.099084
 03 01 2D 00 00 00 00 00

005:007:001:STREAM             1526467052.101057
 03 00 00 00 00 00 00 00

