000:STREAM                     1280571091.466545
 FF FF 0A 01 00 00 00 00

000:STREAM                     1280571091.470497
 0A 01 00 00 00 00 00 00

000:STREAM                     1280571091.476527
 FF FF 0A 01 00 00 00 00

000:STREAM                     1280571091.478506
 0A 01 00 00 00 00 00 00

000:STREAM                     1280571091.484494
 FF FF 0A 01 00 00 00 00

000:STREAM                     1280571091.488522
 0A 01 00 00 00 00 00 00

000:STREAM                     1280571091.492547
 FF FF 0A 01 00 00 00 00

000:STREAM                     1280571091.496521
 0A 01 00 00 00 00 00 00

000:STREAM                     1280571091.502525
 FF FF 0A 01 00 00 00 00

000:STREAM                     1280571091.506502
 0A 01 00 00 00 00 00 00

000:STREAM                     1280571091.512525
 0A 01 00 00 00 00 00 00

000:STREAM                     1280571092.482520
 FF FF 0A 01 00 00 00 00

000:STREAM                     1280571092.486496
 0A 01 00 00 00 00 00 00

000:STREAM                     1280571092.492514
 FF FF 0A 01 00 00 00 00

000:STREAM                     1280571092.494504
 0A 01 00 00 00 00 00 00

000:STREAM                     1280571092.501104
 FF FF 0A 01 00 00 00 00

000:STREAM                     1280571092.504515
 0A 01 00 00 00 00 00 00

000:STREAM                     1280571092.508523
 FF FF 0A 01 00 00 00 00

000:STREAM                     1280571092.512501
 0A 01 00 00 00 00 00 00

000:STREAM                     1280571092.518526
 FF FF 0A 01 00 00 00 00

000:STREAM                     1280571092.520688
 0A 01 00 00 00 00 00 00

000:STREAM                     1280571092.526521
 0A 01 00 00 00 00 00 00

000:STREAM                     1280571093.008523
 FF FF 0A 01 00 00 00 00

000:STREAM                     1280571093.012501
 0A 01 00 00 00 00 00 00

000:STREAM                     1280571093.016510
 FF FF 0A 01 00 00 00 00

000:STREAM                     1280571093.020518
 0A 01 00 00 00 00 00 00

000:STREAM                     1280571093.026511
 FF FF 0A 01 00 00 00 00

000:STREAM                     1280571093.028503
 0A 01 00 00 00 00 00 00

000:STREAM                     1280571093.034503
 FF FF 0A 01 00 00 00 00

000:STREAM                     1280571093.038509
 0A 01 00 00 00 00 00 00

000:STREAM                     1280571093.042523
 FF FF 0A 01 00 00 00 00

000:STREAM                     1280571093.046499
 0A 01 00 00 00 00 00 00

000:STREAM                     1280571093.052516
 0A 01 00 00 00 00 00 00

000:STREAM                     1280571093.618524
 FF FF 0A 01 00 00 00 00

000:STREAM                     1280571093.622497
 0A 01 00 00 00 00 00 00

000:STREAM                     1280571093.626523
 FF FF 0A 01 00 00 00 00

000:STREAM                     1280571093.630530
 0A 01 00 00 00 00 00 00

000:STREAM                     1280571093.636518
 FF FF 0A 01 00 00 00 00

000:STREAM                     1280571093.638504
 0A 01 00 00 00 00 00 00

000:STREAM                     1280571093.644531
 FF FF 0A 01 00 00 00 00

000:STREAM                     1280571093.648506
 0A 01 00 00 00 00 00 00

000:STREAM                     1280571093.652531
 FF FF 0A 01 00 00 00 00

000:STREAM                     1280571093.656493
 0A 01 00 00 00 00 00 00

000:STREAM                     1280571093.662504
 0A 01 00 00 00 00 00 00

000:STREAM                     1280571097.364526
 FF FF 0A 01 00 00 00 00

000:STREAM                     1280571097.368507
 0A 01 00 00 00 00 00 00

000:STREAM                     1280571097.374524
 FF FF 0A 01 00 00 00 00

000:STREAM                     1280571097.378503
 0A 01 00 00 00 00 00 00

000:STREAM                     1280571097.382516
 FF FF 0A 01 00 00 00 00

000:STREAM                     1280571097.386510
 0A 01 00 00 00 00 00 00

000:STREAM                     1280571097.392526
 FF FF 0A 01 00 00 00 00

000:STREAM                     1280571097.394501
 0A 01 00 00 00 00 00 00

000:STREAM                     1280571097.400527
 FF FF 0A 01 00 00 00 00

000:STREAM                     1280571097.404525
 0A 01 00 00 00 00 00 00

000:STREAM                     1280571097.410519
 0A 01 00 00 00 00 00 00

000:STREAM                     1280571097.780520
 FF FF 0A 01 00 00 00 00

000:STREAM                     1280571097.784498
 0A 01 00 00 00 00 00 00

000:STREAM                     1280571097.788502
 FF FF 0A 01 00 00 00 00

000:STREAM                     1280571097.792527
 0A 01 00 00 00 00 00 00

000:STREAM                     1280571097.798529
 FF FF 0A 01 00 00 00 00

000:STREAM                     1280571097.802516
 0A 01 00 00 00 00 00 00

000:STREAM                     1280571097.805552
 FF FF 0A 01 00 00 00 00

000:STREAM                     1280571097.810521
 0A 01 00 00 00 00 00 00

000:STREAM                     1280571097.814508
 FF FF 0A 01 00 00 00 00

000:STREAM                     1280571097.818495
 0A 01 00 00 00 00 00 00

000:STREAM                     1280571097.824545
 0A 01 00 00 00 00 00 00

000:STREAM                     1280571098.720530
 FF FF 0A 01 01 00 00 00

000:STREAM                     1280571098.724515
 0A 01 01 00 00 00 00 00

000:STREAM                     1280571098.730527
 FF FF 0A 01 01 00 00 00

000:STREAM                     1280571098.732524
 0A 01 01 00 00 00 00 00

000:STREAM                     1280571098.738505
 FF FF 0A 01 01 00 00 00

000:STREAM                     1280571098.742507
 0A 01 01 00 00 00 00 00

000:STREAM                     1280571098.745551
 FF FF 0A 01 01 00 00 00

000:STREAM                     1280571098.750512
 0A 01 01 00 00 00 00 00

000:STREAM                     1280571098.756526
 FF FF 0A 01 01 00 00 00

000:STREAM                     1280571098.758502
 0A 01 01 00 00 00 00 00

000:STREAM                     1280571098.764523
 0A 01 01 00 00 00 00 00

000:STREAM                     1280571099.162521
 FF FF 0A 01 01 00 00 00

000:STREAM                     1280571099.166496
 0A 01 01 00 00 00 00 00

000:STREAM                     1280571099.169532
 FF FF 0A 01 01 00 00 00

000:STREAM                     1280571099.174832
 0A 01 01 00 00 00 00 00

000:STREAM                     1280571099.180524
 FF FF 0A 01 01 00 00 00

000:STREAM                     1280571099.182505
 0A 01 01 00 00 00 00 00

000:STREAM                     1280571099.188554
 FF FF 0A 01 01 00 00 00

000:STREAM                     1280571099.192507
 0A 01 01 00 00 00 00 00

000:STREAM                     1280571099.196504
 FF FF 0A 01 01 00 00 00

000:STREAM                     1280571099.200523
 0A 01 01 00 00 00 00 00

000:STREAM                     1280571099.206529
 0A 01 01 00 00 00 00 00

000:STREAM                     1280571105.266524
 FF FF 0A 01 00 00 00 00

000:STREAM                     1280571105.270497
 0A 01 00 00 00 00 00 00

000:STREAM                     1280571105.276514
 FF FF 0A 01 00 00 00 00

000:STREAM                     1280571105.278496
 0A 01 00 00 00 00 00 00

000:STREAM                     1280571105.284499
 FF FF 0A 01 00 00 00 00

000:STREAM                     1280571105.288521
 0A 01 00 00 00 00 00 00

000:STREAM                     1280571105.292513
 FF FF 0A 01 00 00 00 00

000:STREAM                     1280571105.296508
 0A 01 00 00 00 00 00 00

000:STREAM                     1280571105.302527
 FF FF 0A 01 00 00 00 00

000:STREAM                     1280571105.304508
 0A 01 00 00 00 00 00 00

000:STREAM                     1280571105.312519
 0A 01 00 00 00 00 00 00

000:STREAM                     1280571106.166524
 FF FF 0A 01 01 00 00 00

000:STREAM                     1280571106.168510
 0A 01 01 00 00 00 00 00

000:STREAM                     1280571106.174525
 FF FF 0A 01 01 00 00 00

000:STREAM                     1280571106.178509
 0A 01 01 00 00 00 00 00

000:STREAM                     1280571106.182519
 FF FF 0A 01 01 00 00 00

000:STREAM                     1280571106.186536
 0A 01 01 00 00 00 00 00

000:STREAM                     1280571106.192519
 FF FF 0A 01 01 00 00 00

000:STREAM                     1280571106.194506
 0A 01 01 00 00 00 00 00

000:STREAM                     1280571106.200539
 FF FF 0A 01 01 00 00 00

000:STREAM                     1280571106.204508
 0A 01 01 00 00 00 00 00

000:STREAM                     1280571106.210504
 0A 01 01 00 00 00 00 00

000:STREAM                     1280571108.264528
 FF FF 0A 01 00 00 00 00

000:STREAM                     1280571108.266506
 0A 01 00 00 00 00 00 00

000:STREAM                     1280571108.272530
 FF FF 0A 01 00 00 00 00

000:STREAM                     1280571108.276514
 0A 01 00 00 00 00 00 00

000:STREAM                     1280571108.280527
 FF FF 0A 01 00 00 00 00

000:STREAM                     1280571108.284513
 0A 01 00 00 00 00 00 00

000:STREAM                     1280571108.290520
 FF FF 0A 01 00 00 00 00

000:STREAM                     1280571108.292507
 0A 01 00 00 00 00 00 00

000:STREAM                     1280571108.298504
 FF FF 0A 01 00 00 00 00

000:STREAM                     1280571108.302521
 0A 01 00 00 00 00 00 00

000:STREAM                     1280571108.308528
 0A 01 00 00 00 00 00 00

000:STREAM                     1280571109.708523
 FF FF 0A 01 00 00 00 00

000:STREAM                     1280571109.712498
 0A 01 00 00 00 00 00 00

000:STREAM                     1280571109.718508
 FF FF 0A 01 00 00 00 00

000:STREAM                     1280571109.720520
 0A 01 00 00 00 00 00 00

000:STREAM                     1280571109.726529
 FF FF 0A 01 00 00 00 00

000:STREAM                     1280571109.730517
 0A 01 00 00 00 00 00 00

000:STREAM                     1280571109.734507
 FF FF 0A 01 00 00 00 00

000:STREAM                     1280571109.738501
 0A 01 00 00 00 00 00 00

000:STREAM                     1280571109.744522
 FF FF 0A 01 00 00 00 00

000:STREAM                     1280571109.746506
 0A 01 00 00 00 00 00 00

000:STREAM                     1280571109.752556
 0A 01 00 00 00 00 00 00

000:STREAM                     1280571110.944529
 FF FF 0A 01 00 00 00 00

000:STREAM                     1280571110.946508
 0A 01 00 00 00 00 00 00

000:STREAM                     1280571110.952544
 FF FF 0A 01 00 00 00 00

000:STREAM                     1280571110.956508
 0A 01 00 00 00 00 00 00

000:STREAM                     1280571110.960543
 FF FF 0A 01 00 00 00 00

000:STREAM                     1280571110.964427
 0A 01 00 00 00 00 00 00

000:STREAM                     1280571110.970529
 FF FF 0A 01 00 00 00 00

000:STREAM                     1280571110.972514
 0A 01 00 00 00 00 00 00

000:STREAM                     1280571110.978529
 FF FF 0A 01 00 00 00 00

000:STREAM                     1280571110.982541
 0A 01 00 00 00 00 00 00

000:STREAM                     1280571110.988520
 0A 01 00 00 00 00 00 00

000:STREAM                     1280571114.978529
 01 00 00 00 FF 00

000:STREAM                     1280571115.048524
 01 00 00 00 FF 00

000:STREAM                     1280571115.094526
 01 00 00 00 FF 00

000:STREAM                     1280571115.122528
 01 00 00 00 FF 00

000:STREAM                     1280571115.152526
 01 00 00 00 FF 00

000:STREAM                     1280571115.178530
 01 00 00 00 FF 00

000:STREAM                     1280571115.244526
 01 00 00 00 FF 00

000:STREAM                     1280571115.288525
 01 00 00 00 FF 00

000:STREAM                     1280571115.322526
 01 00 00 00 FF 00

000:STREAM                     1280571115.424526
 01 00 00 00 FF 00

000:STREAM                     1280571115.452522
 01 00 00 00 FF 00

000:STREAM                     1280571115.488524
 01 00 00 00 FF 00

000:STREAM                     1280571115.568522
 01 00 00 00 FF 00

000:STREAM                     1280571115.652531
 01 00 00 00 01 00

000:STREAM                     1280571115.678520
 01 00 00 00 01 00

000:STREAM                     1280571115.708527
 01 00 00 00 01 00

000:STREAM                     1280571115.740528
 01 00 00 00 01 00

000:STREAM                     1280571115.768521
 01 00 00 00 01 00

000:STREAM                     1280571115.790529
 01 00 00 00 01 00

000:STREAM                     1280571115.808529
 01 00 00 00 01 00

000:STREAM                     1280571115.826520
 01 00 00 00 01 00

000:STREAM                     1280571115.850531
 01 00 00 00 01 00

000:STREAM                     1280571115.886524
 01 00 00 00 01 00

000:STREAM                     1280571115.916527
 01 00 00 00 01 00

000:STREAM                     1280571115.972528
 01 00 00 00 01 00

000:STREAM                     1280571118.314525
 0D 01 00 00 00 00 00 00

000:STREAM                     1280571118.316507
 0D 01 00 56 00 00 00 00

000:STREAM                     1280571118.318497
 0D 00 00 00 00 00 00 00

000:STREAM                     1280571118.600526
 0D 01 00 00 00 00 00 00

000:STREAM                     1280571118.602507
 0D 01 00 57 00 00 00 00

000:STREAM                     1280571118.604503
 0D 00 00 00 00 00 00 00

000:STREAM                     1280571118.630521
 0D 01 00 00 00 00 00 00

000:STREAM                     1280571118.632503
 0D 01 00 57 00 00 00 00

000:STREAM                     1280571118.634493
 0D 00 00 00 00 00 00 00

000:STREAM                     1280571118.666522
 0D 01 00 00 00 00 00 00

000:STREAM                     1280571118.668522
 0D 01 00 57 00 00 00 00

000:STREAM                     1280571118.670495
 0D 00 00 00 00 00 00 00

000:STREAM                     1280571118.694528
 0D 01 00 00 00 00 00 00

000:STREAM                     1280571118.696509
 0D 01 00 57 00 00 00 00

000:STREAM                     1280571118.698496
 0D 00 00 00 00 00 00 00

000:STREAM                     1280571118.742524
 0D 01 00 00 00 00 00 00

000:STREAM                     1280571118.744500
 0D 01 00 57 00 00 00 00

000:STREAM                     1280571118.746493
 0D 00 00 00 00 00 00 00

000:STREAM                     1280571118.768526
 0D 01 00 00 00 00 00 00

000:STREAM                     1280571118.770507
 0D 01 00 57 00 00 00 00

000:STREAM                     1280571118.772512
 0D 00 00 00 00 00 00 00

000:STREAM                     1280571118.818524
 0D 01 00 00 00 00 00 00

000:STREAM                     1280571118.820518
 0D 01 00 57 00 00 00 00

000:STREAM                     1280571118.822497
 0D 00 00 00 00 00 00 00

000:STREAM                     1280571118.864524
 0D 01 00 00 00 00 00 00

000:STREAM                     1280571118.866507
 0D 01 00 57 00 00 00 00

000:STREAM                     1280571118.868775
 0D 00 00 00 00 00 00 00

000:STREAM                     1280571118.960527
 0D 01 00 00 00 00 00 00

000:STREAM                     1280571118.962508
 0D 01 00 57 00 00 00 00

000:STREAM                     1280571118.964500
 0D 00 00 00 00 00 00 00

000:STREAM                     1280571119.132528
 0D 01 00 00 00 00 00 00

000:STREAM                     1280571119.134507
 0D 01 00 56 00 00 00 00

000:STREAM                     1280571119.136510
 0D 00 00 00 00 00 00 00

000:STREAM                     1280571119.178524
 0D 01 00 00 00 00 00 00

000:STREAM                     1280571119.180495
 0D 01 00 56 00 00 00 00

000:STREAM                     1280571119.182497
 0D 00 00 00 00 00 00 00

000:STREAM                     1280571119.214523
 0D 01 00 00 00 00 00 00

000:STREAM                     1280571119.216503
 0D 01 00 56 00 00 00 00

000:STREAM                     1280571119.218496
 0D 00 00 00 00 00 00 00

000:STREAM                     1280571119.250528
 0D 01 00 00 00 00 00 00

000:STREAM                     1280571119.252501
 0D 01 00 56 00 00 00 00

000:STREAM                     1280571119.254494
 0D 00 00 00 00 00 00 00

000:STREAM                     1280571119.298525
 0D 01 00 00 00 00 00 00

000:STREAM                     1280571119.300506
 0D 01 00 56 00 00 00 00

000:STREAM                     1280571119.302494
 0D 00 00 00 00 00 00 00

000:STREAM                     1280571119.328524
 0D 01 00 00 00 00 00 00

000:STREAM                     1280571119.330506
 0D 01 00 56 00 00 00 00

000:STREAM                     1280571119.332499
 0D 00 00 00 00 00 00 00

000:STREAM                     1280571119.368529
 0D 01 00 00 00 00 00 00

000:STREAM                     1280571119.370505
 0D 01 00 56 00 00 00 00

000:STREAM                     1280571119.372500
 0D 00 00 00 00 00 00 00

000:STREAM                     1280571119.408522
 0D 01 00 00 00 00 00 00

000:STREAM                     1280571119.410507
 0D 01 00 56 00 00 00 00

000:STREAM                     1280571119.412504
 0D 00 00 00 00 00 00 00

000:STREAM                     1280571119.458526
 0D 01 00 00 00 00 00 00

000:STREAM                     1280571119.460502
 0D 01 00 56 00 00 00 00

000:STREAM                     1280571119.462493
 0D 00 00 00 00 00 00 00

000:STREAM                     1280571119.502524
 0D 01 00 00 00 00 00 00

000:STREAM                     1280571119.504500
 0D 01 00 56 00 00 00 00

000:STREAM                     1280571119.506493
 0D 00 00 00 00 00 00 00

000:STREAM                     1280571119.538525
 0D 01 00 00 00 00 00 00

000:STREAM                     1280571119.540500
 0D 01 00 56 00 00 00 00

000:STREAM                     1280571119.542491
 0D 00 00 00 00 00 00 00

000:STREAM                     1280571119.586525
 0D 01 00 00 00 00 00 00

000:STREAM                     1280571119.588497
 0D 01 00 56 00 00 00 00

000:STREAM                     1280571119.590496
 0D 00 00 00 00 00 00 00

000:STREAM                     1280571119.644522
 0D 01 00 00 00 00 00 00

000:STREAM                     1280571119.646506
 0D 01 00 56 00 00 00 00

000:STREAM                     1280571119.648498
 0D 00 00 00 00 00 00 00

000:STREAM                     1280571119.714527
 0D 01 00 00 00 00 00 00

000:STREAM                     1280571119.716512
 0D 01 00 56 00 00 00 00

000:STREAM                     1280571119.718496
 0D 00 00 00 00 00 00 00

