000:STREAM                     1280571066.790540
 01 00 00 00 FF 00

000:STREAM                     1280571066.842521
 01 00 00 00 FF 00

000:STREAM                     1280571066.880519
 01 00 00 00 FF 00

000:STREAM                     1280571066.916520
 01 00 00 00 FF 00

000:STREAM                     1280571066.952519
 01 00 00 00 FF 00

000:STREAM                     1280571066.984518
 01 00 00 00 FF 00

000:STREAM                     1280571067.012517
 01 00 00 00 FF 00

000:STREAM                     1280571067.038528
 01 00 00 00 FF 00

000:STREAM                     1280571067.060521
 01 00 00 00 FF 00

000:STREAM                     1280571067.078523
 01 00 00 00 FF 00

000:STREAM                     1280571067.096521
 01 00 00 00 FF 00

000:STREAM                     1280571067.136520
 01 00 00 00 FF 00

000:STREAM                     1280571067.166519
 01 00 00 00 FF 00

000:STREAM                     1280571067.194517
 01 00 00 00 FF 00

000:STREAM                     1280571067.216522
 01 00 00 00 FF 00

000:STREAM                     1280571067.238526
 01 00 00 00 FF 00

000:STREAM                     1280571067.260521
 01 00 00 00 FF 00

000:STREAM                     1280571067.292519
 01 00 00 00 FF 00

000:STREAM                     1280571067.314523
 01 00 00 00 FF 00

000:STREAM                     1280571067.332523
 01 00 00 00 FF 00

000:STREAM                     1280571067.352519
 01 00 00 00 FF 00

000:STREAM                     1280571067.400523
 01 00 00 00 FF 00

000:STREAM                     1280571067.420520
 01 00 00 00 FF 00

000:STREAM                     1280571067.438523
 01 00 00 00 FF 00

000:STREAM                     1280571067.466514
 01 00 00 00 FF 00

000:STREAM                     1280571067.504520
 01 00 00 00 FF 00

000:STREAM                     1280571067.520517
 01 00 00 00 FF 00

000:STREAM                     1280571067.538517
 01 00 00 00 FF 00

000:STREAM                     1280571067.560523
 01 00 00 00 FF 00

000:STREAM                     1280571067.584521
 01 00 00 00 FF 00

000:STREAM                     1280571067.612519
 01 00 00 00 FF 00

000:STREAM                     1280571067.644519
 01 00 00 00 FF 00

000:STREAM                     1280571067.672516
 01 00 00 00 FF 00

000:STREAM                     1280571067.702517
 01 00 00 00 FF 00

000:STREAM                     1280571067.724522
 01 00 00 00 FF 00

000:STREAM                     1280571067.750525
 01 00 00 00 FF 00

000:STREAM                     1280571067.774521
 01 00 00 00 FF 00

000:STREAM                     1280571067.802522
 01 00 00 00 FF 00

000:STREAM                     1280571067.820512
 01 00 00 00 FF 00

000:STREAM                     1280571067.836516
 01 00 00 00 FF 00

000:STREAM                     1280571067.858509
 01 00 00 00 FF 00

000:STREAM                     1280571068.184517
 01 00 00 00 01 00

000:STREAM                     1280571068.234519
 01 00 00 00 01 00

000:STREAM                     1280571068.268519
 01 00 00 00 01 00

000:STREAM                     1280571068.296517
 01 00 00 00 01 00

000:STREAM                     1280571068.322518
 01 00 00 00 01 00

000:STREAM                     1280571068.344524
 01 00 00 00 01 00

000:STREAM                     1280571068.366522
 01 00 00 00 01 00

000:STREAM                     1280571068.382520
 01 00 00 00 01 00

000:STREAM                     1280571068.402517
 01 00 00 00 01 00

000:STREAM                     1280571068.424520
 01 00 00 00 01 00

000:STREAM                     1280571068.450526
 01 00 00 00 01 00

000:STREAM                     1280571068.470522
 01 00 00 00 01 00

000:STREAM                     1280571068.490522
 01 00 00 00 01 00

000:STREAM                     1280571068.506521
 01 00 00 00 01 00

000:STREAM                     1280571068.526520
 01 00 00 00 01 00

000:STREAM                     1280571068.552521
 01 00 00 00 01 00

000:STREAM                     1280571068.580516
 01 00 00 00 01 00

000:STREAM                     1280571068.600523
 01 00 00 00 01 00

000:STREAM                     1280571068.616523
 01 00 00 00 01 00

000:STREAM                     1280571068.640521
 01 00 00 00 01 00

000:STREAM                     1280571068.668520
 01 00 00 00 01 00

000:STREAM                     1280571068.690518
 01 00 00 00 01 00

000:STREAM                     1280571068.710519
 01 00 00 00 01 00

000:STREAM                     1280571068.724518
 01 00 00 00 01 00

000:STREAM                     1280571068.744523
 01 00 00 00 01 00

000:STREAM                     1280571068.778520
 01 00 00 00 01 00

000:STREAM                     1280571068.808510
 01 00 00 00 01 00

000:STREAM                     1280571068.824520
 01 00 00 00 01 00

000:STREAM                     1280571068.840522
 01 00 00 00 01 00

000:STREAM                     1280571068.856526
 01 00 00 00 01 00

000:STREAM                     1280571068.882525
 01 00 00 00 01 00

000:STREAM                     1280571068.900525
 01 00 00 00 01 00

000:STREAM                     1280571068.914521
 01 00 00 00 01 00

000:STREAM                     1280571068.932518
 01 00 00 00 01 00

000:STREAM                     1280571068.972522
 01 00 00 00 01 00

000:STREAM                     1280571068.998518
 01 00 00 00 01 00

000:STREAM                     1280571069.016524
 01 00 00 00 01 00

000:STREAM                     1280571069.032521
 01 00 00 00 01 00

000:STREAM                     1280571069.052517
 01 00 00 00 01 00

000:STREAM                     1280571069.074522
 01 00 00 00 01 00

000:STREAM                     1280571069.106525
 01 00 00 00 01 00

000:STREAM                     1280571069.150518
 01 00 00 00 01 00

