000:STREAM                     1283006759.208852
 0A 02 00 00 00 00 00 2C

000:STREAM                     1283006759.212802
 0A 02 00 00 00 00 00 FE

000:STREAM                     1283006759.216822
 0A 02 00 00 00 00 00 D0

000:STREAM                     1283006759.220823
 0A 02 00 00 00 00 00 A2

000:STREAM                     1283006759.224818
 0A 02 00 00 00 00 00 74

000:STREAM                     1283006759.228828
 0A 02 00 00 00 00 00 46

000:STREAM                     1283006759.232821
 0A 02 00 00 00 00 00 18

000:STREAM                     1283006759.236798
 0A 02 00 00 00 00 00 EA

000:STREAM                     1283006759.240821
 0A 02 00 00 00 00 00 BC

000:STREAM                     1283006759.244797
 0A 02 00 00 00 00 00 8E

000:STREAM                     1283006759.248829
 0A 02 00 00 00 00 00 60

000:STREAM                     1283006759.252814
 0A 02 00 00 00 00 00 32

000:STREAM                     1283006759.256797
 0A 02 00 00 00 00 00 04

000:STREAM                     1283006759.260819
 0A 02 00 00 00 00 00 D6

000:STREAM                     1283006759.264797
 0A 02 00 00 00 00 00 A8

000:STREAM                     1283006759.268819
 0A 02 00 00 00 00 00 7A

000:STREAM                     1283006759.272828
 0A 02 00 00 00 00 00 4C

000:STREAM                     1283006759.276798
 0A 02 00 00 00 00 00 1E

000:STREAM                     1283006759.280812
 0A 02 00 00 00 00 00 F0

000:STREAM                     1283006759.284812
 0A 02 00 00 00 00 00 C2

000:STREAM                     1283006759.288823
 0A 02 00 00 00 00 00 94

000:STREAM                     1283006759.292799
 0A 02 00 00 00 00 00 66

000:STREAM                     1283006759.296821
 0A 02 00 00 00 00 00 38

000:STREAM                     1283006759.300797
 0A 02 00 00 00 00 00 0A

000:STREAM                     1283006759.304819
 0A 02 00 00 00 00 00 DC

000:STREAM                     1283006759.308825
 0A 02 00 00 00 00 00 AE

000:STREAM                     1283006759.312798
 0A 02 00 00 00 00 00 80

000:STREAM                     1283006759.316797
 0A 02 00 00 00 00 00 52

000:STREAM                     1283006759.320835
 0A 02 00 00 00 00 00 24

000:STREAM                     1283006759.324827
 0A 02 00 00 00 00 00 F6

000:STREAM                     1283006759.328801
 0A 02 00 00 00 00 00 3D

000:STREAM                     1283006759.588827
 0A 02 00 00 00 00 00 B6

000:STREAM                     1283006759.592797
 0A 02 00 00 00 00 00 89

000:STREAM                     1283006759.596822
 0A 02 00 00 00 00 00 5B

000:STREAM                     1283006759.600814
 0A 02 00 00 00 00 00 2D

000:STREAM                     1283006759.604798
 0A 02 00 00 00 00 00 FE

000:STREAM                     1283006759.608826
 0A 02 00 00 00 00 00 D1

000:STREAM                     1283006759.612812
 0A 02 00 00 00 00 00 A3

000:STREAM                     1283006759.616796
 0A 02 00 00 00 00 00 75

000:STREAM                     1283006759.620824
 0A 02 00 00 00 00 00 47

000:STREAM                     1283006759.624797
 0A 02 00 00 00 00 00 18

000:STREAM                     1283006759.628807
 0A 02 00 00 00 00 00 EA

000:STREAM                     1283006759.632808
 0A 02 00 00 00 00 00 BD

000:STREAM                     1283006759.636822
 0A 02 00 00 00 00 00 8F

000:STREAM                     1283006759.640800
 0A 02 00 00 00 00 00 61

000:STREAM                     1283006759.644819
 0A 02 00 00 00 00 00 32

000:STREAM                     1283006759.648796
 0A 02 00 00 00 00 00 04

000:STREAM                     1283006759.652818
 0A 02 00 00 00 00 00 D6

000:STREAM                     1283006759.656824
 0A 02 00 00 00 00 00 A9

000:STREAM                     1283006759.660798
 0A 02 00 00 00 00 00 7B

000:STREAM                     1283006759.664806
 0A 02 00 00 00 00 00 4C

000:STREAM                     1283006759.668809
 0A 02 00 00 00 00 00 1E

000:STREAM                     1283006759.672812
 0A 02 00 00 00 00 00 F0

000:STREAM                     1283006759.676811
 0A 02 00 00 00 00 00 C2

000:STREAM                     1283006759.680819
 0A 02 00 00 00 00 00 95

000:STREAM                     1283006759.684796
 0A 02 00 00 00 00 00 66

000:STREAM                     1283006759.688795
 0A 02 00 00 00 00 00 38

000:STREAM                     1283006759.692817
 0A 02 00 00 00 00 00 0A

000:STREAM                     1283006759.696805
 0A 02 00 00 00 00 00 DC

000:STREAM                     1283006759.700797
 0A 02 00 00 00 00 00 AE

000:STREAM                     1283006759.704787
 0A 02 00 00 00 00 00 80

000:STREAM                     1283006759.708818
 0A 02 00 00 00 00 00 52

000:STREAM                     1283006759.712803
 0A 02 00 00 00 00 00 24

000:STREAM                     1283006759.716796
 0A 02 00 00 00 00 00 F6

000:STREAM                     1283006759.720786
 0A 02 00 00 00 00 00 C8

000:STREAM                     1283006759.724815
 0A 02 00 00 00 00 00 D8

000:STREAM                     1283006759.984822
 0A 02 00 00 00 00 00 79

000:STREAM                     1283006759.988794
 0A 02 00 00 00 00 00 4C

000:STREAM                     1283006759.992792
 0A 02 00 00 00 00 00 1E

000:STREAM                     1283006759.996817
 0A 02 00 00 00 00 00 F0

000:STREAM                     1283006760.000810
 0A 02 00 00 00 00 00 C2

000:STREAM                     1283006760.004796
 0A 02 00 00 00 00 00 94

000:STREAM                     1283006760.008818
 0A 02 00 00 00 00 00 66

000:STREAM                     1283006760.012795
 0A 02 00 00 00 00 00 38

000:STREAM                     1283006760.016828
 0A 02 00 00 00 00 00 0A

000:STREAM                     1283006760.020809
 0A 02 00 00 00 00 00 DC

000:STREAM                     1283006760.024795
 0A 02 00 00 00 00 00 AE

000:STREAM                     1283006760.028820
 0A 02 00 00 00 00 00 80

000:STREAM                     1283006760.032794
 0A 02 00 00 00 00 00 52

000:STREAM                     1283006760.036815
 0A 02 00 00 00 00 00 24

000:STREAM                     1283006760.040810
 0A 02 00 00 00 00 00 F6

000:STREAM                     1283006760.044795
 0A 02 00 00 00 00 00 C8

000:STREAM                     1283006760.048819
 0A 02 00 00 00 00 00 9A

000:STREAM                     1283006760.052794
 0A 02 00 00 00 00 00 6C

000:STREAM                     1283006760.056816
 0A 02 00 00 00 00 00 3E

000:STREAM                     1283006760.060794
 0A 02 00 00 00 00 00 10

000:STREAM                     1283006760.064818
 0A 02 00 00 00 00 00 E2

000:STREAM                     1283006760.068793
 0A 02 00 00 00 00 00 B4

000:STREAM                     1283006760.072804
 0A 02 00 00 00 00 00 86

000:STREAM                     1283006760.076804
 0A 02 00 00 00 00 00 58

000:STREAM                     1283006760.080821
 0A 02 00 00 00 00 00 2A

000:STREAM                     1283006760.084797
 0A 02 00 00 00 00 00 FB

000:STREAM                     1283006760.088805
 0A 02 00 00 00 00 00 CE

000:STREAM                     1283006760.092813
 0A 02 00 00 00 00 00 A0

000:STREAM                     1283006760.096820
 0A 02 00 00 00 00 00 72

000:STREAM                     1283006760.100795
 0A 02 00 00 00 00 00 44

000:STREAM                     1283006760.104816
 0A 02 00 00 00 00 00 15

000:STREAM                     1283006760.108793
 0A 02 00 00 00 00 00 E7

000:STREAM                     1283006760.112825
 0A 02 00 00 00 00 00 BA

000:STREAM                     1283006760.116810
 0A 02 00 00 00 00 00 8C

000:STREAM                     1283006760.120793
 0A 02 00 00 00 00 00 5E

000:STREAM                     1283006760.124818
 0A 02 00 00 00 00 00 2F

000:STREAM                     1283006760.128793
 0A 02 00 00 00 00 00 01

000:STREAM                     1283006760.132826
 0A 02 00 00 00 00 00 D3

000:STREAM                     1283006760.136806
 0A 02 00 00 00 00 00 A6

000:STREAM                     1283006760.140796
 0A 02 00 00 00 00 00 78

000:STREAM                     1283006760.144819
 0A 02 00 00 00 00 00 49

000:STREAM                     1283006760.148793
 0A 02 00 00 00 00 00 1B

000:STREAM                     1283006760.152808
 0A 02 00 00 00 00 00 ED

000:STREAM                     1283006760.156795
 0A 02 00 00 00 00 00 F2

000:STREAM                     1283006760.404821
 0A 02 00 00 00 00 00 99

000:STREAM                     1283006760.408794
 0A 02 00 00 00 00 00 6C

000:STREAM                     1283006760.412828
 0A 02 00 00 00 00 00 3E

000:STREAM                     1283006760.416810
 0A 02 00 00 00 00 00 10

000:STREAM                     1283006760.420745
 0A 02 00 00 00 00 00 E2

000:STREAM                     1283006760.424816
 0A 02 00 00 00 00 00 B4

000:STREAM                     1283006760.428793
 0A 02 00 00 00 00 00 86

000:STREAM                     1283006760.432792
 0A 02 00 00 00 00 00 58

000:STREAM                     1283006760.436806
 0A 02 00 00 00 00 00 2A

000:STREAM                     1283006760.440818
 0A 02 00 00 00 00 00 FC

000:STREAM                     1283006760.444790
 0A 02 00 00 00 00 00 CD

000:STREAM                     1283006760.448815
 0A 02 00 00 00 00 00 A0

000:STREAM                     1283006760.452792
 0A 02 00 00 00 00 00 72

000:STREAM                     1283006760.456814
 0A 02 00 00 00 00 00 44

000:STREAM                     1283006760.460808
 0A 02 00 00 00 00 00 16

000:STREAM                     1283006760.464796
 0A 02 00 00 00 00 00 E7

000:STREAM                     1283006760.468814
 0A 02 00 00 00 00 00 B9

000:STREAM                     1283006760.472794
 0A 02 00 00 00 00 00 8C

000:STREAM                     1283006760.476817
 0A 02 00 00 00 00 00 5E

000:STREAM                     1283006760.480804
 0A 02 00 00 00 00 00 30

000:STREAM                     1283006760.484802
 0A 02 00 00 00 00 00 01

000:STREAM                     1283006760.488819
 0A 02 00 00 00 00 00 D3

000:STREAM                     1283006760.492795
 0A 02 00 00 00 00 00 A5

000:STREAM                     1283006760.496815
 0A 02 00 00 00 00 00 78

000:STREAM                     1283006760.500792
 0A 02 00 00 00 00 00 4A

000:STREAM                     1283006760.504813
 0A 02 00 00 00 00 00 1B

000:STREAM                     1283006760.508809
 0A 02 00 00 00 00 00 ED

000:STREAM                     1283006760.512794
 0A 02 00 00 00 00 00 BF

000:STREAM                     1283006760.516815
 0A 02 00 00 00 00 00 91

000:STREAM                     1283006760.520792
 0A 02 00 00 00 00 00 64

000:STREAM                     1283006760.524824
 0A 02 00 00 00 00 00 35

000:STREAM                     1283006760.528807
 0A 02 00 00 00 00 00 07

000:STREAM                     1283006760.532792
 0A 02 00 00 00 00 00 D9

000:STREAM                     1283006760.536808
 0A 02 00 00 00 00 00 AB

000:STREAM                     1283006760.540792
 0A 02 00 00 00 00 00 7D

000:STREAM                     1283006760.544801
 0A 02 00 00 00 00 00 4F

000:STREAM                     1283006760.548796
 0A 02 00 00 00 00 00 21

000:STREAM                     1283006760.552814
 0A 02 00 00 00 00 00 F3

000:STREAM                     1283006760.556793
 0A 02 00 00 00 00 00 C5

000:STREAM                     1283006760.560823
 0A 02 00 00 00 00 00 97

000:STREAM                     1283006760.564806
 0A 02 00 00 00 00 00 12

000:STREAM                     1283006760.872818
 0A 02 00 00 00 00 00 7A

000:STREAM                     1283006760.876791
 0A 02 00 00 00 00 00 4C

000:STREAM                     1283006760.880790
 0A 02 00 00 00 00 00 1F

000:STREAM                     1283006760.884813
 0A 02 00 00 00 00 00 F0

000:STREAM                     1283006760.888814
 0A 02 00 00 00 00 00 C2

000:STREAM                     1283006760.892790
 0A 02 00 00 00 00 00 94

000:STREAM                     1283006760.896814
 0A 02 00 00 00 00 00 66

000:STREAM                     1283006760.900793
 0A 02 00 00 00 00 00 38

000:STREAM                     1283006760.904822
 0A 02 00 00 00 00 00 0A

000:STREAM                     1283006760.908820
 0A 02 00 00 00 00 00 DC

000:STREAM                     1283006760.912791
 0A 02 00 00 00 00 00 AE

000:STREAM                     1283006760.916733
 0A 02 00 00 00 00 00 80

000:STREAM                     1283006760.920815
 0A 02 00 00 00 00 00 52

000:STREAM                     1283006760.924792
 0A 02 00 00 00 00 00 24

000:STREAM                     1283006760.928785
 0A 02 00 00 00 00 00 F6

000:STREAM                     1283006760.932811
 0A 02 00 00 00 00 00 C8

000:STREAM                     1283006760.936814
 0A 02 00 00 00 00 00 9A

000:STREAM                     1283006760.940794
 0A 02 00 00 00 00 00 6C

000:STREAM                     1283006760.944806
 0A 02 00 00 00 00 00 3E

000:STREAM                     1283006760.948786
 0A 02 00 00 00 00 00 10

000:STREAM                     1283006760.952811
 0A 02 00 00 00 00 00 E2

000:STREAM                     1283006760.956792
 0A 02 00 00 00 00 00 B4

000:STREAM                     1283006760.960819
 0A 02 00 00 00 00 00 86

000:STREAM                     1283006760.964804
 0A 02 00 00 00 00 00 58

000:STREAM                     1283006760.968790
 0A 02 00 00 00 00 00 2A

000:STREAM                     1283006760.972816
 0A 02 00 00 00 00 00 FC

000:STREAM                     1283006760.976790
 0A 02 00 00 00 00 00 CE

000:STREAM                     1283006760.980813
 0A 02 00 00 00 00 00 A0

000:STREAM                     1283006760.984791
 0A 02 00 00 00 00 00 72

000:STREAM                     1283006760.988816
 0A 02 00 00 00 00 00 44

000:STREAM                     1283006760.992789
 0A 02 00 00 00 00 00 91

000:STREAM                     1283006761.312819
 0A 02 00 00 00 00 00 30

000:STREAM                     1283006761.316789
 0A 02 00 00 00 00 00 02

000:STREAM                     1283006761.320796
 0A 02 00 00 00 00 00 D4

000:STREAM                     1283006761.324804
 0A 02 00 00 00 00 00 A6

000:STREAM                     1283006761.328812
 0A 02 00 00 00 00 00 78

000:STREAM                     1283006761.332788
 0A 02 00 00 00 00 00 4A

000:STREAM                     1283006761.336811
 0A 02 00 00 00 00 00 1C

000:STREAM                     1283006761.340788
 0A 02 00 00 00 00 00 EE

000:STREAM                     1283006761.344816
 0A 02 00 00 00 00 00 C0

000:STREAM                     1283006761.348804
 0A 02 00 00 00 00 00 92

000:STREAM                     1283006761.352790
 0A 02 00 00 00 00 00 64

000:STREAM                     1283006761.356815
 0A 02 00 00 00 00 00 36

000:STREAM                     1283006761.360788
 0A 02 00 00 00 00 00 08

000:STREAM                     1283006761.364820
 0A 02 00 00 00 00 00 DA

000:STREAM                     1283006761.368809
 0A 02 00 00 00 00 00 AC

000:STREAM                     1283006761.372789
 0A 02 00 00 00 00 00 7E

000:STREAM                     1283006761.376816
 0A 02 00 00 00 00 00 50

000:STREAM                     1283006761.380806
 0A 02 00 00 00 00 00 22

000:STREAM                     1283006761.384787
 0A 02 00 00 00 00 00 F4

000:STREAM                     1283006761.388806
 0A 02 00 00 00 00 00 C6

000:STREAM                     1283006761.392792
 0A 02 00 00 00 00 00 98

000:STREAM                     1283006761.396814
 0A 02 00 00 00 00 00 6A

000:STREAM                     1283006761.400786
 0A 02 00 00 00 00 00 3C

000:STREAM                     1283006761.404779
 0A 02 00 00 00 00 00 0E

000:STREAM                     1283006761.408806
 0A 02 00 00 00 00 00 E0

000:STREAM                     1283006761.412719
 0A 02 00 00 00 00 00 B2

000:STREAM                     1283006761.416799
 0A 02 00 00 00 00 00 84

000:STREAM                     1283006761.420793
 0A 02 00 00 00 00 00 56

000:STREAM                     1283006761.424779
 0A 02 00 00 00 00 00 27

000:STREAM                     1283006761.428808
 0A 02 00 00 00 00 00 FA

000:STREAM                     1283006761.432787
 0A 02 00 00 00 00 00 CC

000:STREAM                     1283006761.436808
 0A 02 00 00 00 00 00 9E

000:STREAM                     1283006761.440788
 0A 02 00 00 00 00 00 70

000:STREAM                     1283006761.444807
 0A 02 00 00 00 00 00 41

000:STREAM                     1283006761.448787
 0A 02 00 00 00 00 00 14

000:STREAM                     1283006761.452808
 0A 02 00 00 00 00 00 79

000:STREAM                     1283006761.784814
 0A 02 00 00 00 00 00 17

000:STREAM                     1283006761.788790
 0A 02 00 00 00 00 00 EA

000:STREAM                     1283006761.792821
 0A 02 00 00 00 00 00 BC

000:STREAM                     1283006761.796801
 0A 02 00 00 00 00 00 8E

000:STREAM                     1283006761.800782
 0A 02 00 00 00 00 00 60

000:STREAM                     1283006761.804808
 0A 02 00 00 00 00 00 32

000:STREAM                     1283006761.808788
 0A 02 00 00 00 00 00 04

000:STREAM                     1283006761.812808
 0A 02 00 00 00 00 00 D6

000:STREAM                     1283006761.816797
 0A 02 00 00 00 00 00 A8

000:STREAM                     1283006761.820806
 0A 02 00 00 00 00 00 7A

000:STREAM                     1283006761.824799
 0A 02 00 00 00 00 00 4C

000:STREAM                     1283006761.828813
 0A 02 00 00 00 00 00 1E

000:STREAM                     1283006761.832786
 0A 02 00 00 00 00 00 F0

000:STREAM                     1283006761.836811
 0A 02 00 00 00 00 00 C2

000:STREAM                     1283006761.840780
 0A 02 00 00 00 00 00 94

000:STREAM                     1283006761.844805
 0A 02 00 00 00 00 00 65

000:STREAM                     1283006761.848805
 0A 02 00 00 00 00 00 38

000:STREAM                     1283006761.852812
 0A 02 00 00 00 00 00 0A

000:STREAM                     1283006761.856812
 0A 02 00 00 00 00 00 DC

000:STREAM                     1283006761.860814
 0A 02 00 00 00 00 00 AE

000:STREAM                     1283006761.864842
 0A 02 00 00 00 00 00 7F

000:STREAM                     1283006761.868811
 0A 02 00 00 00 00 00 51

000:STREAM                     1283006761.872795
 0A 02 00 00 00 00 00 24

000:STREAM                     1283006761.876796
 0A 02 00 00 00 00 00 F6

000:STREAM                     1283006761.880794
 0A 02 00 00 00 00 00 C8

000:STREAM                     1283006761.884783
 0A 02 00 00 00 00 00 99

000:STREAM                     1283006761.888794
 0A 02 00 00 00 00 00 6B

000:STREAM                     1283006761.892776
 0A 02 00 00 00 00 00 3D

000:STREAM                     1283006761.896806
 0A 02 00 00 00 00 00 F9

000:STREAM                     1283006763.276805
 0A 02 01 00 00 00 00 FA

000:STREAM                     1283006763.320809
 0A 02 01 00 00 00 00 FB

000:STREAM                     1283006763.360809
 0A 02 01 00 00 00 00 FC

000:STREAM                     1283006763.392824
 0A 02 01 00 00 00 00 FD

000:STREAM                     1283006763.436805
 0A 02 01 00 00 00 00 FE

000:STREAM                     1283006763.468812
 0A 02 01 00 00 00 00 FF

000:STREAM                     1283006763.524810
 0A 02 01 00 00 00 00 00

000:STREAM                     1283006763.552804
 0A 02 01 00 00 00 00 01

000:STREAM                     1283006763.584804
 0A 02 01 00 00 00 00 02

000:STREAM                     1283006763.656806
 0A 02 01 00 00 00 00 03

000:STREAM                     1283006763.688804
 0A 02 01 00 00 00 00 04

000:STREAM                     1283006763.720805
 0A 02 01 00 00 00 00 05

000:STREAM                     1283006763.748803
 0A 02 01 00 00 00 00 06

000:STREAM                     1283006763.780803
 0A 02 01 00 00 00 00 07

000:STREAM                     1283006763.812802
 0A 02 01 00 00 00 00 08

000:STREAM                     1283006763.844804
 0A 02 01 00 00 00 00 09

000:STREAM                     1283006763.856823
 0A 02 01 00 00 00 00 0A

000:STREAM                     1283006763.876807
 0A 02 01 00 00 00 00 0B

000:STREAM                     1283006763.908806
 0A 02 01 00 00 00 00 0C

000:STREAM                     1283006763.928807
 0A 02 01 00 00 00 00 0D

000:STREAM                     1283006763.960802
 0A 02 01 00 00 00 00 0E

000:STREAM                     1283006763.976806
 0A 02 01 00 00 00 00 0F

000:STREAM                     1283006764.008807
 0A 02 01 00 00 00 00 10

000:STREAM                     1283006764.036802
 0A 02 01 00 00 00 00 11

000:STREAM                     1283006764.088805
 0A 02 01 00 00 00 00 12

000:STREAM                     1283006764.120800
 0A 02 01 00 00 00 00 13

000:STREAM                     1283006764.136814
 0A 02 01 00 00 00 00 14

000:STREAM                     1283006764.156802
 0A 02 01 00 00 00 00 15

000:STREAM                     1283006764.200804
 0A 02 01 00 00 00 00 16

000:STREAM                     1283006764.220804
 0A 02 01 00 00 00 00 17

000:STREAM                     1283006764.236802
 0A 02 01 00 00 00 00 18

000:STREAM                     1283006764.280801
 0A 02 01 00 00 00 00 19

000:STREAM                     1283006764.312810
 0A 02 01 00 00 00 00 1A

000:STREAM                     1283006764.388790
 0A 02 01 00 00 00 00 1B

000:STREAM                     1283006764.436800
 0A 02 01 00 00 00 00 1C

000:STREAM                     1283006764.452806
 0A 02 01 00 00 00 00 1D

000:STREAM                     1283006764.484803
 0A 02 01 00 00 00 00 1E

000:STREAM                     1283006764.540805
 0A 02 01 00 00 00 00 1F

000:STREAM                     1283006764.560801
 0A 02 01 00 00 00 00 20

000:STREAM                     1283006764.592803
 0A 02 01 00 00 00 00 21

000:STREAM                     1283006764.608810
 0A 02 01 00 00 00 00 22

000:STREAM                     1283006764.640792
 0A 02 01 00 00 00 00 23

000:STREAM                     1283006764.656805
 0A 02 01 00 00 00 00 24

000:STREAM                     1283006764.768801
 0A 02 01 00 00 00 00 25

000:STREAM                     1283006764.784799
 0A 02 01 00 00 00 00 26

000:STREAM                     1283006764.816800
 0A 02 01 00 00 00 00 27

000:STREAM                     1283006764.848798
 0A 02 01 00 00 00 00 28

000:STREAM                     1283006764.880808
 0A 02 01 00 00 00 00 29

000:STREAM                     1283006764.912796
 0A 02 01 00 00 00 00 2A

000:STREAM                     1283006764.944801
 0A 02 01 00 00 00 00 2B

000:STREAM                     1283006764.960799
 0A 02 01 00 00 00 00 2C

000:STREAM                     1283006764.980803
 0A 02 01 00 00 00 00 2D

000:STREAM                     1283006765.024800
 0A 02 01 00 00 00 00 2E

000:STREAM                     1283006765.068799
 0A 02 01 00 00 00 00 2F

000:STREAM                     1283006765.460795
 0A 02 FF 00 00 00 00 30

000:STREAM                     1283006765.492798
 0A 02 FF 00 00 00 00 31

000:STREAM                     1283006765.536795
 0A 02 FF 00 00 00 00 32

000:STREAM                     1283006765.552795
 0A 02 FF 00 00 00 00 33

000:STREAM                     1283006765.596796
 0A 02 FF 00 00 00 00 34

000:STREAM                     1283006765.640796
 0A 02 FF 00 00 00 00 35

000:STREAM                     1283006765.672798
 0A 02 FF 00 00 00 00 36

000:STREAM                     1283006765.704794
 0A 02 FF 00 00 00 00 37

000:STREAM                     1283006765.748794
 0A 02 FF 00 00 00 00 38

000:STREAM                     1283006765.792793
 0A 02 FF 00 00 00 00 39

000:STREAM                     1283006765.836792
 0A 02 FF 00 00 00 00 3A

000:STREAM                     1283006765.880792
 0A 02 FF 00 00 00 00 3B

000:STREAM                     1283006765.908793
 0A 02 FF 00 00 00 00 3C

000:STREAM                     1283006765.940794
 0A 02 FF 00 00 00 00 3D

000:STREAM                     1283006765.984794
 0A 02 FF 00 00 00 00 3E

000:STREAM                     1283006766.016792
 0A 02 FF 00 00 00 00 3F

000:STREAM                     1283006766.048795
 0A 02 FF 00 00 00 00 40

000:STREAM                     1283006766.080792
 0A 02 FF 00 00 00 00 41

000:STREAM                     1283006766.136784
 0A 02 FF 00 00 00 00 42

000:STREAM                     1283006766.164790
 0A 02 FF 00 00 00 00 43

000:STREAM                     1283006766.196792
 0A 02 FF 00 00 00 00 44

000:STREAM                     1283006766.240790
 0A 02 FF 00 00 00 00 45

000:STREAM                     1283006766.284791
 0A 02 FF 00 00 00 00 46

000:STREAM                     1283006766.316793
 0A 02 FF 00 00 00 00 47

000:STREAM                     1283006766.336794
 0A 02 FF 00 00 00 00 48

000:STREAM                     1283006766.400790
 0A 02 FF 00 00 00 00 49

000:STREAM                     1283006766.416797
 0A 02 FF 00 00 00 00 4A

000:STREAM                     1283006766.436793
 0A 02 FF 00 00 00 00 4B

000:STREAM                     1283006766.480795
 0A 02 FF 00 00 00 00 4C

000:STREAM                     1283006766.508797
 0A 02 FF 00 00 00 00 4D

000:STREAM                     1283006766.584795
 0A 02 FF 00 00 00 00 4E

000:STREAM                     1283006766.600791
 0A 02 FF 00 00 00 00 4F

000:STREAM                     1283006766.632797
 0A 02 FF 00 00 00 00 50

000:STREAM                     1283006766.676792
 0A 02 FF 00 00 00 00 51

000:STREAM                     1283006766.692783
 0A 02 FF 00 00 00 00 52

000:STREAM                     1283006766.724791
 0A 02 FF 00 00 00 00 53

000:STREAM                     1283006766.788791
 0A 02 FF 00 00 00 00 54

000:STREAM                     1283006766.816786
 0A 02 FF 00 00 00 00 55

000:STREAM                     1283006766.860789
 0A 02 FF 00 00 00 00 56

000:STREAM                     1283006766.916785
 0A 02 FF 00 00 00 00 57

000:STREAM                     1283006766.944789
 0A 02 FF 00 00 00 00 58

000:STREAM                     1283006766.976791
 0A 02 FF 00 00 00 00 59

000:STREAM                     1283006767.008786
 0A 02 FF 00 00 00 00 5A

000:STREAM                     1283006767.052786
 0A 02 FF 00 00 00 00 5B

000:STREAM                     1283006767.096790
 0A 02 FF 00 00 00 00 5C

000:STREAM                     1283006767.128786
 0A 02 FF 00 00 00 00 5D

000:STREAM                     1283006767.160788
 0A 02 FF 00 00 00 00 5E

000:STREAM                     1283006767.192789
 0A 02 FF 00 00 00 00 5F

000:STREAM                     1283006767.236787
 0A 02 FF 00 00 00 00 60

000:STREAM                     1283006767.268788
 0A 02 FF 00 00 00 00 61

000:STREAM                     1283006767.296789
 0A 02 FF 00 00 00 00 62

000:STREAM                     1283006767.988784
 0A 02 00 01 00 00 00 00

000:STREAM                     1283006768.132784
 0A 02 00 00 00 00 00 00

000:STREAM                     1283006768.320792
 0A 02 00 01 00 00 00 00

000:STREAM                     1283006768.472777
 0A 02 00 00 00 00 00 00

000:STREAM                     1283006768.640781
 0A 02 00 01 00 00 00 00

000:STREAM                     1283006768.768776
 0A 02 00 00 00 00 00 00

000:STREAM                     1283006768.924776
 0A 02 00 01 00 00 00 00

000:STREAM                     1283006769.064784
 0A 02 00 00 00 00 00 00

000:STREAM                     1283006769.208779
 0A 02 00 01 00 00 00 00

000:STREAM                     1283006769.360777
 0A 02 00 00 00 00 00 00

000:STREAM                     1283006769.528779
 0A 02 00 01 00 00 00 00

000:STREAM                     1283006769.668775
 0A 02 00 00 00 00 00 00

000:STREAM                     1283006769.812774
 0A 02 00 01 00 00 00 00

000:STREAM                     1283006769.964772
 0A 02 00 00 00 00 00 00

