000:STREAM                     1283006841.548457
 0A 04 00 00 00 00 00 42

000:STREAM                     1283006841.552428
 0A 04 00 00 00 00 00 0A

000:STREAM                     1283006841.556423
 0A 04 00 00 00 00 00 D2

000:STREAM                     1283006841.560422
 0A 04 00 00 00 00 00 99

000:STREAM                     1283006841.564422
 0A 04 00 00 00 00 00 60

000:STREAM                     1283006841.568430
 0A 04 00 00 00 00 00 27

000:STREAM                     1283006841.572415
 0A 04 00 00 00 00 00 EF

000:STREAM                     1283006841.576432
 0A 04 00 00 00 00 00 B6

000:STREAM                     1283006841.580420
 0A 04 00 00 00 00 00 7D

000:STREAM                     1283006841.584429
 0A 04 00 00 00 00 00 44

000:STREAM                     1283006841.588424
 0A 04 00 00 00 00 00 0C

000:STREAM                     1283006841.592419
 0A 04 00 00 00 00 00 D3

000:STREAM                     1283006841.596426
 0A 04 00 00 00 00 00 9B

000:STREAM                     1283006841.600422
 0A 04 00 00 00 00 00 62

000:STREAM                     1283006841.604430
 0A 04 00 00 00 00 00 29

000:STREAM                     1283006841.608420
 0A 04 00 00 00 00 00 F0

000:STREAM                     1283006841.612428
 0A 04 00 00 00 00 00 B8

000:STREAM                     1283006841.616430
 0A 04 00 00 00 00 00 7F

000:STREAM                     1283006841.620418
 0A 04 00 00 00 00 00 46

000:STREAM                     1283006841.624428
 0A 04 00 00 00 00 00 0E

000:STREAM                     1283006841.628423
 0A 04 00 00 00 00 00 D5

000:STREAM                     1283006841.632419
 0A 04 00 00 00 00 00 9C

000:STREAM                     1283006841.636429
 0A 04 00 00 00 00 00 64

000:STREAM                     1283006841.640430
 0A 04 00 00 00 00 00 2B

000:STREAM                     1283006841.644418
 0A 04 00 00 00 00 00 F2

000:STREAM                     1283006841.648429
 0A 04 00 00 00 00 00 BA

000:STREAM                     1283006841.652431
 0A 04 00 00 00 00 00 81

000:STREAM                     1283006841.656419
 0A 04 00 00 00 00 00 48

000:STREAM                     1283006841.660429
 0A 04 00 00 00 00 00 0F

000:STREAM                     1283006841.664429
 0A 04 00 00 00 00 00 D7

000:STREAM                     1283006841.668419
 0A 04 00 00 00 00 00 9E

000:STREAM                     1283006841.672429
 0A 04 00 00 00 00 00 65

000:STREAM                     1283006841.676419
 0A 04 00 00 00 00 00 2D

000:STREAM                     1283006841.680427
 0A 04 00 00 00 00 00 F4

000:STREAM                     1283006841.684421
 0A 04 00 00 00 00 00 BB

000:STREAM                     1283006841.688417
 0A 04 00 00 00 00 00 83

000:STREAM                     1283006841.692427
 0A 04 00 00 00 00 00 4A

000:STREAM                     1283006841.696422
 0A 04 00 00 00 00 00 E2

000:STREAM                     1283006844.160428
 0A 04 00 00 00 00 00 47

000:STREAM                     1283006844.164413
 0A 04 00 00 00 00 00 0F

000:STREAM                     1283006844.168413
 0A 04 00 00 00 00 00 D6

000:STREAM                     1283006844.172407
 0A 04 00 00 00 00 00 9D

000:STREAM                     1283006844.176415
 0A 04 00 00 00 00 00 65

000:STREAM                     1283006844.180417
 0A 04 00 00 00 00 00 2C

000:STREAM                     1283006844.184406
 0A 04 00 00 00 00 00 F3

000:STREAM                     1283006844.188411
 0A 04 00 00 00 00 00 BB

000:STREAM                     1283006844.192417
 0A 04 00 00 00 00 00 82

000:STREAM                     1283006844.196407
 0A 04 00 00 00 00 00 49

000:STREAM                     1283006844.200416
 0A 04 00 00 00 00 00 10

000:STREAM                     1283006844.204409
 0A 04 00 00 00 00 00 D8

000:STREAM                     1283006844.208409
 0A 04 00 00 00 00 00 9F

000:STREAM                     1283006844.212416
 0A 04 00 00 00 00 00 66

000:STREAM                     1283006844.216394
 0A 04 00 00 00 00 00 2E

000:STREAM                     1283006844.220415
 0A 04 00 00 00 00 00 F5

000:STREAM                     1283006844.224405
 0A 04 00 00 00 00 00 BC

000:STREAM                     1283006844.228416
 0A 04 00 00 00 00 00 84

000:STREAM                     1283006844.232409
 0A 04 00 00 00 00 00 4B

000:STREAM                     1283006844.236405
 0A 04 00 00 00 00 00 12

000:STREAM                     1283006844.240413
 0A 04 00 00 00 00 00 D9

000:STREAM                     1283006844.244420
 0A 04 00 00 00 00 00 A1

000:STREAM                     1283006844.248410
 0A 04 00 00 00 00 00 68

000:STREAM                     1283006844.252408
 0A 04 00 00 00 00 00 30

000:STREAM                     1283006844.256418
 0A 04 00 00 00 00 00 F7

000:STREAM                     1283006844.260406
 0A 04 00 00 00 00 00 BE

000:STREAM                     1283006844.264417
 0A 04 00 00 00 00 00 85

000:STREAM                     1283006844.268409
 0A 04 00 00 00 00 00 4D

000:STREAM                     1283006844.272410
 0A 04 00 00 00 00 00 14

000:STREAM                     1283006844.276420
 0A 04 00 00 00 00 00 DB

000:STREAM                     1283006844.280414
 0A 04 00 00 00 00 00 A2

000:STREAM                     1283006844.284409
 0A 04 00 00 00 00 00 6A

000:STREAM                     1283006844.288418
 0A 04 00 00 00 00 00 31

000:STREAM                     1283006844.292413
 0A 04 00 00 00 00 00 F9

000:STREAM                     1283006844.296406
 0A 04 00 00 00 00 00 C0

000:STREAM                     1283006844.300414
 0A 04 00 00 00 00 00 87

000:STREAM                     1283006844.304408
 0A 04 00 00 00 00 00 4E

000:STREAM                     1283006844.308408
 0A 04 00 00 00 00 00 16

000:STREAM                     1283006844.312419
 0A 04 00 00 00 00 00 DD

000:STREAM                     1283006844.316409
 0A 04 00 00 00 00 00 A5

000:STREAM                     1283006844.320410
 0A 04 00 00 00 00 00 6B

000:STREAM                     1283006844.324416
 0A 04 00 00 00 00 00 33

000:STREAM                     1283006844.328418
 0A 04 00 00 00 00 00 FA

000:STREAM                     1283006844.332408
 0A 04 00 00 00 00 00 C2

000:STREAM                     1283006844.336417
 0A 04 00 00 00 00 00 89

000:STREAM                     1283006844.340416
 0A 04 00 00 00 00 00 50

000:STREAM                     1283006844.344407
 0A 04 00 00 00 00 00 17

000:STREAM                     1283006844.348417
 0A 04 00 00 00 00 00 DF

000:STREAM                     1283006844.352409
 0A 04 00 00 00 00 00 6E

000:STREAM                     1283006844.576422
 0A 04 00 00 00 00 00 83

000:STREAM                     1283006844.580412
 0A 04 00 00 00 00 00 4A

000:STREAM                     1283006844.584407
 0A 04 00 00 00 00 00 11

000:STREAM                     1283006844.588409
 0A 04 00 00 00 00 00 D9

000:STREAM                     1283006844.592415
 0A 04 00 00 00 00 00 A0

000:STREAM                     1283006844.596415
 0A 04 00 00 00 00 00 68

000:STREAM                     1283006844.600413
 0A 04 00 00 00 00 00 2F

000:STREAM                     1283006844.604415
 0A 04 00 00 00 00 00 F6

000:STREAM                     1283006844.608414
 0A 04 00 00 00 00 00 BD

000:STREAM                     1283006844.612406
 0A 04 00 00 00 00 00 85

000:STREAM                     1283006844.616408
 0A 04 00 00 00 00 00 4C

000:STREAM                     1283006844.620416
 0A 04 00 00 00 00 00 13

000:STREAM                     1283006844.624406
 0A 04 00 00 00 00 00 DA

000:STREAM                     1283006844.628415
 0A 04 00 00 00 00 00 A2

000:STREAM                     1283006844.632416
 0A 04 00 00 00 00 00 69

000:STREAM                     1283006844.636405
 0A 04 00 00 00 00 00 31

000:STREAM                     1283006844.640412
 0A 04 00 00 00 00 00 F8

000:STREAM                     1283006844.644408
 0A 04 00 00 00 00 00 BF

000:STREAM                     1283006844.648403
 0A 04 00 00 00 00 00 86

000:STREAM                     1283006844.652413
 0A 04 00 00 00 00 00 4E

000:STREAM                     1283006844.656408
 0A 04 00 00 00 00 00 15

000:STREAM                     1283006844.660403
 0A 04 00 00 00 00 00 DC

000:STREAM                     1283006844.664416
 0A 04 00 00 00 00 00 A4

000:STREAM                     1283006844.668408
 0A 04 00 00 00 00 00 6B

000:STREAM                     1283006844.672408
 0A 04 00 00 00 00 00 32

000:STREAM                     1283006844.676415
 0A 04 00 00 00 00 00 FA

000:STREAM                     1283006844.680407
 0A 04 00 00 00 00 00 C1

000:STREAM                     1283006844.684404
 0A 04 00 00 00 00 00 88

000:STREAM                     1283006844.688413
 0A 04 00 00 00 00 00 4F

000:STREAM                     1283006844.692406
 0A 04 00 00 00 00 00 17

000:STREAM                     1283006844.696405
 0A 04 00 00 00 00 00 DE

000:STREAM                     1283006844.700413
 0A 04 00 00 00 00 00 A5

000:STREAM                     1283006844.704407
 0A 04 00 00 00 00 00 6D

000:STREAM                     1283006844.708407
 0A 04 00 00 00 00 00 34

000:STREAM                     1283006844.712416
 0A 04 00 00 00 00 00 FB

000:STREAM                     1283006844.716409
 0A 04 00 00 00 00 00 C3

000:STREAM                     1283006844.720405
 0A 04 00 00 00 00 00 8A

000:STREAM                     1283006844.724414
 0A 04 00 00 00 00 00 51

000:STREAM                     1283006844.728414
 0A 04 00 00 00 00 00 19

000:STREAM                     1283006844.732404
 0A 04 00 00 00 00 00 E0

000:STREAM                     1283006844.736405
 0A 04 00 00 00 00 00 A7

000:STREAM                     1283006844.740417
 0A 04 00 00 00 00 00 6E

000:STREAM                     1283006844.744405
 0A 04 00 00 00 00 00 36

000:STREAM                     1283006844.748414
 0A 04 00 00 00 00 00 FD

000:STREAM                     1283006844.752414
 0A 04 00 00 00 00 00 C4

000:STREAM                     1283006844.756409
 0A 04 00 00 00 00 00 8C

000:STREAM                     1283006844.760415
 0A 04 00 00 00 00 00 53

000:STREAM                     1283006844.764407
 0A 04 00 00 00 00 00 7F

000:STREAM                     1283006844.976418
 0A 04 00 00 00 00 00 D7

000:STREAM                     1283006844.980406
 0A 04 00 00 00 00 00 9F

000:STREAM                     1283006844.984407
 0A 04 00 00 00 00 00 66

000:STREAM                     1283006844.988407
 0A 04 00 00 00 00 00 2D

000:STREAM                     1283006844.992415
 0A 04 00 00 00 00 00 F5

000:STREAM                     1283006844.996406
 0A 04 00 00 00 00 00 BC

000:STREAM                     1283006845.000402
 0A 04 00 00 00 00 00 83

000:STREAM                     1283006845.004412
 0A 04 00 00 00 00 00 4B

000:STREAM                     1283006845.008412
 0A 04 00 00 00 00 00 12

000:STREAM                     1283006845.012402
 0A 04 00 00 00 00 00 D9

000:STREAM                     1283006845.016410
 0A 04 00 00 00 00 00 A1

000:STREAM                     1283006845.020406
 0A 04 00 00 00 00 00 68

000:STREAM                     1283006845.024409
 0A 04 00 00 00 00 00 2F

000:STREAM                     1283006845.028413
 0A 04 00 00 00 00 00 F7

000:STREAM                     1283006845.032412
 0A 04 00 00 00 00 00 BE

000:STREAM                     1283006845.036403
 0A 04 00 00 00 00 00 85

000:STREAM                     1283006845.040412
 0A 04 00 00 00 00 00 4C

000:STREAM                     1283006845.044412
 0A 04 00 00 00 00 00 14

000:STREAM                     1283006845.048404
 0A 04 00 00 00 00 00 DB

000:STREAM                     1283006845.052406
 0A 04 00 00 00 00 00 A2

000:STREAM                     1283006845.056412
 0A 04 00 00 00 00 00 6A

000:STREAM                     1283006845.060407
 0A 04 00 00 00 00 00 31

000:STREAM                     1283006845.064411
 0A 04 00 00 00 00 00 F8

000:STREAM                     1283006845.068405
 0A 04 00 00 00 00 00 C0

000:STREAM                     1283006845.072402
 0A 04 00 00 00 00 00 87

000:STREAM                     1283006845.076412
 0A 04 00 00 00 00 00 4E

000:STREAM                     1283006845.080413
 0A 04 00 00 00 00 00 15

000:STREAM                     1283006845.084404
 0A 04 00 00 00 00 00 DD

000:STREAM                     1283006845.088413
 0A 04 00 00 00 00 00 A4

000:STREAM                     1283006845.092405
 0A 04 00 00 00 00 00 6B

000:STREAM                     1283006845.096402
 0A 04 00 00 00 00 00 33

000:STREAM                     1283006845.100412
 0A 04 00 00 00 00 00 FA

000:STREAM                     1283006845.104410
 0A 04 00 00 00 00 00 C1

000:STREAM                     1283006845.108403
 0A 04 00 00 00 00 00 89

000:STREAM                     1283006845.112411
 0A 04 00 00 00 00 00 50

000:STREAM                     1283006845.116405
 0A 04 00 00 00 00 00 17

000:STREAM                     1283006845.120403
 0A 04 00 00 00 00 00 DE

000:STREAM                     1283006845.124414
 0A 04 00 00 00 00 00 A6

000:STREAM                     1283006845.128405
 0A 04 00 00 00 00 00 6D

000:STREAM                     1283006845.132403
 0A 04 00 00 00 00 00 35

000:STREAM                     1283006845.136413
 0A 04 00 00 00 00 00 FC

000:STREAM                     1283006845.140406
 0A 04 00 00 00 00 00 C3

000:STREAM                     1283006845.144405
 0A 04 00 00 00 00 00 8A

000:STREAM                     1283006845.148416
 0A 04 00 00 00 00 00 52

000:STREAM                     1283006845.152414
 0A 04 00 00 00 00 00 19

000:STREAM                     1283006845.404420
 0A 04 00 00 00 00 00 A9

000:STREAM                     1283006845.408406
 0A 04 00 00 00 00 00 71

000:STREAM                     1283006845.412407
 0A 04 00 00 00 00 00 38

000:STREAM                     1283006845.416402
 0A 04 00 00 00 00 00 00

000:STREAM                     1283006845.420405
 0A 04 00 00 00 00 00 C6

000:STREAM                     1283006845.424403
 0A 04 00 00 00 00 00 8E

000:STREAM                     1283006845.428403
 0A 04 00 00 00 00 00 55

000:STREAM                     1283006845.432409
 0A 04 00 00 00 00 00 1D

000:STREAM                     1283006845.436412
 0A 04 00 00 00 00 00 E4

000:STREAM                     1283006845.440405
 0A 04 00 00 00 00 00 AB

000:STREAM                     1283006845.444411
 0A 04 00 00 00 00 00 72

000:STREAM                     1283006845.448412
 0A 04 00 00 00 00 00 3A

000:STREAM                     1283006845.452402
 0A 04 00 00 00 00 00 01

000:STREAM                     1283006845.456409
 0A 04 00 00 00 00 00 C9

000:STREAM                     1283006845.460411
 0A 04 00 00 00 00 00 8F

000:STREAM                     1283006845.464402
 0A 04 00 00 00 00 00 57

000:STREAM                     1283006845.468411
 0A 04 00 00 00 00 00 1E

000:STREAM                     1283006845.472404
 0A 04 00 00 00 00 00 E6

000:STREAM                     1283006845.476404
 0A 04 00 00 00 00 00 AD

000:STREAM                     1283006845.480406
 0A 04 00 00 00 00 00 74

000:STREAM                     1283006845.484414
 0A 04 00 00 00 00 00 3B

000:STREAM                     1283006845.488403
 0A 04 00 00 00 00 00 03

000:STREAM                     1283006845.492410
 0A 04 00 00 00 00 00 CA

000:STREAM                     1283006845.496410
 0A 04 00 00 00 00 00 92

000:STREAM                     1283006845.500401
 0A 04 00 00 00 00 00 59

000:STREAM                     1283006845.504409
 0A 04 00 00 00 00 00 20

000:STREAM                     1283006845.508404
 0A 04 00 00 00 00 00 E7

000:STREAM                     1283006845.512405
 0A 04 00 00 00 00 00 AF

000:STREAM                     1283006845.516413
 0A 04 00 00 00 00 00 76

000:STREAM                     1283006845.520411
 0A 04 00 00 00 00 00 9C

000:STREAM                     1283006845.744412
 0A 04 00 00 00 00 00 0F

000:STREAM                     1283006845.748403
 0A 04 00 00 00 00 00 D7

000:STREAM                     1283006845.752403
 0A 04 00 00 00 00 00 9E

000:STREAM                     1283006845.756387
 0A 04 00 00 00 00 00 66

000:STREAM                     1283006845.760413
 0A 04 00 00 00 00 00 2D

000:STREAM                     1283006845.764402
 0A 04 00 00 00 00 00 F4

000:STREAM                     1283006845.768398
 0A 04 00 00 00 00 00 BB

000:STREAM                     1283006845.772409
 0A 04 00 00 00 00 00 83

000:STREAM                     1283006845.776402
 0A 04 00 00 00 00 00 4A

000:STREAM                     1283006845.780399
 0A 04 00 00 00 00 00 11

000:STREAM                     1283006845.784409
 0A 04 00 00 00 00 00 D9

000:STREAM                     1283006845.788401
 0A 04 00 00 00 00 00 A0

000:STREAM                     1283006845.792404
 0A 04 00 00 00 00 00 67

000:STREAM                     1283006845.796409
 0A 04 00 00 00 00 00 2F

000:STREAM                     1283006845.800403
 0A 04 00 00 00 00 00 F6

000:STREAM                     1283006845.804400
 0A 04 00 00 00 00 00 BD

000:STREAM                     1283006845.808410
 0A 04 00 00 00 00 00 84

000:STREAM                     1283006845.812404
 0A 04 00 00 00 00 00 4C

000:STREAM                     1283006845.816398
 0A 04 00 00 00 00 00 13

000:STREAM                     1283006845.820409
 0A 04 00 00 00 00 00 DA

000:STREAM                     1283006845.824407
 0A 04 00 00 00 00 00 A2

000:STREAM                     1283006845.828399
 0A 04 00 00 00 00 00 69

000:STREAM                     1283006845.832409
 0A 04 00 00 00 00 00 30

000:STREAM                     1283006845.836402
 0A 04 00 00 00 00 00 F8

000:STREAM                     1283006845.840399
 0A 04 00 00 00 00 00 BF

000:STREAM                     1283006845.844409
 0A 04 00 00 00 00 00 86

000:STREAM                     1283006845.848407
 0A 04 00 00 00 00 00 4E

000:STREAM                     1283006845.852400
 0A 04 00 00 00 00 00 15

000:STREAM                     1283006846.308408
 0A 04 01 00 00 00 00 16

000:STREAM                     1283006846.364411
 0A 04 01 00 00 00 00 17

000:STREAM                     1283006846.392408
 0A 04 01 00 00 00 00 18

000:STREAM                     1283006846.424408
 0A 04 01 00 00 00 00 19

000:STREAM                     1283006846.488408
 0A 04 01 00 00 00 00 1A

000:STREAM                     1283006846.556409
 0A 04 01 00 00 00 00 1B

000:STREAM                     1283006846.576404
 0A 04 01 00 00 00 00 1C

000:STREAM                     1283006846.632409
 0A 04 01 00 00 00 00 1D

000:STREAM                     1283006846.676407
 0A 04 01 00 00 00 00 1E

000:STREAM                     1283006846.708406
 0A 04 01 00 00 00 00 1F

000:STREAM                     1283006846.728404
 0A 04 01 00 00 00 00 20

000:STREAM                     1283006846.760404
 0A 04 01 00 00 00 00 21

000:STREAM                     1283006846.776406
 0A 04 01 00 00 00 00 22

000:STREAM                     1283006846.820408
 0A 04 01 00 00 00 00 23

000:STREAM                     1283006846.840405
 0A 04 01 00 00 00 00 24

000:STREAM                     1283006846.884404
 0A 04 01 00 00 00 00 25

000:STREAM                     1283006846.904403
 0A 04 01 00 00 00 00 26

000:STREAM                     1283006846.936405
 0A 04 01 00 00 00 00 27

000:STREAM                     1283006846.992407
 0A 04 01 00 00 00 00 28

000:STREAM                     1283006847.012403
 0A 04 01 00 00 00 00 29

000:STREAM                     1283006847.056405
 0A 04 01 00 00 00 00 2A

000:STREAM                     1283006847.088411
 0A 04 01 00 00 00 00 2B

000:STREAM                     1283006847.132403
 0A 04 01 00 00 00 00 2C

000:STREAM                     1283006847.164407
 0A 04 01 00 00 00 00 2D

000:STREAM                     1283006847.212406
 0A 04 01 00 00 00 00 2E

000:STREAM                     1283006847.260409
 0A 04 01 00 00 00 00 2F

000:STREAM                     1283006847.292404
 0A 04 01 00 00 00 00 30

000:STREAM                     1283006847.308403
 0A 04 01 00 00 00 00 31

000:STREAM                     1283006847.340410
 0A 04 01 00 00 00 00 32

000:STREAM                     1283006847.384404
 0A 04 01 00 00 00 00 33

000:STREAM                     1283006847.416404
 0A 04 01 00 00 00 00 34

000:STREAM                     1283006847.432405
 0A 04 01 00 00 00 00 35

000:STREAM                     1283006847.464404
 0A 04 01 00 00 00 00 36

000:STREAM                     1283006847.484408
 0A 04 01 00 00 00 00 37

000:STREAM                     1283006847.516402
 0A 04 01 00 00 00 00 38

000:STREAM                     1283006847.560403
 0A 04 01 00 00 00 00 39

000:STREAM                     1283006847.592406
 0A 04 01 00 00 00 00 3A

000:STREAM                     1283006847.612401
 0A 04 01 00 00 00 00 3B

000:STREAM                     1283006847.644405
 0A 04 01 00 00 00 00 3C

000:STREAM                     1283006847.692406
 0A 04 01 00 00 00 00 3D

000:STREAM                     1283006847.732400
 0A 04 01 00 00 00 00 3E

000:STREAM                     1283006847.764398
 0A 04 01 00 00 00 00 3F

000:STREAM                     1283006847.832400
 0A 04 01 00 00 00 00 40

000:STREAM                     1283006847.872400
 0A 04 01 00 00 00 00 41

000:STREAM                     1283006847.904399
 0A 04 01 00 00 00 00 42

000:STREAM                     1283006847.936399
 0A 04 01 00 00 00 00 43

000:STREAM                     1283006847.956401
 0A 04 01 00 00 00 00 44

000:STREAM                     1283006847.984401
 0A 04 01 00 00 00 00 45

000:STREAM                     1283006848.016400
 0A 04 01 00 00 00 00 46

000:STREAM                     1283006848.048399
 0A 04 01 00 00 00 00 47

000:STREAM                     1283006848.080399
 0A 04 01 00 00 00 00 48

000:STREAM                     1283006848.112407
 0A 04 01 00 00 00 00 49

000:STREAM                     1283006848.128402
 0A 04 01 00 00 00 00 4A

000:STREAM                     1283006848.148398
 0A 04 01 00 00 00 00 4B

000:STREAM                     1283006848.180401
 0A 04 01 00 00 00 00 4C

000:STREAM                     1283006848.224404
 0A 04 01 00 00 00 00 4D

000:STREAM                     1283006848.244400
 0A 04 01 00 00 00 00 4E

000:STREAM                     1283006848.300402
 0A 04 01 00 00 00 00 4F

000:STREAM                     1283006848.320400
 0A 04 01 00 00 00 00 50

000:STREAM                     1283006848.340396
 0A 04 01 00 00 00 00 51

000:STREAM                     1283006848.372400
 0A 04 01 00 00 00 00 52

000:STREAM                     1283006848.388398
 0A 04 01 00 00 00 00 53

000:STREAM                     1283006848.420402
 0A 04 01 00 00 00 00 54

000:STREAM                     1283006848.464396
 0A 04 01 00 00 00 00 55

000:STREAM                     1283006848.496398
 0A 04 01 00 00 00 00 56

000:STREAM                     1283006848.528399
 0A 04 01 00 00 00 00 57

000:STREAM                     1283006848.572401
 0A 04 01 00 00 00 00 58

000:STREAM                     1283006848.604396
 0A 04 01 00 00 00 00 59

000:STREAM                     1283006848.648398
 0A 04 01 00 00 00 00 5A

000:STREAM                     1283006848.664397
 0A 04 01 00 00 00 00 5B

000:STREAM                     1283006848.692398
 0A 04 01 00 00 00 00 5C

000:STREAM                     1283006848.724400
 0A 04 01 00 00 00 00 5D

000:STREAM                     1283006848.756397
 0A 04 01 00 00 00 00 5E

000:STREAM                     1283006848.788400
 0A 04 01 00 00 00 00 5F

000:STREAM                     1283006848.832397
 0A 04 01 00 00 00 00 60

000:STREAM                     1283006848.876398
 0A 04 01 00 00 00 00 61

000:STREAM                     1283006849.004397
 0A 04 FF 00 00 00 00 62

000:STREAM                     1283006849.076397
 0A 04 FF 00 00 00 00 63

000:STREAM                     1283006849.092397
 0A 04 FF 00 00 00 00 64

000:STREAM                     1283006849.124396
 0A 04 FF 00 00 00 00 65

000:STREAM                     1283006849.144395
 0A 04 FF 00 00 00 00 66

000:STREAM                     1283006849.176400
 0A 04 FF 00 00 00 00 67

000:STREAM                     1283006849.208392
 0A 04 FF 00 00 00 00 68

000:STREAM                     1283006849.296391
 0A 04 FF 00 00 00 00 69

000:STREAM                     1283006849.328395
 0A 04 FF 00 00 00 00 6A

000:STREAM                     1283006849.360395
 0A 04 FF 00 00 00 00 6B

000:STREAM                     1283006849.392395
 0A 04 FF 00 00 00 00 6C

000:STREAM                     1283006849.448393
 0A 04 FF 00 00 00 00 6D

000:STREAM                     1283006849.508396
 0A 04 FF 00 00 00 00 6E

000:STREAM                     1283006849.592392
 0A 04 FF 00 00 00 00 6F

000:STREAM                     1283006849.608392
 0A 04 FF 00 00 00 00 70

000:STREAM                     1283006849.656392
 0A 04 FF 00 00 00 00 71

000:STREAM                     1283006849.672392
 0A 04 FF 00 00 00 00 72

000:STREAM                     1283006849.704393
 0A 04 FF 00 00 00 00 73

000:STREAM                     1283006849.732396
 0A 04 FF 00 00 00 00 74

000:STREAM                     1283006849.780391
 0A 04 FF 00 00 00 00 75

000:STREAM                     1283006849.800391
 0A 04 FF 00 00 00 00 76

000:STREAM                     1283006849.868392
 0A 04 FF 00 00 00 00 77

000:STREAM                     1283006849.888389
 0A 04 FF 00 00 00 00 78

000:STREAM                     1283006849.920391
 0A 04 FF 00 00 00 00 79

000:STREAM                     1283006849.936389
 0A 04 FF 00 00 00 00 7A

000:STREAM                     1283006849.992399
 0A 04 FF 00 00 00 00 7B

000:STREAM                     1283006850.024391
 0A 04 FF 00 00 00 00 7C

000:STREAM                     1283006850.056390
 0A 04 FF 00 00 00 00 7D

000:STREAM                     1283006850.096388
 0A 04 FF 00 00 00 00 7E

000:STREAM                     1283006850.128388
 0A 04 FF 00 00 00 00 7F

000:STREAM                     1283006850.192390
 0A 04 FF 00 00 00 00 80

000:STREAM                     1283006850.224394
 0A 04 FF 00 00 00 00 81

000:STREAM                     1283006850.244390
 0A 04 FF 00 00 00 00 82

000:STREAM                     1283006850.264389
 0A 04 FF 00 00 00 00 83

000:STREAM                     1283006850.364392
 0A 04 FF 00 00 00 00 84

000:STREAM                     1283006850.380389
 0A 04 FF 00 00 00 00 85

000:STREAM                     1283006850.424392
 0A 04 FF 00 00 00 00 86

000:STREAM                     1283006850.492388
 0A 04 FF 00 00 00 00 87

000:STREAM                     1283006850.532390
 0A 04 FF 00 00 00 00 88

000:STREAM                     1283006850.564386
 0A 04 FF 00 00 00 00 89

000:STREAM                     1283006850.632386
 0A 04 FF 00 00 00 00 8A

000:STREAM                     1283006850.648388
 0A 04 FF 00 00 00 00 8B

000:STREAM                     1283006850.668388
 0A 04 FF 00 00 00 00 8C

000:STREAM                     1283006850.700388
 0A 04 FF 00 00 00 00 8D

000:STREAM                     1283006850.796385
 0A 04 FF 00 00 00 00 8E

000:STREAM                     1283006850.860387
 0A 04 FF 00 00 00 00 8F

000:STREAM                     1283006850.920386
 0A 04 FF 00 00 00 00 90

000:STREAM                     1283006851.020388
 0A 04 FF 00 00 00 00 91

000:STREAM                     1283006851.048386
 0A 04 FF 00 00 00 00 92

000:STREAM                     1283006851.080385
 0A 04 FF 00 00 00 00 93

000:STREAM                     1283006851.112383
 0A 04 FF 00 00 00 00 94

000:STREAM                     1283006851.956383
 0A 04 00 01 00 00 00 00

000:STREAM                     1283006852.112388
 0A 04 00 00 00 00 00 00

000:STREAM                     1283006852.276380
 0A 04 00 01 00 00 00 00

000:STREAM                     1283006852.432377
 0A 04 00 00 00 00 00 00

000:STREAM                     1283006852.584386
 0A 04 00 01 00 00 00 00

000:STREAM                     1283006852.740377
 0A 04 00 00 00 00 00 00

000:STREAM                     1283006852.928374
 0A 04 00 01 00 00 00 00

000:STREAM                     1283006853.068384
 0A 04 00 00 00 00 00 00

000:STREAM                     1283006853.248376
 0A 04 00 01 00 00 00 00

000:STREAM                     1283006853.388384
 0A 04 00 00 00 00 00 00

000:STREAM                     1283006853.568377
 0A 04 00 01 00 00 00 00

000:STREAM                     1283006853.708375
 0A 04 00 00 00 00 00 00

000:STREAM                     1283006853.888373
 0A 04 00 01 00 00 00 00

000:STREAM                     1283006854.028374
 0A 04 00 00 00 00 00 00

