000:STREAM                     1283006817.232572
 0A 03 00 00 00 00 00 A9

000:STREAM                     1283006817.236523
 0A 03 00 00 00 00 00 74

000:STREAM                     1283006817.240541
 0A 03 00 00 00 00 00 3F

000:STREAM                     1283006817.244532
 0A 03 00 00 00 00 00 09

000:STREAM                     1283006817.248543
 0A 03 00 00 00 00 00 D4

000:STREAM                     1283006817.252546
 0A 03 00 00 00 00 00 9F

000:STREAM                     1283006817.256536
 0A 03 00 00 00 00 00 6A

000:STREAM                     1283006817.260539
 0A 03 00 00 00 00 00 34

000:STREAM                     1283006817.264535
 0A 03 00 00 00 00 00 FF

000:STREAM                     1283006817.268548
 0A 03 00 00 00 00 00 CA

000:STREAM                     1283006817.272536
 0A 03 00 00 00 00 00 95

000:STREAM                     1283006817.276540
 0A 03 00 00 00 00 00 60

000:STREAM                     1283006817.280534
 0A 03 00 00 00 00 00 2A

000:STREAM                     1283006817.284531
 0A 03 00 00 00 00 00 F5

000:STREAM                     1283006817.288538
 0A 03 00 00 00 00 00 C0

000:STREAM                     1283006817.292539
 0A 03 00 00 00 00 00 8B

000:STREAM                     1283006817.296536
 0A 03 00 00 00 00 00 55

000:STREAM                     1283006817.300532
 0A 03 00 00 00 00 00 20

000:STREAM                     1283006817.304539
 0A 03 00 00 00 00 00 EB

000:STREAM                     1283006817.308536
 0A 03 00 00 00 00 00 B5

000:STREAM                     1283006817.312538
 0A 03 00 00 00 00 00 80

000:STREAM                     1283006817.316545
 0A 03 00 00 00 00 00 4B

000:STREAM                     1283006817.320538
 0A 03 00 00 00 00 00 15

000:STREAM                     1283006817.324537
 0A 03 00 00 00 00 00 E0

000:STREAM                     1283006817.328537
 0A 03 00 00 00 00 00 AB

000:STREAM                     1283006817.332537
 0A 03 00 00 00 00 00 76

000:STREAM                     1283006817.336538
 0A 03 00 00 00 00 00 41

000:STREAM                     1283006817.340546
 0A 03 00 00 00 00 00 0B

000:STREAM                     1283006817.344536
 0A 03 00 00 00 00 00 D6

000:STREAM                     1283006817.348536
 0A 03 00 00 00 00 00 A1

000:STREAM                     1283006817.352539
 0A 03 00 00 00 00 00 6C

000:STREAM                     1283006817.356544
 0A 03 00 00 00 00 00 37

000:STREAM                     1283006817.360536
 0A 03 00 00 00 00 00 01

000:STREAM                     1283006817.364537
 0A 03 00 00 00 00 00 CC

000:STREAM                     1283006817.368544
 0A 03 00 00 00 00 00 97

000:STREAM                     1283006817.372538
 0A 03 00 00 00 00 00 61

000:STREAM                     1283006817.376536
 0A 03 00 00 00 00 00 2C

000:STREAM                     1283006817.380546
 0A 03 00 00 00 00 00 F7

000:STREAM                     1283006817.384537
 0A 03 00 00 00 00 00 A2

000:STREAM                     1283006818.544549
 0A 03 00 00 00 00 00 D5

000:STREAM                     1283006818.548531
 0A 03 00 00 00 00 00 A0

000:STREAM                     1283006818.552529
 0A 03 00 00 00 00 00 6B

000:STREAM                     1283006818.556537
 0A 03 00 00 00 00 00 36

000:STREAM                     1283006818.560531
 0A 03 00 00 00 00 00 00

000:STREAM                     1283006818.564531
 0A 03 00 00 00 00 00 CB

000:STREAM                     1283006818.568533
 0A 03 00 00 00 00 00 96

000:STREAM                     1283006818.572539
 0A 03 00 00 00 00 00 60

000:STREAM                     1283006818.576531
 0A 03 00 00 00 00 00 2B

000:STREAM                     1283006818.580532
 0A 03 00 00 00 00 00 F6

000:STREAM                     1283006818.584539
 0A 03 00 00 00 00 00 C0

000:STREAM                     1283006818.588531
 0A 03 00 00 00 00 00 8B

000:STREAM                     1283006818.592532
 0A 03 00 00 00 00 00 56

000:STREAM                     1283006818.596538
 0A 03 00 00 00 00 00 21

000:STREAM                     1283006818.600528
 0A 03 00 00 00 00 00 EB

000:STREAM                     1283006818.604530
 0A 03 00 00 00 00 00 B6

000:STREAM                     1283006818.608541
 0A 03 00 00 00 00 00 81

000:STREAM                     1283006818.612520
 0A 03 00 00 00 00 00 4C

000:STREAM                     1283006818.616533
 0A 03 00 00 00 00 00 17

000:STREAM                     1283006818.620528
 0A 03 00 00 00 00 00 E1

000:STREAM                     1283006818.624531
 0A 03 00 00 00 00 00 AC

000:STREAM                     1283006818.628538
 0A 03 00 00 00 00 00 77

000:STREAM                     1283006818.632528
 0A 03 00 00 00 00 00 42

000:STREAM                     1283006818.636540
 0A 03 00 00 00 00 00 0C

000:STREAM                     1283006818.640532
 0A 03 00 00 00 00 00 D7

000:STREAM                     1283006818.644529
 0A 03 00 00 00 00 00 A2

000:STREAM                     1283006818.648539
 0A 03 00 00 00 00 00 6C

000:STREAM                     1283006818.652533
 0A 03 00 00 00 00 00 37

000:STREAM                     1283006818.656538
 0A 03 00 00 00 00 00 02

000:STREAM                     1283006818.660533
 0A 03 00 00 00 00 00 CC

000:STREAM                     1283006818.664539
 0A 03 00 00 00 00 00 97

000:STREAM                     1283006818.668532
 0A 03 00 00 00 00 00 62

000:STREAM                     1283006818.672532
 0A 03 00 00 00 00 00 2D

000:STREAM                     1283006818.676537
 0A 03 00 00 00 00 00 F8

000:STREAM                     1283006818.680531
 0A 03 00 00 00 00 00 C2

000:STREAM                     1283006818.684529
 0A 03 00 00 00 00 00 8D

000:STREAM                     1283006818.688537
 0A 03 00 00 00 00 00 58

000:STREAM                     1283006818.692531
 0A 03 00 00 00 00 00 23

000:STREAM                     1283006818.696528
 0A 03 00 00 00 00 00 EE

000:STREAM                     1283006818.700540
 0A 03 00 00 00 00 00 B8

000:STREAM                     1283006818.704540
 0A 03 00 00 00 00 00 83

000:STREAM                     1283006818.708530
 0A 03 00 00 00 00 00 4E

000:STREAM                     1283006818.712540
 0A 03 00 00 00 00 00 18

000:STREAM                     1283006818.716531
 0A 03 00 00 00 00 00 E3

000:STREAM                     1283006818.720530
 0A 03 00 00 00 00 00 AE

000:STREAM                     1283006818.724535
 0A 03 00 00 00 00 00 78

000:STREAM                     1283006818.728530
 0A 03 00 00 00 00 00 43

000:STREAM                     1283006818.732529
 0A 03 00 00 00 00 00 06

000:STREAM                     1283006818.972539
 0A 03 00 00 00 00 00 BD

000:STREAM                     1283006818.976532
 0A 03 00 00 00 00 00 88

000:STREAM                     1283006818.980529
 0A 03 00 00 00 00 00 53

000:STREAM                     1283006818.984537
 0A 03 00 00 00 00 00 1E

000:STREAM                     1283006818.988530
 0A 03 00 00 00 00 00 E8

000:STREAM                     1283006818.992526
 0A 03 00 00 00 00 00 B3

000:STREAM                     1283006818.996530
 0A 03 00 00 00 00 00 7E

000:STREAM                     1283006819.000536
 0A 03 00 00 00 00 00 48

000:STREAM                     1283006819.004527
 0A 03 00 00 00 00 00 13

000:STREAM                     1283006819.008529
 0A 03 00 00 00 00 00 DE

000:STREAM                     1283006819.012530
 0A 03 00 00 00 00 00 A9

000:STREAM                     1283006819.016527
 0A 03 00 00 00 00 00 74

000:STREAM                     1283006819.020529
 0A 03 00 00 00 00 00 3E

000:STREAM                     1283006819.024529
 0A 03 00 00 00 00 00 09

000:STREAM                     1283006819.028535
 0A 03 00 00 00 00 00 D4

000:STREAM                     1283006819.032529
 0A 03 00 00 00 00 00 9F

000:STREAM                     1283006819.036536
 0A 03 00 00 00 00 00 69

000:STREAM                     1283006819.040530
 0A 03 00 00 00 00 00 34

000:STREAM                     1283006819.044528
 0A 03 00 00 00 00 00 FF

000:STREAM                     1283006819.048529
 0A 03 00 00 00 00 00 C9

000:STREAM                     1283006819.052529
 0A 03 00 00 00 00 00 94

000:STREAM                     1283006819.056529
 0A 03 00 00 00 00 00 5F

000:STREAM                     1283006819.060536
 0A 03 00 00 00 00 00 29

000:STREAM                     1283006819.064527
 0A 03 00 00 00 00 00 F4

000:STREAM                     1283006819.068529
 0A 03 00 00 00 00 00 BF

000:STREAM                     1283006819.072531
 0A 03 00 00 00 00 00 8A

000:STREAM                     1283006819.076529
 0A 03 00 00 00 00 00 55

000:STREAM                     1283006819.080528
 0A 03 00 00 00 00 00 1F

000:STREAM                     1283006819.084535
 0A 03 00 00 00 00 00 EA

000:STREAM                     1283006819.088528
 0A 03 00 00 00 00 00 B5

000:STREAM                     1283006819.092527
 0A 03 00 00 00 00 00 80

000:STREAM                     1283006819.096534
 0A 03 00 00 00 00 00 4B

000:STREAM                     1283006819.100527
 0A 03 00 00 00 00 00 15

000:STREAM                     1283006819.104534
 0A 03 00 00 00 00 00 E0

000:STREAM                     1283006819.108526
 0A 03 00 00 00 00 00 AB

000:STREAM                     1283006819.112536
 0A 03 00 00 00 00 00 75

000:STREAM                     1283006819.116527
 0A 03 00 00 00 00 00 40

000:STREAM                     1283006819.120526
 0A 03 00 00 00 00 00 0B

000:STREAM                     1283006819.124534
 0A 03 00 00 00 00 00 D5

000:STREAM                     1283006819.128526
 0A 03 00 00 00 00 00 A0

000:STREAM                     1283006819.132525
 0A 03 00 00 00 00 00 6B

000:STREAM                     1283006819.136526
 0A 03 00 00 00 00 00 36

000:STREAM                     1283006819.140525
 0A 03 00 00 00 00 00 00

000:STREAM                     1283006819.144533
 0A 03 00 00 00 00 00 5B

000:STREAM                     1283006819.368536
 0A 03 00 00 00 00 00 7B

000:STREAM                     1283006819.372529
 0A 03 00 00 00 00 00 46

000:STREAM                     1283006819.376525
 0A 03 00 00 00 00 00 11

000:STREAM                     1283006819.380535
 0A 03 00 00 00 00 00 DC

000:STREAM                     1283006819.384528
 0A 03 00 00 00 00 00 A7

000:STREAM                     1283006819.388525
 0A 03 00 00 00 00 00 71

000:STREAM                     1283006819.392527
 0A 03 00 00 00 00 00 3C

000:STREAM                     1283006819.396535
 0A 03 00 00 00 00 00 07

000:STREAM                     1283006819.400526
 0A 03 00 00 00 00 00 D1

000:STREAM                     1283006819.404527
 0A 03 00 00 00 00 00 9C

000:STREAM                     1283006819.408533
 0A 03 00 00 00 00 00 67

000:STREAM                     1283006819.412526
 0A 03 00 00 00 00 00 32

000:STREAM                     1283006819.416527
 0A 03 00 00 00 00 00 FD

000:STREAM                     1283006819.420528
 0A 03 00 00 00 00 00 C7

000:STREAM                     1283006819.424528
 0A 03 00 00 00 00 00 92

000:STREAM                     1283006819.428524
 0A 03 00 00 00 00 00 5D

000:STREAM                     1283006819.432535
 0A 03 00 00 00 00 00 28

000:STREAM                     1283006819.436524
 0A 03 00 00 00 00 00 F2

000:STREAM                     1283006819.440527
 0A 03 00 00 00 00 00 BD

000:STREAM                     1283006819.444537
 0A 03 00 00 00 00 00 88

000:STREAM                     1283006819.448525
 0A 03 00 00 00 00 00 52

000:STREAM                     1283006819.452527
 0A 03 00 00 00 00 00 1D

000:STREAM                     1283006819.456528
 0A 03 00 00 00 00 00 E8

000:STREAM                     1283006819.460526
 0A 03 00 00 00 00 00 B2

000:STREAM                     1283006819.464526
 0A 03 00 00 00 00 00 7D

000:STREAM                     1283006819.468528
 0A 03 00 00 00 00 00 48

000:STREAM                     1283006819.472526
 0A 03 00 00 00 00 00 13

000:STREAM                     1283006819.476524
 0A 03 00 00 00 00 00 DE

000:STREAM                     1283006819.480527
 0A 03 00 00 00 00 00 A8

000:STREAM                     1283006819.484524
 0A 03 00 00 00 00 00 73

000:STREAM                     1283006819.488534
 0A 03 00 00 00 00 00 3E

000:STREAM                     1283006819.492527
 0A 03 00 00 00 00 00 09

000:STREAM                     1283006819.496528
 0A 03 00 00 00 00 00 D4

000:STREAM                     1283006819.500528
 0A 03 00 00 00 00 00 9E

000:STREAM                     1283006819.504528
 0A 03 00 00 00 00 00 69

000:STREAM                     1283006819.508534
 0A 03 00 00 00 00 00 34

000:STREAM                     1283006819.512527
 0A 03 00 00 00 00 00 A9

000:STREAM                     1283006819.772536
 0A 03 00 00 00 00 00 E2

000:STREAM                     1283006819.776528
 0A 03 00 00 00 00 00 AD

000:STREAM                     1283006819.780526
 0A 03 00 00 00 00 00 78

000:STREAM                     1283006819.784533
 0A 03 00 00 00 00 00 43

000:STREAM                     1283006819.788526
 0A 03 00 00 00 00 00 0D

000:STREAM                     1283006819.792525
 0A 03 00 00 00 00 00 D8

000:STREAM                     1283006819.796525
 0A 03 00 00 00 00 00 A3

000:STREAM                     1283006819.800526
 0A 03 00 00 00 00 00 6D

000:STREAM                     1283006819.804525
 0A 03 00 00 00 00 00 38

000:STREAM                     1283006819.808531
 0A 03 00 00 00 00 00 03

000:STREAM                     1283006819.812526
 0A 03 00 00 00 00 00 CE

000:STREAM                     1283006819.816533
 0A 03 00 00 00 00 00 99

000:STREAM                     1283006819.820525
 0A 03 00 00 00 00 00 63

000:STREAM                     1283006819.824525
 0A 03 00 00 00 00 00 2E

000:STREAM                     1283006819.828526
 0A 03 00 00 00 00 00 F9

000:STREAM                     1283006819.832532
 0A 03 00 00 00 00 00 C4

000:STREAM                     1283006819.836528
 0A 03 00 00 00 00 00 8F

000:STREAM                     1283006819.840534
 0A 03 00 00 00 00 00 59

000:STREAM                     1283006819.844525
 0A 03 00 00 00 00 00 24

000:STREAM                     1283006819.848524
 0A 03 00 00 00 00 00 EF

000:STREAM                     1283006819.852524
 0A 03 00 00 00 00 00 B9

000:STREAM                     1283006819.856533
 0A 03 00 00 00 00 00 84

000:STREAM                     1283006819.860521
 0A 03 00 00 00 00 00 4F

000:STREAM                     1283006819.864523
 0A 03 00 00 00 00 00 19

000:STREAM                     1283006819.868532
 0A 03 00 00 00 00 00 E4

000:STREAM                     1283006819.872524
 0A 03 00 00 00 00 00 AF

000:STREAM                     1283006819.876530
 0A 03 00 00 00 00 00 7A

000:STREAM                     1283006819.880525
 0A 03 00 00 00 00 00 44

000:STREAM                     1283006819.884523
 0A 03 00 00 00 00 00 0F

000:STREAM                     1283006819.888521
 0A 03 00 00 00 00 00 DA

000:STREAM                     1283006819.892532
 0A 03 00 00 00 00 00 A5

000:STREAM                     1283006819.896525
 0A 03 00 00 00 00 00 70

000:STREAM                     1283006819.900528
 0A 03 00 00 00 00 00 3A

000:STREAM                     1283006819.904525
 0A 03 00 00 00 00 00 05

000:STREAM                     1283006819.908523
 0A 03 00 00 00 00 00 D0

000:STREAM                     1283006819.912521
 0A 03 00 00 00 00 00 9B

000:STREAM                     1283006819.916532
 0A 03 00 00 00 00 00 65

000:STREAM                     1283006819.920522
 0A 03 00 00 00 00 00 30

000:STREAM                     1283006819.924526
 0A 03 00 00 00 00 00 FB

000:STREAM                     1283006819.928525
 0A 03 00 00 00 00 00 C5

000:STREAM                     1283006819.932533
 0A 03 00 00 00 00 00 90

000:STREAM                     1283006819.936549
 0A 03 00 00 00 00 00 05

000:STREAM                     1283006820.184537
 0A 03 00 00 00 00 00 45

000:STREAM                     1283006820.188533
 0A 03 00 00 00 00 00 10

000:STREAM                     1283006820.192530
 0A 03 00 00 00 00 00 DB

000:STREAM                     1283006820.196524
 0A 03 00 00 00 00 00 A6

000:STREAM                     1283006820.200526
 0A 03 00 00 00 00 00 70

000:STREAM                     1283006820.204525
 0A 03 00 00 00 00 00 3B

000:STREAM                     1283006820.208522
 0A 03 00 00 00 00 00 06

000:STREAM                     1283006820.212531
 0A 03 00 00 00 00 00 D0

000:STREAM                     1283006820.216524
 0A 03 00 00 00 00 00 9B

000:STREAM                     1283006820.220532
 0A 03 00 00 00 00 00 66

000:STREAM                     1283006820.224524
 0A 03 00 00 00 00 00 30

000:STREAM                     1283006820.228521
 0A 03 00 00 00 00 00 FB

000:STREAM                     1283006820.232524
 0A 03 00 00 00 00 00 C6

000:STREAM                     1283006820.236524
 0A 03 00 00 00 00 00 91

000:STREAM                     1283006820.240523
 0A 03 00 00 00 00 00 5B

000:STREAM                     1283006820.244524
 0A 03 00 00 00 00 00 26

000:STREAM                     1283006820.248523
 0A 03 00 00 00 00 00 F1

000:STREAM                     1283006820.252521
 0A 03 00 00 00 00 00 BC

000:STREAM                     1283006820.256528
 0A 03 00 00 00 00 00 87

000:STREAM                     1283006820.260523
 0A 03 00 00 00 00 00 51

000:STREAM                     1283006820.264521
 0A 03 00 00 00 00 00 1C

000:STREAM                     1283006820.268523
 0A 03 00 00 00 00 00 E7

000:STREAM                     1283006820.272531
 0A 03 00 00 00 00 00 B2

000:STREAM                     1283006820.276525
 0A 03 00 00 00 00 00 7C

000:STREAM                     1283006820.280524
 0A 03 00 00 00 00 00 47

000:STREAM                     1283006820.284530
 0A 03 00 00 00 00 00 12

000:STREAM                     1283006820.288522
 0A 03 00 00 00 00 00 DC

000:STREAM                     1283006820.292524
 0A 03 00 00 00 00 00 A7

000:STREAM                     1283006820.296522
 0A 03 00 00 00 00 00 72

000:STREAM                     1283006820.300522
 0A 03 00 00 00 00 00 3C

000:STREAM                     1283006820.304529
 0A 03 00 00 00 00 00 CA

000:STREAM                     1283006820.996532
 0A 03 01 00 00 00 00 CB

000:STREAM                     1283006821.040526
 0A 03 01 00 00 00 00 CC

000:STREAM                     1283006821.072528
 0A 03 01 00 00 00 00 CD

000:STREAM                     1283006821.140527
 0A 03 01 00 00 00 00 CE

000:STREAM                     1283006821.180531
 0A 03 01 00 00 00 00 CF

000:STREAM                     1283006821.212531
 0A 03 01 00 00 00 00 D0

000:STREAM                     1283006821.244528
 0A 03 01 00 00 00 00 D1

000:STREAM                     1283006821.288526
 0A 03 01 00 00 00 00 D2

000:STREAM                     1283006821.320530
 0A 03 01 00 00 00 00 D3

000:STREAM                     1283006821.388528
 0A 03 01 00 00 00 00 D4

000:STREAM                     1283006821.420527
 0A 03 01 00 00 00 00 D5

000:STREAM                     1283006821.452529
 0A 03 01 00 00 00 00 D6

000:STREAM                     1283006821.496524
 0A 03 01 00 00 00 00 D7

000:STREAM                     1283006821.516526
 0A 03 01 00 00 00 00 D8

000:STREAM                     1283006821.548525
 0A 03 01 00 00 00 00 D9

000:STREAM                     1283006821.564525
 0A 03 01 00 00 00 00 DA

000:STREAM                     1283006821.580523
 0A 03 01 00 00 00 00 DB

000:STREAM                     1283006821.612527
 0A 03 01 00 00 00 00 DC

000:STREAM                     1283006821.632525
 0A 03 01 00 00 00 00 DD

000:STREAM                     1283006821.664524
 0A 03 01 00 00 00 00 DE

000:STREAM                     1283006821.684524
 0A 03 01 00 00 00 00 DF

000:STREAM                     1283006821.716529
 0A 03 01 00 00 00 00 E0

000:STREAM                     1283006821.800527
 0A 03 01 00 00 00 00 E1

000:STREAM                     1283006821.832529
 0A 03 01 00 00 00 00 E2

000:STREAM                     1283006821.852570
 0A 03 01 00 00 00 00 E3

000:STREAM                     1283006821.884523
 0A 03 01 00 00 00 00 E4

000:STREAM                     1283006821.900527
 0A 03 01 00 00 00 00 E5

000:STREAM                     1283006821.920526
 0A 03 01 00 00 00 00 E6

000:STREAM                     1283006821.964524
 0A 03 01 00 00 00 00 E7

000:STREAM                     1283006821.984523
 0A 03 01 00 00 00 00 E8

000:STREAM                     1283006822.016524
 0A 03 01 00 00 00 00 E9

000:STREAM                     1283006822.048526
 0A 03 01 00 00 00 00 EA

000:STREAM                     1283006822.080528
 0A 03 01 00 00 00 00 EB

000:STREAM                     1283006822.100522
 0A 03 01 00 00 00 00 EC

000:STREAM                     1283006822.116519
 0A 03 01 00 00 00 00 ED

000:STREAM                     1283006822.148527
 0A 03 01 00 00 00 00 EE

000:STREAM                     1283006822.216522
 0A 03 01 00 00 00 00 EF

000:STREAM                     1283006822.260525
 0A 03 01 00 00 00 00 F0

000:STREAM                     1283006822.276520
 0A 03 01 00 00 00 00 F1

000:STREAM                     1283006822.292521
 0A 03 01 00 00 00 00 F2

000:STREAM                     1283006822.312525
 0A 03 01 00 00 00 00 F3

000:STREAM                     1283006822.344522
 0A 03 01 00 00 00 00 F4

000:STREAM                     1283006822.376521
 0A 03 01 00 00 00 00 F5

000:STREAM                     1283006822.416522
 0A 03 01 00 00 00 00 F6

000:STREAM                     1283006822.448521
 0A 03 01 00 00 00 00 F7

000:STREAM                     1283006822.588522
 0A 03 01 00 00 00 00 F8

000:STREAM                     1283006822.604518
 0A 03 01 00 00 00 00 F9

000:STREAM                     1283006822.648520
 0A 03 01 00 00 00 00 FA

000:STREAM                     1283006822.668511
 0A 03 01 00 00 00 00 FB

000:STREAM                     1283006822.700519
 0A 03 01 00 00 00 00 FC

000:STREAM                     1283006822.716520
 0A 03 01 00 00 00 00 FD

000:STREAM                     1283006822.748520
 0A 03 01 00 00 00 00 FE

000:STREAM                     1283006822.780523
 0A 03 01 00 00 00 00 FF

000:STREAM                     1283006822.812520
 0A 03 01 00 00 00 00 00

000:STREAM                     1283006822.856520
 0A 03 01 00 00 00 00 01

000:STREAM                     1283006822.900519
 0A 03 01 00 00 00 00 02

000:STREAM                     1283006822.968520
 0A 03 01 00 00 00 00 03

000:STREAM                     1283006823.036526
 0A 03 01 00 00 00 00 04

000:STREAM                     1283006823.104519
 0A 03 01 00 00 00 00 05

000:STREAM                     1283006823.144516
 0A 03 01 00 00 00 00 06

000:STREAM                     1283006823.200521
 0A 03 01 00 00 00 00 07

000:STREAM                     1283006823.244518
 0A 03 01 00 00 00 00 08

000:STREAM                     1283006823.288517
 0A 03 01 00 00 00 00 09

000:STREAM                     1283006823.320518
 0A 03 01 00 00 00 00 0A

000:STREAM                     1283006823.352525
 0A 03 01 00 00 00 00 0B

000:STREAM                     1283006823.380520
 0A 03 01 00 00 00 00 0C

000:STREAM                     1283006823.412516
 0A 03 01 00 00 00 00 0D

000:STREAM                     1283006823.444516
 0A 03 01 00 00 00 00 0E

000:STREAM                     1283006823.460512
 0A 03 01 00 00 00 00 0F

000:STREAM                     1283006823.492517
 0A 03 01 00 00 00 00 10

000:STREAM                     1283006823.552517
 0A 03 01 00 00 00 00 11

000:STREAM                     1283006823.584515
 0A 03 01 00 00 00 00 12

000:STREAM                     1283006823.616517
 0A 03 01 00 00 00 00 13

000:STREAM                     1283006823.648515
 0A 03 01 00 00 00 00 14

000:STREAM                     1283006823.664511
 0A 03 01 00 00 00 00 15

000:STREAM                     1283006823.696515
 0A 03 01 00 00 00 00 16

000:STREAM                     1283006823.728514
 0A 03 01 00 00 00 00 17

000:STREAM                     1283006823.772515
 0A 03 01 00 00 00 00 18

000:STREAM                     1283006823.816514
 0A 03 01 00 00 00 00 19

000:STREAM                     1283006823.896515
 0A 03 01 00 00 00 00 1A

000:STREAM                     1283006824.000516
 0A 03 FF 00 00 00 00 1B

000:STREAM                     1283006824.056513
 0A 03 FF 00 00 00 00 1C

000:STREAM                     1283006824.072513
 0A 03 FF 00 00 00 00 1D

000:STREAM                     1283006824.104511
 0A 03 FF 00 00 00 00 1E

000:STREAM                     1283006824.124516
 0A 03 FF 00 00 00 00 1F

000:STREAM                     1283006824.180511
 0A 03 FF 00 00 00 00 20

000:STREAM                     1283006824.224516
 0A 03 FF 00 00 00 00 21

000:STREAM                     1283006824.256504
 0A 03 FF 00 00 00 00 22

000:STREAM                     1283006824.288512
 0A 03 FF 00 00 00 00 23

000:STREAM                     1283006824.320515
 0A 03 FF 00 00 00 00 24

000:STREAM                     1283006824.380514
 0A 03 FF 00 00 00 00 25

000:STREAM                     1283006824.396510
 0A 03 FF 00 00 00 00 26

000:STREAM                     1283006824.440515
 0A 03 FF 00 00 00 00 27

000:STREAM                     1283006824.456509
 0A 03 FF 00 00 00 00 28

000:STREAM                     1283006824.472508
 0A 03 FF 00 00 00 00 29

000:STREAM                     1283006824.504516
 0A 03 FF 00 00 00 00 2A

000:STREAM                     1283006824.524513
 0A 03 FF 00 00 00 00 2B

000:STREAM                     1283006824.556513
 0A 03 FF 00 00 00 00 2C

000:STREAM                     1283006824.620516
 0A 03 FF 00 00 00 00 2D

000:STREAM                     1283006824.652510
 0A 03 FF 00 00 00 00 2E

000:STREAM                     1283006824.672512
 0A 03 FF 00 00 00 00 2F

000:STREAM                     1283006824.744512
 0A 03 FF 00 00 00 00 30

000:STREAM                     1283006824.796511
 0A 03 FF 00 00 00 00 31

000:STREAM                     1283006824.828511
 0A 03 FF 00 00 00 00 32

000:STREAM                     1283006824.844507
 0A 03 FF 00 00 00 00 33

000:STREAM                     1283006824.920509
 0A 03 FF 00 00 00 00 34

000:STREAM                     1283006824.940508
 0A 03 FF 00 00 00 00 35

000:STREAM                     1283006824.996511
 0A 03 FF 00 00 00 00 36

000:STREAM                     1283006825.036512
 0A 03 FF 00 00 00 00 37

000:STREAM                     1283006825.068506
 0A 03 FF 00 00 00 00 38

000:STREAM                     1283006825.084506
 0A 03 FF 00 00 00 00 39

000:STREAM                     1283006825.128507
 0A 03 FF 00 00 00 00 3A

000:STREAM                     1283006825.160511
 0A 03 FF 00 00 00 00 3B

000:STREAM                     1283006825.192510
 0A 03 FF 00 00 00 00 3C

000:STREAM                     1283006825.208506
 0A 03 FF 00 00 00 00 3D

000:STREAM                     1283006825.240510
 0A 03 FF 00 00 00 00 3E

000:STREAM                     1283006825.272508
 0A 03 FF 00 00 00 00 3F

000:STREAM                     1283006825.292511
 0A 03 FF 00 00 00 00 40

000:STREAM                     1283006825.336508
 0A 03 FF 00 00 00 00 41

000:STREAM                     1283006825.352504
 0A 03 FF 00 00 00 00 42

000:STREAM                     1283006825.368505
 0A 03 FF 00 00 00 00 43

000:STREAM                     1283006825.384504
 0A 03 FF 00 00 00 00 44

000:STREAM                     1283006825.416508
 0A 03 FF 00 00 00 00 45

000:STREAM                     1283006825.448509
 0A 03 FF 00 00 00 00 46

000:STREAM                     1283006825.468506
 0A 03 FF 00 00 00 00 47

000:STREAM                     1283006825.512506
 0A 03 FF 00 00 00 00 48

000:STREAM                     1283006825.544508
 0A 03 FF 00 00 00 00 49

000:STREAM                     1283006825.576507
 0A 03 FF 00 00 00 00 4A

000:STREAM                     1283006825.608508
 0A 03 FF 00 00 00 00 4B

000:STREAM                     1283006825.652504
 0A 03 FF 00 00 00 00 4C

000:STREAM                     1283006826.128506
 0A 03 00 01 00 00 00 00

000:STREAM                     1283006826.236510
 0A 03 00 00 00 00 00 00

000:STREAM                     1283006826.412506
 0A 03 00 01 00 00 00 00

000:STREAM                     1283006826.528503
 0A 03 00 00 00 00 00 00

000:STREAM                     1283006826.696502
 0A 03 00 01 00 00 00 00

000:STREAM                     1283006826.812500
 0A 03 00 00 00 00 00 00

000:STREAM                     1283006826.980498
 0A 03 00 01 00 00 00 00

000:STREAM                     1283006827.100505
 0A 03 00 00 00 00 00 00

000:STREAM                     1283006827.276502
 0A 03 00 01 00 00 00 00

000:STREAM                     1283006827.396502
 0A 03 00 00 00 00 00 00

