000:STREAM                     1283006990.452431
 0A 01 00 00 00 00 00 00

000:STREAM                     1283006990.820401
 0A 01 01 00 00 00 00 00

000:STREAM                     1283006991.200404
 0A 01 00 00 00 00 00 00

000:STREAM                     1283006991.588402
 0A 01 01 00 00 00 00 00

000:STREAM                     1283006991.992410
 0A 01 00 00 00 00 00 00

000:STREAM                     1283006992.456403
 0A 01 01 00 00 00 00 00

000:STREAM                     1283006992.880400
 0A 01 00 00 00 00 00 00

000:STREAM                     1283006993.296389
 0A 01 01 00 00 00 00 00

