000:STREAM                     1283007042.400186
 02 8F 4A EF 37 03 03 00

000:STREAM                     1283007042.404155
 02 8F 4A EF 37 03 03 00

000:STREAM                     1283007042.408141
 02 8F 4A EF 37 03 03 00

000:STREAM                     1283007042.416158
 02 8F 4A EF 37 03 03 00

000:STREAM                     1283007042.420149
 02 8F 4A EF 37 03 03 00

000:STREAM                     1283007042.424156
 02 8F 4A EF 37 03 03 00

000:STREAM                     1283007042.428150
 02 8F 4A EF 37 03 03 00

000:STREAM                     1283007042.436157
 02 8F 4A EF 37 03 03 00

000:STREAM                     1283007042.440142
 02 67 4A 05 38 03 03 00

000:STREAM                     1283007042.444158
 02 4D 4A 15 38 03 03 00

000:STREAM                     1283007042.448159
 02 32 4A 16 38 03 03 00

000:STREAM                     1283007042.452147
 02 1E 4A 21 38 03 03 00

000:STREAM                     1283007042.460158
 02 10 4A 2D 38 03 03 00

000:STREAM                     1283007042.464152
 02 08 4A 3A 38 03 03 00

000:STREAM                     1283007042.468154
 02 FB 49 48 38 03 03 00

000:STREAM                     1283007042.472152
 02 F1 49 59 38 03 03 00

000:STREAM                     1283007042.480157
 02 F3 49 6E 38 03 03 00

000:STREAM                     1283007042.484159
 02 E5 49 8B 38 03 03 00

000:STREAM                     1283007042.488158
 02 D2 49 A8 38 03 03 00

000:STREAM                     1283007042.491157
 02 C3 49 C7 38 03 03 00

000:STREAM                     1283007042.500150
 02 A9 49 EC 38 03 03 00

000:STREAM                     1283007042.504155
 02 9B 49 0F 39 03 03 00

000:STREAM                     1283007042.508156
 02 93 49 2D 39 03 03 00

000:STREAM                     1283007042.512165
 02 86 49 45 39 03 03 00

000:STREAM                     1283007042.516156
 02 79 49 5F 39 03 03 00

000:STREAM                     1283007042.524158
 02 6D 49 76 39 03 03 00

000:STREAM                     1283007042.528152
 02 64 49 88 39 03 03 00

000:STREAM                     1283007042.532162
 02 5D 49 9F 39 03 03 00

000:STREAM                     1283007042.536159
 02 55 49 A5 39 03 03 00

000:STREAM                     1283007042.544157
 02 4B 49 AA 39 03 03 00

000:STREAM                     1283007042.548156
 02 46 49 AF 39 03 03 00

000:STREAM                     1283007042.552147
 02 43 49 A9 39 03 03 00

000:STREAM                     1283007042.556151
 02 42 49 A2 39 03 03 00

000:STREAM                     1283007042.560159
 02 3C 49 A4 39 03 03 00

000:STREAM                     1283007042.568158
 02 37 49 A1 39 03 03 00

000:STREAM                     1283007042.572152
 02 34 49 9B 39 03 03 00

000:STREAM                     1283007042.576163
 02 32 49 A3 39 03 03 00

000:STREAM                     1283007042.580158
 02 2D 49 9A 39 03 03 00

000:STREAM                     1283007042.588158
 02 2D 49 9A 39 03 03 00

000:STREAM                     1283007042.592149
 02 2D 49 9A 39 03 03 00

000:STREAM                     1283007042.596158
 02 2D 49 9A 39 03 03 00

000:STREAM                     1283007042.600162
 02 2D 49 9A 39 03 03 00

000:STREAM                     1283007042.608157
 02 2D 49 9A 39 03 03 00

000:STREAM                     1283007042.612158
 02 2D 49 9A 39 03 03 00

000:STREAM                     1283007042.616156
 02 2D 49 7D 39 03 03 00

000:STREAM                     1283007042.620160
 02 2E 49 65 39 03 03 00

000:STREAM                     1283007042.624157
 02 30 49 51 39 03 03 00

000:STREAM                     1283007042.632155
 02 30 49 41 39 03 03 00

000:STREAM                     1283007042.636143
 02 33 49 33 39 03 03 00

000:STREAM                     1283007042.640151
 02 32 49 2F 39 03 03 00

000:STREAM                     1283007042.644132
 02 37 49 20 39 03 03 00

000:STREAM                     1283007042.652158
 02 34 49 12 39 03 03 00

000:STREAM                     1283007042.656148
 02 3B 49 07 39 03 03 00

000:STREAM                     1283007042.660155
 02 41 49 FE 38 03 03 00

000:STREAM                     1283007042.664149
 02 42 49 F1 38 03 03 00

000:STREAM                     1283007042.668147
 02 47 49 E8 38 03 03 00

000:STREAM                     1283007042.676160
 02 4C 49 DF 38 03 03 00

000:STREAM                     1283007042.680159
 02 50 49 DC 38 03 03 00

000:STREAM                     1283007042.684150
 02 52 49 DA 38 03 03 00

000:STREAM                     1283007042.688159
 02 55 49 D4 38 03 03 00

000:STREAM                     1283007042.696155
 02 62 49 D0 38 03 03 00

000:STREAM                     1283007042.700159
 02 5F 49 CD 38 03 03 00

000:STREAM                     1283007042.704156
 02 5D 49 C7 38 03 03 00

000:STREAM                     1283007042.708157
 02 5E 49 BE 38 03 03 00

000:STREAM                     1283007042.716158
 02 5E 49 BE 38 03 03 00

000:STREAM                     1283007042.720148
 02 5E 49 BE 38 03 03 00

000:STREAM                     1283007042.724148
 02 5E 49 BE 38 03 03 00

000:STREAM                     1283007042.728159
 02 5E 49 BE 38 03 03 00

000:STREAM                     1283007042.732154
 02 5E 49 BE 38 03 03 00

000:STREAM                     1283007042.740148
 02 5E 49 BE 38 03 03 00

000:STREAM                     1283007042.744156
 02 5E 49 BE 38 03 03 00

000:STREAM                     1283007042.748155
 02 5E 49 BE 38 03 03 00

000:STREAM                     1283007042.752162
 02 5E 49 BE 38 03 03 00

000:STREAM                     1283007042.760155
 02 54 49 C6 38 03 03 00

000:STREAM                     1283007042.764163
 02 51 49 D4 38 03 03 00

000:STREAM                     1283007042.768158
 02 4E 49 DA 38 03 03 00

000:STREAM                     1283007042.772157
 02 4C 49 DC 38 03 03 00

000:STREAM                     1283007042.776161
 02 49 49 E0 38 03 03 00

000:STREAM                     1283007042.784156
 02 47 49 E5 38 03 03 00

000:STREAM                     1283007042.788148
 02 43 49 E8 38 03 03 00

000:STREAM                     1283007042.792157
 02 42 49 EF 38 03 03 00

000:STREAM                     1283007042.796158
 02 41 49 EF 38 03 03 00

000:STREAM                     1283007042.804157
 02 44 49 F1 38 03 03 00

000:STREAM                     1283007042.808148
 02 44 49 F1 38 03 03 00

000:STREAM                     1283007042.812147
 02 44 49 F1 38 03 03 00

000:STREAM                     1283007042.816155
 02 44 49 F1 38 03 03 00

000:STREAM                     1283007042.824156
 02 44 49 F1 38 03 03 00

000:STREAM                     1283007042.828148
 02 44 49 F1 38 03 03 00

000:STREAM                     1283007042.832144
 02 44 49 F1 38 03 03 00

000:STREAM                     1283007042.836157
 02 44 49 F1 38 03 03 00

000:STREAM                     1283007042.840149
 02 30 49 F3 38 03 03 00

000:STREAM                     1283007042.848154
 02 21 49 F3 38 03 03 00

000:STREAM                     1283007042.852151
 02 15 49 F8 38 03 03 00

000:STREAM                     1283007042.856141
 02 0B 49 F9 38 03 03 00

000:STREAM                     1283007042.860155
 02 01 49 FC 38 03 03 00

000:STREAM                     1283007042.868158
 02 F7 48 FD 38 03 03 00

000:STREAM                     1283007042.872159
 02 F0 48 01 39 03 03 00

000:STREAM                     1283007042.876151
 02 EA 48 02 39 03 03 00

000:STREAM                     1283007042.880154
 02 E2 48 04 39 03 03 00

000:STREAM                     1283007042.884148
 02 D8 48 07 39 03 03 00

000:STREAM                     1283007042.892148
 02 D3 48 0B 39 03 03 00

000:STREAM                     1283007042.896143
 02 CC 48 11 39 03 03 00

000:STREAM                     1283007042.900157
 02 C9 48 1C 39 03 03 00

000:STREAM                     1283007042.904147
 02 C7 48 1E 39 03 03 00

000:STREAM                     1283007042.912156
 02 CA 48 20 39 03 03 00

000:STREAM                     1283007042.916160
 02 C4 48 25 39 03 03 00

000:STREAM                     1283007042.920149
 02 BF 48 2D 39 03 03 00

000:STREAM                     1283007042.924151
 02 BB 48 2F 39 03 03 00

000:STREAM                     1283007042.928153
 02 B3 48 33 39 03 03 00

000:STREAM                     1283007042.936156
 02 B3 48 37 39 03 03 00

000:STREAM                     1283007042.940147
 02 B0 48 3F 39 03 03 00

000:STREAM                     1283007042.944154
 02 AE 48 45 39 03 03 00

000:STREAM                     1283007042.948147
 02 AF 48 47 39 03 03 00

000:STREAM                     1283007042.956154
 02 B4 48 4D 39 03 03 00

000:STREAM                     1283007042.960160
 02 B1 48 52 39 03 03 00

000:STREAM                     1283007042.964154
 02 AE 48 53 39 03 03 00

000:STREAM                     1283007042.968155
 02 AD 48 54 39 03 03 00

000:STREAM                     1283007042.976155
 02 A9 48 55 39 03 03 00

000:STREAM                     1283007042.980147
 02 A8 48 57 39 03 03 00

000:STREAM                     1283007042.984158
 02 A8 48 57 39 03 03 00

000:STREAM                     1283007042.988147
 02 A8 48 57 39 03 03 00

000:STREAM                     1283007042.992147
 02 A8 48 57 39 03 03 00

000:STREAM                     1283007043.000155
 02 A8 48 57 39 03 03 00

000:STREAM                     1283007043.004154
 02 A8 48 57 39 03 03 00

000:STREAM                     1283007043.008133
 02 A8 48 57 39 03 03 00

000:STREAM                     1283007043.012154
 02 A8 48 57 39 03 03 00

000:STREAM                     1283007043.020153
 02 A8 48 57 39 03 03 00

000:STREAM                     1283007043.024155
 02 AC 48 58 39 03 03 00

000:STREAM                     1283007043.028158
 02 AF 48 58 39 03 03 00

000:STREAM                     1283007043.032156
 02 AF 48 55 39 03 03 00

000:STREAM                     1283007043.036147
 02 AF 48 55 39 03 03 00

000:STREAM                     1283007043.044156
 02 AF 48 55 39 03 03 00

000:STREAM                     1283007043.048154
 02 AF 48 55 39 03 03 00

000:STREAM                     1283007043.052151
 02 AF 48 55 39 03 03 00

000:STREAM                     1283007043.056155
 02 AF 48 55 39 03 03 00

000:STREAM                     1283007043.064154
 02 AF 48 55 39 03 03 00

000:STREAM                     1283007043.068156
 02 AF 48 55 39 03 03 00

000:STREAM                     1283007043.072155
 02 AF 48 55 39 03 03 00

000:STREAM                     1283007043.076154
 02 B0 48 59 39 03 03 00

000:STREAM                     1283007043.084157
 02 A9 48 5F 39 03 03 00

000:STREAM                     1283007043.088156
 02 AB 48 63 39 03 03 00

000:STREAM                     1283007043.092154
 02 AA 48 67 39 03 03 00

000:STREAM                     1283007043.096133
 02 AA 48 67 39 03 03 00

000:STREAM                     1283007043.100153
 02 AA 48 67 39 03 03 00

000:STREAM                     1283007043.108154
 02 AA 48 67 39 03 03 00

000:STREAM                     1283007043.112155
 02 AA 48 67 39 03 03 00

000:STREAM                     1283007043.116144
 02 AA 48 67 39 03 03 00

000:STREAM                     1283007043.120153
 02 AA 48 67 39 03 03 00

000:STREAM                     1283007043.128154
 02 AA 48 67 39 03 03 00

000:STREAM                     1283007043.132148
 02 AA 48 67 39 03 03 00

000:STREAM                     1283007043.136144
 02 A6 48 6B 39 03 03 00

000:STREAM                     1283007043.140155
 02 A3 48 6B 39 03 03 00

000:STREAM                     1283007043.144147
 02 9E 48 6D 39 03 03 00

000:STREAM                     1283007043.152152
 02 9D 48 6F 39 03 03 00

000:STREAM                     1283007043.156163
 02 9B 48 74 39 03 03 00

000:STREAM                     1283007043.160153
 02 9B 48 72 39 03 03 00

000:STREAM                     1283007043.164153
 02 98 48 73 39 03 03 00

000:STREAM                     1283007043.172144
 02 98 48 73 39 03 03 00

000:STREAM                     1283007043.176162
 02 98 48 73 39 03 03 00

000:STREAM                     1283007043.180154
 02 98 48 73 39 03 03 00

000:STREAM                     1283007043.184154
 02 98 48 73 39 03 03 00

000:STREAM                     1283007043.192153
 02 98 48 73 39 03 03 00

000:STREAM                     1283007043.196147
 02 98 48 73 39 03 03 00

000:STREAM                     1283007043.200153
 02 98 48 73 39 03 03 00

000:STREAM                     1283007043.204166
 02 96 48 74 39 03 03 00

000:STREAM                     1283007043.208154
 02 94 48 78 39 03 03 00

000:STREAM                     1283007043.216155
 02 91 48 7D 39 03 03 00

000:STREAM                     1283007043.220152
 02 8F 48 81 39 03 03 00

000:STREAM                     1283007043.224142
 02 8E 48 8F 39 03 03 00

000:STREAM                     1283007043.228154
 02 8E 48 92 39 03 03 00

000:STREAM                     1283007043.236152
 02 8D 48 93 39 03 03 00

000:STREAM                     1283007043.240151
 02 8B 48 97 39 03 03 00

000:STREAM                     1283007043.244152
 02 8B 48 9B 39 03 03 00

000:STREAM                     1283007043.248145
 02 8B 48 A0 39 03 03 00

000:STREAM                     1283007043.252150
 02 81 48 A2 39 03 03 00

000:STREAM                     1283007043.260145
 02 7A 48 A8 39 03 03 00

000:STREAM                     1283007043.264146
 02 73 48 AB 39 03 03 00

000:STREAM                     1283007043.268153
 02 6D 48 B9 39 03 03 00

000:STREAM                     1283007043.272147
 02 69 48 B7 39 03 03 00

000:STREAM                     1283007043.280151
 02 69 48 BB 39 03 03 00

000:STREAM                     1283007043.284153
 02 65 48 BA 39 03 03 00

000:STREAM                     1283007043.288144
 02 61 48 BF 39 03 03 00

000:STREAM                     1283007043.292153
 02 5B 48 BD 39 03 03 00

000:STREAM                     1283007043.296148
 02 54 48 BF 39 03 03 00

000:STREAM                     1283007043.304152
 02 52 48 C1 39 03 03 00

000:STREAM                     1283007043.307193
 02 51 48 C2 39 03 03 00

000:STREAM                     1283007043.312141
 02 4F 48 BA 39 03 03 00

000:STREAM                     1283007043.316140
 02 4D 48 BD 39 03 03 00

000:STREAM                     1283007043.324151
 02 47 48 C4 39 03 03 00

000:STREAM                     1283007043.328145
 02 45 48 C6 39 03 03 00

000:STREAM                     1283007043.332152
 02 44 48 CD 39 03 03 00

000:STREAM                     1283007043.336147
 02 44 48 D1 39 03 03 00

000:STREAM                     1283007043.344152
 02 42 48 D2 39 03 03 00

000:STREAM                     1283007043.348145
 02 3F 48 D3 39 03 03 00

000:STREAM                     1283007043.352145
 02 3C 48 D6 39 03 03 00

000:STREAM                     1283007043.356152
 02 3B 48 D0 39 03 03 00

000:STREAM                     1283007043.360145
 02 39 48 D8 39 03 03 00

000:STREAM                     1283007043.368145
 02 37 48 DF 39 03 03 00

000:STREAM                     1283007043.372704
 02 34 48 DC 39 03 03 00

000:STREAM                     1283007043.376158
 02 33 48 EB 39 03 03 00

000:STREAM                     1283007043.380146
 02 30 48 EB 39 03 03 00

000:STREAM                     1283007043.388145
 02 30 48 EB 39 03 03 00

000:STREAM                     1283007043.392140
 02 30 48 EB 39 03 03 00

000:STREAM                     1283007043.396147
 02 30 48 EB 39 03 03 00

000:STREAM                     1283007043.400147
 02 30 48 EB 39 03 03 00

000:STREAM                     1283007043.404138
 02 30 48 EB 39 03 03 00

000:STREAM                     1283007043.412149
 02 30 48 EB 39 03 03 00

000:STREAM                     1283007043.416147
 02 30 48 EB 39 03 03 00

000:STREAM                     1283007043.420153
 02 30 48 EB 39 03 03 00

000:STREAM                     1283007043.424153
 02 30 48 EB 39 03 03 00

000:STREAM                     1283007043.432154
 02 30 48 EB 39 03 03 00

000:STREAM                     1283007043.436153
 02 30 48 EB 39 03 03 00

000:STREAM                     1283007043.440157
 02 30 48 EB 39 03 03 00

000:STREAM                     1283007043.444154
 02 30 48 EB 39 03 03 00

000:STREAM                     1283007043.452154
 02 30 48 EB 39 03 03 00

000:STREAM                     1283007043.456146
 02 30 48 EB 39 03 03 00

000:STREAM                     1283007043.460158
 02 30 48 EB 39 03 03 00

000:STREAM                     1283007043.464157
 02 2F 48 E1 39 03 03 00

000:STREAM                     1283007043.468145
 02 2E 48 DE 39 03 03 00

000:STREAM                     1283007043.476147
 02 2F 48 DE 39 03 03 00

000:STREAM                     1283007043.480143
 02 2F 48 DE 39 03 03 00

000:STREAM                     1283007043.484152
 02 2F 48 DE 39 03 03 00

000:STREAM                     1283007043.488153
 02 2F 48 DE 39 03 03 00

000:STREAM                     1283007043.496152
 02 2F 48 DE 39 03 03 00

000:STREAM                     1283007043.500149
 02 2F 48 DE 39 03 03 00

000:STREAM                     1283007043.504151
 02 2F 48 DE 39 03 03 00

000:STREAM                     1283007043.520152
 02 2F 48 DE 39 13 FF 03

000:STREAM                     1283007043.524150
 02 2F 48 DE 39 13 FF 03

000:STREAM                     1283007043.532152
 02 2F 48 DE 39 13 FF 03

000:STREAM                     1283007043.536155
 02 2F 48 DE 39 13 FF 03

000:STREAM                     1283007043.540156
 02 2F 48 DE 39 13 FF 03

000:STREAM                     1283007043.548153
 02 2F 48 DE 39 13 FF 03

000:STREAM                     1283007043.552156
 02 2F 48 DE 39 13 FF 03

000:STREAM                     1283007043.556151
 02 2F 48 DE 39 13 FF 03

000:STREAM                     1283007043.564155
 02 2C 48 EC 39 13 FF 03

000:STREAM                     1283007043.568156
 02 30 48 ED 39 13 FF 03

000:STREAM                     1283007043.572155
 02 31 48 FF 39 13 FF 03

000:STREAM                     1283007043.580155
 02 31 48 FF 39 13 FF 03

000:STREAM                     1283007043.584144
 02 31 48 FF 39 13 FF 03

000:STREAM                     1283007043.588155
 02 31 48 FF 39 13 FF 03

000:STREAM                     1283007043.596151
 02 31 48 FF 39 13 FF 03

000:STREAM                     1283007043.600146
 02 31 48 FF 39 13 FF 03

000:STREAM                     1283007043.604150
 02 31 48 FF 39 13 FF 03

000:STREAM                     1283007043.612151
 02 31 48 FF 39 13 FF 03

000:STREAM                     1283007043.616157
 02 31 48 FF 39 13 FF 03

000:STREAM                     1283007043.620147
 02 31 48 FF 39 13 FF 03

000:STREAM                     1283007043.628150
 02 31 48 FF 39 13 FF 03

000:STREAM                     1283007043.632151
 02 31 48 FF 39 13 FF 03

000:STREAM                     1283007043.636156
 02 31 48 FF 39 13 FF 03

000:STREAM                     1283007043.644152
 02 31 48 FF 39 13 FF 03

000:STREAM                     1283007043.648151
 02 31 48 FF 39 13 FF 03

000:STREAM                     1283007043.652159
 02 31 48 FF 39 13 FF 03

000:STREAM                     1283007043.660152
 02 31 48 FF 39 13 FF 03

000:STREAM                     1283007043.664154
 02 31 48 FF 39 13 FF 03

000:STREAM                     1283007043.668153
 02 31 48 FF 39 13 FF 03

000:STREAM                     1283007043.676154
 02 31 48 FF 39 13 FF 03

000:STREAM                     1283007043.680151
 02 31 48 F3 39 13 FF 03

000:STREAM                     1283007043.684143
 02 32 48 E9 39 13 FF 03

000:STREAM                     1283007043.692154
 02 32 48 E5 39 13 FF 03

000:STREAM                     1283007043.696143
 02 33 48 E1 39 13 FF 03

000:STREAM                     1283007043.700142
 02 32 48 DE 39 13 FF 03

000:STREAM                     1283007043.704152
 02 33 48 DA 39 13 FF 03

000:STREAM                     1283007043.712151
 02 31 48 D7 39 13 FF 03

000:STREAM                     1283007043.716143
 02 31 48 D2 39 13 FF 03

000:STREAM                     1283007043.720140
 02 31 48 CD 39 13 FF 03

000:STREAM                     1283007043.728152
 02 31 48 C6 39 13 FF 03

000:STREAM                     1283007043.732152
 02 31 48 C6 39 13 FF 03

000:STREAM                     1283007043.736150
 02 31 48 C6 39 13 FF 03

000:STREAM                     1283007043.744151
 02 31 48 C6 39 03 03 00

000:STREAM                     1283007043.748151
 02 31 48 C6 39 03 03 00

000:STREAM                     1283007043.752151
 02 31 48 C6 39 03 03 00

000:STREAM                     1283007043.756153
 02 31 48 C6 39 03 03 00

000:STREAM                     1283007043.764151
 02 31 48 C6 39 03 03 00

000:STREAM                     1283007043.768154
 02 31 48 C6 39 03 03 00

000:STREAM                     1283007043.772149
 02 31 48 C6 39 03 03 00

000:STREAM                     1283007043.776148
 02 31 48 C6 39 03 03 00

000:STREAM                     1283007043.784149
 02 2F 48 C1 39 03 03 00

000:STREAM                     1283007043.788133
 02 2C 48 B9 39 03 03 00

000:STREAM                     1283007043.792152
 02 2B 48 AF 39 03 03 00

000:STREAM                     1283007043.796144
 02 2D 48 A1 39 03 03 00

000:STREAM                     1283007043.800128
 02 2C 48 9F 39 03 03 00

000:STREAM                     1283007043.808153
 02 2B 48 9B 39 03 03 00

000:STREAM                     1283007043.812144
 02 29 48 98 39 03 03 00

000:STREAM                     1283007043.816152
 02 29 48 92 39 03 03 00

000:STREAM                     1283007043.820149
 02 28 48 91 39 03 03 00

000:STREAM                     1283007043.828150
 02 2A 48 8B 39 03 03 00

000:STREAM                     1283007043.832142
 02 2A 48 8B 39 03 03 00

000:STREAM                     1283007043.836142
 02 29 48 87 39 03 03 00

000:STREAM                     1283007043.840127
 02 29 48 87 39 03 03 00

000:STREAM                     1283007043.844150
 02 29 48 87 39 03 03 00

000:STREAM                     1283007043.852151
 02 29 48 87 39 03 03 00

000:STREAM                     1283007043.856142
 02 29 48 87 39 03 03 00

000:STREAM                     1283007043.860142
 02 29 48 87 39 03 03 00

000:STREAM                     1283007043.864145
 02 29 48 87 39 03 03 00

000:STREAM                     1283007043.872149
 02 29 48 87 39 03 03 00

000:STREAM                     1283007043.876150
 02 29 48 87 39 03 03 00

000:STREAM                     1283007043.880154
 02 29 48 87 39 03 03 00

000:STREAM                     1283007043.884155
 02 29 48 87 39 03 03 00

000:STREAM                     1283007043.892153
 02 29 48 87 39 03 03 00

000:STREAM                     1283007043.896154
 02 29 48 87 39 03 03 00

000:STREAM                     1283007043.900151
 02 29 48 87 39 03 03 00

000:STREAM                     1283007043.904156
 02 29 48 87 39 03 03 00

000:STREAM                     1283007043.908150
 02 29 48 87 39 03 03 00

000:STREAM                     1283007043.916151
 02 29 48 87 39 03 03 00

000:STREAM                     1283007043.920153
 02 29 48 87 39 03 03 00

000:STREAM                     1283007043.924152
 02 29 48 87 39 03 03 00

000:STREAM                     1283007043.928151
 02 28 48 82 39 03 03 00

000:STREAM                     1283007043.936143
 02 28 48 82 39 03 03 00

000:STREAM                     1283007043.940140
 02 28 48 82 39 03 03 00

000:STREAM                     1283007043.944150
 02 28 48 82 39 03 03 00

000:STREAM                     1283007043.948144
 02 28 48 82 39 03 03 00

000:STREAM                     1283007043.952141
 02 28 48 82 39 03 03 00

000:STREAM                     1283007043.960152
 02 28 48 82 39 03 03 00

000:STREAM                     1283007043.964141
 02 28 48 82 39 03 03 00

000:STREAM                     1283007043.968129
 02 28 48 82 39 03 03 00

000:STREAM                     1283007043.972150
 02 28 48 82 39 03 03 00

000:STREAM                     1283007043.980150
 02 28 48 82 39 03 03 00

000:STREAM                     1283007043.984149
 02 28 48 82 39 03 03 00

000:STREAM                     1283007043.988151
 02 28 48 82 39 03 03 00

000:STREAM                     1283007043.992145
 02 28 48 82 39 03 03 00

000:STREAM                     1283007044.000149
 02 28 48 82 39 03 03 00

000:STREAM                     1283007044.004151
 02 28 48 82 39 03 03 00

000:STREAM                     1283007044.008153
 02 28 48 82 39 03 03 00

000:STREAM                     1283007044.012143
 02 28 48 82 39 03 03 00

000:STREAM                     1283007044.016145
 02 28 48 82 39 03 03 00

000:STREAM                     1283007044.024151
 02 28 48 82 39 03 03 00

000:STREAM                     1283007044.028150
 02 28 48 82 39 03 03 00

000:STREAM                     1283007044.032142
 02 25 48 85 39 03 03 00

000:STREAM                     1283007044.036149
 02 25 48 89 39 03 03 00

000:STREAM                     1283007044.044143
 02 25 48 8A 39 03 03 00

000:STREAM                     1283007044.048157
 02 24 48 8D 39 03 03 00

000:STREAM                     1283007044.052153
 02 24 48 92 39 03 03 00

000:STREAM                     1283007044.056143
 02 24 48 96 39 03 03 00

000:STREAM                     1283007044.060148
 02 1B 48 99 39 03 03 00

000:STREAM                     1283007044.068152
 02 1C 48 9C 39 03 03 00

000:STREAM                     1283007044.072142
 02 1C 48 A1 39 03 03 00

000:STREAM                     1283007044.076131
 02 1A 48 AB 39 03 03 00

000:STREAM                     1283007044.080150
 02 1A 48 AB 39 03 03 00

000:STREAM                     1283007044.088150
 02 1A 48 AB 39 03 03 00

000:STREAM                     1283007044.092149
 02 1A 48 AB 39 03 03 00

000:STREAM                     1283007044.096149
 02 1A 48 AB 39 03 03 00

000:STREAM                     1283007044.100144
 02 1A 48 AB 39 03 03 00

000:STREAM                     1283007044.104149
 02 1A 48 AB 39 03 03 00

000:STREAM                     1283007044.112142
 02 1A 48 AB 39 03 03 00

000:STREAM                     1283007044.116141
 02 1A 48 AB 39 03 03 00

000:STREAM                     1283007044.120144
 02 1A 48 AB 39 03 03 00

000:STREAM                     1283007044.124149
 02 1A 48 AB 39 03 03 00

000:STREAM                     1283007044.132141
 02 1A 48 AB 39 03 03 00

000:STREAM                     1283007044.136145
 02 1A 48 AB 39 03 03 00

000:STREAM                     1283007044.140151
 02 1A 48 AB 39 03 03 00

000:STREAM                     1283007044.144146
 02 1A 48 AB 39 03 03 00

000:STREAM                     1283007044.152148
 02 1A 48 AB 39 03 03 00

000:STREAM                     1283007044.156147
 02 1A 48 AB 39 03 03 00

000:STREAM                     1283007044.160127
 02 1A 48 AB 39 03 03 00

000:STREAM                     1283007044.164148
 02 1A 48 AB 39 03 03 00

000:STREAM                     1283007044.168142
 02 1A 48 AB 39 03 03 00

000:STREAM                     1283007044.176141
 02 1A 48 AB 39 03 03 00

000:STREAM                     1283007044.180156
 02 1A 48 AB 39 03 03 00

000:STREAM                     1283007044.184147
 02 1C 48 BE 39 03 03 00

000:STREAM                     1283007044.188141
 02 1E 48 BF 39 03 03 00

000:STREAM                     1283007044.196150
 02 24 48 BF 39 03 03 00

000:STREAM                     1283007044.200143
 02 23 48 C2 39 03 03 00

000:STREAM                     1283007044.204150
 02 22 48 C5 39 03 03 00

000:STREAM                     1283007044.208154
 02 22 48 C5 39 03 03 00

000:STREAM                     1283007044.228148
 02 22 48 C5 39 13 FF 03

000:STREAM                     1283007044.232148
 02 22 48 C5 39 13 FF 03

000:STREAM                     1283007044.240147
 02 22 48 C5 39 13 FF 03

000:STREAM                     1283007044.244133
 02 22 48 C5 39 13 FF 03

000:STREAM                     1283007044.248148
 02 22 48 C5 39 13 FF 03

000:STREAM                     1283007044.256148
 02 22 48 C5 39 13 FF 03

000:STREAM                     1283007044.260141
 02 22 48 C5 39 13 FF 03

000:STREAM                     1283007044.264145
 02 22 48 C5 39 13 FF 03

000:STREAM                     1283007044.272157
 02 22 48 C5 39 13 FF 03

000:STREAM                     1283007044.276150
 02 22 48 C5 39 13 FF 03

000:STREAM                     1283007044.280150
 02 22 48 C5 39 13 FF 03

000:STREAM                     1283007044.288148
 02 22 48 C5 39 13 FF 03

000:STREAM                     1283007044.292148
 02 22 48 C5 39 13 FF 03

000:STREAM                     1283007044.296146
 02 22 48 C5 39 13 FF 03

000:STREAM                     1283007044.304142
 02 22 48 C5 39 13 FF 03

000:STREAM                     1283007044.308140
 02 22 48 C7 39 13 FF 03

000:STREAM                     1283007044.312142
 02 22 48 C7 39 13 FF 03

000:STREAM                     1283007044.320149
 02 22 48 C7 39 13 FF 03

000:STREAM                     1283007044.324161
 02 22 48 C7 39 13 FF 03

000:STREAM                     1283007044.328149
 02 22 48 C7 39 13 FF 03

000:STREAM                     1283007044.336148
 02 21 48 C8 39 13 FF 03

000:STREAM                     1283007044.340140
 02 20 48 C5 39 13 FF 03

000:STREAM                     1283007044.344138
 02 1D 48 CA 39 13 FF 03

000:STREAM                     1283007044.352141
 02 1C 48 CA 39 13 FF 03

000:STREAM                     1283007044.356140
 02 1A 48 CA 39 13 FF 03

000:STREAM                     1283007044.360148
 02 1A 48 C9 39 13 FF 03

000:STREAM                     1283007044.364141
 02 1A 48 C9 39 13 FF 03

000:STREAM                     1283007044.372151
 02 1A 48 C9 39 13 FF 03

000:STREAM                     1283007044.376154
 02 1A 48 C9 39 13 FF 03

000:STREAM                     1283007044.380060
 02 1A 48 C9 39 13 FF 03

000:STREAM                     1283007044.388150
 02 1A 48 C9 39 13 FF 03

000:STREAM                     1283007044.392150
 02 1A 48 C9 39 13 FF 03

000:STREAM                     1283007044.396148
 02 1A 48 C9 39 13 FF 03

000:STREAM                     1283007044.404146
 02 1A 48 C9 39 13 FF 03

000:STREAM                     1283007044.408146
 02 1A 48 C9 39 13 FF 03

000:STREAM                     1283007044.412125
 02 1A 48 C9 39 13 FF 03

000:STREAM                     1283007044.420141
 02 1A 48 C9 39 13 FF 03

000:STREAM                     1283007044.424130
 02 1A 48 C9 39 13 FF 03

000:STREAM                     1283007044.428148
 02 1A 48 C9 39 13 FF 03

000:STREAM                     1283007044.436147
 02 1A 48 C9 39 13 FF 03

000:STREAM                     1283007044.440155
 02 1A 48 C9 39 13 FF 03

000:STREAM                     1283007044.444146
 02 1A 48 C9 39 13 FF 03

000:STREAM                     1283007044.452146
 02 1A 48 C9 39 13 FF 03

000:STREAM                     1283007044.456140
 02 1A 48 C9 39 13 FF 03

000:STREAM                     1283007044.460128
 02 1A 48 C9 39 13 FF 03

000:STREAM                     1283007044.468140
 02 1A 48 C9 39 13 FF 03

000:STREAM                     1283007044.472139
 02 1A 48 C9 39 03 03 00

000:STREAM                     1283007044.476150
 02 1A 48 C9 39 03 03 00

000:STREAM                     1283007044.480141
 02 1A 48 C9 39 03 03 00

000:STREAM                     1283007044.488149
 02 1A 48 C9 39 03 03 00

000:STREAM                     1283007044.492150
 02 1A 48 C9 39 03 03 00

000:STREAM                     1283007044.496149
 02 1A 48 C9 39 03 03 00

000:STREAM                     1283007044.500141
 02 1A 48 C9 39 03 03 00

000:STREAM                     1283007044.508147
 02 1C 48 C2 39 03 03 00

000:STREAM                     1283007044.512152
 02 19 48 C1 39 03 03 00

000:STREAM                     1283007044.516149
 02 17 48 BB 39 03 03 00

000:STREAM                     1283007044.520151
 02 16 48 B9 39 03 03 00

000:STREAM                     1283007044.528146
 02 18 48 B5 39 03 03 00

000:STREAM                     1283007044.532138
 02 18 48 B5 39 03 03 00

000:STREAM                     1283007044.536147
 02 18 48 B5 39 03 03 00

000:STREAM                     1283007044.540140
 02 18 48 B5 39 03 03 00

000:STREAM                     1283007044.544135
 02 18 48 B5 39 03 03 00

000:STREAM                     1283007044.552140
 02 18 48 B5 39 03 03 00

000:STREAM                     1283007044.556139
 02 18 48 B5 39 03 03 00

000:STREAM                     1283007044.560146
 02 18 48 B5 39 03 03 00

000:STREAM                     1283007044.564147
 02 18 48 B5 39 03 03 00

000:STREAM                     1283007044.572147
 02 17 48 B1 39 03 03 00

000:STREAM                     1283007044.576154
 02 15 48 AD 39 03 03 00

000:STREAM                     1283007044.580149
 02 11 48 AD 39 03 03 00

000:STREAM                     1283007044.584140
 02 11 48 AD 39 03 03 00

000:STREAM                     1283007044.588137
 02 11 48 AD 39 03 03 00

000:STREAM                     1283007044.596150
 02 11 48 AD 39 03 03 00

000:STREAM                     1283007044.600146
 02 11 48 AD 39 03 03 00

000:STREAM                     1283007044.604151
 02 11 48 A7 39 03 03 00

000:STREAM                     1283007044.608148
 02 11 48 A7 39 03 03 00

000:STREAM                     1283007044.616148
 02 11 48 A7 39 03 03 00

000:STREAM                     1283007044.620140
 02 11 48 A7 39 03 03 00

000:STREAM                     1283007044.624139
 02 11 48 A7 39 03 03 00

000:STREAM                     1283007044.628150
 02 11 48 A7 39 03 03 00

000:STREAM                     1283007044.636148
 02 11 48 A7 39 03 03 00

000:STREAM                     1283007044.640138
 02 11 48 A7 39 03 03 00

000:STREAM                     1283007044.644136
 02 11 48 A7 39 03 03 00

000:STREAM                     1283007044.648147
 02 11 48 A7 39 03 03 00

000:STREAM                     1283007044.652139
 02 11 48 A7 39 03 03 00

000:STREAM                     1283007044.660146
 02 11 48 A7 39 03 03 00

000:STREAM                     1283007044.664146
 02 11 48 A7 39 03 03 00

000:STREAM                     1283007044.668149
 02 11 48 A7 39 03 03 00

000:STREAM                     1283007044.672139
 02 11 48 A7 39 03 03 00

000:STREAM                     1283007044.680147
 02 11 48 A7 39 03 03 00

000:STREAM                     1283007044.684137
 02 11 48 A7 39 03 03 00

000:STREAM                     1283007044.688147
 02 11 48 AD 39 03 03 00

000:STREAM                     1283007044.692147
 02 0F 48 B5 39 03 03 00

000:STREAM                     1283007044.696138
 02 07 48 B7 39 03 03 00

000:STREAM                     1283007044.704147
 02 05 48 BA 39 03 03 00

000:STREAM                     1283007044.708136
 02 06 48 C0 39 03 03 00

000:STREAM                     1283007044.712148
 02 06 48 CC 39 03 03 00

000:STREAM                     1283007044.716138
 02 06 48 CC 39 03 03 00

000:STREAM                     1283007044.724146
 02 06 48 CC 39 03 03 00

000:STREAM                     1283007044.728140
 02 06 48 CC 39 03 03 00

000:STREAM                     1283007044.732146
 02 06 48 CC 39 03 03 00

000:STREAM                     1283007044.736136
 02 06 48 CC 39 03 03 00

000:STREAM                     1283007044.744147
 02 06 48 CC 39 03 03 00

000:STREAM                     1283007044.748139
 02 06 48 CC 39 03 03 00

000:STREAM                     1283007044.752147
 02 06 48 CC 39 03 03 00

000:STREAM                     1283007044.756148
 02 06 48 CC 39 03 03 00

000:STREAM                     1283007044.760140
 02 06 48 CC 39 03 03 00

000:STREAM                     1283007044.768138
 02 06 48 CC 39 03 03 00

000:STREAM                     1283007044.772134
 02 06 48 CC 39 03 03 00

000:STREAM                     1283007044.776147
 02 06 48 CC 39 03 03 00

000:STREAM                     1283007044.780139
 02 06 48 CC 39 03 03 00

000:STREAM                     1283007044.788140
 02 06 48 CC 39 03 03 00

000:STREAM                     1283007044.792141
 02 06 48 CC 39 03 03 00

000:STREAM                     1283007044.796146
 02 05 48 D2 39 03 03 00

000:STREAM                     1283007044.800147
 02 04 48 D4 39 03 03 00

000:STREAM                     1283007044.804138
 02 00 48 D5 39 03 03 00

000:STREAM                     1283007044.812146
 02 01 48 D9 39 03 03 00

000:STREAM                     1283007044.816138
 02 00 48 DD 39 03 03 00

000:STREAM                     1283007044.820139
 02 00 48 DD 39 03 03 00

000:STREAM                     1283007044.824145
 02 00 48 DD 39 03 03 00

000:STREAM                     1283007044.832148
 02 00 48 DD 39 03 03 00

000:STREAM                     1283007044.836136
 02 00 48 DD 39 03 03 00

000:STREAM                     1283007044.852147
 02 00 48 DD 39 13 FF 03

000:STREAM                     1283007044.860147
 02 00 48 DD 39 13 FF 03

000:STREAM                     1283007044.864138
 02 00 48 DD 39 13 FF 03

000:STREAM                     1283007044.868138
 02 00 48 DD 39 13 FF 03

000:STREAM                     1283007044.875780
 02 00 48 DD 39 13 FF 03

000:STREAM                     1283007044.880149
 02 00 48 DD 39 13 FF 03

000:STREAM                     1283007044.884136
 02 00 48 DD 39 13 FF 03

000:STREAM                     1283007044.892146
 02 00 48 DD 39 13 FF 03

000:STREAM                     1283007044.896151
 02 03 48 DB 39 13 FF 03

000:STREAM                     1283007044.900148
 02 05 48 E1 39 13 FF 03

000:STREAM                     1283007044.908138
 02 07 48 E5 39 13 FF 03

000:STREAM                     1283007044.912136
 02 08 48 E3 39 13 FF 03

000:STREAM                     1283007044.916146
 02 09 48 E9 39 13 FF 03

000:STREAM                     1283007044.924144
 02 0A 48 EB 39 13 FF 03

000:STREAM                     1283007044.928143
 02 0A 48 E7 39 13 FF 03

000:STREAM                     1283007044.932148
 02 0A 48 E7 39 13 FF 03

000:STREAM                     1283007044.940146
 02 0B 48 E6 39 13 FF 03

000:STREAM                     1283007044.944142
 02 0B 48 E3 39 13 FF 03

000:STREAM                     1283007044.948148
 02 0C 48 E4 39 13 FF 03

000:STREAM                     1283007044.956146
 02 0C 48 E1 39 13 FF 03

000:STREAM                     1283007044.960138
 02 0C 48 E2 39 13 FF 03

000:STREAM                     1283007044.964139
 02 0C 48 E1 39 13 FF 03

000:STREAM                     1283007044.972144
 02 0C 48 E4 39 13 FF 03

000:STREAM                     1283007044.976125
 02 0C 48 E4 39 13 FF 03

000:STREAM                     1283007044.980146
 02 0C 48 E4 39 13 FF 03

000:STREAM                     1283007044.988138
 02 0C 48 E4 39 13 FF 03

000:STREAM                     1283007044.992134
 02 0C 48 E4 39 13 FF 03

000:STREAM                     1283007044.996146
 02 0C 48 E4 39 13 FF 03

000:STREAM                     1283007045.004144
 02 0C 48 E4 39 13 FF 03

000:STREAM                     1283007045.008144
 02 0C 48 E4 39 13 FF 03

000:STREAM                     1283007045.012128
 02 0C 48 E4 39 13 FF 03

000:STREAM                     1283007045.020148
 02 0C 48 E4 39 13 FF 03

000:STREAM                     1283007045.024138
 02 0C 48 E4 39 13 FF 03

000:STREAM                     1283007045.028137
 02 0C 48 E4 39 13 FF 03

000:STREAM                     1283007045.036138
 02 0C 48 E4 39 13 FF 03

000:STREAM                     1283007045.040139
 02 0C 48 E4 39 13 FF 03

000:STREAM                     1283007045.044145
 02 0C 48 E4 39 13 FF 03

000:STREAM                     1283007045.052136
 02 0C 48 E4 39 13 FF 03

000:STREAM                     1283007045.056122
 02 0C 48 E4 39 13 FF 03

000:STREAM                     1283007045.060145
 02 0C 48 E4 39 13 FF 03

000:STREAM                     1283007045.068144
 02 0C 48 E4 39 13 FF 03

000:STREAM                     1283007045.072147
 02 0C 48 E4 39 13 FF 03

000:STREAM                     1283007045.076143
 02 0C 48 E4 39 13 FF 03

000:STREAM                     1283007045.084144
 02 0C 48 E4 39 13 FF 03

000:STREAM                     1283007045.088138
 02 0C 48 E4 39 13 FF 03

000:STREAM                     1283007045.092145
 02 0C 48 E4 39 13 FF 03

000:STREAM                     1283007045.100144
 02 0C 48 E4 39 13 FF 03

000:STREAM                     1283007045.104135
 02 0C 48 E4 39 13 FF 03

000:STREAM                     1283007045.108137
 02 0C 48 E4 39 13 FF 03

000:STREAM                     1283007045.116147
 02 0C 48 E4 39 13 FF 03

000:STREAM                     1283007045.120140
 02 0C 48 E4 39 13 FF 03

000:STREAM                     1283007045.124149
 02 0C 48 E4 39 13 FF 03

000:STREAM                     1283007045.132145
 02 0C 48 E4 39 13 FF 03

000:STREAM                     1283007045.136145
 02 0C 48 E4 39 13 FF 03

000:STREAM                     1283007045.144145
 02 08 48 DF 39 03 03 00

000:STREAM                     1283007045.152143
 02 08 48 DF 39 03 03 00

000:STREAM                     1283007045.156140
 02 08 48 DF 39 03 03 00

000:STREAM                     1283007045.160144
 02 05 48 DE 39 03 03 00

000:STREAM                     1283007045.164143
 02 03 48 DB 39 03 03 00

000:STREAM                     1283007045.172143
 02 04 48 DA 39 03 03 00

000:STREAM                     1283007045.176138
 02 01 48 D8 39 03 03 00

000:STREAM                     1283007045.180136
 02 01 48 D8 39 03 03 00

000:STREAM                     1283007045.184122
 02 01 48 D8 39 03 03 00

000:STREAM                     1283007045.188139
 02 01 48 D8 39 03 03 00

000:STREAM                     1283007045.196145
 02 01 48 D8 39 03 03 00

000:STREAM                     1283007045.200151
 02 01 48 D8 39 03 03 00

000:STREAM                     1283007045.204146
 02 01 48 D8 39 03 03 00

000:STREAM                     1283007045.208138
 02 01 48 D8 39 03 03 00

000:STREAM                     1283007045.216144
 02 01 48 D8 39 03 03 00

000:STREAM                     1283007045.220137
 02 01 48 D8 39 03 03 00

000:STREAM                     1283007045.224137
 02 01 48 D8 39 03 03 00

000:STREAM                     1283007045.228121
 02 01 48 D8 39 03 03 00

000:STREAM                     1283007045.236146
 02 01 48 D8 39 03 03 00

000:STREAM                     1283007045.240143
 02 01 48 D8 39 03 03 00

000:STREAM                     1283007045.244133
 02 FE 47 CE 39 03 03 00

000:STREAM                     1283007045.248135
 02 FE 47 C3 39 03 03 00

000:STREAM                     1283007045.252145
 02 FC 47 C2 39 03 03 00

000:STREAM                     1283007045.260138
 02 FA 47 C0 39 03 03 00

000:STREAM                     1283007045.264142
 02 FA 47 C0 39 03 03 00

000:STREAM                     1283007045.268148
 02 F9 47 BE 39 03 03 00

000:STREAM                     1283007045.272139
 02 F9 47 BB 39 03 03 00

000:STREAM                     1283007045.280145
 02 FA 47 BB 39 03 03 00

000:STREAM                     1283007045.284136
 02 FA 47 BB 39 03 03 00

000:STREAM                     1283007045.288139
 02 FA 47 BB 39 03 03 00

000:STREAM                     1283007045.292117
 02 FA 47 BB 39 03 03 00

000:STREAM                     1283007045.296134
 02 FA 47 BB 39 03 03 00

000:STREAM                     1283007045.304133
 02 FA 47 BB 39 03 03 00

000:STREAM                     1283007045.308123
 02 FA 47 BB 39 03 03 00

000:STREAM                     1283007045.312138
 02 FA 47 BB 39 03 03 00

000:STREAM                     1283007045.316126
 02 FA 47 BB 39 03 03 00

000:STREAM                     1283007045.324147
 02 FA 47 BB 39 03 03 00

000:STREAM                     1283007045.328137
 02 FA 47 BB 39 03 03 00

000:STREAM                     1283007045.332143
 02 FA 47 BB 39 03 03 00

000:STREAM                     1283007045.336136
 02 FA 47 BB 39 03 03 00

000:STREAM                     1283007045.344144
 02 FA 47 BB 39 03 03 00

000:STREAM                     1283007045.348135
 02 FA 47 BB 39 03 03 00

000:STREAM                     1283007045.352143
 02 FA 47 BB 39 03 03 00

000:STREAM                     1283007045.356136
 02 FA 47 BB 39 03 03 00

000:STREAM                     1283007045.360134
 02 FA 47 BB 39 03 03 00

000:STREAM                     1283007045.368146
 02 FA 47 BB 39 03 03 00

000:STREAM                     1283007045.372139
 02 FA 47 BB 39 03 03 00

000:STREAM                     1283007045.376136
 02 FA 47 BB 39 03 03 00

000:STREAM                     1283007045.380144
 02 FA 47 BB 39 03 03 00

000:STREAM                     1283007045.388143
 02 FA 47 BB 39 03 03 00

000:STREAM                     1283007045.392143
 02 FA 47 BB 39 03 03 00

000:STREAM                     1283007045.396124
 02 FC 47 C4 39 03 03 00

000:STREAM                     1283007045.400145
 02 FB 47 CC 39 03 03 00

000:STREAM                     1283007045.404136
 02 F7 47 CF 39 03 03 00

000:STREAM                     1283007045.412144
 02 F9 47 D3 39 03 03 00

000:STREAM                     1283007045.416140
 02 F8 47 D9 39 03 03 00

000:STREAM                     1283007045.420144
 02 F8 47 E8 39 03 03 00

000:STREAM                     1283007045.424143
 02 F8 47 E8 39 03 03 00

000:STREAM                     1283007045.432142
 02 F8 47 E8 39 03 03 00

000:STREAM                     1283007045.436137
 02 F8 47 E8 39 03 03 00

000:STREAM                     1283007045.440143
 02 F8 47 E8 39 03 03 00

000:STREAM                     1283007045.444136
 02 F8 47 E8 39 03 03 00

000:STREAM                     1283007045.452143
 02 F8 47 E8 39 03 03 00

000:STREAM                     1283007045.456138
 02 F8 47 E8 39 03 03 00

000:STREAM                     1283007045.460142
 02 F8 47 E8 39 03 03 00

000:STREAM                     1283007045.464136
 02 F8 47 E8 39 03 03 00

000:STREAM                     1283007045.468148
 02 F8 47 E8 39 03 03 00

000:STREAM                     1283007045.476146
 02 F8 47 E8 39 03 03 00

000:STREAM                     1283007045.480143
 02 F8 47 E8 39 03 03 00

000:STREAM                     1283007045.484142
 02 FB 47 EB 39 03 03 00

000:STREAM                     1283007045.488142
 02 FE 47 EC 39 03 03 00

000:STREAM                     1283007045.496135
 02 01 48 EE 39 03 03 00

000:STREAM                     1283007045.500137
 02 02 48 EF 39 03 03 00

000:STREAM                     1283007045.504142
 02 04 48 F0 39 03 03 00

000:STREAM                     1283007045.508141
 02 05 48 F1 39 03 03 00

000:STREAM                     1283007045.512123
 02 05 48 F1 39 03 03 00

000:STREAM                     1283007045.520145
 02 05 48 F1 39 03 03 00

000:STREAM                     1283007045.524141
 02 05 48 F1 39 03 03 00

000:STREAM                     1283007045.528133
 02 05 48 F1 39 03 03 00

000:STREAM                     1283007045.532143
 02 05 48 F1 39 03 03 00

000:STREAM                     1283007045.556146
 02 05 48 F1 39 13 FF 03

000:STREAM                     1283007045.560135
 02 05 48 F1 39 13 FF 03

000:STREAM                     1283007045.564144
 02 05 48 F1 39 13 FF 03

000:STREAM                     1283007045.572142
 02 05 48 F1 39 13 FF 03

000:STREAM                     1283007045.576137
 02 05 48 F1 39 13 FF 03

000:STREAM                     1283007045.580146
 02 05 48 F1 39 13 FF 03

000:STREAM                     1283007045.588144
 02 05 48 F1 39 13 FF 03

000:STREAM                     1283007045.592137
 02 05 48 F1 39 13 FF 03

000:STREAM                     1283007045.596141
 02 05 48 F1 39 13 FF 03

000:STREAM                     1283007045.604146
 02 06 48 F3 39 13 FF 03

000:STREAM                     1283007045.608141
 02 06 48 F2 39 13 FF 03

000:STREAM                     1283007045.612146
 02 06 48 F2 39 13 FF 03

000:STREAM                     1283007045.620134
 02 06 48 F2 39 13 FF 03

000:STREAM                     1283007045.624133
 02 06 48 F2 39 13 FF 03

000:STREAM                     1283007045.628142
 02 06 48 F2 39 13 FF 03

000:STREAM                     1283007045.636140
 02 06 48 F2 39 13 FF 03

000:STREAM                     1283007045.640142
 02 06 48 F2 39 13 FF 03

000:STREAM                     1283007045.644132
 02 06 48 F2 39 13 FF 03

000:STREAM                     1283007045.652142
 02 06 48 F2 39 13 FF 03

000:STREAM                     1283007045.656144
 02 06 48 F2 39 13 FF 03

000:STREAM                     1283007045.660142
 02 06 48 F2 39 13 FF 03

000:STREAM                     1283007045.668144
 02 06 48 F2 39 13 FF 03

000:STREAM                     1283007045.672142
 02 06 48 F2 39 13 FF 03

000:STREAM                     1283007045.676146
 02 06 48 F2 39 13 FF 03

000:STREAM                     1283007045.684141
 02 06 48 F2 39 13 FF 03

000:STREAM                     1283007045.688142
 02 06 48 F2 39 13 FF 03

000:STREAM                     1283007045.692143
 02 06 48 F2 39 13 FF 03

000:STREAM                     1283007045.700141
 02 06 48 F2 39 13 FF 03

000:STREAM                     1283007045.704133
 02 06 48 F2 39 13 FF 03

000:STREAM                     1283007045.708135
 02 06 48 F2 39 13 FF 03

000:STREAM                     1283007045.716138
 02 06 48 F2 39 13 FF 03

000:STREAM                     1283007045.720138
 02 06 48 F2 39 13 FF 03

000:STREAM                     1283007045.724142
 02 06 48 F2 39 13 FF 03

000:STREAM                     1283007045.732142
 02 06 48 F2 39 13 FF 03

000:STREAM                     1283007045.736134
 02 06 48 F2 39 13 FF 03

000:STREAM                     1283007045.740133
 02 04 48 F4 39 13 FF 03

000:STREAM                     1283007045.748141
 02 04 48 F4 39 13 FF 03

000:STREAM                     1283007045.752134
 02 04 48 F4 39 13 FF 03

000:STREAM                     1283007045.756133
 02 04 48 F4 39 13 FF 03

000:STREAM                     1283007045.764143
 02 04 48 F4 39 13 FF 03

000:STREAM                     1283007045.768133
 02 04 48 F4 39 13 FF 03

000:STREAM                     1283007045.772145
 02 04 48 F4 39 13 FF 03

000:STREAM                     1283007045.780146
 02 04 48 F4 39 13 FF 03

000:STREAM                     1283007045.784141
 02 04 48 F4 39 13 FF 03

000:STREAM                     1283007045.788142
 02 04 48 F4 39 13 FF 03

000:STREAM                     1283007045.796142
 02 04 48 F4 39 13 FF 03

000:STREAM                     1283007045.800143
 02 04 48 F4 39 13 FF 03

000:STREAM                     1283007045.804145
 02 03 48 F0 39 13 FF 03

000:STREAM                     1283007045.812141
 02 03 48 F0 39 13 FF 03

000:STREAM                     1283007045.816134
 02 03 48 F0 39 13 FF 03

000:STREAM                     1283007045.820145
 02 03 48 F0 39 13 FF 03

000:STREAM                     1283007045.828141
 02 03 48 F0 39 13 FF 03

000:STREAM                     1283007045.832133
 02 03 48 F0 39 13 FF 03

000:STREAM                     1283007045.836143
 02 03 48 F0 39 13 FF 03

000:STREAM                     1283007045.844134
 02 03 48 F0 39 13 FF 03

000:STREAM                     1283007045.848131
 02 03 48 F0 39 13 FF 03

000:STREAM                     1283007045.852141
 02 03 48 F0 39 13 FF 03

000:STREAM                     1283007045.860142
 02 03 48 F0 39 13 FF 03

000:STREAM                     1283007045.864132
 02 03 48 F0 39 13 FF 03

000:STREAM                     1283007045.868152
 02 03 48 F0 39 13 FF 03

000:STREAM                     1283007045.876140
 02 03 48 F0 39 13 FF 03

000:STREAM                     1283007045.880133
 02 03 48 F0 39 13 FF 03

000:STREAM                     1283007045.884142
 02 03 48 F0 39 13 FF 03

000:STREAM                     1283007045.892133
 02 03 48 F0 39 13 FF 03

000:STREAM                     1283007045.896132
 02 03 48 F0 39 13 FF 03

000:STREAM                     1283007045.900141
 02 01 48 EE 39 13 FF 03

000:STREAM                     1283007045.908141
 02 FD 47 EC 39 13 FF 03

000:STREAM                     1283007045.912132
 02 FD 47 E9 39 13 FF 03

000:STREAM                     1283007045.916131
 02 FD 47 E9 39 13 FF 03

000:STREAM                     1283007045.924139
 02 FD 47 E9 39 13 FF 03

000:STREAM                     1283007045.928146
 02 FD 47 E9 39 13 FF 03

000:STREAM                     1283007045.932140
 02 FD 47 E9 39 03 03 00

000:STREAM                     1283007045.936134
 02 FD 47 E9 39 03 03 00

000:STREAM                     1283007045.944138
 02 FD 47 E9 39 03 03 00

000:STREAM                     1283007045.948146
 02 FA 47 E5 39 03 03 00

000:STREAM                     1283007045.952139
 02 FA 47 F3 39 03 03 00

000:STREAM                     1283007045.956139
 02 F9 47 F0 39 03 03 00

000:STREAM                     1283007045.964139
 02 F9 47 F0 39 03 03 00

000:STREAM                     1283007045.968121
 02 F9 47 F0 39 03 03 00

000:STREAM                     1283007045.972141
 02 F9 47 F0 39 03 03 00

000:STREAM                     1283007045.976133
 02 F9 47 F0 39 03 03 00

000:STREAM                     1283007045.980131
 02 F9 47 F0 39 03 03 00

000:STREAM                     1283007045.988146
 02 F9 47 F0 39 03 03 00

000:STREAM                     1283007045.992130
 02 F9 47 F0 39 03 03 00

000:STREAM                     1283007045.996140
 02 F6 47 E4 39 03 03 00

000:STREAM                     1283007046.000139
 02 F4 47 E0 39 03 03 00

000:STREAM                     1283007046.008142
 02 F1 47 DB 39 03 03 00

000:STREAM                     1283007046.012148
 02 F2 47 D8 39 03 03 00

000:STREAM                     1283007046.016141
 02 F3 47 D6 39 03 03 00

000:STREAM                     1283007046.020133
 02 F1 47 D5 39 03 03 00

000:STREAM                     1283007046.028140
 02 F5 47 CF 39 03 03 00

000:STREAM                     1283007046.032149
 02 F5 47 CF 39 03 03 00

000:STREAM                     1283007046.036141
 02 F6 47 CF 39 03 03 00

000:STREAM                     1283007046.040134
 02 F5 47 C7 39 03 03 00

000:STREAM                     1283007046.044129
 02 F6 47 C2 39 03 03 00

000:STREAM                     1283007046.052143
 02 F8 47 C2 39 03 03 00

000:STREAM                     1283007046.056141
 02 F8 47 C2 39 03 03 00

000:STREAM                     1283007046.060145
 02 F8 47 C2 39 03 03 00

000:STREAM                     1283007046.064141
 02 F8 47 C2 39 03 03 00

000:STREAM                     1283007046.072142
 02 F8 47 C2 39 03 03 00

000:STREAM                     1283007046.076141
 02 F8 47 C2 39 03 03 00

000:STREAM                     1283007046.080136
 02 F8 47 C2 39 03 03 00

000:STREAM                     1283007046.084136
 02 F8 47 C2 39 03 03 00

000:STREAM                     1283007046.088147
 02 F8 47 C2 39 03 03 00

000:STREAM                     1283007046.096141
 02 F8 47 C2 39 03 03 00

000:STREAM                     1283007046.100133
 02 F8 47 C2 39 03 03 00

000:STREAM                     1283007046.104123
 02 F8 47 C2 39 03 03 00

000:STREAM                     1283007046.108141
 02 F8 47 C2 39 03 03 00

000:STREAM                     1283007046.116132
 02 F8 47 C2 39 03 03 00

000:STREAM                     1283007046.120139
 02 F8 47 C2 39 03 03 00

000:STREAM                     1283007046.124139
 02 F8 47 C2 39 03 03 00

000:STREAM                     1283007046.128133
 02 F8 47 C2 39 03 03 00

000:STREAM                     1283007046.136143
 02 F8 47 C2 39 03 03 00

000:STREAM                     1283007046.140140
 02 F8 47 C2 39 03 03 00

000:STREAM                     1283007046.144145
 02 F9 47 C2 39 03 03 00

000:STREAM                     1283007046.148138
 02 F9 47 B9 39 03 03 00

000:STREAM                     1283007046.152139
 02 FC 47 B7 39 03 03 00

000:STREAM                     1283007046.160134
 02 FC 47 B6 39 03 03 00

000:STREAM                     1283007046.164134
 02 FC 47 B6 39 03 03 00

000:STREAM                     1283007046.168141
 02 FC 47 B6 39 03 03 00

000:STREAM                     1283007046.172138
 02 FC 47 B6 39 03 03 00

000:STREAM                     1283007046.180138
 02 FC 47 B6 39 03 03 00

000:STREAM                     1283007046.184135
 02 FC 47 B6 39 03 03 00

000:STREAM                     1283007046.188132
 02 FC 47 B6 39 03 03 00

000:STREAM                     1283007046.192117
 02 FC 47 B6 39 03 03 00

000:STREAM                     1283007046.196133
 02 FC 47 B6 39 03 03 00

000:STREAM                     1283007046.204141
 02 FA 47 BC 39 03 03 00

000:STREAM                     1283007046.208139
 02 F8 47 C2 39 03 03 00

000:STREAM                     1283007046.212142
 02 F6 47 C4 39 03 03 00

000:STREAM                     1283007046.216140
 02 F6 47 C6 39 03 03 00

000:STREAM                     1283007046.224140
 02 F9 47 C9 39 03 03 00

000:STREAM                     1283007046.228133
 02 F7 47 CA 39 03 03 00

000:STREAM                     1283007046.232133
 02 F7 47 CE 39 03 03 00

000:STREAM                     1283007046.236140
 02 F7 47 D1 39 03 03 00

000:STREAM                     1283007046.244139
 02 F7 47 D5 39 03 03 00

000:STREAM                     1283007046.248146
 02 F5 47 D8 39 03 03 00

000:STREAM                     1283007046.252140
 02 F4 47 DA 39 03 03 00

000:STREAM                     1283007046.256137
 02 F4 47 DA 39 03 03 00

000:STREAM                     1283007046.260141
 02 F4 47 DA 39 03 03 00

000:STREAM                     1283007046.268139
 02 F4 47 DA 39 03 03 00

000:STREAM                     1283007046.272133
 02 F4 47 DA 39 03 03 00

000:STREAM                     1283007046.276143
 02 F4 47 DA 39 03 03 00

000:STREAM                     1283007046.280132
 02 F2 47 DC 39 03 03 00

000:STREAM                     1283007046.288141
 02 F2 47 DE 39 03 03 00

000:STREAM                     1283007046.292145
 02 F2 47 DE 39 03 03 00

000:STREAM                     1283007046.296135
 02 F0 47 E1 39 03 03 00

000:STREAM                     1283007046.300116
 02 EE 47 E6 39 03 03 00

000:STREAM                     1283007046.304139
 02 E6 47 E3 39 03 03 00

000:STREAM                     1283007046.312131
 02 E6 47 E3 39 03 03 00

000:STREAM                     1283007046.316123
 02 E6 47 E3 39 03 03 00

000:STREAM                     1283007046.320140
 02 E6 47 E3 39 03 03 00

000:STREAM                     1283007046.324132
 02 E6 47 E3 39 03 03 00

000:STREAM                     1283007046.332139
 02 E6 47 E3 39 03 03 00

000:STREAM                     1283007046.336138
 02 E6 47 E3 39 03 03 00

000:STREAM                     1283007046.340138
 02 E6 47 E3 39 03 03 00

000:STREAM                     1283007046.344132
 02 E6 47 E4 39 03 03 00

000:STREAM                     1283007046.352132
 02 E5 47 EA 39 03 03 00

000:STREAM                     1283007046.356141
 02 E4 47 ED 39 03 03 00

000:STREAM                     1283007046.360132
 02 E4 47 ED 39 03 03 00

000:STREAM                     1283007046.364114
 02 E4 47 ED 39 03 03 00

000:STREAM                     1283007046.368141
 02 E4 47 ED 39 03 03 00

000:STREAM                     1283007046.376138
 02 E4 47 ED 39 03 03 00

000:STREAM                     1283007046.380131
 02 E4 47 ED 39 03 03 00

000:STREAM                     1283007046.384129
 02 E4 47 ED 39 03 03 00

000:STREAM                     1283007046.388136
 02 E4 47 ED 39 03 03 00

000:STREAM                     1283007046.408139
 02 E4 47 ED 39 13 FF 03

000:STREAM                     1283007046.412134
 02 E4 47 ED 39 13 FF 03

000:STREAM                     1283007046.420130
 02 E4 47 ED 39 13 FF 03

000:STREAM                     1283007046.424134
 02 E4 47 ED 39 13 FF 03

000:STREAM                     1283007046.428137
 02 E4 47 ED 39 13 FF 03

000:STREAM                     1283007046.436137
 02 E4 47 ED 39 13 FF 03

000:STREAM                     1283007046.440139
 02 E4 47 ED 39 13 FF 03

000:STREAM                     1283007046.444140
 02 E4 47 ED 39 13 FF 03

000:STREAM                     1283007046.452140
 02 E4 47 ED 39 13 FF 03

000:STREAM                     1283007046.456137
 02 E5 47 EB 39 13 FF 03

000:STREAM                     1283007046.460129
 02 E7 47 F0 39 13 FF 03

000:STREAM                     1283007046.468138
 02 E8 47 F5 39 13 FF 03

000:STREAM                     1283007046.472134
 02 EA 47 F3 39 13 FF 03

000:STREAM                     1283007046.476133
 02 EA 47 F3 39 13 FF 03

000:STREAM                     1283007046.484140
 02 EA 47 F3 39 13 FF 03

000:STREAM                     1283007046.488133
 02 EA 47 F3 39 13 FF 03

000:STREAM                     1283007046.492138
 02 EA 47 F3 39 13 FF 03

000:STREAM                     1283007046.500139
 02 EA 47 F3 39 13 FF 03

000:STREAM                     1283007046.504128
 02 EA 47 F3 39 13 FF 03

000:STREAM                     1283007046.508118
 02 EA 47 F3 39 13 FF 03

000:STREAM                     1283007046.512139
 02 EA 47 F3 39 13 FF 03

000:STREAM                     1283007046.520140
 02 EA 47 F3 39 13 FF 03

000:STREAM                     1283007046.524138
 02 EA 47 F3 39 13 FF 03

000:STREAM                     1283007046.528134
 02 EA 47 F3 39 13 FF 03

000:STREAM                     1283007046.536139
 02 EB 47 F2 39 13 FF 03

000:STREAM                     1283007046.540134
 02 ED 47 EF 39 13 FF 03

000:STREAM                     1283007046.544138
 02 ED 47 F6 39 13 FF 03

000:STREAM                     1283007046.552138
 02 ED 47 F7 39 13 FF 03

000:STREAM                     1283007046.556141
 02 ED 47 F7 39 13 FF 03

000:STREAM                     1283007046.560132
 02 ED 47 F7 39 13 FF 03

000:STREAM                     1283007046.568138
 02 ED 47 F7 39 13 FF 03

000:STREAM                     1283007046.572137
 02 ED 47 F7 39 13 FF 03

000:STREAM                     1283007046.576136
 02 ED 47 F7 39 13 FF 03

000:STREAM                     1283007046.584137
 02 ED 47 F7 39 13 FF 03

000:STREAM                     1283007046.588130
 02 ED 47 F7 39 13 FF 03

000:STREAM                     1283007046.592130
 02 ED 47 F7 39 13 FF 03

000:STREAM                     1283007046.600133
 02 ED 47 F7 39 13 FF 03

000:STREAM                     1283007046.604140
 02 ED 47 F7 39 13 FF 03

000:STREAM                     1283007046.608134
 02 ED 47 F7 39 13 FF 03

000:STREAM                     1283007046.616142
 02 ED 47 F7 39 13 FF 03

000:STREAM                     1283007046.620142
 02 ED 47 F7 39 13 FF 03

000:STREAM                     1283007046.624140
 02 ED 47 F7 39 13 FF 03

000:STREAM                     1283007046.632137
 02 ED 47 F7 39 13 FF 03

000:STREAM                     1283007046.636131
 02 ED 47 F7 39 13 FF 03

000:STREAM                     1283007046.640136
 02 ED 47 F7 39 13 FF 03

000:STREAM                     1283007046.648130
 02 ED 47 F7 39 13 FF 03

000:STREAM                     1283007046.652139
 02 ED 47 F7 39 13 FF 03

000:STREAM                     1283007046.656139
 02 ED 47 F7 39 13 FF 03

000:STREAM                     1283007046.664141
 02 ED 47 F7 39 13 FF 03

000:STREAM                     1283007046.668137
 02 EE 47 F0 39 13 FF 03

000:STREAM                     1283007046.672127
 02 F0 47 EE 39 13 FF 03

000:STREAM                     1283007046.680140
 02 EF 47 EC 39 13 FF 03

000:STREAM                     1283007046.684129
 02 F0 47 E5 39 13 FF 03

000:STREAM                     1283007046.688122
 02 F0 47 E5 39 13 FF 03

000:STREAM                     1283007046.696129
 02 F0 47 E5 39 13 FF 03

000:STREAM                     1283007046.700128
 02 F0 47 E5 39 13 FF 03

000:STREAM                     1283007046.704137
 02 F0 47 E5 39 13 FF 03

000:STREAM                     1283007046.712138
 02 F0 47 E5 39 13 FF 03

000:STREAM                     1283007046.716130
 02 F0 47 E5 39 13 FF 03

000:STREAM                     1283007046.720141
 02 F0 47 E5 39 13 FF 03

000:STREAM                     1283007046.728135
 02 F0 47 E5 39 03 03 00

000:STREAM                     1283007046.732132
 02 F0 47 E5 39 03 03 00

000:STREAM                     1283007046.736137
 02 F0 47 E5 39 03 03 00

000:STREAM                     1283007046.740129
 02 F0 47 E5 39 03 03 00

000:STREAM                     1283007046.748137
 02 F0 47 E5 39 03 03 00

000:STREAM                     1283007046.752127
 02 F0 47 E5 39 03 03 00

000:STREAM                     1283007046.756135
 02 F0 47 E5 39 03 03 00

000:STREAM                     1283007046.760129
 02 F0 47 E5 39 03 03 00

000:STREAM                     1283007046.764115
 02 F0 47 E5 39 03 03 00

000:STREAM                     1283007046.772137
 02 F0 47 E5 39 03 03 00

000:STREAM                     1283007046.776130
 02 F0 47 E5 39 03 03 00

000:STREAM                     1283007046.780116
 02 EF 47 DA 39 03 03 00

000:STREAM                     1283007046.784137
 02 EE 47 D7 39 03 03 00

000:STREAM                     1283007046.792137
 02 F3 47 D5 39 03 03 00

000:STREAM                     1283007046.796129
 02 F3 47 D5 39 03 03 00

000:STREAM                     1283007046.800128
 02 F3 47 D5 39 03 03 00

000:STREAM                     1283007046.804138
 02 F3 47 D5 39 03 03 00

000:STREAM                     1283007046.812138
 02 F3 47 D5 39 03 03 00

000:STREAM                     1283007046.816128
 02 F3 47 D5 39 03 03 00

000:STREAM                     1283007046.820137
 02 F3 47 D5 39 03 03 00

000:STREAM                     1283007046.824141
 02 F3 47 D5 39 03 03 00

000:STREAM                     1283007046.828136
 02 F3 47 D5 39 03 03 00

000:STREAM                     1283007046.836136
 02 F3 47 D5 39 03 03 00

000:STREAM                     1283007046.840132
 02 F1 47 D2 39 03 03 00

000:STREAM                     1283007046.844135
 02 F1 47 D2 39 03 03 00

000:STREAM                     1283007046.848128
 02 F1 47 D2 39 03 03 00

000:STREAM                     1283007046.856130
 02 F1 47 D2 39 03 03 00

000:STREAM                     1283007046.860146
 02 F1 47 D2 39 03 03 00

000:STREAM                     1283007046.864131
 02 F1 47 D2 39 03 03 00

000:STREAM                     1283007046.868134
 02 F1 47 D2 39 03 03 00

000:STREAM                     1283007046.872133
 02 F1 47 D2 39 03 03 00

000:STREAM                     1283007046.880139
 02 F1 47 D2 39 03 03 00

000:STREAM                     1283007046.884136
 02 F1 47 CE 39 03 03 00

000:STREAM                     1283007046.888138
 02 EF 47 C4 39 03 03 00

000:STREAM                     1283007046.892138
 02 EF 47 C1 39 03 03 00

000:STREAM                     1283007046.900137
 02 F1 47 BE 39 03 03 00

000:STREAM                     1283007046.904134
 02 ED 47 BE 39 03 03 00

000:STREAM                     1283007046.908136
 02 ED 47 BD 39 03 03 00

000:STREAM                     1283007046.912150
 02 EC 47 BC 39 03 03 00

000:STREAM                     1283007046.920135
 02 EE 47 BA 39 03 03 00

000:STREAM                     1283007046.924134
 02 EE 47 BA 39 03 03 00

000:STREAM                     1283007046.928136
 02 EE 47 BA 39 03 03 00

000:STREAM                     1283007046.932129
 02 EE 47 BA 39 03 03 00

000:STREAM                     1283007046.936128
 02 EE 47 BA 39 03 03 00

000:STREAM                     1283007046.944141
 02 EE 47 BA 39 03 03 00

000:STREAM                     1283007046.948130
 02 EE 47 BA 39 03 03 00

000:STREAM                     1283007046.952129
 02 EE 47 BA 39 03 03 00

000:STREAM                     1283007046.956138
 02 EE 47 BA 39 03 03 00

000:STREAM                     1283007046.964128
 02 EE 47 BA 39 03 03 00

000:STREAM                     1283007046.968124
 02 EE 47 BA 39 03 03 00

000:STREAM                     1283007046.972135
 02 EE 47 BA 39 03 03 00

000:STREAM                     1283007046.976127
 02 EE 47 BA 39 03 03 00

000:STREAM                     1283007046.980143
 02 EE 47 BA 39 03 03 00

000:STREAM                     1283007046.988133
 02 EE 47 BA 39 03 03 00

000:STREAM                     1283007046.992131
 02 EE 47 BA 39 03 03 00

000:STREAM                     1283007046.996136
 02 EE 47 BA 39 03 03 00

000:STREAM                     1283007047.000136
 02 EE 47 BA 39 03 03 00

000:STREAM                     1283007047.008140
 02 F2 47 B9 39 03 03 00

000:STREAM                     1283007047.012130
 02 F2 47 B9 39 03 03 00

000:STREAM                     1283007047.016129
 02 F2 47 B9 39 03 03 00

000:STREAM                     1283007047.020135
 02 F2 47 B9 39 03 03 00

000:STREAM                     1283007047.028135
 02 F2 47 B9 39 03 03 00

000:STREAM                     1283007047.032127
 02 F2 47 B9 39 03 03 00

000:STREAM                     1283007047.036121
 02 F2 47 B9 39 03 03 00

000:STREAM                     1283007047.040135
 02 F2 47 B9 39 03 03 00

000:STREAM                     1283007047.044135
 02 F2 47 B9 39 03 03 00

000:STREAM                     1283007047.052136
 02 F2 47 B9 39 03 03 00

000:STREAM                     1283007047.056130
 02 F2 47 B9 39 03 03 00

000:STREAM                     1283007047.060133
 02 F2 47 B9 39 03 03 00

000:STREAM                     1283007047.064127
 02 F2 47 B9 39 03 03 00

000:STREAM                     1283007047.072135
 02 F2 47 B9 39 03 03 00

000:STREAM                     1283007047.076128
 02 F2 47 B9 39 03 03 00

000:STREAM                     1283007047.080128
 02 F2 47 B9 39 03 03 00

000:STREAM                     1283007047.084136
 02 F2 47 B9 39 03 03 00

000:STREAM                     1283007047.088149
 02 F2 47 B9 39 03 03 00

000:STREAM                     1283007047.096136
 02 F2 47 B9 39 03 03 00

000:STREAM                     1283007047.100140
 02 F2 47 B9 39 03 03 00

000:STREAM                     1283007047.104131
 02 F2 47 B9 39 03 03 00

000:STREAM                     1283007047.108140
 02 F0 47 BB 39 03 03 00

000:STREAM                     1283007047.116138
 02 EE 47 BC 39 03 03 00

000:STREAM                     1283007047.120134
 02 ED 47 C2 39 03 03 00

000:STREAM                     1283007047.124136
 02 EB 47 C2 39 03 03 00

000:STREAM                     1283007047.128134
 02 EB 47 C2 39 03 03 00

000:STREAM                     1283007047.136135
 02 EB 47 C2 39 03 03 00

000:STREAM                     1283007047.140127
 02 EB 47 C2 39 03 03 00

000:STREAM                     1283007047.144122
 02 EB 47 C2 39 03 03 00

000:STREAM                     1283007047.148135
 02 EB 47 C2 39 03 03 00

000:STREAM                     1283007047.152128
 02 EB 47 C2 39 03 03 00

000:STREAM                     1283007047.160133
 02 EB 47 C2 39 03 03 00

000:STREAM                     1283007047.164124
 02 EB 47 C2 39 03 03 00

000:STREAM                     1283007047.168126
 02 EB 47 C2 39 03 03 00

000:STREAM                     1283007047.172111
 02 EB 47 C2 39 03 03 00

000:STREAM                     1283007047.180127
 02 EB 47 C2 39 03 03 00

000:STREAM                     1283007047.184136
 02 EB 47 C2 39 03 03 00

000:STREAM                     1283007047.188141
 02 EC 47 C7 39 03 03 00

000:STREAM                     1283007047.192128
 02 EA 47 CC 39 03 03 00

000:STREAM                     1283007047.196140
 02 E1 47 D1 39 03 03 00

000:STREAM                     1283007047.204134
 02 E1 47 D6 39 03 03 00

000:STREAM                     1283007047.208128
 02 E3 47 DA 39 03 03 00

000:STREAM                     1283007047.212139
 02 E4 47 DD 39 03 03 00

000:STREAM                     1283007047.216135
 02 E4 47 DD 39 03 03 00

000:STREAM                     1283007047.224137
 02 E4 47 DD 39 03 03 00

000:STREAM                     1283007047.228141
 02 E4 47 DD 39 03 03 00

000:STREAM                     1283007047.232136
 02 E4 47 DD 39 03 03 00

000:STREAM                     1283007047.236136
 02 E4 47 DD 39 03 03 00

000:STREAM                     1283007047.244135
 02 E4 47 DD 39 03 03 00

000:STREAM                     1283007047.248128
 02 E4 47 DD 39 03 03 00

000:STREAM                     1283007047.252134
 02 E4 47 DD 39 03 03 00

000:STREAM                     1283007047.256128
 02 E4 47 DD 39 03 03 00

000:STREAM                     1283007047.260112
 02 E4 47 DD 39 03 03 00

000:STREAM                     1283007047.268137
 02 E4 47 DD 39 03 03 00

000:STREAM                     1283007047.272127
 02 E4 47 DD 39 03 03 00

000:STREAM                     1283007047.276122
 02 E4 47 DD 39 03 03 00

000:STREAM                     1283007047.280134
 02 E4 47 DD 39 03 03 00

000:STREAM                     1283007047.288134
 02 E4 47 DD 39 03 03 00

000:STREAM                     1283007047.308136
 02 E4 47 DD 39 13 FF 03

000:STREAM                     1283007047.312131
 02 E4 47 DD 39 13 FF 03

000:STREAM                     1283007047.320136
 02 E4 47 DD 39 13 FF 03

000:STREAM                     1283007047.324133
 02 E4 47 DD 39 13 FF 03

000:STREAM                     1283007047.328125
 02 E4 47 DD 39 13 FF 03

000:STREAM                     1283007047.336134
 02 E4 47 DD 39 13 FF 03

000:STREAM                     1283007047.340124
 02 E4 47 DD 39 13 FF 03

000:STREAM                     1283007047.344134
 02 E4 47 DD 39 13 FF 03

000:STREAM                     1283007047.352135
 02 E4 47 DD 39 13 FF 03

000:STREAM                     1283007047.356131
 02 E6 47 DD 39 13 FF 03

000:STREAM                     1283007047.360123
 02 E7 47 D8 39 13 FF 03

000:STREAM                     1283007047.368135
 02 E9 47 DE 39 13 FF 03

000:STREAM                     1283007047.372127
 02 E9 47 DF 39 13 FF 03

000:STREAM                     1283007047.376130
 02 E9 47 D9 39 13 FF 03

000:STREAM                     1283007047.384136
 02 EA 47 E1 39 13 FF 03

000:STREAM                     1283007047.388133
 02 EB 47 E1 39 13 FF 03

000:STREAM                     1283007047.392123
 02 EB 47 E3 39 13 FF 03

000:STREAM                     1283007047.400134
 02 EB 47 E3 39 13 FF 03

000:STREAM                     1283007047.404128
 02 EB 47 E3 39 13 FF 03

000:STREAM                     1283007047.408135
 02 EB 47 E3 39 13 FF 03

000:STREAM                     1283007047.416138
 02 EB 47 E3 39 13 FF 03

000:STREAM                     1283007047.420126
 02 EB 47 E3 39 13 FF 03

000:STREAM                     1283007047.424127
 02 EB 47 E3 39 13 FF 03

000:STREAM                     1283007047.432135
 02 EB 47 E3 39 13 FF 03

000:STREAM                     1283007047.436127
 02 EB 47 E3 39 13 FF 03

000:STREAM                     1283007047.440137
 02 EB 47 E3 39 13 FF 03

000:STREAM                     1283007047.448126
 02 EB 47 E3 39 13 FF 03

000:STREAM                     1283007047.452127
 02 EB 47 E3 39 13 FF 03

000:STREAM                     1283007047.456135
 02 EB 47 E3 39 13 FF 03

000:STREAM                     1283007047.464127
 02 EB 47 E3 39 13 FF 03

000:STREAM                     1283007047.468132
 02 EB 47 E3 39 13 FF 03

000:STREAM                     1283007047.472133
 02 EB 47 E3 39 13 FF 03

000:STREAM                     1283007047.480133
 02 EB 47 E3 39 13 FF 03

000:STREAM                     1283007047.484133
 02 EB 47 E3 39 13 FF 03

000:STREAM                     1283007047.488132
 02 EB 47 E3 39 13 FF 03

000:STREAM                     1283007047.496133
 02 EB 47 E3 39 13 FF 03

000:STREAM                     1283007047.500132
 02 EB 47 E3 39 13 FF 03

000:STREAM                     1283007047.504131
 02 EB 47 E3 39 13 FF 03

000:STREAM                     1283007047.512133
 02 EB 47 E3 39 13 FF 03

000:STREAM                     1283007047.516127
 02 EB 47 E3 39 13 FF 03

000:STREAM                     1283007047.520132
 02 EB 47 E3 39 13 FF 03

000:STREAM                     1283007047.528133
 02 EB 47 E3 39 13 FF 03

000:STREAM                     1283007047.532125
 02 EB 47 E3 39 13 FF 03

000:STREAM                     1283007047.536111
 02 EB 47 E3 39 13 FF 03

000:STREAM                     1283007047.544125
 02 EB 47 E3 39 13 FF 03

000:STREAM                     1283007047.548134
 02 EB 47 E3 39 13 FF 03

000:STREAM                     1283007047.552132
 02 EB 47 E3 39 13 FF 03

000:STREAM                     1283007047.560125
 02 EB 47 E3 39 13 FF 03

000:STREAM                     1283007047.564123
 02 EB 47 E3 39 13 FF 03

000:STREAM                     1283007047.568126
 02 EB 47 E3 39 13 FF 03

000:STREAM                     1283007047.576133
 02 EB 47 E3 39 13 FF 03

000:STREAM                     1283007047.580139
 02 EB 47 E3 39 13 FF 03

000:STREAM                     1283007047.584126
 02 EB 47 E3 39 13 FF 03

000:STREAM                     1283007047.592133
 02 EB 47 E3 39 13 FF 03

000:STREAM                     1283007047.596132
 02 EB 47 E3 39 13 FF 03

000:STREAM                     1283007047.600125
 02 EB 47 E3 39 13 FF 03

000:STREAM                     1283007047.608133
 02 EB 47 E3 39 13 FF 03

000:STREAM                     1283007047.612131
 02 EB 47 E3 39 13 FF 03

000:STREAM                     1283007047.616132
 02 EB 47 E3 39 13 FF 03

000:STREAM                     1283007047.624133
 02 EB 47 E3 39 13 FF 03

000:STREAM                     1283007047.628133
 02 EB 47 E3 39 13 FF 03

000:STREAM                     1283007047.632133
 02 EB 47 E3 39 13 FF 03

000:STREAM                     1283007047.640133
 02 EB 47 E3 39 13 FF 03

000:STREAM                     1283007047.644136
 02 EB 47 E3 39 13 FF 03

000:STREAM                     1283007047.648132
 02 EB 47 E3 39 13 FF 03

000:STREAM                     1283007047.656132
 02 EB 47 E3 39 13 FF 03

000:STREAM                     1283007047.660132
 02 EB 47 E3 39 13 FF 03

000:STREAM                     1283007047.664135
 02 EB 47 E3 39 13 FF 03

000:STREAM                     1283007047.668135
 02 EB 47 E3 39 03 03 00

000:STREAM                     1283007047.676133
 02 E6 47 E0 39 03 03 00

000:STREAM                     1283007047.680130
 02 E6 47 E0 39 03 03 00

000:STREAM                     1283007047.684125
 02 E6 47 E0 39 03 03 00

000:STREAM                     1283007047.688132
 02 E6 47 E0 39 03 03 00

000:STREAM                     1283007047.696134
 02 E6 47 E0 39 03 03 00

000:STREAM                     1283007047.700133
 02 E6 47 E0 39 03 03 00

000:STREAM                     1283007047.704134
 02 E6 47 E0 39 03 03 00

000:STREAM                     1283007047.708124
 02 E6 47 E0 39 03 03 00

000:STREAM                     1283007047.712143
 02 E6 47 E0 39 03 03 00

000:STREAM                     1283007047.720132
 02 E4 47 DD 39 03 03 00

000:STREAM                     1283007047.724132
 02 E0 47 D8 39 03 03 00

000:STREAM                     1283007047.728126
 02 E0 47 D8 39 03 03 00

000:STREAM                     1283007047.732126
 02 E0 47 D8 39 03 03 00

000:STREAM                     1283007047.740130
 02 E0 47 D8 39 03 03 00

000:STREAM                     1283007047.744125
 02 E0 47 D8 39 03 03 00

000:STREAM                     1283007047.748125
 02 E0 47 D8 39 03 03 00

000:STREAM                     1283007047.752108
 02 E0 47 D8 39 03 03 00

000:STREAM                     1283007047.760125
 02 E0 47 D8 39 03 03 00

000:STREAM                     1283007047.764121
 02 E0 47 D8 39 03 03 00

000:STREAM                     1283007047.768133
 02 DE 47 CE 39 03 03 00

000:STREAM                     1283007047.772125
 02 DD 47 C1 39 03 03 00

000:STREAM                     1283007047.776115
 02 DC 47 C0 39 03 03 00

000:STREAM                     1283007047.784125
 02 DA 47 C0 39 03 03 00

000:STREAM                     1283007047.788135
 02 D6 47 BF 39 03 03 00

000:STREAM                     1283007047.791131
 02 D6 47 BB 39 03 03 00

000:STREAM                     1283007047.796126
 02 D6 47 B9 39 03 03 00

000:STREAM                     1283007047.804131
 02 D6 47 B9 39 03 03 00

000:STREAM                     1283007047.808124
 02 D6 47 B9 39 03 03 00

000:STREAM                     1283007047.812132
 02 D6 47 B9 39 03 03 00

000:STREAM                     1283007047.816125
 02 D6 47 B9 39 03 03 00

000:STREAM                     1283007047.820122
 02 D6 47 B9 39 03 03 00

000:STREAM                     1283007047.828134
 02 D6 47 B9 39 03 03 00

000:STREAM                     1283007047.832124
 02 D6 47 B9 39 03 03 00

000:STREAM                     1283007047.836122
 02 D6 47 B9 39 03 03 00

000:STREAM                     1283007047.840132
 02 D6 47 B9 39 03 03 00

000:STREAM                     1283007047.848123
 02 D6 47 B9 39 03 03 00

000:STREAM                     1283007047.852124
 02 D6 47 B9 39 03 03 00

000:STREAM                     1283007047.856131
 02 D6 47 B9 39 03 03 00

000:STREAM                     1283007047.860130
 02 D6 47 B9 39 03 03 00

000:STREAM                     1283007047.864120
 02 D6 47 B9 39 03 03 00

000:STREAM                     1283007047.872125
 02 D6 47 B9 39 03 03 00

000:STREAM                     1283007047.876130
 02 D6 47 B9 39 03 03 00

000:STREAM                     1283007047.880117
 02 D6 47 B9 39 03 03 00

000:STREAM                     1283007047.884133
 02 D6 47 B9 39 03 03 00

000:STREAM                     1283007047.892132
 02 D6 47 B9 39 03 03 00

000:STREAM                     1283007047.896127
 02 D6 47 B9 39 03 03 00

000:STREAM                     1283007047.900129
 02 D6 47 B9 39 03 03 00

000:STREAM                     1283007047.904129
 02 D6 47 B9 39 03 03 00

000:STREAM                     1283007047.912132
 02 D6 47 B9 39 03 03 00

000:STREAM                     1283007047.916129
 02 D6 47 B9 39 03 03 00

000:STREAM                     1283007047.920129
 02 D6 47 B9 39 03 03 00

000:STREAM                     1283007047.924131
 02 D6 47 B9 39 03 03 00

000:STREAM                     1283007047.928125
 02 D6 47 B9 39 03 03 00

000:STREAM                     1283007047.936129
 02 D6 47 B9 39 03 03 00

000:STREAM                     1283007047.940124
 02 D6 47 B9 39 03 03 00

000:STREAM                     1283007047.944131
 02 D6 47 B9 39 03 03 00

000:STREAM                     1283007047.948124
 02 D6 47 B9 39 03 03 00

000:STREAM                     1283007047.956129
 02 D6 47 B9 39 03 03 00

000:STREAM                     1283007047.960124
 02 D6 47 B9 39 03 03 00

000:STREAM                     1283007047.964122
 02 D6 47 B9 39 03 03 00

000:STREAM                     1283007047.968108
 02 D6 47 B9 39 03 03 00

000:STREAM                     1283007047.972122
 02 D6 47 B9 39 03 03 00

000:STREAM                     1283007047.980130
 02 D6 47 B9 39 03 03 00

000:STREAM                     1283007047.984123
 02 D6 47 B9 39 03 03 00

000:STREAM                     1283007047.988124
 02 D6 47 B9 39 03 03 00

000:STREAM                     1283007047.992123
 02 D6 47 B9 39 03 03 00

000:STREAM                     1283007048.000134
 02 D6 47 B9 39 03 03 00

000:STREAM                     1283007048.004130
 02 D6 47 B9 39 03 03 00

000:STREAM                     1283007048.008133
 02 D6 47 B9 39 03 03 00

000:STREAM                     1283007048.012135
 02 D6 47 B9 39 03 03 00

000:STREAM                     1283007048.020134
 02 D6 47 B9 39 03 03 00

000:STREAM                     1283007048.024126
 02 D6 47 B9 39 03 03 00

000:STREAM                     1283007048.028132
 02 D7 47 BB 39 03 03 00

000:STREAM                     1283007048.032121
 02 D6 47 BE 39 03 03 00

000:STREAM                     1283007048.036130
 02 CF 47 BE 39 03 03 00

000:STREAM                     1283007048.044131
 02 D1 47 C3 39 03 03 00

000:STREAM                     1283007048.048134
 02 D1 47 C4 39 03 03 00

000:STREAM                     1283007048.052122
 02 D1 47 CD 39 03 03 00

000:STREAM                     1283007048.056131
 02 D2 47 CD 39 03 03 00

000:STREAM                     1283007048.064123
 02 D2 47 CD 39 03 03 00

000:STREAM                     1283007048.068123
 02 D2 47 CD 39 03 03 00

000:STREAM                     1283007048.072130
 02 D2 47 CD 39 03 03 00

000:STREAM                     1283007048.076124
 02 D2 47 CD 39 03 03 00

000:STREAM                     1283007048.080113
 02 D2 47 CD 39 03 03 00

000:STREAM                     1283007048.088131
 02 D2 47 CD 39 03 03 00

000:STREAM                     1283007048.092122
 02 D2 47 CD 39 03 03 00

000:STREAM                     1283007048.096126
 02 D2 47 CD 39 03 03 00

000:STREAM                     1283007048.100132
 02 D2 47 CD 39 03 03 00

000:STREAM                     1283007048.108131
 02 D2 47 CD 39 03 03 00

000:STREAM                     1283007048.112129
 02 D2 47 CD 39 03 03 00

000:STREAM                     1283007048.116125
 02 D2 47 CD 39 03 03 00

000:STREAM                     1283007048.120130
 02 D2 47 CD 39 03 03 00

000:STREAM                     1283007048.128134
 02 D2 47 CD 39 03 03 00

000:STREAM                     1283007048.132129
 02 D2 47 CD 39 03 03 00

000:STREAM                     1283007048.136127
 02 D2 47 CD 39 03 03 00

000:STREAM                     1283007048.140130
 02 D2 47 D9 39 03 03 00

000:STREAM                     1283007048.144123
 02 D6 47 DB 39 03 03 00

000:STREAM                     1283007048.152122
 02 D7 47 DF 39 03 03 00

000:STREAM                     1283007048.156119
 02 D6 47 E3 39 03 03 00

000:STREAM                     1283007048.160129
 02 D4 47 EF 39 03 03 00

000:STREAM                     1283007048.164121
 02 D4 47 EF 39 03 03 00

000:STREAM                     1283007048.172121
 02 D4 47 EF 39 03 03 00

000:STREAM                     1283007048.176125
 02 D4 47 EF 39 03 03 00

000:STREAM                     1283007048.180122
 02 D4 47 EF 39 03 03 00

000:STREAM                     1283007048.184107
 02 D4 47 EF 39 03 03 00

000:STREAM                     1283007048.188124
 02 D4 47 EF 39 03 03 00

000:STREAM                     1283007048.196122
 02 D4 47 EF 39 03 03 00

000:STREAM                     1283007048.200124
 02 D4 47 EF 39 03 03 00

000:STREAM                     1283007048.204121
 02 D4 47 EF 39 03 03 00

000:STREAM                     1283007048.208122
 02 D4 47 EF 39 03 03 00

000:STREAM                     1283007048.216129
 02 D4 47 EF 39 03 03 00

000:STREAM                     1283007048.220125
 02 D4 47 EF 39 03 03 00

000:STREAM                     1283007048.224132
 02 D4 47 EF 39 03 03 00

000:STREAM                     1283007048.228131
 02 D4 47 EF 39 03 03 00

000:STREAM                     1283007048.236131
 02 D4 47 EF 39 03 03 00

000:STREAM                     1283007048.240134
 02 D4 47 EF 39 03 03 00

000:STREAM                     1283007048.244131
 02 D4 47 EF 39 03 03 00

000:STREAM                     1283007048.248122
 02 D4 47 EF 39 03 03 00

000:STREAM                     1283007048.252137
 02 D4 47 EF 39 03 03 00

000:STREAM                     1283007048.260131
 02 D4 47 EF 39 03 03 00

000:STREAM                     1283007048.264121
 02 D4 47 EF 39 03 03 00

000:STREAM                     1283007048.268113
 02 D4 47 EF 39 03 03 00

000:STREAM                     1283007048.272118
 02 D4 47 EF 39 03 03 00

000:STREAM                     1283007048.292130
 02 D4 47 EF 39 13 FF 03

000:STREAM                     1283007048.296123
 02 D4 47 EF 39 13 FF 03

000:STREAM                     1283007048.304131
 02 D4 47 EF 39 13 FF 03

000:STREAM                     1283007048.308128
 02 D4 47 EF 39 13 FF 03

000:STREAM                     1283007048.312127
 02 D4 47 EF 39 13 FF 03

000:STREAM                     1283007048.320128
 02 D4 47 EF 39 13 FF 03

000:STREAM                     1283007048.324122
 02 D4 47 EF 39 13 FF 03

000:STREAM                     1283007048.328131
 02 D4 47 EF 39 13 FF 03

000:STREAM                     1283007048.336130
 02 D5 47 F5 39 13 FF 03

000:STREAM                     1283007048.340122
 02 D5 47 FC 39 13 FF 03

000:STREAM                     1283007048.344123
 02 D5 47 0A 3A 13 FF 03

000:STREAM                     1283007048.352132
 02 D5 47 0A 3A 13 FF 03

000:STREAM                     1283007048.356120
 02 D5 47 0A 3A 13 FF 03

000:STREAM                     1283007048.360126
 02 D5 47 0A 3A 13 FF 03

000:STREAM                     1283007048.368122
 02 D5 47 0A 3A 13 FF 03

000:STREAM                     1283007048.372119
 02 D5 47 0A 3A 13 FF 03

000:STREAM                     1283007048.376128
 02 D5 47 0A 3A 13 FF 03

000:STREAM                     1283007048.384128
 02 D5 47 0A 3A 13 FF 03

000:STREAM                     1283007048.388129
 02 D5 47 0A 3A 13 FF 03

000:STREAM                     1283007048.392127
 02 D4 47 08 3A 13 FF 03

000:STREAM                     1283007048.400129
 02 D5 47 05 3A 13 FF 03

000:STREAM                     1283007048.404131
 02 D6 47 03 3A 13 FF 03

000:STREAM                     1283007048.408128
 02 D5 47 03 3A 13 FF 03

000:STREAM                     1283007048.416129
 02 D5 47 00 3A 13 FF 03

000:STREAM                     1283007048.420124
 02 D5 47 00 3A 13 FF 03

000:STREAM                     1283007048.424127
 02 D5 47 00 3A 13 FF 03

000:STREAM                     1283007048.432134
 02 D5 47 00 3A 13 FF 03

000:STREAM                     1283007048.436130
 02 D5 47 00 3A 13 FF 03

000:STREAM                     1283007048.440122
 02 D5 47 00 3A 13 FF 03

000:STREAM                     1283007048.448123
 02 D5 47 00 3A 13 FF 03

000:STREAM                     1283007048.452133
 02 D5 47 00 3A 13 FF 03

000:STREAM                     1283007048.456129
 02 D5 47 00 3A 13 FF 03

000:STREAM                     1283007048.460123
 02 D5 47 00 3A 13 FF 03

000:STREAM                     1283007048.468129
 02 D5 47 00 3A 13 FF 03

000:STREAM                     1283007048.472125
 02 D5 47 00 3A 13 FF 03

000:STREAM                     1283007048.476128
 02 D5 47 00 3A 13 FF 03

000:STREAM                     1283007048.484129
 02 D5 47 00 3A 13 FF 03

000:STREAM                     1283007048.488121
 02 D5 47 00 3A 13 FF 03

000:STREAM                     1283007048.492121
 02 D5 47 00 3A 13 FF 03

000:STREAM                     1283007048.500125
 02 D5 47 00 3A 13 FF 03

000:STREAM                     1283007048.504122
 02 D5 47 00 3A 13 FF 03

000:STREAM                     1283007048.508127
 02 D5 47 00 3A 13 FF 03

000:STREAM                     1283007048.516129
 02 D5 47 00 3A 13 FF 03

000:STREAM                     1283007048.520127
 02 D5 47 00 3A 13 FF 03

000:STREAM                     1283007048.524134
 02 D5 47 00 3A 13 FF 03

000:STREAM                     1283007048.532132
 02 D5 47 00 3A 13 FF 03

000:STREAM                     1283007048.536123
 02 D5 47 00 3A 13 FF 03

000:STREAM                     1283007048.540130
 02 D5 47 00 3A 13 FF 03

000:STREAM                     1283007048.548128
 02 D5 47 00 3A 13 FF 03

000:STREAM                     1283007048.552120
 02 D5 47 00 3A 13 FF 03

000:STREAM                     1283007048.556111
 02 D5 47 00 3A 13 FF 03

000:STREAM                     1283007048.564131
 02 D5 47 00 3A 13 FF 03

000:STREAM                     1283007048.568120
 02 D5 47 00 3A 13 FF 03

000:STREAM                     1283007048.572141
 02 D5 47 00 3A 13 FF 03

000:STREAM                     1283007048.580127
 02 D5 47 00 3A 13 FF 03

000:STREAM                     1283007048.584121
 02 D8 47 FD 39 13 FF 03

000:STREAM                     1283007048.588122
 02 D9 47 FD 39 13 FF 03

000:STREAM                     1283007048.596121
 02 D9 47 FD 39 13 FF 03

000:STREAM                     1283007048.600125
 02 D7 47 F7 39 13 FF 03

000:STREAM                     1283007048.604129
 02 D8 47 F7 39 13 FF 03

000:STREAM                     1283007048.612128
 02 D7 47 F2 39 13 FF 03

000:STREAM                     1283007048.616120
 02 D8 47 F1 39 13 FF 03

000:STREAM                     1283007048.620129
 02 D8 47 F1 39 13 FF 03

000:STREAM                     1283007048.628121
 02 D8 47 F1 39 13 FF 03

000:STREAM                     1283007048.632131
 02 D8 47 F1 39 13 FF 03

000:STREAM                     1283007048.636129
 02 D8 47 F1 39 13 FF 03

000:STREAM                     1283007048.644127
 02 D8 47 F1 39 13 FF 03

000:STREAM                     1283007048.648129
 02 D8 47 F1 39 13 FF 03

000:STREAM                     1283007048.652122
 02 D8 47 F1 39 13 FF 03

000:STREAM                     1283007048.660130
 02 D8 47 F1 39 13 FF 03

000:STREAM                     1283007048.664121
 02 D8 47 F1 39 13 FF 03

000:STREAM                     1283007048.668131
 02 D8 47 F1 39 13 FF 03

000:STREAM                     1283007048.680129
 02 D8 47 F1 39 03 03 00

000:STREAM                     1283007048.684123
 02 D8 47 F1 39 03 03 00

000:STREAM                     1283007048.688128
 02 D8 47 F1 39 03 03 00

000:STREAM                     1283007048.696130
 02 D8 47 F1 39 03 03 00

000:STREAM                     1283007048.700120
 02 D8 47 F1 39 03 03 00

000:STREAM                     1283007048.704130
 02 D8 47 F1 39 03 03 00

000:STREAM                     1283007048.708129
 02 D8 47 F1 39 03 03 00

000:STREAM                     1283007048.712115
 02 D8 47 F1 39 03 03 00

000:STREAM                     1283007048.720129
 02 D7 47 E9 39 03 03 00

000:STREAM                     1283007048.724119
 02 D3 47 E3 39 03 03 00

000:STREAM                     1283007048.728118
 02 D0 47 DA 39 03 03 00

000:STREAM                     1283007048.732122
 02 CF 47 D1 39 03 03 00

000:STREAM                     1283007048.740127
 02 D2 47 CC 39 03 03 00

000:STREAM                     1283007048.744118
 02 D0 47 CC 39 03 03 00

000:STREAM                     1283007048.748127
 02 CF 47 CA 39 03 03 00

000:STREAM                     1283007048.752119
 02 CE 47 C5 39 03 03 00

000:STREAM                     1283007048.760128
 02 D2 47 C2 39 03 03 00

000:STREAM                     1283007048.764119
 02 D2 47 C2 39 03 03 00

000:STREAM                     1283007048.768130
 02 D2 47 C2 39 03 03 00

000:STREAM                     1283007048.772130
 02 D2 47 C2 39 03 03 00

000:STREAM                     1283007048.776129
 02 D2 47 C2 39 03 03 00

000:STREAM                     1283007048.784126
 02 D2 47 C2 39 03 03 00

000:STREAM                     1283007048.788113
 02 D2 47 C2 39 03 03 00

000:STREAM                     1283007048.792129
 02 D2 47 C2 39 03 03 00

000:STREAM                     1283007048.796120
 02 D2 47 C2 39 03 03 00

000:STREAM                     1283007048.804128
 02 D2 47 C2 39 03 03 00

000:STREAM                     1283007048.808120
 02 D2 47 C2 39 03 03 00

000:STREAM                     1283007048.812127
 02 D2 47 C2 39 03 03 00

000:STREAM                     1283007048.816119
 02 D2 47 C2 39 03 03 00

000:STREAM                     1283007048.820108
 02 D2 47 C2 39 03 03 00

000:STREAM                     1283007048.828129
 02 D2 47 C2 39 03 03 00

000:STREAM                     1283007048.832118
 02 D3 47 BF 39 03 03 00

000:STREAM                     1283007048.836119
 02 D3 47 BD 39 03 03 00

000:STREAM                     1283007048.840122
 02 D1 47 BB 39 03 03 00

000:STREAM                     1283007048.848129
 02 D7 47 B5 39 03 03 00

000:STREAM                     1283007048.852132
 02 D7 47 B2 39 03 03 00

000:STREAM                     1283007048.856126
 02 D7 47 B2 39 03 03 00

000:STREAM                     1283007048.860127
 02 D9 47 B1 39 03 03 00

000:STREAM                     1283007048.868129
 02 DE 47 AA 39 03 03 00

000:STREAM                     1283007048.872125
 02 DE 47 AA 39 03 03 00

000:STREAM                     1283007048.876128
 02 DE 47 AA 39 03 03 00

000:STREAM                     1283007048.880121
 02 DE 47 AA 39 03 03 00

000:STREAM                     1283007048.884125
 02 DE 47 AA 39 03 03 00

000:STREAM                     1283007048.892125
 02 E9 47 A9 39 03 03 00

000:STREAM                     1283007048.896117
 02 F1 47 AA 39 03 03 00

000:STREAM                     1283007048.900131
 02 F9 47 B4 39 03 03 00

000:STREAM                     1283007048.904127
 02 01 48 AF 39 03 03 00

000:STREAM                     1283007048.912127
 02 0B 48 AC 39 03 03 00

000:STREAM                     1283007048.916126
 02 13 48 A6 39 03 03 00

000:STREAM                     1283007048.920130
 02 1D 48 9D 39 03 03 00

000:STREAM                     1283007048.924124
 02 2B 48 8E 39 03 03 00

000:STREAM                     1283007048.928104
 02 3B 48 7A 39 03 03 00

000:STREAM                     1283007048.936125
 02 51 48 60 39 03 03 00

000:STREAM                     1283007048.940130
 02 6A 48 44 39 03 03 00

000:STREAM                     1283007048.944127
 02 82 48 27 39 03 03 00

000:STREAM                     1283007048.948119
 02 9D 48 EE 38 03 03 00

000:STREAM                     1283007048.960126
 02 9D 48 EE 38 00 00 00

