001:006:000:STREAM             1579727760.939791
 06 00 05 00 00 00 00 00

001:006:000:STREAM             1579727761.083806
 06 00 00 00 00 00 00 00

001:006:000:STREAM             1579727762.475808
 06 00 08 00 00 00 00 00

001:006:000:STREAM             1579727762.587813
 06 00 00 00 00 00 00 00

001:006:000:STREAM             1579727764.235814
 06 00 0C 00 00 00 00 00

001:006:000:STREAM             1579727764.375816
 06 00 00 00 00 00 00 00

001:006:000:STREAM             1579727765.839826
 06 00 2C 00 00 00 00 00

001:006:000:STREAM             1579727765.987828
 06 00 00 00 00 00 00 00

001:006:000:STREAM             1579727767.707836
 06 05 1D 00 00 00 00 00

001:006:000:STREAM             1579727767.799843
 06 00 00 00 00 00 00 00

001:006:000:STREAM             1579727769.099886
 06 01 16 00 00 00 00 00

001:006:000:STREAM             1579727769.219889
 06 00 00 00 00 00 00 00

001:006:000:STREAM             1579727770.323879
 06 01 57 00 00 00 00 00

001:006:000:STREAM             1579727770.423865
 06 00 00 00 00 00 00 00

001:006:000:STREAM             1579727771.763875
 06 01 56 00 00 00 00 00

001:006:000:STREAM             1579727771.855865
 06 00 00 00 00 00 00 00

