003:002:000:STREAM             1343943676.664283
 09 80 D2 38 51 28 00 00

003:002:000:STREAM             1343943676.668280
 09 80 D2 38 51 28 00 00

003:002:000:STREAM             1343943676.672317
 09 80 D2 38 51 28 00 00

003:002:000:STREAM             1343943676.676282
 09 80 D2 38 51 28 00 00

003:002:000:STREAM             1343943676.680284
 09 80 D2 38 51 28 00 00

003:002:000:STREAM             1343943676.684278
 09 80 D2 38 51 28 00 00

003:002:000:STREAM             1343943676.688270
 09 80 D2 38 51 28 00 00

003:002:000:STREAM             1343943676.692267
 09 80 D2 38 51 28 00 00

003:002:000:STREAM             1343943676.696283
 09 80 D2 38 51 28 00 00

003:002:000:STREAM             1343943676.700278
 09 80 D2 38 51 28 00 00

003:002:000:STREAM             1343943676.708284
 09 80 D2 38 51 28 00 00

003:002:000:STREAM             1343943676.712277
 09 80 D2 38 51 28 00 00

003:002:000:STREAM             1343943676.716287
 09 80 D2 38 51 28 00 00

003:002:000:STREAM             1343943676.720267
 09 80 D2 38 51 28 00 00

003:002:000:STREAM             1343943676.724277
 09 80 D2 38 51 28 00 00

003:002:000:STREAM             1343943676.728277
 09 80 E4 38 51 28 00 00

003:002:000:STREAM             1343943676.736283
 09 80 E4 38 51 28 00 00

003:002:000:STREAM             1343943676.740281
 09 80 E4 38 51 28 00 00

003:002:000:STREAM             1343943676.744288
 09 80 E4 38 51 28 00 00

003:002:000:STREAM             1343943676.748285
 09 80 E4 38 51 28 00 00

003:002:000:STREAM             1343943676.752270
 09 80 E4 38 51 28 00 00

003:002:000:STREAM             1343943676.760311
 09 80 E4 38 51 28 00 00

003:002:000:STREAM             1343943676.764281
 09 80 E4 38 51 28 00 00

003:002:000:STREAM             1343943676.768277
 09 80 E4 38 51 28 00 00

003:002:000:STREAM             1343943676.772279
 09 80 E4 38 51 28 00 00

003:002:000:STREAM             1343943676.776276
 09 80 E4 38 51 28 00 00

003:002:000:STREAM             1343943676.784267
 09 80 E4 38 51 28 00 00

003:002:000:STREAM             1343943676.788283
 09 80 E4 38 51 28 00 00

003:002:000:STREAM             1343943676.792281
 09 80 E4 38 51 28 00 00

003:002:000:STREAM             1343943676.796277
 09 80 E4 38 51 28 00 00

003:002:000:STREAM             1343943676.800277
 09 80 E4 38 3F 28 00 00

003:002:000:STREAM             1343943676.808307
 09 80 E4 38 3F 28 00 00

003:002:000:STREAM             1343943676.812270
 09 80 E4 38 3F 28 00 00

003:002:000:STREAM             1343943676.816282
 09 80 E4 38 3F 28 00 00

003:002:000:STREAM             1343943676.820284
 09 80 E4 38 3F 28 00 00

003:002:000:STREAM             1343943676.824277
 09 80 E4 38 3F 28 00 00

003:002:000:STREAM             1343943676.828277
 09 80 E4 38 3F 28 00 00

003:002:000:STREAM             1343943676.836281
 09 80 E4 38 3F 28 00 00

003:002:000:STREAM             1343943676.840284
 09 80 E4 38 3F 28 00 00

003:002:000:STREAM             1343943676.844280
 09 80 E4 38 3F 28 00 00

003:002:000:STREAM             1343943676.848277
 09 80 E4 38 3F 28 00 00

003:002:000:STREAM             1343943676.852277
 09 80 E4 38 3F 28 00 00

003:002:000:STREAM             1343943676.860282
 09 80 E4 38 3F 28 00 00

003:002:000:STREAM             1343943676.864277
 09 80 E4 38 3F 28 00 00

003:002:000:STREAM             1343943676.868277
 09 80 E4 38 3F 28 00 00

003:002:000:STREAM             1343943676.872276
 09 80 E4 38 2B 28 00 00

003:002:000:STREAM             1343943676.876278
 09 80 E4 38 2B 28 00 00

003:002:000:STREAM             1343943676.884281
 09 80 E4 38 2B 28 00 00

003:002:000:STREAM             1343943676.888278
 09 80 E4 38 2B 28 00 00

003:002:000:STREAM             1343943676.892277
 09 80 E4 38 2B 28 00 00

003:002:000:STREAM             1343943676.896277
 09 80 E4 38 2B 28 00 00

003:002:000:STREAM             1343943676.900284
 09 80 E4 38 2B 28 00 00

003:002:000:STREAM             1343943676.904280
 09 80 E4 38 2B 28 00 00

003:002:000:STREAM             1343943676.912280
 09 80 E4 38 2B 28 00 00

003:002:000:STREAM             1343943676.916277
 09 80 E4 38 2B 28 00 00

003:002:000:STREAM             1343943676.920284
 09 80 E4 38 2B 28 00 00

003:002:000:STREAM             1343943676.924277
 09 80 E4 38 2B 28 00 00

003:002:000:STREAM             1343943676.928280
 09 80 E4 38 2B 28 00 00

003:002:000:STREAM             1343943676.936288
 09 80 E4 38 2B 28 00 00

003:002:000:STREAM             1343943676.940278
 09 80 E4 38 2B 28 00 00

003:002:000:STREAM             1343943676.944276
 09 80 E4 38 2B 28 00 00

003:002:000:STREAM             1343943676.948267
 09 80 E4 38 2B 28 00 00

003:002:000:STREAM             1343943676.952282
 09 80 E4 38 2B 28 00 00

003:002:000:STREAM             1343943676.960281
 09 80 E4 38 2B 28 00 00

003:002:000:STREAM             1343943676.964278
 09 80 E4 38 2B 28 00 00

003:002:000:STREAM             1343943676.968277
 09 80 E4 38 18 28 00 00

003:002:000:STREAM             1343943676.972278
 09 80 E4 38 18 28 00 00

003:002:000:STREAM             1343943676.976279
 09 80 E4 38 18 28 00 00

003:002:000:STREAM             1343943676.980280
 09 80 E4 38 18 28 00 00

003:002:000:STREAM             1343943676.988281
 09 80 E4 38 18 28 00 00

003:002:000:STREAM             1343943676.992285
 09 80 E4 38 18 28 00 00

003:002:000:STREAM             1343943676.996269
 09 80 E4 38 18 28 00 00

003:002:000:STREAM             1343943677.000283
 09 80 E4 38 18 28 00 00

003:002:000:STREAM             1343943677.004284
 09 80 E4 38 18 28 00 00

003:002:000:STREAM             1343943677.012280
 09 80 E4 38 18 28 00 00

003:002:000:STREAM             1343943677.016277
 09 80 E4 38 18 28 00 00

003:002:000:STREAM             1343943677.020280
 09 80 E4 38 18 28 00 00

003:002:000:STREAM             1343943677.024287
 09 80 E4 38 18 28 00 00

003:002:000:STREAM             1343943677.028280
 09 80 E4 38 01 28 00 00

003:002:000:STREAM             1343943677.032277
 09 80 E4 38 01 28 00 00

003:002:000:STREAM             1343943677.040285
 09 80 E4 38 01 28 00 00

003:002:000:STREAM             1343943677.044280
 09 80 E4 38 EE 27 00 00

003:002:000:STREAM             1343943677.048280
 09 80 E4 38 EE 27 00 00

003:002:000:STREAM             1343943677.052277
 09 80 E4 38 EE 27 00 00

003:002:000:STREAM             1343943677.056278
 09 80 E4 38 EE 27 00 00

003:002:000:STREAM             1343943677.064281
 09 80 E4 38 EE 27 00 00

003:002:000:STREAM             1343943677.068277
 09 80 E4 38 EE 27 00 00

003:002:000:STREAM             1343943677.072281
 09 80 E4 38 EE 27 00 00

003:002:000:STREAM             1343943677.076277
 09 80 E4 38 EE 27 00 00

003:002:000:STREAM             1343943677.080277
 09 80 E4 38 EE 27 00 00

003:002:000:STREAM             1343943677.084284
 09 80 E4 38 EE 27 00 00

003:002:000:STREAM             1343943677.092269
 09 80 E4 38 EE 27 00 00

003:002:000:STREAM             1343943677.096282
 09 80 E4 38 EE 27 00 00

003:002:000:STREAM             1343943677.100278
 09 80 E4 38 EE 27 00 00

003:002:000:STREAM             1343943677.104284
 09 80 E4 38 D8 27 00 00

003:002:000:STREAM             1343943677.108278
 09 80 E4 38 D8 27 00 00

003:002:000:STREAM             1343943677.116288
 09 80 E4 38 D8 27 00 00

003:002:000:STREAM             1343943677.120281
 09 80 E4 38 C5 27 00 00

003:002:000:STREAM             1343943677.124276
 09 80 CF 38 C5 27 00 00

003:002:000:STREAM             1343943677.128278
 09 80 CF 38 C5 27 00 00

003:002:000:STREAM             1343943677.132277
 09 80 CF 38 C5 27 00 00

003:002:000:STREAM             1343943677.136343
 09 80 CF 38 B3 27 00 00

003:002:000:STREAM             1343943677.144311
 09 80 CF 38 B3 27 00 00

003:002:000:STREAM             1343943677.148285
 09 80 CF 38 B3 27 00 00

003:002:000:STREAM             1343943677.152277
 09 80 CF 38 B3 27 00 00

003:002:000:STREAM             1343943677.156272
 09 80 CF 38 B3 27 00 00

003:002:000:STREAM             1343943677.160283
 09 80 CF 38 B3 27 00 00

003:002:000:STREAM             1343943677.164279
 09 80 CF 38 B3 27 00 00

003:002:000:STREAM             1343943677.172284
 09 80 CF 38 B3 27 00 00

003:002:000:STREAM             1343943677.176284
 09 80 CF 38 B3 27 00 00

003:002:000:STREAM             1343943677.180278
 09 80 CF 38 B3 27 00 00

003:002:000:STREAM             1343943677.184278
 09 80 CF 38 B3 27 00 00

003:002:000:STREAM             1343943677.188281
 09 80 CF 38 B3 27 00 00

003:002:000:STREAM             1343943677.196281
 09 80 CF 38 B3 27 00 00

003:002:000:STREAM             1343943677.200277
 09 80 CF 38 B3 27 00 00

003:002:000:STREAM             1343943677.204277
 09 80 CF 38 B3 27 00 00

003:002:000:STREAM             1343943677.208284
 09 80 CF 38 B3 27 00 00

003:002:000:STREAM             1343943677.212287
 09 80 CF 38 B3 27 00 00

003:002:000:STREAM             1343943677.216279
 09 80 CF 38 B3 27 00 00

003:002:000:STREAM             1343943677.224284
 09 80 CF 38 B3 27 00 00

003:002:000:STREAM             1343943677.228278
 09 80 CF 38 B3 27 00 00

003:002:000:STREAM             1343943677.232277
 09 80 CF 38 B3 27 00 00

003:002:000:STREAM             1343943677.236281
 09 80 CF 38 B3 27 00 00

003:002:000:STREAM             1343943677.240278
 09 80 CF 38 B3 27 00 00

003:002:000:STREAM             1343943677.248281
 09 80 CF 38 B3 27 00 00

003:002:000:STREAM             1343943677.252277
 09 80 CF 38 B3 27 00 00

003:002:000:STREAM             1343943677.256280
 09 80 CF 38 B3 27 00 00

003:002:000:STREAM             1343943677.260277
 09 80 CF 38 B3 27 00 00

003:002:000:STREAM             1343943677.264277
 09 80 CF 38 B3 27 00 00

003:002:000:STREAM             1343943677.268277
 09 80 CF 38 B3 27 00 00

003:002:000:STREAM             1343943677.276270
 09 80 CF 38 B3 27 00 00

003:002:000:STREAM             1343943677.280281
 09 80 CF 38 B3 27 00 00

003:002:000:STREAM             1343943677.284280
 09 80 CF 38 B3 27 00 00

003:002:000:STREAM             1343943677.288280
 09 80 CF 38 B3 27 00 00

003:002:000:STREAM             1343943677.292278
 09 80 CF 38 B3 27 00 00

003:002:000:STREAM             1343943677.296277
 09 80 CF 38 B3 27 00 00

003:002:000:STREAM             1343943677.304268
 09 80 CF 38 B3 27 00 00

003:002:000:STREAM             1343943677.308280
 09 80 CF 38 B3 27 00 00

003:002:000:STREAM             1343943677.312277
 09 80 CF 38 B3 27 00 00

003:002:000:STREAM             1343943677.316277
 09 80 CF 38 B3 27 00 00

003:002:000:STREAM             1343943677.320284
 09 80 CF 38 B3 27 00 00

003:002:000:STREAM             1343943677.324266
 09 80 CF 38 B3 27 00 00

003:002:000:STREAM             1343943677.332290
 09 80 CF 38 B3 27 00 00

003:002:000:STREAM             1343943677.336269
 09 80 CF 38 B3 27 00 00

003:002:000:STREAM             1343943677.340281
 09 80 CF 38 B3 27 00 00

003:002:000:STREAM             1343943677.344278
 09 80 CF 38 B3 27 00 00

003:002:000:STREAM             1343943677.348277
 09 80 CF 38 B3 27 00 00

003:002:000:STREAM             1343943677.352278
 09 80 CF 38 B3 27 00 00

003:002:000:STREAM             1343943677.360281
 09 80 CF 38 B3 27 00 00

003:002:000:STREAM             1343943677.364277
 09 80 CF 38 B3 27 00 00

003:002:000:STREAM             1343943677.368277
 09 80 CF 38 B3 27 00 00

003:002:000:STREAM             1343943677.372279
 09 80 CF 38 B3 27 00 00

003:002:000:STREAM             1343943677.376266
 09 80 CF 38 B3 27 00 00

003:002:000:STREAM             1343943677.384281
 09 80 CF 38 B3 27 00 00

003:002:000:STREAM             1343943677.388277
 09 80 CF 38 B3 27 00 00

003:002:000:STREAM             1343943677.392285
 09 80 CF 38 B3 27 00 00

003:002:000:STREAM             1343943677.396277
 09 80 CF 38 B3 27 00 00

003:002:000:STREAM             1343943677.400281
 09 80 CF 38 B3 27 00 00

003:002:000:STREAM             1343943677.404281
 09 80 CF 38 B3 27 00 00

003:002:000:STREAM             1343943677.412280
 09 80 CF 38 B3 27 00 00

003:002:000:STREAM             1343943677.416277
 09 80 CF 38 B3 27 00 00

003:002:000:STREAM             1343943677.420277
 09 80 CF 38 B3 27 00 00

003:002:000:STREAM             1343943677.424289
 09 80 CF 38 B3 27 00 00

003:002:000:STREAM             1343943677.428279
 09 80 CF 38 B3 27 00 00

003:002:000:STREAM             1343943677.436280
 09 80 CF 38 B3 27 00 00

003:002:000:STREAM             1343943677.440279
 09 80 CF 38 B3 27 00 00

003:002:000:STREAM             1343943677.444282
 09 80 CF 38 C5 27 00 00

003:002:000:STREAM             1343943677.448278
 09 80 CF 38 C5 27 00 00

003:002:000:STREAM             1343943677.452277
 09 80 CF 38 C5 27 00 00

003:002:000:STREAM             1343943677.460269
 09 80 CF 38 D7 27 00 00

003:002:000:STREAM             1343943677.464280
 09 80 CF 38 D7 27 00 00

003:002:000:STREAM             1343943677.468278
 09 80 CF 38 D7 27 00 00

003:002:000:STREAM             1343943677.472282
 09 80 CF 38 D7 27 00 00

003:002:000:STREAM             1343943677.476277
 09 80 CF 38 D7 27 00 00

003:002:000:STREAM             1343943677.484289
 09 80 CF 38 D7 27 00 00

003:002:000:STREAM             1343943677.488278
 09 80 CF 38 D7 27 00 00

003:002:000:STREAM             1343943677.492279
 09 80 CF 38 D7 27 00 00

003:002:000:STREAM             1343943677.496266
 09 80 CF 38 E6 27 00 00

003:002:000:STREAM             1343943677.500280
 09 80 CF 38 E6 27 00 00

003:002:000:STREAM             1343943677.504284
 09 80 CF 38 E6 27 00 00

003:002:000:STREAM             1343943677.512280
 09 80 CF 38 F1 27 00 00

003:002:000:STREAM             1343943677.516285
 09 80 CF 38 F1 27 00 00

003:002:000:STREAM             1343943677.520269
 09 80 CF 38 F1 27 00 00

003:002:000:STREAM             1343943677.524280
 09 80 CF 38 F1 27 00 00

003:002:000:STREAM             1343943677.528277
 09 80 CF 38 F1 27 00 00

003:002:000:STREAM             1343943677.536280
 09 80 CF 38 F1 27 00 00

003:002:000:STREAM             1343943677.540281
 09 80 CF 38 F1 27 00 00

003:002:000:STREAM             1343943677.544278
 09 80 CF 38 FD 27 00 00

003:002:000:STREAM             1343943677.548278
 09 80 CF 38 FD 27 00 00

003:002:000:STREAM             1343943677.552277
 09 80 CF 38 08 28 00 00

003:002:000:STREAM             1343943677.560280
 09 80 CF 38 08 28 00 00

003:002:000:STREAM             1343943677.564280
 09 80 CF 38 08 28 00 00

003:002:000:STREAM             1343943677.568277
 09 80 CF 38 08 28 00 00

003:002:000:STREAM             1343943677.572279
 09 80 CF 38 08 28 00 00

003:002:000:STREAM             1343943677.580270
 09 80 CF 38 08 28 00 00

003:002:000:STREAM             1343943677.584284
 09 80 CF 38 08 28 00 00

003:002:000:STREAM             1343943677.588282
 09 80 CF 38 12 28 00 00

003:002:000:STREAM             1343943677.592278
 09 80 CF 38 12 28 00 00

003:002:000:STREAM             1343943677.596277
 09 80 CF 38 12 28 00 00

003:002:000:STREAM             1343943677.604280
 09 80 CF 38 12 28 00 00

003:002:000:STREAM             1343943677.608289
 09 80 CF 38 12 28 00 00

003:002:000:STREAM             1343943677.612267
 09 80 CF 38 12 28 00 00

003:002:000:STREAM             1343943677.616280
 09 80 CF 38 12 28 00 00

003:002:000:STREAM             1343943677.624291
 09 80 CF 38 12 28 00 00

003:002:000:STREAM             1343943677.628278
 09 80 CF 38 12 28 00 00

003:002:000:STREAM             1343943677.632280
 09 80 CF 38 12 28 00 00

003:002:000:STREAM             1343943677.636281
 09 80 CF 38 1D 28 00 00

003:002:000:STREAM             1343943677.644358
 09 80 CF 38 27 28 00 00

003:002:000:STREAM             1343943677.648291
 09 80 CF 38 27 28 00 00

003:002:000:STREAM             1343943677.652279
 09 80 CF 38 27 28 00 00

003:002:000:STREAM             1343943677.656274
 09 80 CF 38 27 28 00 00

003:002:000:STREAM             1343943677.660283
 09 80 CF 38 27 28 00 00

003:002:000:STREAM             1343943677.668289
 09 80 CF 38 27 28 00 00

003:002:000:STREAM             1343943677.672282
 09 80 CF 38 27 28 00 00

003:002:000:STREAM             1343943677.676267
 09 80 CF 38 27 28 00 00

003:002:000:STREAM             1343943677.680283
 09 80 CF 38 27 28 00 00

003:002:000:STREAM             1343943677.688281
 09 80 CF 38 27 28 00 00

003:002:000:STREAM             1343943677.692278
 09 80 CF 38 27 28 00 00

003:002:000:STREAM             1343943677.696277
 09 80 CF 38 27 28 00 00

003:002:000:STREAM             1343943677.700285
 09 80 CF 38 27 28 00 00

003:002:000:STREAM             1343943677.708286
 09 80 CF 38 27 28 00 00

003:002:000:STREAM             1343943677.712278
 09 80 CF 38 27 28 00 00

003:002:000:STREAM             1343943677.716278
 09 80 CF 38 27 28 00 00

003:002:000:STREAM             1343943677.720268
 09 80 CF 38 27 28 00 00

003:002:000:STREAM             1343943677.728283
 09 80 CF 38 27 28 00 00

003:002:000:STREAM             1343943677.732279
 09 80 CF 38 27 28 00 00

003:002:000:STREAM             1343943677.736278
 09 80 CF 38 27 28 00 00

003:002:000:STREAM             1343943677.740277
 09 80 CF 38 27 28 00 00

003:002:000:STREAM             1343943677.744277
 09 80 CF 38 27 28 00 00

003:002:000:STREAM             1343943677.752282
 09 80 CF 38 27 28 00 00

003:002:000:STREAM             1343943677.756279
 09 80 CF 38 27 28 00 00

003:002:000:STREAM             1343943677.760285
 09 80 CF 38 27 28 00 00

003:002:000:STREAM             1343943677.764272
 09 80 CF 38 27 28 00 00

003:002:000:STREAM             1343943677.772287
 09 80 CF 38 27 28 00 00

003:002:000:STREAM             1343943677.776281
 09 80 CF 38 27 28 00 00

003:002:000:STREAM             1343943677.780277
 09 80 CF 38 27 28 00 00

003:002:000:STREAM             1343943677.784278
 09 80 CF 38 27 28 00 00

003:002:000:STREAM             1343943677.792288
 09 80 CF 38 27 28 00 00

003:002:000:STREAM             1343943677.796282
 09 80 CF 38 2E 28 00 00

003:002:000:STREAM             1343943677.800280
 09 80 CF 38 2E 28 00 00

003:002:000:STREAM             1343943677.804283
 09 80 CF 38 2E 28 00 00

003:002:000:STREAM             1343943677.812280
 09 80 CF 38 2E 28 00 00

003:002:000:STREAM             1343943677.816296
 09 80 CF 38 2E 28 00 00

003:002:000:STREAM             1343943677.820281
 09 80 CF 38 2E 28 00 00

003:002:000:STREAM             1343943677.824281
 09 80 CF 38 27 28 00 00

003:002:000:STREAM             1343943677.832281
 09 80 CF 38 27 28 00 00

003:002:000:STREAM             1343943677.836277
 09 80 CF 38 27 28 00 00

003:002:000:STREAM             1343943677.840277
 09 80 CF 38 27 28 00 00

003:002:000:STREAM             1343943677.844280
 09 80 CF 38 27 28 00 00

003:002:000:STREAM             1343943677.852290
 09 80 CF 38 27 28 00 00

003:002:000:STREAM             1343943677.856279
 09 80 CF 38 27 28 00 00

003:002:000:STREAM             1343943677.860278
 09 80 CF 38 27 28 00 00

003:002:000:STREAM             1343943677.868280
 09 80 CF 38 27 28 00 00

003:002:000:STREAM             1343943677.872280
 09 80 CF 38 27 28 00 00

003:002:000:STREAM             1343943677.876278
 09 80 CF 38 27 28 00 00

003:002:000:STREAM             1343943677.880277
 09 80 CF 38 27 28 00 00

003:002:000:STREAM             1343943677.888288
 09 80 CF 38 27 28 00 00

003:002:000:STREAM             1343943677.892281
 09 80 CF 38 27 28 00 00

003:002:000:STREAM             1343943677.896279
 09 80 CF 38 27 28 00 00

003:002:000:STREAM             1343943677.900278
 09 80 CF 38 20 28 00 00

003:002:000:STREAM             1343943677.908284
 09 80 CF 38 20 28 00 00

003:002:000:STREAM             1343943677.912277
 09 80 CF 38 20 28 00 00

003:002:000:STREAM             1343943677.916280
 09 80 CF 38 20 28 00 00

003:002:000:STREAM             1343943677.920278
 09 80 CF 38 19 28 00 00

003:002:000:STREAM             1343943677.928281
 09 80 CF 38 19 28 00 00

003:002:000:STREAM             1343943677.932277
 09 80 CF 38 19 28 00 00

003:002:000:STREAM             1343943677.936278
 09 80 CF 38 19 28 00 00

003:002:000:STREAM             1343943677.944273
 09 80 CF 38 19 28 00 00

003:002:000:STREAM             1343943677.948277
 09 80 CF 38 19 28 00 00

003:002:000:STREAM             1343943677.952279
 09 80 D7 38 19 28 00 00

003:002:000:STREAM             1343943677.956280
 09 80 D7 38 19 28 00 00

003:002:000:STREAM             1343943677.964294
 09 80 D7 38 19 28 00 00

003:002:000:STREAM             1343943677.968279
 09 80 D7 38 19 28 00 00

003:002:000:STREAM             1343943677.972278
 09 80 D7 38 19 28 00 00

003:002:000:STREAM             1343943677.976289
 09 80 D7 38 19 28 00 00

003:002:000:STREAM             1343943677.984289
 09 80 D7 38 19 28 00 00

003:002:000:STREAM             1343943677.988280
 09 80 D7 38 19 28 00 00

003:002:000:STREAM             1343943677.992279
 09 80 D7 38 19 28 00 00

003:002:000:STREAM             1343943678.000282
 09 80 D7 38 19 28 00 00

003:002:000:STREAM             1343943678.004282
 09 80 D7 38 19 28 00 00

003:002:000:STREAM             1343943678.008285
 09 80 D7 38 19 28 00 00

003:002:000:STREAM             1343943678.012279
 09 80 D7 38 19 28 00 00

003:002:000:STREAM             1343943678.020268
 09 80 D7 38 19 28 00 00

003:002:000:STREAM             1343943678.024280
 09 80 D7 38 19 28 00 00

003:002:000:STREAM             1343943678.028281
 09 80 D7 38 19 28 00 00

003:002:000:STREAM             1343943678.036295
 09 80 D7 38 19 28 00 00

003:002:000:STREAM             1343943678.040276
 09 80 D7 38 19 28 00 00

003:002:000:STREAM             1343943678.044279
 09 80 D7 38 19 28 00 00

003:002:000:STREAM             1343943678.048278
 09 80 D7 38 19 28 00 00

003:002:000:STREAM             1343943678.056285
 09 80 D7 38 19 28 00 00

003:002:000:STREAM             1343943678.060278
 09 80 D7 38 19 28 00 00

003:002:000:STREAM             1343943678.064278
 09 80 D7 38 19 28 00 00

003:002:000:STREAM             1343943678.072274
 09 80 D7 38 19 28 00 00

003:002:000:STREAM             1343943678.076284
 09 80 D7 38 19 28 00 00

003:002:000:STREAM             1343943678.080282
 09 80 D7 38 19 28 00 00

003:002:000:STREAM             1343943678.088285
 09 80 D7 38 19 28 00 00

003:002:000:STREAM             1343943678.092278
 09 80 D7 38 19 28 00 00

003:002:000:STREAM             1343943678.096278
 09 80 D7 38 19 28 00 00

003:002:000:STREAM             1343943678.100286
 09 80 D7 38 19 28 00 00

003:002:000:STREAM             1343943678.108286
 09 80 D7 38 19 28 00 00

003:002:000:STREAM             1343943678.112279
 09 80 D7 38 19 28 00 00

003:002:000:STREAM             1343943678.116278
 09 80 D7 38 19 28 00 00

003:002:000:STREAM             1343943678.124284
 09 80 D7 38 19 28 00 00

003:002:000:STREAM             1343943678.128293
 09 81 D7 38 19 28 03 00

003:002:000:STREAM             1343943678.132271
 09 81 D7 38 19 28 06 00

003:002:000:STREAM             1343943678.136282
 09 81 D7 38 19 28 08 00

003:002:000:STREAM             1343943678.144281
 09 81 D7 38 19 28 09 00

003:002:000:STREAM             1343943678.148277
 09 81 D7 38 19 28 0A 00

003:002:000:STREAM             1343943678.152281
 09 81 D7 38 19 28 0A 00

003:002:000:STREAM             1343943678.160293
 09 81 D7 38 19 28 09 00

003:002:000:STREAM             1343943678.164277
 09 81 D7 38 19 28 08 00

003:002:000:STREAM             1343943678.168279
 09 81 D7 38 19 28 08 00

003:002:000:STREAM             1343943678.172275
 09 81 D7 38 19 28 07 00

003:002:000:STREAM             1343943678.180286
 09 81 D7 38 19 28 07 00

003:002:000:STREAM             1343943678.184278
 09 81 D7 38 19 28 07 00

003:002:000:STREAM             1343943678.188285
 09 81 D7 38 19 28 07 00

003:002:000:STREAM             1343943678.196274
 09 81 D7 38 19 28 07 00

003:002:000:STREAM             1343943678.200281
 09 81 D7 38 19 28 07 00

003:002:000:STREAM             1343943678.204285
 09 81 D7 38 19 28 08 00

003:002:000:STREAM             1343943678.208278
 09 81 D7 38 19 28 09 00

003:002:000:STREAM             1343943678.216266
 09 81 D7 38 19 28 0A 00

003:002:000:STREAM             1343943678.220293
 09 81 D7 38 19 28 0C 00

003:002:000:STREAM             1343943678.224272
 09 81 D7 38 19 28 0E 00

003:002:000:STREAM             1343943678.232284
 09 81 D7 38 19 28 10 00

003:002:000:STREAM             1343943678.236279
 09 81 D7 38 19 28 12 00

003:002:000:STREAM             1343943678.240282
 09 81 D7 38 19 28 15 00

003:002:000:STREAM             1343943678.244280
 09 81 D7 38 19 28 19 00

003:002:000:STREAM             1343943678.252269
 09 81 D7 38 19 28 1D 00

003:002:000:STREAM             1343943678.256271
 09 81 D7 38 19 28 21 00

003:002:000:STREAM             1343943678.260304
 09 81 D7 38 19 28 24 00

003:002:000:STREAM             1343943678.268281
 09 81 D7 38 19 28 28 00

003:002:000:STREAM             1343943678.272279
 09 81 D7 38 19 28 2C 00

003:002:000:STREAM             1343943678.276278
 09 81 D7 38 19 28 2E 00

003:002:000:STREAM             1343943678.280277
 09 81 D7 38 19 28 31 00

003:002:000:STREAM             1343943678.288282
 09 81 D7 38 19 28 33 00

003:002:000:STREAM             1343943678.292280
 09 81 D7 38 19 28 36 00

003:002:000:STREAM             1343943678.296278
 09 81 D7 38 19 28 38 00

003:002:000:STREAM             1343943678.304285
 09 81 D7 38 19 28 3B 00

003:002:000:STREAM             1343943678.308266
 09 81 D7 38 19 28 3F 00

003:002:000:STREAM             1343943678.312289
 09 81 D7 38 19 28 42 00

003:002:000:STREAM             1343943678.316270
 09 81 D7 38 19 28 45 00

003:002:000:STREAM             1343943678.324286
 09 81 D7 38 19 28 49 00

003:002:000:STREAM             1343943678.328278
 09 81 D7 38 19 28 4E 00

003:002:000:STREAM             1343943678.332278
 09 81 D7 38 19 28 53 00

003:002:000:STREAM             1343943678.336281
 09 81 D7 38 19 28 57 00

003:002:000:STREAM             1343943678.344289
 09 81 D7 38 19 28 5B 00

003:002:000:STREAM             1343943678.348278
 09 81 D7 38 19 28 5F 00

003:002:000:STREAM             1343943678.352277
 09 81 D7 38 19 28 63 00

003:002:000:STREAM             1343943678.360282
 09 81 D7 38 19 28 66 00

003:002:000:STREAM             1343943678.364278
 09 81 D7 38 19 28 69 00

003:002:000:STREAM             1343943678.368278
 09 81 D7 38 19 28 6D 00

003:002:000:STREAM             1343943678.372277
 09 81 D7 38 19 28 71 00

003:002:000:STREAM             1343943678.380266
 09 81 D7 38 19 28 76 00

003:002:000:STREAM             1343943678.384281
 09 81 D7 38 19 28 7B 00

003:002:000:STREAM             1343943678.388280
 09 81 D7 38 19 28 82 00

003:002:000:STREAM             1343943678.396280
 09 81 D7 38 19 28 88 00

003:002:000:STREAM             1343943678.400277
 09 81 D7 38 19 28 8F 00

003:002:000:STREAM             1343943678.404288
 09 81 D7 38 19 28 97 00

003:002:000:STREAM             1343943678.408271
 09 81 D7 38 19 28 9F 00

003:002:000:STREAM             1343943678.416284
 09 81 D7 38 19 28 A9 00

003:002:000:STREAM             1343943678.420267
 09 81 D7 38 19 28 B3 00

003:002:000:STREAM             1343943678.424280
 09 81 D7 38 19 28 BA 00

003:002:000:STREAM             1343943678.428281
 09 81 D7 38 19 28 C1 00

003:002:000:STREAM             1343943678.436288
 09 81 D7 38 19 28 C8 00

003:002:000:STREAM             1343943678.440279
 09 81 D7 38 19 28 D0 00

003:002:000:STREAM             1343943678.444278
 09 81 D7 38 19 28 D5 00

003:002:000:STREAM             1343943678.452281
 09 81 D7 38 19 28 DC 00

003:002:000:STREAM             1343943678.456281
 09 81 D7 38 19 28 E5 00

003:002:000:STREAM             1343943678.460278
 09 81 D7 38 19 28 EE 00

003:002:000:STREAM             1343943678.464277
 09 81 D7 38 19 28 F8 00

003:002:000:STREAM             1343943678.472281
 09 81 D7 38 19 28 00 01

003:002:000:STREAM             1343943678.476280
 09 81 D7 38 19 28 08 01

003:002:000:STREAM             1343943678.480280
 09 81 D7 38 19 28 10 01

003:002:000:STREAM             1343943678.484278
 09 81 D7 38 19 28 18 01

003:002:000:STREAM             1343943678.492282
 09 81 D7 38 19 28 20 01

003:002:000:STREAM             1343943678.496289
 09 81 D7 38 19 28 28 01

003:002:000:STREAM             1343943678.500287
 09 81 D7 38 19 28 30 01

003:002:000:STREAM             1343943678.504280
 09 81 D7 38 19 28 38 01

003:002:000:STREAM             1343943678.512280
 09 81 D7 38 19 28 42 01

003:002:000:STREAM             1343943678.516278
 09 81 D7 38 19 28 4E 01

003:002:000:STREAM             1343943678.520291
 09 81 D7 38 19 28 59 01

003:002:000:STREAM             1343943678.528291
 09 81 D7 38 19 28 62 01

003:002:000:STREAM             1343943678.532282
 09 81 D7 38 19 28 6B 01

003:002:000:STREAM             1343943678.536278
 09 81 D7 38 19 28 72 01

003:002:000:STREAM             1343943678.540279
 09 81 D7 38 19 28 7A 01

003:002:000:STREAM             1343943678.548282
 09 81 D7 38 19 28 7F 01

003:002:000:STREAM             1343943678.552277
 09 81 D7 38 19 28 84 01

003:002:000:STREAM             1343943678.556278
 09 81 D7 38 19 28 89 01

003:002:000:STREAM             1343943678.560278
 09 81 D7 38 19 28 91 01

003:002:000:STREAM             1343943678.568282
 09 81 D7 38 19 28 9C 01

003:002:000:STREAM             1343943678.572282
 09 81 D7 38 19 28 A7 01

003:002:000:STREAM             1343943678.576278
 09 81 D7 38 19 28 B5 01

003:002:000:STREAM             1343943678.580278
 09 81 D7 38 19 28 C3 01

003:002:000:STREAM             1343943678.588289
 09 81 D7 38 19 28 D2 01

003:002:000:STREAM             1343943678.592349
 09 81 D7 38 19 28 DE 01

003:002:000:STREAM             1343943678.596279
 09 81 D7 38 19 28 EB 01

003:002:000:STREAM             1343943678.604284
 09 81 D7 38 19 28 F7 01

003:002:000:STREAM             1343943678.608278
 09 81 D7 38 19 28 02 02

003:002:000:STREAM             1343943678.612277
 09 81 D7 38 19 28 0D 02

003:002:000:STREAM             1343943678.616281
 09 81 D7 38 19 28 15 02

003:002:000:STREAM             1343943678.624281
 09 81 D7 38 19 28 22 02

003:002:000:STREAM             1343943678.628278
 09 81 D7 38 19 28 2E 02

003:002:000:STREAM             1343943678.632278
 09 81 D7 38 19 28 3E 02

003:002:000:STREAM             1343943678.636280
 09 81 D7 38 19 28 4C 02

003:002:000:STREAM             1343943678.644282
 09 81 D7 38 19 28 5B 02

003:002:000:STREAM             1343943678.648278
 09 81 D7 38 19 28 6D 02

003:002:000:STREAM             1343943678.652285
 09 81 D7 38 19 28 7F 02

003:002:000:STREAM             1343943678.656280
 09 81 D7 38 19 28 95 02

003:002:000:STREAM             1343943678.664282
 09 81 D7 38 19 28 AC 02

003:002:000:STREAM             1343943678.668278
 09 81 D7 38 19 28 C5 02

003:002:000:STREAM             1343943678.672294
 09 81 D7 38 19 28 E1 02

003:002:000:STREAM             1343943678.676266
 09 81 D7 38 19 28 FC 02

003:002:000:STREAM             1343943678.684284
 09 81 D7 38 19 28 1E 03

003:002:000:STREAM             1343943678.688268
 09 81 D7 38 19 28 3E 03

003:002:000:STREAM             1343943678.692267
 09 81 D7 38 19 28 5E 03

003:002:000:STREAM             1343943678.696281
 09 81 D7 38 19 28 7F 03

003:002:000:STREAM             1343943678.704286
 09 81 D7 38 19 28 A2 03

003:002:000:STREAM             1343943678.708266
 09 81 D7 38 19 28 BD 03

003:002:000:STREAM             1343943678.712289
 09 81 D7 38 19 28 D7 03

003:002:000:STREAM             1343943678.716267
 09 81 D7 38 19 28 EB 03

003:002:000:STREAM             1343943678.724284
 09 81 D7 38 19 28 F5 03

003:002:000:STREAM             1343943678.728278
 09 81 D7 38 19 28 FA 03

003:002:000:STREAM             1343943678.732280
 09 81 D7 38 19 28 FD 03

003:002:000:STREAM             1343943678.736267
 09 81 D7 38 19 28 FE 03

003:002:000:STREAM             1343943678.744289
 09 81 D7 38 19 28 FF 03

003:002:000:STREAM             1343943678.748286
 09 81 D7 38 19 28 FF 03

003:002:000:STREAM             1343943678.752266
 09 81 D7 38 19 28 FF 03

003:002:000:STREAM             1343943678.756265
 09 81 D7 38 19 28 FF 03

003:002:000:STREAM             1343943678.764264
 09 81 D7 38 19 28 FF 03

003:002:000:STREAM             1343943678.768260
 09 81 D7 38 19 28 FF 03

003:002:000:STREAM             1343943678.772261
 09 81 D7 38 19 28 FF 03

003:002:000:STREAM             1343943678.776260
 09 81 D7 38 19 28 FF 03

003:002:000:STREAM             1343943678.784278
 09 81 D7 38 19 28 FF 03

003:002:000:STREAM             1343943678.788270
 09 81 D7 38 19 28 FF 03

003:002:000:STREAM             1343943678.792270
 09 81 D7 38 19 28 FF 03

003:002:000:STREAM             1343943678.796270
 09 81 D7 38 19 28 FF 03

003:002:000:STREAM             1343943678.804272
 09 81 D7 38 19 28 FF 03

003:002:000:STREAM             1343943678.808269
 09 81 D7 38 19 28 FF 03

003:002:000:STREAM             1343943678.812276
 09 81 D7 38 19 28 FF 03

003:002:000:STREAM             1343943678.816271
 09 81 D7 38 19 28 FF 03

003:002:000:STREAM             1343943678.824273
 09 81 D7 38 19 28 FF 03

003:002:000:STREAM             1343943678.828271
 09 81 D7 38 19 28 FF 03

003:002:000:STREAM             1343943678.832269
 09 81 D7 38 19 28 FF 03

003:002:000:STREAM             1343943678.836269
 09 81 D7 38 19 28 FF 03

003:002:000:STREAM             1343943678.840273
 09 81 D7 38 19 28 FF 03

003:002:000:STREAM             1343943678.848276
 09 81 D7 38 19 28 FF 03

003:002:000:STREAM             1343943678.852262
 09 81 D7 38 19 28 FF 03

003:002:000:STREAM             1343943678.856279
 09 81 D7 38 19 28 FF 03

003:002:000:STREAM             1343943678.860262
 09 81 D7 38 19 28 FF 03

003:002:000:STREAM             1343943678.868263
 09 81 D7 38 19 28 FF 03

003:002:000:STREAM             1343943678.872274
 09 81 D7 38 19 28 FF 03

003:002:000:STREAM             1343943678.876270
 09 81 D7 38 19 28 FF 03

003:002:000:STREAM             1343943678.880270
 09 81 D7 38 19 28 FF 03

003:002:000:STREAM             1343943678.888283
 09 81 D7 38 19 28 FF 03

003:002:000:STREAM             1343943678.892277
 09 81 D7 38 19 28 FF 03

003:002:000:STREAM             1343943678.896280
 09 81 D7 38 19 28 FF 03

003:002:000:STREAM             1343943678.900268
 09 81 D7 38 19 28 FF 03

003:002:000:STREAM             1343943678.908286
 09 81 D7 38 19 28 FF 03

003:002:000:STREAM             1343943678.912384
 09 81 D7 38 19 28 FF 03

003:002:000:STREAM             1343943678.916283
 09 81 D7 38 19 28 FF 03

003:002:000:STREAM             1343943678.920291
 09 81 D7 38 19 28 FF 03

003:002:000:STREAM             1343943678.928295
 09 81 D7 38 19 28 FF 03

003:002:000:STREAM             1343943678.932282
 09 81 D7 38 19 28 FF 03

003:002:000:STREAM             1343943678.936278
 09 81 D7 38 19 28 FF 03

003:002:000:STREAM             1343943678.940272
 09 81 D7 38 19 28 FF 03

003:002:000:STREAM             1343943678.948284
 09 81 D7 38 19 28 FF 03

003:002:000:STREAM             1343943678.952279
 09 81 D7 38 19 28 FF 03

003:002:000:STREAM             1343943678.956286
 09 81 D7 38 19 28 FF 03

003:002:000:STREAM             1343943678.960270
 09 81 D7 38 19 28 FF 03

003:002:000:STREAM             1343943678.968284
 09 81 D7 38 19 28 FF 03

003:002:000:STREAM             1343943678.972281
 09 81 D7 38 19 28 FF 03

003:002:000:STREAM             1343943678.976278
 09 81 D7 38 19 28 FF 03

003:002:000:STREAM             1343943678.980277
 09 81 D7 38 19 28 FF 03

003:002:000:STREAM             1343943678.984277
 09 81 D7 38 19 28 FF 03

003:002:000:STREAM             1343943678.992283
 09 81 D7 38 19 28 FF 03

003:002:000:STREAM             1343943678.996277
 09 81 D7 38 19 28 FF 03

003:002:000:STREAM             1343943679.000277
 09 81 D7 38 19 28 FF 03

003:002:000:STREAM             1343943679.004284
 09 81 D7 38 19 28 FF 03

003:002:000:STREAM             1343943679.012281
 09 81 D7 38 19 28 FF 03

003:002:000:STREAM             1343943679.016279
 09 81 D7 38 19 28 FF 03

003:002:000:STREAM             1343943679.020277
 09 81 D7 38 19 28 FF 03

003:002:000:STREAM             1343943679.024277
 09 81 D7 38 19 28 FF 03

003:002:000:STREAM             1343943679.032278
 09 81 D7 38 19 28 FF 03

003:002:000:STREAM             1343943679.036278
 09 81 D7 38 19 28 FF 03

003:002:000:STREAM             1343943679.040279
 09 81 D7 38 19 28 FF 03

003:002:000:STREAM             1343943679.044276
 09 81 D7 38 19 28 FF 03

003:002:000:STREAM             1343943679.052271
 09 81 D7 38 19 28 FF 03

003:002:000:STREAM             1343943679.056282
 09 81 D7 38 19 28 FF 03

003:002:000:STREAM             1343943679.060279
 09 81 D7 38 19 28 FF 03

003:002:000:STREAM             1343943679.064277
 09 81 D7 38 19 28 FF 03

003:002:000:STREAM             1343943679.072284
 09 81 D7 38 19 28 FF 03

003:002:000:STREAM             1343943679.076281
 09 81 D7 38 19 28 FF 03

003:002:000:STREAM             1343943679.080284
 09 81 D7 38 19 28 FF 03

003:002:000:STREAM             1343943679.084280
 09 81 D7 38 19 28 FF 03

003:002:000:STREAM             1343943679.088277
 09 81 D7 38 19 28 FF 03

003:002:000:STREAM             1343943679.096278
 09 81 D7 38 19 28 FF 03

003:002:000:STREAM             1343943679.100276
 09 81 D7 38 19 28 FF 03

003:002:000:STREAM             1343943679.104284
 09 81 D7 38 19 28 FF 03

003:002:000:STREAM             1343943679.108279
 09 81 D7 38 19 28 FF 03

003:002:000:STREAM             1343943679.116279
 09 81 D7 38 19 28 FF 03

003:002:000:STREAM             1343943679.120267
 09 81 D7 38 19 28 FF 03

003:002:000:STREAM             1343943679.124281
 09 81 D7 38 19 28 FF 03

003:002:000:STREAM             1343943679.128278
 09 81 D7 38 19 28 FF 03

003:002:000:STREAM             1343943679.136278
 09 81 D7 38 19 28 FF 03

003:002:000:STREAM             1343943679.140284
 09 81 D7 38 19 28 FF 03

003:002:000:STREAM             1343943679.144274
 09 81 D7 38 19 28 FF 03

003:002:000:STREAM             1343943679.148283
 09 81 D7 38 19 28 FF 03

003:002:000:STREAM             1343943679.156279
 09 81 D7 38 19 28 FF 03

003:002:000:STREAM             1343943679.160278
 09 81 D7 38 19 28 FF 03

003:002:000:STREAM             1343943679.164277
 09 81 D7 38 19 28 FF 03

003:002:000:STREAM             1343943679.168277
 09 81 D7 38 19 28 FF 03

003:002:000:STREAM             1343943679.172289
 09 81 D7 38 19 28 FF 03

003:002:000:STREAM             1343943679.180288
 09 81 D7 38 19 28 FF 03

003:002:000:STREAM             1343943679.184279
 09 81 D7 38 19 28 FF 03

003:002:000:STREAM             1343943679.188280
 09 81 D7 38 19 28 FF 03

003:002:000:STREAM             1343943679.192279
 09 81 D7 38 19 28 FF 03

003:002:000:STREAM             1343943679.200280
 09 81 D7 38 19 28 FF 03

003:002:000:STREAM             1343943679.204286
 09 81 D7 38 19 28 FF 03

003:002:000:STREAM             1343943679.208271
 09 81 D7 38 20 28 FF 03

003:002:000:STREAM             1343943679.212266
 09 81 D7 38 20 28 FF 03

003:002:000:STREAM             1343943679.220266
 09 81 D7 38 20 28 FF 03

003:002:000:STREAM             1343943679.224284
 09 81 D7 38 20 28 FF 03

003:002:000:STREAM             1343943679.228280
 09 81 D7 38 20 28 FF 03

003:002:000:STREAM             1343943679.232294
 09 81 D7 38 20 28 FF 03

003:002:000:STREAM             1343943679.240287
 09 81 D7 38 20 28 FF 03

003:002:000:STREAM             1343943679.244279
 09 81 D7 38 20 28 FF 03

003:002:000:STREAM             1343943679.248280
 09 81 D7 38 20 28 FF 03

003:002:000:STREAM             1343943679.252278
 09 81 D7 38 20 28 FF 03

003:002:000:STREAM             1343943679.260269
 09 81 D7 38 20 28 FF 03

003:002:000:STREAM             1343943679.264270
 09 81 D7 38 20 28 FF 03

003:002:000:STREAM             1343943679.268287
 09 81 D7 38 28 28 FF 03

003:002:000:STREAM             1343943679.272282
 09 81 D7 38 28 28 FF 03

003:002:000:STREAM             1343943679.280281
 09 81 D7 38 28 28 FF 03

003:002:000:STREAM             1343943679.284278
 09 81 D7 38 28 28 FF 03

003:002:000:STREAM             1343943679.288280
 09 81 D7 38 28 28 FF 03

003:002:000:STREAM             1343943679.292278
 09 81 D7 38 28 28 FF 03

003:002:000:STREAM             1343943679.296287
 09 81 D7 38 28 28 FF 03

003:002:000:STREAM             1343943679.304288
 09 81 D7 38 28 28 FF 03

003:002:000:STREAM             1343943679.308279
 09 81 D7 38 28 28 FF 03

003:002:000:STREAM             1343943679.312278
 09 81 D7 38 28 28 FF 03

003:002:000:STREAM             1343943679.316281
 09 81 D7 38 28 28 FF 03

003:002:000:STREAM             1343943679.324296
 09 81 D7 38 28 28 FF 03

003:002:000:STREAM             1343943679.328272
 09 81 D7 38 28 28 FF 03

003:002:000:STREAM             1343943679.332282
 09 81 D7 38 28 28 FF 03

003:002:000:STREAM             1343943679.336279
 09 81 D7 38 28 28 FF 03

003:002:000:STREAM             1343943679.344283
 09 81 D0 38 28 28 FF 03

003:002:000:STREAM             1343943679.348279
 09 81 D0 38 28 28 FF 03

003:002:000:STREAM             1343943679.352279
 09 81 D0 38 28 28 FF 03

003:002:000:STREAM             1343943679.356288
 09 81 D0 38 28 28 FF 03

003:002:000:STREAM             1343943679.364289
 09 81 D0 38 28 28 FF 03

003:002:000:STREAM             1343943679.368281
 09 81 D0 38 28 28 FF 03

003:002:000:STREAM             1343943679.372279
 09 81 D0 38 28 28 FF 03

003:002:000:STREAM             1343943679.376280
 09 81 D0 38 28 28 FF 03

003:002:000:STREAM             1343943679.384296
 09 81 D0 38 28 28 FF 03

003:002:000:STREAM             1343943679.388286
 09 81 D0 38 28 28 FF 03

003:002:000:STREAM             1343943679.392270
 09 81 D0 38 28 28 FF 03

003:002:000:STREAM             1343943679.396281
 09 81 D0 38 28 28 FF 03

003:002:000:STREAM             1343943679.400278
 09 81 D0 38 28 28 FF 03

003:002:000:STREAM             1343943679.408285
 09 81 D0 38 2F 28 FF 03

003:002:000:STREAM             1343943679.412281
 09 81 D0 38 2F 28 FF 03

003:002:000:STREAM             1343943679.416269
 09 81 D0 38 2F 28 FF 03

003:002:000:STREAM             1343943679.420271
 09 81 D0 38 2F 28 FF 03

003:002:000:STREAM             1343943679.428287
 09 81 D0 38 2F 28 FF 03

003:002:000:STREAM             1343943679.432279
 09 81 D0 38 2F 28 FF 03

003:002:000:STREAM             1343943679.436281
 09 81 D0 38 2F 28 FF 03

003:002:000:STREAM             1343943679.440282
 09 81 D0 38 2F 28 FF 03

003:002:000:STREAM             1343943679.448297
 09 81 D0 38 2F 28 FF 03

003:002:000:STREAM             1343943679.452272
 09 81 D0 38 2F 28 FF 03

003:002:000:STREAM             1343943679.456283
 09 81 D0 38 2F 28 FF 03

003:002:000:STREAM             1343943679.460282
 09 81 D0 38 2F 28 FF 03

003:002:000:STREAM             1343943679.468281
 09 81 D8 38 2F 28 FF 03

003:002:000:STREAM             1343943679.472280
 09 81 D8 38 37 28 FF 03

003:002:000:STREAM             1343943679.476278
 09 81 D8 38 37 28 FF 03

003:002:000:STREAM             1343943679.480286
 09 81 D8 38 37 28 FF 03

003:002:000:STREAM             1343943679.488287
 09 81 D8 38 3E 28 FF 03

003:002:000:STREAM             1343943679.492278
 09 81 D8 38 3E 28 FF 03

003:002:000:STREAM             1343943679.496278
 09 81 D8 38 3E 28 FF 03

003:002:000:STREAM             1343943679.500276
 09 81 D8 38 3E 28 FF 03

003:002:000:STREAM             1343943679.504285
 09 81 D8 38 3E 28 FF 03

003:002:000:STREAM             1343943679.512283
 09 81 D8 38 45 28 FF 03

003:002:000:STREAM             1343943679.516278
 09 81 D8 38 45 28 FF 03

003:002:000:STREAM             1343943679.520267
 09 81 D8 38 45 28 FF 03

003:002:000:STREAM             1343943679.524279
 09 81 D8 38 45 28 FF 03

003:002:000:STREAM             1343943679.532281
 09 81 D8 38 45 28 FF 03

003:002:000:STREAM             1343943679.536278
 09 81 D8 38 45 28 FF 03

003:002:000:STREAM             1343943679.540285
 09 81 D8 38 45 28 FF 03

003:002:000:STREAM             1343943679.544270
 09 81 D8 38 45 28 FF 03

003:002:000:STREAM             1343943679.552285
 09 81 D8 38 45 28 FF 03

003:002:000:STREAM             1343943679.556280
 09 81 D8 38 45 28 FF 03

003:002:000:STREAM             1343943679.560278
 09 81 D8 38 45 28 FF 03

003:002:000:STREAM             1343943679.564277
 09 81 D8 38 45 28 FF 03

003:002:000:STREAM             1343943679.572289
 09 81 D8 38 45 28 FF 03

003:002:000:STREAM             1343943679.576266
 09 81 D8 38 45 28 FF 03

003:002:000:STREAM             1343943679.580279
 09 81 D8 38 45 28 FF 03

003:002:000:STREAM             1343943679.584279
 09 81 D8 38 45 28 FF 03

003:002:000:STREAM             1343943679.588280
 09 81 D8 38 45 28 FF 03

003:002:000:STREAM             1343943679.596266
 09 81 D8 38 45 28 FF 03

003:002:000:STREAM             1343943679.600282
 09 81 D8 38 45 28 FF 03

003:002:000:STREAM             1343943679.604285
 09 81 D8 38 45 28 FF 03

003:002:000:STREAM             1343943679.608270
 09 81 D8 38 45 28 FF 03

003:002:000:STREAM             1343943679.616284
 09 81 D8 38 45 28 FF 03

003:002:000:STREAM             1343943679.620291
 09 81 D8 38 45 28 FF 03

003:002:000:STREAM             1343943679.624281
 09 81 D8 38 45 28 FF 03

003:002:000:STREAM             1343943679.628279
 09 81 D8 38 45 28 FF 03

003:002:000:STREAM             1343943679.636274
 09 81 D8 38 4D 28 FF 03

003:002:000:STREAM             1343943679.640282
 09 81 D8 38 4D 28 FF 03

003:002:000:STREAM             1343943679.644267
 09 81 D8 38 4D 28 FF 03

003:002:000:STREAM             1343943679.648282
 09 81 D8 38 4D 28 FF 03

003:002:000:STREAM             1343943679.652280
 09 81 D8 38 4D 28 FF 03

003:002:000:STREAM             1343943679.660276
 09 81 D8 38 4D 28 FF 03

003:002:000:STREAM             1343943679.664282
 09 81 D8 38 4D 28 FF 03

003:002:000:STREAM             1343943679.668282
 09 81 D8 38 4D 28 FF 03

003:002:000:STREAM             1343943679.672272
 09 81 D8 38 4D 28 FF 03

003:002:000:STREAM             1343943679.680286
 09 81 D8 38 4D 28 FF 03

003:002:000:STREAM             1343943679.684278
 09 81 D8 38 4D 28 FF 03

003:002:000:STREAM             1343943679.688280
 09 81 D8 38 4D 28 FF 03

003:002:000:STREAM             1343943679.692268
 09 81 D8 38 4D 28 FF 03

003:002:000:STREAM             1343943679.700272
 09 81 D8 38 4D 28 FF 03

003:002:000:STREAM             1343943679.704287
 09 81 D8 38 4D 28 FF 03

003:002:000:STREAM             1343943679.708279
 09 81 D8 38 4D 28 FF 03

003:002:000:STREAM             1343943679.712278
 09 81 D8 38 4D 28 FF 03

003:002:000:STREAM             1343943679.720282
 09 81 D8 38 4D 28 FF 03

003:002:000:STREAM             1343943679.724294
 09 81 D8 38 4D 28 FF 03

003:002:000:STREAM             1343943679.728272
 09 81 D8 38 4D 28 FF 03

003:002:000:STREAM             1343943679.732282
 09 81 D8 38 4D 28 FF 03

003:002:000:STREAM             1343943679.736278
 09 81 D8 38 4D 28 FF 03

003:002:000:STREAM             1343943679.744282
 09 81 D8 38 4D 28 FF 03

003:002:000:STREAM             1343943679.748280
 09 81 D8 38 4D 28 FF 03

003:002:000:STREAM             1343943679.752278
 09 81 D8 38 4D 28 FF 03

003:002:000:STREAM             1343943679.756269
 09 81 D8 38 4D 28 FF 03

003:002:000:STREAM             1343943679.764289
 09 81 D8 38 4D 28 FF 03

003:002:000:STREAM             1343943679.768282
 09 81 D8 38 4D 28 FF 03

003:002:000:STREAM             1343943679.772280
 09 81 D8 38 4D 28 FF 03

003:002:000:STREAM             1343943679.776279
 09 81 D8 38 4D 28 FF 03

003:002:000:STREAM             1343943679.784281
 09 81 D8 38 4D 28 FF 03

003:002:000:STREAM             1343943679.788286
 09 81 D8 38 4D 28 FF 03

003:002:000:STREAM             1343943679.792270
 09 81 D8 38 4D 28 FF 03

003:002:000:STREAM             1343943679.796280
 09 81 D8 38 4D 28 FF 03

003:002:000:STREAM             1343943679.800279
 09 81 D8 38 4D 28 FF 03

003:002:000:STREAM             1343943679.808267
 09 81 D8 38 4D 28 FF 03

003:002:000:STREAM             1343943679.812282
 09 81 D8 38 4D 28 FF 03

003:002:000:STREAM             1343943679.816294
 09 81 D8 38 4D 28 FF 03

003:002:000:STREAM             1343943679.820271
 09 81 D8 38 4D 28 FF 03

003:002:000:STREAM             1343943679.828285
 09 81 D8 38 4D 28 FF 03

003:002:000:STREAM             1343943679.832281
 09 81 D8 38 4D 28 FF 03

003:002:000:STREAM             1343943679.836281
 09 81 D8 38 4D 28 FF 03

003:002:000:STREAM             1343943679.840280
 09 81 D8 38 4D 28 FF 03

003:002:000:STREAM             1343943679.848296
 09 81 D8 38 4D 28 FF 03

003:002:000:STREAM             1343943679.852272
 09 81 D8 38 4D 28 FF 03

003:002:000:STREAM             1343943679.856283
 09 81 D8 38 4D 28 FF 03

003:002:000:STREAM             1343943679.860282
 09 81 D8 38 4D 28 FF 03

003:002:000:STREAM             1343943679.864278
 09 81 DF 38 4D 28 FF 03

003:002:000:STREAM             1343943679.872285
 09 81 DF 38 4D 28 FF 03

003:002:000:STREAM             1343943679.876277
 09 81 DF 38 4D 28 FF 03

003:002:000:STREAM             1343943679.880269
 09 81 DF 38 4D 28 FF 03

003:002:000:STREAM             1343943679.884287
 09 81 DF 38 4D 28 FF 03

003:002:000:STREAM             1343943679.892283
 09 81 DF 38 4D 28 FF 03

003:002:000:STREAM             1343943679.896278
 09 81 DF 38 4D 28 FF 03

003:002:000:STREAM             1343943679.900279
 09 81 DF 38 4D 28 FF 03

003:002:000:STREAM             1343943679.904281
 09 81 DF 38 4D 28 FF 03

003:002:000:STREAM             1343943679.912275
 09 81 DF 38 4D 28 FF 03

003:002:000:STREAM             1343943679.916283
 09 81 DF 38 4D 28 FF 03

003:002:000:STREAM             1343943679.920268
 09 81 DF 38 4D 28 FF 03

003:002:000:STREAM             1343943679.924285
 09 81 DF 38 4D 28 FF 03

003:002:000:STREAM             1343943679.932283
 09 81 DF 38 4D 28 FF 03

003:002:000:STREAM             1343943679.936279
 09 81 DF 38 4D 28 FF 03

003:002:000:STREAM             1343943679.940284
 09 81 DF 38 4D 28 FF 03

003:002:000:STREAM             1343943679.944271
 09 81 DF 38 4D 28 FF 03

003:002:000:STREAM             1343943679.948281
 09 81 DF 38 4D 28 FF 03

003:002:000:STREAM             1343943679.956285
 09 81 DF 38 4D 28 FF 03

003:002:000:STREAM             1343943679.960279
 09 81 DF 38 4D 28 FF 03

003:002:000:STREAM             1343943679.964277
 09 81 DF 38 4D 28 FF 03

003:002:000:STREAM             1343943679.968278
 09 81 DF 38 4D 28 FF 03

003:002:000:STREAM             1343943679.976272
 09 81 DF 38 4D 28 FF 03

003:002:000:STREAM             1343943679.980283
 09 81 DF 38 4D 28 FF 03

003:002:000:STREAM             1343943679.984279
 09 81 DF 38 4D 28 FF 03

003:002:000:STREAM             1343943679.988281
 09 81 E6 38 4D 28 FF 03

003:002:000:STREAM             1343943679.996283
 09 81 E6 38 4D 28 FF 03

003:002:000:STREAM             1343943680.000293
 09 81 E6 38 4D 28 FF 03

003:002:000:STREAM             1343943680.004271
 09 81 E6 38 4D 28 FF 03

003:002:000:STREAM             1343943680.008283
 09 81 E6 38 4D 28 FF 03

003:002:000:STREAM             1343943680.012280
 09 81 E6 38 4D 28 FF 03

003:002:000:STREAM             1343943680.020267
 09 81 E6 38 4D 28 FF 03

003:002:000:STREAM             1343943680.024282
 09 81 E6 38 4D 28 FF 03

003:002:000:STREAM             1343943680.028279
 09 81 E6 38 4D 28 FF 03

003:002:000:STREAM             1343943680.032283
 09 81 E6 38 4D 28 FF 03

003:002:000:STREAM             1343943680.040284
 09 81 E6 38 4D 28 FF 03

003:002:000:STREAM             1343943680.044281
 09 81 E6 38 4D 28 FF 03

003:002:000:STREAM             1343943680.048281
 09 81 E6 38 4D 28 FF 03

003:002:000:STREAM             1343943680.052280
 09 81 E6 38 4D 28 FF 03

003:002:000:STREAM             1343943680.060285
 09 81 E6 38 4D 28 FF 03

003:002:000:STREAM             1343943680.064285
 09 81 E6 38 4D 28 FF 03

003:002:000:STREAM             1343943680.068287
 09 81 E6 38 4D 28 FF 03

003:002:000:STREAM             1343943680.072283
 09 81 E6 38 4D 28 FF 03

003:002:000:STREAM             1343943680.076279
 09 81 E6 38 4D 28 FF 03

003:002:000:STREAM             1343943680.084282
 09 81 E6 38 4D 28 FF 03

003:002:000:STREAM             1343943680.088278
 09 81 E6 38 4D 28 FF 03

003:002:000:STREAM             1343943680.092337
 09 81 E6 38 4D 28 FF 03

003:002:000:STREAM             1343943680.096270
 09 81 E6 38 4D 28 FF 03

003:002:000:STREAM             1343943680.104295
 09 81 E6 38 4D 28 FF 03

003:002:000:STREAM             1343943680.108279
 09 81 E6 38 4D 28 FF 03

003:002:000:STREAM             1343943680.112279
 09 81 E6 38 4D 28 FF 03

003:002:000:STREAM             1343943680.116280
 09 81 E6 38 4D 28 FF 03

003:002:000:STREAM             1343943680.124295
 09 81 E6 38 4D 28 FF 03

003:002:000:STREAM             1343943680.128273
 09 81 E6 38 4D 28 FF 03

003:002:000:STREAM             1343943680.132281
 09 81 E6 38 4D 28 FF 03

003:002:000:STREAM             1343943680.136278
 09 81 E6 38 4D 28 FF 03

003:002:000:STREAM             1343943680.140282
 09 81 E6 38 4D 28 FF 03

003:002:000:STREAM             1343943680.148281
 09 81 E6 38 4D 28 FF 03

003:002:000:STREAM             1343943680.152278
 09 81 E6 38 4D 28 FF 03

003:002:000:STREAM             1343943680.156310
 09 81 E6 38 4D 28 FF 03

003:002:000:STREAM             1343943680.160313
 09 81 E6 38 4D 28 FF 03

003:002:000:STREAM             1343943680.168285
 09 81 ED 38 4D 28 FF 03

003:002:000:STREAM             1343943680.172276
 09 81 ED 38 4D 28 FF 03

003:002:000:STREAM             1343943680.176284
 09 81 ED 38 4D 28 FF 03

003:002:000:STREAM             1343943680.180279
 09 81 ED 38 4D 28 FF 03

003:002:000:STREAM             1343943680.188273
 09 81 ED 38 4D 28 FF 03

003:002:000:STREAM             1343943680.192283
 09 81 ED 38 4D 28 FF 03

003:002:000:STREAM             1343943680.196279
 09 81 ED 38 4D 28 FF 03

003:002:000:STREAM             1343943680.200279
 09 81 ED 38 4D 28 FF 03

003:002:000:STREAM             1343943680.204285
 09 81 ED 38 4D 28 FF 03

003:002:000:STREAM             1343943680.212266
 09 81 ED 38 4D 28 FF 03

003:002:000:STREAM             1343943680.216288
 09 81 ED 38 4D 28 FF 03

003:002:000:STREAM             1343943680.220272
 09 81 ED 38 4D 28 FF 03

003:002:000:STREAM             1343943680.224281
 09 81 ED 38 4D 28 FF 03

003:002:000:STREAM             1343943680.232282
 09 81 ED 38 4D 28 FF 03

003:002:000:STREAM             1343943680.236281
 09 81 ED 38 4D 28 FF 03

003:002:000:STREAM             1343943680.240282
 09 81 ED 38 4D 28 FF 03

003:002:000:STREAM             1343943680.244278
 09 81 ED 38 4D 28 FF 03

003:002:000:STREAM             1343943680.252273
 09 81 ED 38 4D 28 FF 03

003:002:000:STREAM             1343943680.256281
 09 81 ED 38 4D 28 FF 03

003:002:000:STREAM             1343943680.260282
 09 81 ED 38 4D 28 FF 03

003:002:000:STREAM             1343943680.264281
 09 81 ED 38 4D 28 FF 03

003:002:000:STREAM             1343943680.268279
 09 81 ED 38 4D 28 FF 03

003:002:000:STREAM             1343943680.276307
 09 81 ED 38 4D 28 FF 03

003:002:000:STREAM             1343943680.280273
 09 81 ED 38 4D 28 FF 03

003:002:000:STREAM             1343943680.284283
 09 81 ED 38 4D 28 FF 03

003:002:000:STREAM             1343943680.288281
 09 81 ED 38 4D 28 FF 03

003:002:000:STREAM             1343943680.296281
 09 81 ED 38 4D 28 FF 03

003:002:000:STREAM             1343943680.300278
 09 81 ED 38 4D 28 FF 03

003:002:000:STREAM             1343943680.304279
 09 81 ED 38 4D 28 FF 03

003:002:000:STREAM             1343943680.308291
 09 81 ED 38 4D 28 FF 03

003:002:000:STREAM             1343943680.316286
 09 81 ED 38 4D 28 FF 03

003:002:000:STREAM             1343943680.320296
 09 81 ED 38 4D 28 FF 03

003:002:000:STREAM             1343943680.324279
 09 81 ED 38 4D 28 FF 03

003:002:000:STREAM             1343943680.328278
 09 81 ED 38 4D 28 FF 03

003:002:000:STREAM             1343943680.332281
 09 81 ED 38 4D 28 FF 03

003:002:000:STREAM             1343943680.340291
 09 81 ED 38 4D 28 FF 03

003:002:000:STREAM             1343943680.344270
 09 81 ED 38 4D 28 FF 03

003:002:000:STREAM             1343943680.348281
 09 81 ED 38 4D 28 FF 03

003:002:000:STREAM             1343943680.352282
 09 81 ED 38 4D 28 FF 03

003:002:000:STREAM             1343943680.360283
 09 81 ED 38 4D 28 FF 03

003:002:000:STREAM             1343943680.364279
 09 81 ED 38 4D 28 FF 03

003:002:000:STREAM             1343943680.368268
 09 81 ED 38 4D 28 FF 03

003:002:000:STREAM             1343943680.372271
 09 81 ED 38 4D 28 FF 03

003:002:000:STREAM             1343943680.380286
 09 81 ED 38 4D 28 FF 03

003:002:000:STREAM             1343943680.384279
 09 81 ED 38 4D 28 FF 03

003:002:000:STREAM             1343943680.388280
 09 81 ED 38 4D 28 FF 03

003:002:000:STREAM             1343943680.392279
 09 81 ED 38 4D 28 FF 03

003:002:000:STREAM             1343943680.396278
 09 81 ED 38 4D 28 FF 03

003:002:000:STREAM             1343943680.404273
 09 81 ED 38 4D 28 FF 03

003:002:000:STREAM             1343943680.408283
 09 81 ED 38 4D 28 FF 03

003:002:000:STREAM             1343943680.412279
 09 81 ED 38 4D 28 FF 03

003:002:000:STREAM             1343943680.416278
 09 81 ED 38 4D 28 FF 03

003:002:000:STREAM             1343943680.424286
 09 81 ED 38 4D 28 FF 03

003:002:000:STREAM             1343943680.428281
 09 81 ED 38 4D 28 FF 03

003:002:000:STREAM             1343943680.432286
 09 81 ED 38 4D 28 FF 03

003:002:000:STREAM             1343943680.436271
 09 81 ED 38 4D 28 FF 03

003:002:000:STREAM             1343943680.444284
 09 81 ED 38 4D 28 FF 03

003:002:000:STREAM             1343943680.448281
 09 81 ED 38 54 28 FF 03

003:002:000:STREAM             1343943680.452282
 09 81 E6 38 54 28 FF 03

003:002:000:STREAM             1343943680.456279
 09 81 E6 38 54 28 FF 03

003:002:000:STREAM             1343943680.460278
 09 81 E6 38 54 28 FF 03

003:002:000:STREAM             1343943680.468274
 09 81 E6 38 5C 28 FF 03

003:002:000:STREAM             1343943680.472284
 09 81 E6 38 5C 28 FF 03

003:002:000:STREAM             1343943680.476282
 09 81 E6 38 5C 28 FF 03

003:002:000:STREAM             1343943680.480280
 09 81 E6 38 5C 28 FF 03

003:002:000:STREAM             1343943680.488285
 09 81 E6 38 5C 28 FF 03

003:002:000:STREAM             1343943680.492316
 09 81 E6 38 5C 28 FF 03

003:002:000:STREAM             1343943680.496275
 09 81 E6 38 5C 28 FF 03

003:002:000:STREAM             1343943680.500279
 09 81 E6 38 5C 28 FF 03

003:002:000:STREAM             1343943680.504286
 09 81 E6 38 5C 28 FF 03

003:002:000:STREAM             1343943680.512282
 09 81 E6 38 5C 28 FF 03

003:002:000:STREAM             1343943680.516281
 09 81 E6 38 5C 28 FF 03

003:002:000:STREAM             1343943680.520280
 09 81 E6 38 5C 28 FF 03

003:002:000:STREAM             1343943680.524291
 09 81 E6 38 5C 28 FF 03

003:002:000:STREAM             1343943680.532287
 09 81 E6 38 5C 28 FF 03

003:002:000:STREAM             1343943680.536279
 09 81 E6 38 5C 28 FF 03

003:002:000:STREAM             1343943680.540283
 09 81 E6 38 5C 28 FF 03

003:002:000:STREAM             1343943680.544282
 09 81 E6 38 5C 28 FF 03

003:002:000:STREAM             1343943680.552280
 09 81 E6 38 5C 28 FF 03

003:002:000:STREAM             1343943680.556287
 09 81 E6 38 5C 28 FF 03

003:002:000:STREAM             1343943680.560270
 09 81 E6 38 64 28 FF 03

003:002:000:STREAM             1343943680.564284
 09 81 E6 38 64 28 FF 03

003:002:000:STREAM             1343943680.568280
 09 81 E6 38 6C 28 FF 03

003:002:000:STREAM             1343943680.576283
 09 81 E6 38 76 28 FF 03

003:002:000:STREAM             1343943680.580278
 09 81 E6 38 7E 28 FF 03

003:002:000:STREAM             1343943680.584289
 09 81 E6 38 88 28 FF 03

003:002:000:STREAM             1343943680.588272
 09 81 E6 38 91 28 FF 03

003:002:000:STREAM             1343943680.596288
 09 81 E6 38 9C 28 FF 03

003:002:000:STREAM             1343943680.600279
 09 81 E6 38 A4 28 FF 03

003:002:000:STREAM             1343943680.604285
 09 81 E6 38 AD 28 FF 03

003:002:000:STREAM             1343943680.608281
 09 81 E6 38 B4 28 FF 03

003:002:000:STREAM             1343943680.616296
 09 81 E6 38 B4 28 FF 03

003:002:000:STREAM             1343943680.620272
 09 81 E6 38 BC 28 FF 03

003:002:000:STREAM             1343943680.624283
 09 81 E6 38 BC 28 FF 03

003:002:000:STREAM             1343943680.628279
 09 81 E6 38 BC 28 FF 03

003:002:000:STREAM             1343943680.632293
 09 81 E6 38 BC 28 FF 03

003:002:000:STREAM             1343943680.640285
 09 81 E6 38 BC 28 FF 03

003:002:000:STREAM             1343943680.644279
 09 81 E6 38 BC 28 FF 03

003:002:000:STREAM             1343943680.648290
 09 81 E6 38 BC 28 FF 03

003:002:000:STREAM             1343943680.652272
 09 81 DE 38 BC 28 FF 03

003:002:000:STREAM             1343943680.660285
 09 81 DE 38 BC 28 FF 03

003:002:000:STREAM             1343943680.664287
 09 81 DE 38 BC 28 FF 03

003:002:000:STREAM             1343943680.668280
 09 81 DE 38 BC 28 FF 03

003:002:000:STREAM             1343943680.672276
 09 81 DE 38 BC 28 FF 03

003:002:000:STREAM             1343943680.680294
 09 81 DE 38 BC 28 FF 03

003:002:000:STREAM             1343943680.684283
 09 81 DE 38 BC 28 FF 03

003:002:000:STREAM             1343943680.688267
 09 81 DE 38 BC 28 FF 03

003:002:000:STREAM             1343943680.692270
 09 81 DE 38 BC 28 FF 03

003:002:000:STREAM             1343943680.700283
 09 81 DE 38 BC 28 FF 03

003:002:000:STREAM             1343943680.704285
 09 81 DE 38 BC 28 C4 03

003:002:000:STREAM             1343943680.708269
 09 81 DE 38 BC 28 D2 02

003:002:000:STREAM             1343943680.712272
 09 81 D7 38 BC 28 9C 01

003:002:000:STREAM             1343943680.720327
 09 80 D7 38 BC 28 00 00

003:002:000:STREAM             1343943680.724279
 09 80 D7 38 BC 28 00 00

003:002:000:STREAM             1343943680.728281
 09 80 E2 38 BC 28 00 00

003:002:000:STREAM             1343943680.732280
 09 80 E2 38 BC 28 00 00

003:002:000:STREAM             1343943680.736278
 09 80 E2 38 BC 28 00 00

003:002:000:STREAM             1343943680.744274
 09 80 E2 38 BC 28 00 00

003:002:000:STREAM             1343943680.748282
 09 80 E2 38 BC 28 00 00

003:002:000:STREAM             1343943680.752282
 09 80 E2 38 BC 28 00 00

003:002:000:STREAM             1343943680.756280
 09 80 E2 38 BC 28 00 00

003:002:000:STREAM             1343943680.760280
 09 80 E2 38 BC 28 00 00

003:002:000:STREAM             1343943680.764279
 09 80 E2 38 BC 28 00 00

003:002:000:STREAM             1343943680.768278
 09 80 E2 38 BC 28 00 00

003:002:000:STREAM             1343943680.772284
 09 80 E2 38 BC 28 00 00

003:002:000:STREAM             1343943680.776271
 09 80 E2 38 BC 28 00 00

003:002:000:STREAM             1343943680.780282
 09 80 E2 38 BC 28 00 00

003:002:000:STREAM             1343943680.784279
 09 00 E2 38 BC 28 00 00

