000:STREAM                     1281953061.945346
 09 00 3F 3E 4E 6E 00 00

000:STREAM                     1281953061.961323
 09 00 E9 3D E4 6D 00 00

000:STREAM                     1281953061.969512
 09 00 9A 3D 2D 6D 00 00

000:STREAM                     1281953061.977315
 09 00 48 3D A6 6C 00 00

000:STREAM                     1281953061.985320
 09 00 EC 3C 09 6C 00 00

000:STREAM                     1281953061.993320
 09 00 9E 3C BB 6B 00 00

000:STREAM                     1281953062.005329
 09 00 4A 3C 1F 6B 00 00

000:STREAM                     1281953062.009301
 09 00 FC 3B D8 6A 00 00

000:STREAM                     1281953062.017330
 09 00 B5 3B 89 6A 00 00

000:STREAM                     1281953062.025322
 09 00 7A 3B 4D 6A 00 00

000:STREAM                     1281953062.029320
 09 00 43 3B 1A 6A 00 00

000:STREAM                     1281953062.041328
 09 00 08 3B DA 69 00 00

000:STREAM                     1281953062.057330
 09 00 CF 3A 99 69 00 00

000:STREAM                     1281953062.081331
 09 00 97 3A 4B 69 00 00

000:STREAM                     1281953062.089313
 09 00 3F 3A FB 68 00 00

000:STREAM                     1281953062.097318
 09 00 19 3A A7 68 00 00

000:STREAM                     1281953062.105326
 09 00 EF 39 51 68 00 00

000:STREAM                     1281953062.113307
 09 00 CA 39 F6 67 00 00

000:STREAM                     1281953062.117299
 09 00 B7 39 AF 67 00 00

000:STREAM                     1281953062.121385
 09 00 97 39 65 67 00 00

000:STREAM                     1281953062.133329
 09 00 74 39 18 67 00 00

000:STREAM                     1281953062.145319
 09 00 58 39 C4 66 00 00

000:STREAM                     1281953062.153323
 09 00 57 39 76 66 00 00

000:STREAM                     1281953062.165327
 09 00 56 39 26 66 00 00

000:STREAM                     1281953062.181331
 09 00 54 39 C7 65 00 00

000:STREAM                     1281953062.193331
 09 00 49 39 63 65 00 00

000:STREAM                     1281953062.209331
 09 00 35 39 03 65 00 00

000:STREAM                     1281953062.233328
 09 00 3A 39 A4 64 00 00

000:STREAM                     1281953062.261328
 09 00 5C 39 40 64 00 00

000:STREAM                     1281953062.281328
 09 00 71 39 E3 63 00 00

000:STREAM                     1281953062.381327
 09 00 3E 39 97 63 00 00

000:STREAM                     1281953062.417329
 09 00 2E 39 4C 63 00 00

000:STREAM                     1281953062.469327
 09 00 44 39 05 63 00 00

000:STREAM                     1281953062.741326
 09 04 50 39 3E 63 00 00

000:STREAM                     1281953062.953329
 09 05 50 39 3E 63 5E 00

000:STREAM                     1281953062.957299
 09 00 50 39 3E 63 00 00

000:STREAM                     1281953063.293323
 09 04 50 39 3E 63 00 00

000:STREAM                     1281953063.489321
 09 00 50 39 3E 63 00 00

000:STREAM                     1281953063.753322
 09 04 50 39 3E 63 00 00

000:STREAM                     1281953063.833041
 09 04 38 39 41 63 00 00

000:STREAM                     1281953063.945319
 09 00 38 39 41 63 00 00

000:STREAM                     1281953064.093319
 09 00 AE 39 9E 63 00 00

000:STREAM                     1281953064.109319
 09 00 E9 39 08 64 00 00

000:STREAM                     1281953064.125319
 09 00 E9 39 08 64 00 00

