000:STREAM                     1281953138.844987
 08 00 02 F3 00 00

000:STREAM                     1281953138.848974
 08 00 03 F5 00 00

000:STREAM                     1281953138.852961
 08 00 03 F5 00 00

000:STREAM                     1281953138.857001
 08 00 04 F5 00 00

000:STREAM                     1281953138.860983
 08 00 03 F5 00 00

000:STREAM                     1281953138.864973
 08 00 04 F3 00 00

000:STREAM                     1281953138.868940
 08 00 04 F2 00 00

000:STREAM                     1281953138.872996
 08 00 04 EF 00 00

000:STREAM                     1281953138.876985
 08 00 05 F0 00 00

000:STREAM                     1281953138.880961
 08 00 05 EF 00 00

000:STREAM                     1281953138.884964
 08 00 06 EF 00 00

000:STREAM                     1281953138.888985
 08 00 07 EF 00 00

000:STREAM                     1281953138.892978
 08 00 08 ED 00 00

000:STREAM                     1281953138.896975
 08 00 08 EC 00 00

000:STREAM                     1281953138.900944
 08 00 0A EC 00 00

000:STREAM                     1281953138.904983
 08 00 09 EC 00 00

000:STREAM                     1281953138.908949
 08 00 08 EE 00 00

000:STREAM                     1281953138.913004
 08 00 08 EF 00 00

000:STREAM                     1281953138.916951
 08 00 07 EF 00 00

000:STREAM                     1281953138.920979
 08 00 07 EF 00 00

000:STREAM                     1281953138.924950
 08 00 07 EE 00 00

000:STREAM                     1281953138.928980
 08 00 06 ED 00 00

000:STREAM                     1281953138.932952
 08 00 05 EE 00 00

000:STREAM                     1281953138.937004
 08 00 06 EE 00 00

000:STREAM                     1281953138.940951
 08 00 05 EF 00 00

000:STREAM                     1281953138.944981
 08 00 06 F0 00 00

000:STREAM                     1281953138.948950
 08 00 06 F1 00 00

000:STREAM                     1281953138.952981
 08 00 05 F1 00 00

000:STREAM                     1281953138.956949
 08 00 05 F0 00 00

000:STREAM                     1281953138.960971
 08 00 05 EF 00 00

000:STREAM                     1281953138.965008
 08 00 04 EE 00 00

000:STREAM                     1281953138.969000
 08 00 05 EF 00 00

000:STREAM                     1281953138.972949
 08 00 05 F1 00 00

000:STREAM                     1281953138.976982
 08 00 05 F2 00 00

000:STREAM                     1281953138.980987
 08 00 05 F2 00 00

000:STREAM                     1281953138.984975
 08 00 05 F2 00 00

000:STREAM                     1281953138.988966
 08 00 04 F2 00 00

000:STREAM                     1281953138.992961
 08 00 04 F2 00 00

000:STREAM                     1281953138.996951
 08 00 05 F1 00 00

000:STREAM                     1281953139.000979
 08 00 05 F1 00 00

000:STREAM                     1281953139.005082
 08 00 05 F2 00 00

000:STREAM                     1281953139.009083
 08 00 04 F2 00 00

000:STREAM                     1281953139.013048
 08 00 04 F3 00 00

000:STREAM                     1281953139.016989
 08 00 03 F4 00 00

000:STREAM                     1281953139.021015
 08 00 04 F4 00 00

000:STREAM                     1281953139.024965
 08 00 03 F5 00 00

000:STREAM                     1281953139.028964
 08 00 03 F5 00 00

000:STREAM                     1281953139.032955
 08 00 03 F5 00 00

000:STREAM                     1281953139.036984
 08 00 02 F5 00 00

000:STREAM                     1281953139.040983
 08 00 03 F4 00 00

000:STREAM                     1281953139.044966
 08 00 02 F3 00 00

000:STREAM                     1281953139.048946
 08 00 02 F4 00 00

000:STREAM                     1281953139.052954
 08 00 02 F4 00 00

000:STREAM                     1281953139.057006
 08 00 02 F4 00 00

000:STREAM                     1281953139.060952
 08 00 01 F6 00 00

000:STREAM                     1281953139.064947
 08 00 01 F6 00 00

000:STREAM                     1281953139.068956
 08 00 02 F6 00 00

000:STREAM                     1281953139.072946
 08 00 01 F7 00 00

000:STREAM                     1281953139.077268
 08 00 01 F8 00 00

000:STREAM                     1281953139.081020
 08 00 02 F8 00 00

000:STREAM                     1281953139.084961
 08 00 01 F8 00 00

000:STREAM                     1281953139.088955
 08 00 01 F9 00 00

000:STREAM                     1281953139.092958
 08 00 01 F8 00 00

000:STREAM                     1281953139.096994
 08 00 00 F8 00 00

000:STREAM                     1281953139.100967
 08 00 00 F7 00 00

000:STREAM                     1281953139.104949
 08 00 01 F7 00 00

000:STREAM                     1281953139.108954
 08 00 00 F8 00 00

000:STREAM                     1281953139.112984
 08 00 00 F8 00 00

000:STREAM                     1281953139.116994
 08 00 00 F8 00 00

000:STREAM                     1281953139.120993
 08 00 00 F9 00 00

000:STREAM                     1281953139.124982
 08 00 00 F9 00 00

000:STREAM                     1281953139.128984
 08 00 00 F9 00 00

000:STREAM                     1281953139.132988
 08 00 00 FA 00 00

000:STREAM                     1281953139.136973
 08 00 00 FA 00 00

000:STREAM                     1281953139.141008
 08 00 00 FA 00 00

000:STREAM                     1281953139.144975
 08 00 FF FA 00 00

000:STREAM                     1281953139.148990
 08 00 00 FB 00 00

000:STREAM                     1281953139.152974
 08 00 FF FB 00 00

000:STREAM                     1281953139.156963
 08 00 FF FA 00 00

000:STREAM                     1281953139.160960
 08 00 00 FC 00 00

000:STREAM                     1281953139.164962
 08 00 FE FB 00 00

000:STREAM                     1281953139.169000
 08 00 FF FB 00 00

000:STREAM                     1281953139.172964
 08 00 FF FC 00 00

000:STREAM                     1281953139.176946
 08 00 FF FC 00 00

000:STREAM                     1281953139.180954
 08 00 FE FC 00 00

000:STREAM                     1281953139.184985
 08 00 FE FC 00 00

000:STREAM                     1281953139.189001
 08 00 FE FC 00 00

000:STREAM                     1281953139.192994
 08 00 FE FC 00 00

000:STREAM                     1281953139.196985
 08 00 FF FC 00 00

000:STREAM                     1281953139.200980
 08 00 FE FC 00 00

000:STREAM                     1281953139.204986
 08 00 FE FC 00 00

000:STREAM                     1281953139.208974
 08 00 FF FD 00 00

000:STREAM                     1281953139.213006
 08 00 FE FC 00 00

000:STREAM                     1281953139.216974
 08 00 FF FD 00 00

000:STREAM                     1281953139.220989
 08 00 FF FD 00 00

000:STREAM                     1281953139.224974
 08 00 FF FD 00 00

000:STREAM                     1281953139.228965
 08 00 00 FD 00 00

000:STREAM                     1281953139.232956
 08 00 FE FD 00 00

000:STREAM                     1281953139.236962
 08 00 FF FE 00 00

000:STREAM                     1281953139.241000
 08 00 00 FE 00 00

000:STREAM                     1281953139.244945
 08 00 FF FE 00 00

000:STREAM                     1281953139.248959
 08 00 FF FE 00 00

000:STREAM                     1281953139.252958
 08 00 FF FE 00 00

000:STREAM                     1281953139.256941
 08 00 FF FE 00 00

000:STREAM                     1281953139.260949
 08 00 FF FE 00 00

000:STREAM                     1281953139.264956
 08 00 00 FE 00 00

000:STREAM                     1281953139.268989
 08 00 FF FE 00 00

000:STREAM                     1281953139.272947
 08 00 FF FE 00 00

000:STREAM                     1281953139.276949
 08 00 FF FF 00 00

000:STREAM                     1281953139.280955
 08 00 FF FE 00 00

000:STREAM                     1281953139.284943
 08 00 00 FF 00 00

000:STREAM                     1281953139.289019
 08 00 FF FE 00 00

000:STREAM                     1281953139.296983
 08 00 FF FF 00 00

000:STREAM                     1281953139.308983
 08 00 FF FF 00 00

000:STREAM                     1281953139.321000
 08 00 01 FE 00 00

000:STREAM                     1281953139.332977
 08 00 01 FF 00 00

000:STREAM                     1281953139.356962
 08 00 00 FF 00 00

000:STREAM                     1281953139.384961
 08 00 00 FF 00 00

000:STREAM                     1281953139.396972
 08 00 FF FE 00 00

000:STREAM                     1281953139.405000
 08 00 00 FF 00 00

000:STREAM                     1281953139.412976
 08 00 00 FF 00 00

000:STREAM                     1281953139.420978
 08 00 FF FF 00 00

000:STREAM                     1281953139.432970
 08 00 FE FE 00 00

000:STREAM                     1281953139.440957
 08 00 FE FF 00 00

000:STREAM                     1281953139.444948
 08 00 FE FE 00 00

000:STREAM                     1281953139.452973
 08 00 FD FF 00 00

000:STREAM                     1281953139.456958
 08 00 FE FE 00 00

000:STREAM                     1281953139.460961
 08 00 FD FE 00 00

000:STREAM                     1281953139.464942
 08 00 FD FF 00 00

000:STREAM                     1281953139.469013
 08 00 FD 00 00 00

000:STREAM                     1281953139.472983
 08 00 FE FF 00 00

000:STREAM                     1281953139.476960
 08 00 FD 00 00 00

000:STREAM                     1281953139.480990
 08 00 FD FF 00 00

000:STREAM                     1281953139.484972
 08 00 FE 00 00 00

000:STREAM                     1281953139.489023
 08 00 FD 00 00 00

000:STREAM                     1281953139.492975
 08 00 FE FF 00 00

000:STREAM                     1281953139.496990
 08 00 FE 00 00 00

000:STREAM                     1281953139.500972
 08 00 FE 00 00 00

000:STREAM                     1281953139.504943
 08 00 FE 00 00 00

000:STREAM                     1281953139.508977
 08 00 FE 00 00 00

000:STREAM                     1281953139.513007
 08 00 FE 00 00 00

000:STREAM                     1281953139.516970
 08 00 FD 01 00 00

000:STREAM                     1281953139.520988
 08 00 FE 00 00 00

000:STREAM                     1281953139.524970
 08 00 FE 00 00 00

000:STREAM                     1281953139.528965
 08 00 FE 00 00 00

000:STREAM                     1281953139.532956
 08 00 FE 00 00 00

000:STREAM                     1281953139.536963
 08 00 FE 00 00 00

000:STREAM                     1281953139.540999
 08 00 FE 00 00 00

000:STREAM                     1281953139.548962
 08 00 FE 00 00 00

000:STREAM                     1281953139.552978
 08 00 FF 00 00 00

000:STREAM                     1281953139.556976
 08 00 FE 00 00 00

000:STREAM                     1281953139.560958
 08 00 FE 00 00 00

000:STREAM                     1281953139.564980
 08 00 FE 00 00 00

000:STREAM                     1281953139.568982
 08 00 FE 00 00 00

000:STREAM                     1281953139.572962
 08 00 FE 00 00 00

000:STREAM                     1281953139.576947
 08 00 FD 01 00 00

000:STREAM                     1281953139.580950
 08 00 FE 00 00 00

000:STREAM                     1281953139.584945
 08 00 FF 00 00 00

000:STREAM                     1281953139.588949
 08 00 FE 01 00 00

000:STREAM                     1281953139.592979
 08 00 FE 00 00 00

000:STREAM                     1281953139.596952
 08 00 FF 01 00 00

000:STREAM                     1281953139.600982
 08 00 FE 00 00 00

000:STREAM                     1281953139.608951
 08 00 FF 00 00 00

000:STREAM                     1281953139.617051
 08 00 FF 00 00 00

000:STREAM                     1281953139.636968
 08 00 FE 01 00 00

000:STREAM                     1281953139.804984
 08 01 00 00 00 05

000:STREAM                     1281953139.912963
 08 00 00 00 00 00

000:STREAM                     1281953140.376960
 08 01 00 00 00 05

000:STREAM                     1281953140.481007
 08 00 00 00 00 00

000:STREAM                     1281953140.596964
 08 01 00 00 00 05

000:STREAM                     1281953140.720960
 08 00 00 00 00 00

000:STREAM                     1281953140.816957
 08 01 00 00 00 05

000:STREAM                     1281953140.924954
 08 00 00 00 00 00

000:STREAM                     1281953141.020956
 08 01 00 00 00 05

000:STREAM                     1281953141.120958
 08 01 FF FF 00 04

000:STREAM                     1281953141.128977
 08 00 00 00 00 00

