000:STREAM                     1281953155.328890
 08 00 03 F0 00 00

000:STREAM                     1281953155.332858
 08 00 03 F1 00 00

000:STREAM                     1281953155.336855
 08 00 04 F1 00 00

000:STREAM                     1281953155.340860
 08 00 03 F1 00 00

000:STREAM                     1281953155.344960
 08 00 02 F1 00 00

000:STREAM                     1281953155.348869
 08 00 03 EF 00 00

000:STREAM                     1281953155.352979
 08 00 02 EE 00 00

000:STREAM                     1281953155.356864
 08 00 02 EE 00 00

000:STREAM                     1281953155.360867
 08 00 02 EF 00 00

000:STREAM                     1281953155.364862
 08 00 02 EE 00 00

000:STREAM                     1281953155.368862
 08 00 02 F0 00 00

000:STREAM                     1281953155.372866
 08 00 02 EE 00 00

000:STREAM                     1281953155.376858
 08 00 03 ED 00 00

000:STREAM                     1281953155.380868
 08 00 03 EB 00 00

000:STREAM                     1281953155.384857
 08 00 03 EC 00 00

000:STREAM                     1281953155.388870
 08 00 03 EC 00 00

000:STREAM                     1281953155.392860
 08 00 03 EC 00 00

000:STREAM                     1281953155.396869
 08 00 04 ED 00 00

000:STREAM                     1281953155.400860
 08 00 03 EC 00 00

000:STREAM                     1281953155.404857
 08 00 04 EB 00 00

000:STREAM                     1281953155.408899
 08 00 03 EB 00 00

000:STREAM                     1281953155.412871
 08 00 02 EC 00 00

000:STREAM                     1281953155.416861
 08 00 02 EC 00 00

000:STREAM                     1281953155.420857
 08 00 02 EC 00 00

000:STREAM                     1281953155.424880
 08 00 01 ED 00 00

000:STREAM                     1281953155.428876
 08 00 01 EB 00 00

000:STREAM                     1281953155.432872
 08 00 00 EB 00 00

000:STREAM                     1281953155.436855
 08 00 FF EB 00 00

000:STREAM                     1281953155.440858
 08 00 00 ED 00 00

000:STREAM                     1281953155.444892
 08 00 00 ED 00 00

000:STREAM                     1281953155.448871
 08 00 FF EF 00 00

000:STREAM                     1281953155.452862
 08 00 00 EF 00 00

000:STREAM                     1281953155.456857
 08 00 00 EF 00 00

000:STREAM                     1281953155.460872
 08 00 FF EE 00 00

000:STREAM                     1281953155.464877
 08 00 FF EE 00 00

000:STREAM                     1281953155.468860
 08 00 FE EF 00 00

000:STREAM                     1281953155.472860
 08 00 FE F0 00 00

000:STREAM                     1281953155.476865
 08 00 FE F0 00 00

000:STREAM                     1281953155.480859
 08 00 FF F1 00 00

000:STREAM                     1281953155.484855
 08 00 FE F2 00 00

000:STREAM                     1281953155.488879
 08 00 FF F3 00 00

000:STREAM                     1281953155.492868
 08 00 FE F3 00 00

000:STREAM                     1281953155.496866
 08 00 FF F2 00 00

000:STREAM                     1281953155.500860
 08 00 FF F1 00 00

000:STREAM                     1281953155.504870
 08 00 FF F2 00 00

000:STREAM                     1281953155.508859
 08 00 00 F3 00 00

000:STREAM                     1281953155.512857
 08 00 00 F4 00 00

000:STREAM                     1281953155.516917
 08 00 00 F5 00 00

000:STREAM                     1281953155.520871
 08 00 00 F6 00 00

000:STREAM                     1281953155.524861
 08 00 00 F6 00 00

000:STREAM                     1281953155.528869
 08 00 01 F7 00 00

000:STREAM                     1281953155.532860
 08 00 01 F8 00 00

000:STREAM                     1281953155.536857
 08 00 01 F8 00 00

000:STREAM                     1281953155.540892
 08 00 01 F9 00 00

000:STREAM                     1281953155.544872
 08 00 02 F8 00 00

000:STREAM                     1281953155.548859
 08 00 01 F9 00 00

000:STREAM                     1281953155.552855
 08 00 02 F9 00 00

000:STREAM                     1281953155.556869
 08 00 02 F9 00 00

000:STREAM                     1281953155.560873
 08 00 02 F9 00 00

000:STREAM                     1281953155.564877
 08 00 01 F9 00 00

000:STREAM                     1281953155.568861
 08 00 02 FA 00 00

000:STREAM                     1281953155.572857
 08 00 02 FB 00 00

000:STREAM                     1281953155.576888
 08 00 02 FB 00 00

000:STREAM                     1281953155.580931
 08 00 02 FB 00 00

000:STREAM                     1281953155.584862
 08 00 02 FD 00 00

000:STREAM                     1281953155.588858
 08 00 02 FC 00 00

000:STREAM                     1281953155.592856
 08 00 03 FE 00 00

000:STREAM                     1281953155.596880
 08 00 02 FD 00 00

000:STREAM                     1281953155.600872
 08 00 02 FF 00 00

000:STREAM                     1281953155.604859
 08 00 03 FE 00 00

000:STREAM                     1281953155.608855
 08 00 02 FF 00 00

000:STREAM                     1281953155.612874
 08 00 02 FE 00 00

000:STREAM                     1281953155.616877
 08 00 02 FF 00 00

000:STREAM                     1281953155.620862
 08 00 01 FF 00 00

000:STREAM                     1281953155.624877
 08 00 01 00 00 00

000:STREAM                     1281953155.628863
 08 00 02 00 00 00

000:STREAM                     1281953155.636873
 08 00 01 00 00 00

000:STREAM                     1281953155.640859
 08 00 01 00 00 00

000:STREAM                     1281953155.644854
 08 00 02 00 00 00

000:STREAM                     1281953155.652875
 08 00 01 00 00 00

000:STREAM                     1281953155.656855
 08 00 01 00 00 00

000:STREAM                     1281953155.664858
 08 00 02 01 00 00

000:STREAM                     1281953155.668864
 08 00 01 00 00 00

000:STREAM                     1281953155.672859
 08 00 02 00 00 00

000:STREAM                     1281953155.676855
 08 00 01 01 00 00

000:STREAM                     1281953155.680873
 08 00 01 00 00 00

000:STREAM                     1281953155.684919
 08 00 02 00 00 00

000:STREAM                     1281953155.688877
 08 00 01 00 00 00

000:STREAM                     1281953155.692861
 08 00 02 01 00 00

000:STREAM                     1281953155.700922
 08 00 01 00 00 00

000:STREAM                     1281953155.708859
 08 00 02 00 00 00

000:STREAM                     1281953155.728909
 08 00 01 00 00 00

000:STREAM                     1281953155.808884
 08 00 FF FF 00 00

000:STREAM                     1281953156.096881
 08 00 01 02 00 00

000:STREAM                     1281953156.108872
 08 00 01 01 00 00

000:STREAM                     1281953156.132911
 08 00 01 00 00 00

000:STREAM                     1281953156.156879
 08 00 01 00 00 00

000:STREAM                     1281953156.180912
 08 00 02 01 00 00

000:STREAM                     1281953156.200882
 08 00 01 01 00 00

000:STREAM                     1281953156.216874
 08 00 01 01 00 00

000:STREAM                     1281953156.228863
 08 00 01 00 00 00

000:STREAM                     1281953156.244925
 08 00 02 02 00 00

000:STREAM                     1281953157.988866
 08 04 00 00 00 10

000:STREAM                     1281953158.252867
 08 00 00 00 00 00

000:STREAM                     1281953158.924867
 08 04 00 00 00 10

000:STREAM                     1281953159.140866
 08 00 00 00 00 00

000:STREAM                     1281953159.696864
 08 04 00 00 00 10

000:STREAM                     1281953159.868865
 08 00 00 00 00 00

000:STREAM                     1281953160.228864
 08 04 00 00 00 10

000:STREAM                     1281953160.424869
 08 00 00 00 00 00

000:STREAM                     1281953160.656866
 08 00 FE 01 00 00

000:STREAM                     1281953160.664838
 08 00 FF 02 00 00

000:STREAM                     1281953160.672850
 08 00 FE 01 00 00

000:STREAM                     1281953160.676847
 08 00 FF 01 00 00

000:STREAM                     1281953160.680835
 08 00 FF 02 00 00

000:STREAM                     1281953160.684832
 08 00 00 02 00 00

000:STREAM                     1281953160.688857
 08 00 FF 02 00 00

000:STREAM                     1281953160.692851
 08 00 FF 03 00 00

000:STREAM                     1281953160.696841
 08 00 FE 02 00 00

000:STREAM                     1281953160.700835
 08 00 FF 03 00 00

000:STREAM                     1281953160.704831
 08 00 FE 02 00 00

000:STREAM                     1281953160.708858
 08 00 FE 03 00 00

000:STREAM                     1281953160.712865
 08 00 FE 02 00 00

000:STREAM                     1281953160.716839
 08 00 FE 03 00 00

000:STREAM                     1281953160.720842
 08 00 FD 02 00 00

000:STREAM                     1281953160.724845
 08 00 FC 03 00 00

000:STREAM                     1281953160.728835
 08 00 FC 02 00 00

000:STREAM                     1281953160.732842
 08 00 FC 02 00 00

000:STREAM                     1281953160.736846
 08 00 FA 03 00 00

000:STREAM                     1281953160.740835
 08 00 FB 02 00 00

000:STREAM                     1281953160.744841
 08 00 FB 03 00 00

000:STREAM                     1281953160.748843
 08 00 FB 02 00 00

000:STREAM                     1281953160.752835
 08 00 FB 03 00 00

000:STREAM                     1281953160.756843
 08 00 FB 02 00 00

000:STREAM                     1281953160.760845
 08 00 FB 03 00 00

000:STREAM                     1281953160.764835
 08 00 FB 03 00 00

000:STREAM                     1281953160.768843
 08 00 FB 04 00 00

000:STREAM                     1281953160.772845
 08 00 FB 04 00 00

000:STREAM                     1281953160.776835
 08 00 FB 04 00 00

000:STREAM                     1281953160.780842
 08 00 FC 05 00 00

000:STREAM                     1281953160.784845
 08 00 FC 05 00 00

000:STREAM                     1281953160.788836
 08 00 FD 05 00 00

000:STREAM                     1281953160.792844
 08 00 FB 06 00 00

000:STREAM                     1281953160.796841
 08 00 FD 08 00 00

