003:007:000:STREAM             1557634538.055165
 08 E0 01 01 01 00 00 00 00 00 DD 10

003:007:000:STREAM             1557634538.223157
 08 E0 01 01 00 00 00 00 00 00 DD 10

003:007:000:STREAM             1557634539.215163
 08 E0 01 01 02 00 00 00 00 00 DD 10

003:007:000:STREAM             1557634539.437154
 08 E0 01 01 00 00 00 00 00 00 DD 10

003:007:000:STREAM             1557634540.351156
 08 E0 01 01 04 00 00 00 00 00 DD 10

003:007:000:STREAM             1557634540.561158
 08 E0 01 01 00 00 00 00 00 00 DD 10

003:007:000:STREAM             1557634541.475161
 08 E0 01 01 08 00 00 00 00 00 DD 10

003:007:000:STREAM             1557634541.685158
 08 E0 01 01 00 00 00 00 00 00 DD 10

003:007:000:STREAM             1557634542.667159
 08 E0 01 01 10 00 00 00 00 00 DD 10

003:007:000:STREAM             1557634542.883158
 08 E0 01 01 00 00 00 00 00 00 DD 10

003:007:000:STREAM             1557634543.875158
 08 E0 01 01 20 00 00 00 00 00 DD 10

003:007:000:STREAM             1557634544.091157
 08 E0 01 01 00 00 00 00 00 00 DD 10

003:007:000:STREAM             1557634545.307155
 08 E0 01 01 00 10 00 00 00 00 DD 10

003:007:000:STREAM             1557634545.533149
 08 E0 01 01 00 00 00 00 00 00 DD 10

003:007:000:STREAM             1557634546.795148
 08 E0 01 01 40 00 00 00 00 00 DD 10

003:007:000:STREAM             1557634546.999148
 08 E0 01 01 00 00 00 00 00 00 DD 10

003:007:000:STREAM             1557634548.043141
 08 E0 01 01 80 00 00 00 00 00 DD 10

003:007:000:STREAM             1557634548.275142
 08 E0 01 01 00 00 00 00 00 00 DD 10

003:007:000:STREAM             1557634549.179154
 08 E0 01 01 00 01 00 00 00 00 DD 10

003:007:000:STREAM             1557634549.417146
 08 E0 01 01 00 00 00 00 00 00 DD 10

003:007:000:STREAM             1557634550.403152
 08 E0 01 01 00 02 00 00 00 00 DD 10

003:007:000:STREAM             1557634550.631151
 08 E0 01 01 00 00 00 00 00 00 DD 10

003:007:000:STREAM             1557634551.581149
 08 E0 01 01 00 04 00 00 00 00 DD 10

003:007:000:STREAM             1557634551.787144
 08 E0 01 01 00 00 00 00 00 00 DD 10

003:007:000:STREAM             1557634552.747148
 08 E0 01 01 00 08 00 00 00 00 DD 10

003:007:000:STREAM             1557634552.931147
 08 E0 01 01 00 00 00 00 00 00 DD 10

