003:007:000:STREAM             1557634489.281213
 08 F0 01 01 00 05 00 00 00 00 DD 10

003:007:000:STREAM             1557634489.317230
 08 F0 01 01 00 04 00 00 00 00 DD 10

003:007:000:STREAM             1557634489.581221
 08 F0 01 01 00 03 00 00 00 00 DD 10

003:007:000:STREAM             1557634489.693220
 08 F0 01 01 00 02 00 00 00 00 DD 10

003:007:000:STREAM             1557634489.769226
 08 F0 01 01 00 01 00 00 00 00 DD 10

003:007:000:STREAM             1557634489.883225
 08 F0 01 01 00 0C 00 00 00 00 DD 10

003:007:000:STREAM             1557634489.995229
 08 F0 01 01 00 0B 00 00 00 00 DD 10

003:007:000:STREAM             1557634490.071226
 08 F0 01 01 00 0A 00 00 00 00 DD 10

003:007:000:STREAM             1557634490.221218
 08 F0 01 01 00 09 00 00 00 00 DD 10

003:007:000:STREAM             1557634490.333223
 08 F0 01 01 00 08 00 00 00 00 DD 10

003:007:000:STREAM             1557634490.483221
 08 F0 01 01 00 07 00 00 00 00 DD 10

003:007:000:STREAM             1557634490.597224
 08 F0 01 01 00 06 00 00 00 00 DD 10

003:007:000:STREAM             1557634490.747224
 08 F0 01 01 00 05 00 00 00 00 DD 10

003:007:000:STREAM             1557634490.897218
 08 F0 01 01 00 04 00 00 00 00 DD 10

003:007:000:STREAM             1557634491.011226
 08 F0 01 01 00 03 00 00 00 00 DD 10

003:007:000:STREAM             1557634491.123223
 08 F0 01 01 00 02 00 00 00 00 DD 10

003:007:000:STREAM             1557634491.237228
 08 F0 01 01 00 01 00 00 00 00 DD 10

003:007:000:STREAM             1557634491.349221
 08 F0 01 01 00 0C 00 00 00 00 DD 10

003:007:000:STREAM             1557634491.425207
 08 F0 01 01 00 0B 00 00 00 00 DD 10

003:007:000:STREAM             1557634491.575222
 08 F0 01 01 00 0A 00 00 00 00 DD 10

003:007:000:STREAM             1557634491.687218
 08 F0 01 01 00 09 00 00 00 00 DD 10

003:007:000:STREAM             1557634491.801217
 08 F0 01 01 00 08 00 00 00 00 DD 10

003:007:000:STREAM             1557634491.913222
 08 F0 01 01 00 07 00 00 00 00 DD 10

003:007:000:STREAM             1557634492.027222
 08 F0 01 01 00 06 00 00 00 00 DD 10

003:007:000:STREAM             1557634492.139216
 08 F0 01 01 00 05 00 00 00 00 DD 10

003:007:000:STREAM             1557634492.215206
 08 F0 01 01 00 04 00 00 00 00 DD 10

003:007:000:STREAM             1557634492.365213
 08 F0 01 01 00 03 00 00 00 00 DD 10

003:007:000:STREAM             1557634492.477206
 08 F0 01 01 00 02 00 00 00 00 DD 10

003:007:000:STREAM             1557634492.629217
 08 F0 01 01 00 01 00 00 00 00 DD 10

003:007:000:STREAM             1557634492.741219
 08 F0 01 01 00 0C 00 00 00 00 DD 10

003:007:000:STREAM             1557634492.817214
 08 F0 01 01 00 0B 00 00 00 00 DD 10

003:007:000:STREAM             1557634492.891199
 08 F0 01 01 00 0A 00 00 00 00 DD 10

003:007:000:STREAM             1557634493.005212
 08 F0 01 01 00 09 00 00 00 00 DD 10

003:007:000:STREAM             1557634493.117205
 08 F0 01 01 00 08 00 00 00 00 DD 10

003:007:000:STREAM             1557634493.229221
 08 F0 01 01 00 07 00 00 00 00 DD 10

003:007:000:STREAM             1557634493.305204
 08 F0 01 01 00 06 00 00 00 00 DD 10

003:007:000:STREAM             1557634493.419215
 08 F0 01 01 00 05 00 00 00 00 DD 10

003:007:000:STREAM             1557634493.569214
 08 F0 01 01 00 04 00 00 00 00 DD 10

003:007:000:STREAM             1557634493.945219
 08 F0 01 01 00 00 00 00 00 00 DD 10

003:007:000:STREAM             1557634494.543217
 08 F0 01 01 00 04 00 00 00 00 DD 10

003:007:000:STREAM             1557634494.919209
 08 F0 01 01 00 05 00 00 00 00 DD 10

003:007:000:STREAM             1557634495.033210
 08 F0 01 01 00 06 00 00 00 00 DD 10

003:007:000:STREAM             1557634495.183218
 08 F0 01 01 00 07 00 00 00 00 DD 10

003:007:000:STREAM             1557634495.257200
 08 F0 01 01 00 08 00 00 00 00 DD 10

003:007:000:STREAM             1557634495.409217
 08 F0 01 01 00 09 00 00 00 00 DD 10

003:007:000:STREAM             1557634495.445202
 08 F0 01 01 00 0A 00 00 00 00 DD 10

003:007:000:STREAM             1557634495.597212
 08 F0 01 01 00 0B 00 00 00 00 DD 10

003:007:000:STREAM             1557634495.671212
 08 F0 01 01 00 0C 00 00 00 00 DD 10

003:007:000:STREAM             1557634495.823217
 08 F0 01 01 00 01 00 00 00 00 DD 10

003:007:000:STREAM             1557634495.935213
 08 F0 01 01 00 02 00 00 00 00 DD 10

003:007:000:STREAM             1557634496.047217
 08 F0 01 01 00 03 00 00 00 00 DD 10

003:007:000:STREAM             1557634496.199209
 08 F0 01 01 00 04 00 00 00 00 DD 10

003:007:000:STREAM             1557634496.423214
 08 F0 01 01 00 05 00 00 00 00 DD 10

003:007:000:STREAM             1557634496.499201
 08 F0 01 01 00 06 00 00 00 00 DD 10

003:007:000:STREAM             1557634496.575210
 08 F0 01 01 00 07 00 00 00 00 DD 10

003:007:000:STREAM             1557634496.649200
 08 F0 01 01 00 08 00 00 00 00 DD 10

003:007:000:STREAM             1557634496.801215
 08 F0 01 01 00 09 00 00 00 00 DD 10

003:007:000:STREAM             1557634496.951220
 08 F0 01 01 00 0A 00 00 00 00 DD 10

003:007:000:STREAM             1557634497.025200
 08 F0 01 01 00 0B 00 00 00 00 DD 10

003:007:000:STREAM             1557634497.101194
 08 F0 01 01 00 0C 00 00 00 00 DD 10

003:007:000:STREAM             1557634497.251214
 08 F0 01 01 00 01 00 00 00 00 DD 10

003:007:000:STREAM             1557634497.403216
 08 F0 01 01 00 02 00 00 00 00 DD 10

003:007:000:STREAM             1557634497.515209
 08 F0 01 01 00 03 00 00 00 00 DD 10

003:007:000:STREAM             1557634497.665210
 08 F0 01 01 00 04 00 00 00 00 DD 10

003:007:000:STREAM             1557634497.815210
 08 F0 01 01 00 05 00 00 00 00 DD 10

003:007:000:STREAM             1557634497.929215
 08 F0 01 01 00 06 00 00 00 00 DD 10

003:007:000:STREAM             1557634498.003198
 08 F0 01 01 00 07 00 00 00 00 DD 10

003:007:000:STREAM             1557634498.193206
 08 F0 01 01 00 08 00 00 00 00 DD 10

003:007:000:STREAM             1557634498.267198
 08 F0 01 01 00 09 00 00 00 00 DD 10

003:007:000:STREAM             1557634498.343197
 08 F0 01 01 00 0A 00 00 00 00 DD 10

003:007:000:STREAM             1557634498.493214
 08 F0 01 01 00 0B 00 00 00 00 DD 10

003:007:000:STREAM             1557634498.531199
 08 F0 01 01 00 0C 00 00 00 00 DD 10

003:007:000:STREAM             1557634498.681211
 08 F0 01 01 00 01 00 00 00 00 DD 10

003:007:000:STREAM             1557634498.869222
 08 F0 01 01 00 02 00 00 00 00 DD 10

003:007:000:STREAM             1557634498.945213
 08 F0 01 01 00 03 00 00 00 00 DD 10

003:007:000:STREAM             1557634499.133212
 08 F0 01 01 00 04 00 00 00 00 DD 10

003:007:000:STREAM             1557634499.471213
 08 F0 01 01 00 03 00 00 00 00 DD 10

003:007:000:STREAM             1557634499.509215
 08 F0 01 01 00 00 00 00 00 00 DD 10

003:007:000:STREAM             1557634500.589207
 08 F0 01 01 00 04 00 00 00 00 DD 10

003:007:000:STREAM             1557634500.929206
 08 F0 01 01 00 05 00 00 00 00 DD 10

003:007:000:STREAM             1557634500.967195
 08 F0 01 01 00 00 00 00 00 00 DD 10

003:007:000:STREAM             1557634501.669212
 08 F0 01 01 00 01 00 00 00 00 DD 10

003:007:000:STREAM             1557634501.969218
 08 F0 01 01 00 00 00 00 00 00 DD 10

003:007:000:STREAM             1557634502.635204
 08 F0 01 01 00 0B 00 00 00 00 DD 10

003:007:000:STREAM             1557634502.673194
 08 F0 01 01 00 0A 00 00 00 00 DD 10

003:007:000:STREAM             1557634503.011213
 08 F0 01 01 00 00 00 00 00 00 DD 10

003:007:000:STREAM             1557634503.605206
 08 F0 01 01 00 07 00 00 00 00 DD 10

003:007:000:STREAM             1557634503.981199
 08 F0 01 01 00 00 00 00 00 00 DD 10

