001:007:000:STREAM             1512296723.292110
 02 38 54 AA 10 03 05 00 00 00

001:007:000:STREAM             1512296723.295098
 02 3F 54 A7 10 03 05 00 00 00

001:007:000:STREAM             1512296723.299140
 02 52 54 A0 10 03 05 00 00 00

001:007:000:STREAM             1512296723.302141
 02 52 54 A0 10 03 05 00 00 00

001:007:000:STREAM             1512296723.306169
 02 5A 54 9E 10 03 05 00 00 00

001:007:000:STREAM             1512296723.309172
 02 65 54 A2 10 03 05 00 00 00

001:007:000:STREAM             1512296723.313123
 02 6D 54 A4 10 03 05 00 00 00

001:007:000:STREAM             1512296723.316133
 02 6C 54 A4 10 03 05 00 00 00

001:007:000:STREAM             1512296723.320124
 02 76 54 A2 10 03 05 00 00 00

001:007:000:STREAM             1512296723.323091
 02 8E 54 A1 10 03 05 00 00 00

001:007:000:STREAM             1512296723.327092
 02 94 54 A1 10 03 05 00 00 00

001:007:000:STREAM             1512296723.330086
 02 AA 54 A1 10 03 05 00 00 00

001:007:000:STREAM             1512296723.334130
 02 CD 54 94 10 03 05 00 00 00

001:007:000:STREAM             1512296723.337302
 02 D7 54 8E 10 03 05 00 00 00

001:007:000:STREAM             1512296723.341146
 02 F3 54 89 10 03 05 00 00 00

001:007:000:STREAM             1512296723.344179
 02 16 55 8B 10 03 05 00 00 00

001:007:000:STREAM             1512296723.348159
 02 1E 55 8B 10 03 05 00 00 00

001:007:000:STREAM             1512296723.351154
 02 35 55 8B 10 03 05 00 00 00

001:007:000:STREAM             1512296723.355128
 02 40 55 8A 10 03 05 00 00 00

001:007:000:STREAM             1512296723.358106
 02 3E 55 8A 10 03 05 00 00 00

001:007:000:STREAM             1512296723.362150
 02 54 55 8A 10 03 05 00 00 00

001:007:000:STREAM             1512296723.365118
 02 67 55 8A 10 03 05 00 00 00

001:007:000:STREAM             1512296723.369143
 02 65 55 8A 10 03 05 00 00 00

001:007:000:STREAM             1512296723.372253
 02 61 55 8A 10 03 05 00 00 00

001:007:000:STREAM             1512296723.376146
 02 61 55 8A 10 03 05 00 00 00

001:007:000:STREAM             1512296723.379147
 02 61 55 8A 10 03 05 00 00 00

001:007:000:STREAM             1512296723.403150
 02 1F 55 B8 10 07 4C 00 00 00

001:007:000:STREAM             1512296723.407261
 02 15 55 B4 10 07 4B 00 00 00

001:007:000:STREAM             1512296723.410098
 02 10 55 B2 10 07 4A 00 00 00

001:007:000:STREAM             1512296723.414132
 02 0E 55 AE 10 07 54 00 00 00

001:007:000:STREAM             1512296723.418120
 02 10 55 AE 10 07 59 00 00 00

001:007:000:STREAM             1512296723.422074
 02 03 55 AD 10 07 60 00 00 00

001:007:000:STREAM             1512296723.424092
 02 F6 54 AD 10 07 62 00 00 00

001:007:000:STREAM             1512296723.428088
 02 F7 54 AD 10 07 62 00 00 00

001:007:000:STREAM             1512296723.434022
 02 F9 54 AD 10 07 65 00 00 00

001:007:000:STREAM             1512296723.435115
 02 F9 54 AD 10 07 66 00 00 00

001:007:000:STREAM             1512296723.438230
 02 F9 54 AD 10 07 6C 00 00 00

001:007:000:STREAM             1512296723.442203
 02 F9 54 AD 10 07 6E 00 00 00

001:007:000:STREAM             1512296723.445177
 02 F8 54 AD 10 07 74 00 00 00

001:007:000:STREAM             1512296723.449137
 02 F8 54 AD 10 07 76 00 00 00

001:007:000:STREAM             1512296723.452182
 02 F8 54 AD 10 07 7A 00 00 00

001:007:000:STREAM             1512296723.456198
 02 07 55 AD 10 07 7E 00 00 00

001:007:000:STREAM             1512296723.459088
 02 0F 55 AD 10 07 7F 00 00 00

001:007:000:STREAM             1512296723.463088
 02 13 55 9F 10 07 85 00 00 00

001:007:000:STREAM             1512296723.466122
 02 12 55 98 10 07 88 00 00 00

001:007:000:STREAM             1512296723.469217
 02 26 55 94 10 07 8D 00 00 00

001:007:000:STREAM             1512296723.473152
 02 46 55 80 10 07 92 00 00 00

001:007:000:STREAM             1512296723.476125
 02 4C 55 75 10 07 93 00 00 00

001:007:000:STREAM             1512296723.480152
 02 5C 55 5E 10 07 98 00 00 00

001:007:000:STREAM             1512296723.483184
 02 62 55 58 10 07 9A 00 00 00

001:007:000:STREAM             1512296723.487110
 02 73 55 41 10 07 9E 00 00 00

001:007:000:STREAM             1512296723.490096
 02 79 55 39 10 07 A0 00 00 00

001:007:000:STREAM             1512296723.494123
 02 8A 55 1E 10 07 A4 00 00 00

001:007:000:STREAM             1512296723.497117
 02 90 55 14 10 07 A6 00 00 00

001:007:000:STREAM             1512296723.501210
 02 A2 55 F7 0F 07 AB 00 00 00

001:007:000:STREAM             1512296723.504292
 02 B9 55 CF 0F 07 B3 00 00 00

001:007:000:STREAM             1512296723.508148
 02 BF 55 C5 0F 07 B5 00 00 00

001:007:000:STREAM             1512296723.511123
 02 D0 55 A4 0F 07 BC 00 00 00

001:007:000:STREAM             1512296723.515126
 02 D6 55 99 0F 07 BF 00 00 00

001:007:000:STREAM             1512296723.518134
 02 E6 55 78 0F 07 C7 00 00 00

001:007:000:STREAM             1512296723.522131
 02 ED 55 4C 0F 07 D2 00 00 00

001:007:000:STREAM             1512296723.525172
 02 EC 55 41 0F 07 D5 00 00 00

001:007:000:STREAM             1512296723.529159
 02 FF 55 22 0F 07 DF 00 00 00

001:007:000:STREAM             1512296723.532149
 02 09 56 18 0F 07 E2 00 00 00

001:007:000:STREAM             1512296723.536149
 02 0F 56 FB 0E 07 ED 00 00 00

001:007:000:STREAM             1512296723.539193
 02 0D 56 F2 0E 07 F1 00 00 00

001:007:000:STREAM             1512296723.543128
 02 1C 56 D9 0E 07 FD 00 00 00

001:007:000:STREAM             1512296723.546101
 02 29 56 BA 0E 07 0E 01 00 00

001:007:000:STREAM             1512296723.550122
 02 28 56 B2 0E 07 12 01 00 00

001:007:000:STREAM             1512296723.553145
 02 34 56 9C 0E 07 21 01 00 00

001:007:000:STREAM             1512296723.557117
 02 3B 56 95 0E 07 26 01 00 00

001:007:000:STREAM             1512296723.560102
 02 3F 56 80 0E 07 46 01 00 00

001:007:000:STREAM             1512296723.564109
 02 3E 56 79 0E 07 53 01 00 00

001:007:000:STREAM             1512296723.567445
 02 49 56 63 0E 07 78 01 00 00

001:007:000:STREAM             1512296723.573097
 02 54 56 46 0E 07 A9 01 00 00

001:007:000:STREAM             1512296723.574130
 02 53 56 3F 0E 07 B6 01 00 00

001:007:000:STREAM             1512296723.577160
 02 62 56 27 0E 07 DC 01 00 00

001:007:000:STREAM             1512296723.581117
 02 6A 56 1F 0E 07 E9 01 00 00

001:007:000:STREAM             1512296723.584156
 02 6F 56 05 0E 07 0D 02 00 00

001:007:000:STREAM             1512296723.588092
 02 6E 56 FC 0D 07 19 02 00 00

001:007:000:STREAM             1512296723.591116
 02 82 56 DE 0D 07 3F 02 00 00

001:007:000:STREAM             1512296723.595142
 02 A2 56 B5 0D 07 70 02 00 00

001:007:000:STREAM             1512296723.598114
 02 A7 56 AB 0D 07 7B 02 00 00

001:007:000:STREAM             1512296723.602122
 02 B9 56 87 0D 07 9C 02 00 00

001:007:000:STREAM             1512296723.605124
 02 C0 56 7B 0D 07 A8 02 00 00

001:007:000:STREAM             1512296723.609125
 02 D3 56 4F 0D 07 CC 02 00 00

001:007:000:STREAM             1512296723.612272
 02 DA 56 3F 0D 07 D8 02 00 00

001:007:000:STREAM             1512296723.616137
 02 FB 56 00 0D 07 F2 02 00 00

001:007:000:STREAM             1512296723.619127
 02 15 57 B1 0C 07 10 03 00 00

001:007:000:STREAM             1512296723.623106
 02 15 57 A1 0C 07 18 03 00 00

001:007:000:STREAM             1512296723.626108
 02 30 57 71 0C 07 30 03 00 00

001:007:000:STREAM             1512296723.630092
 02 3E 57 61 0C 07 38 03 00 00

001:007:000:STREAM             1512296723.633123
 02 4B 57 36 0C 07 50 03 00 00

001:007:000:STREAM             1512296723.637179
 02 4B 57 29 0C 07 58 03 00 00

001:007:000:STREAM             1512296723.640146
 02 62 57 05 0C 07 67 03 00 00

001:007:000:STREAM             1512296723.644203
 02 79 57 D5 0B 07 84 03 00 00

001:007:000:STREAM             1512296723.647153
 02 79 57 C8 0B 07 8F 03 00 00

001:007:000:STREAM             1512296723.651142
 02 79 57 A4 0B 07 A5 03 00 00

001:007:000:STREAM             1512296723.654131
 02 79 57 98 0B 07 AB 03 00 00

001:007:000:STREAM             1512296723.658085
 02 93 57 72 0B 07 BD 03 00 00

001:007:000:STREAM             1512296723.661226
 02 A0 57 65 0B 07 C3 03 00 00

001:007:000:STREAM             1512296723.665168
 02 AC 57 43 0B 07 D8 03 00 00

001:007:000:STREAM             1512296723.668136
 02 AC 57 2D 0B 07 F1 03 00 00

001:007:000:STREAM             1512296723.672175
 02 AC 57 2D 0B 07 F6 03 00 00

001:007:000:STREAM             1512296723.676215
 02 AC 57 0C 0B 07 0B 04 00 00

001:007:000:STREAM             1512296723.679103
 02 AC 57 FB 0A 07 13 04 00 00

001:007:000:STREAM             1512296723.682111
 02 AC 57 EA 0A 07 26 04 00 00

001:007:000:STREAM             1512296723.686124
 02 AC 57 EA 0A 07 2C 04 00 00

001:007:000:STREAM             1512296723.689373
 02 AC 57 CC 0A 07 40 04 00 00

001:007:000:STREAM             1512296723.692085
 02 AC 57 AE 0A 07 5A 04 00 00

001:007:000:STREAM             1512296723.696176
 02 AC 57 AE 0A 07 60 04 00 00

001:007:000:STREAM             1512296723.701807
 02 AC 57 94 0A 07 71 04 00 00

001:007:000:STREAM             1512296723.703135
 02 AC 57 87 0A 07 77 04 00 00

001:007:000:STREAM             1512296723.706181
 02 AC 57 79 0A 07 86 04 00 00

001:007:000:STREAM             1512296723.710126
 02 AC 57 79 0A 07 8B 04 00 00

001:007:000:STREAM             1512296723.713112
 02 AC 57 60 0A 07 9F 04 00 00

001:007:000:STREAM             1512296723.717147
 02 AC 57 46 0A 07 B8 04 00 00

001:007:000:STREAM             1512296723.720109
 02 AC 57 46 0A 07 BD 04 00 00

001:007:000:STREAM             1512296723.724087
 02 AC 57 2B 0A 07 D7 04 00 00

001:007:000:STREAM             1512296723.727090
 02 AC 57 1E 0A 07 E1 04 00 00

001:007:000:STREAM             1512296723.731207
 02 AC 57 10 0A 07 F3 04 00 00

001:007:000:STREAM             1512296723.734165
 02 AC 57 10 0A 07 F7 04 00 00

001:007:000:STREAM             1512296723.738162
 02 AC 57 EE 09 07 08 05 00 00

001:007:000:STREAM             1512296723.742302
 02 AC 57 CB 09 07 1D 05 00 00

001:007:000:STREAM             1512296723.745111
 02 AC 57 CB 09 07 21 05 00 00

001:007:000:STREAM             1512296723.748161
 02 AC 57 A7 09 07 33 05 00 00

001:007:000:STREAM             1512296723.752141
 02 AC 57 95 09 07 3A 05 00 00

001:007:000:STREAM             1512296723.755094
 02 AC 57 6D 09 07 5B 05 00 00

001:007:000:STREAM             1512296723.759105
 02 AC 57 62 09 07 68 05 00 00

001:007:000:STREAM             1512296723.762113
 02 AC 57 42 09 07 73 05 00 00

001:007:000:STREAM             1512296723.766137
 02 AC 57 16 09 07 7D 05 00 00

001:007:000:STREAM             1512296723.769172
 02 AC 57 0B 09 07 83 05 00 00

001:007:000:STREAM             1512296723.773139
 02 AC 57 E9 08 07 94 05 00 00

001:007:000:STREAM             1512296723.776184
 02 AC 57 DE 08 07 99 05 00 00

001:007:000:STREAM             1512296723.780252
 02 AC 57 BA 08 07 AA 05 00 00

001:007:000:STREAM             1512296723.783153
 02 AC 57 AE 08 07 B0 05 00 00

001:007:000:STREAM             1512296723.787167
 02 AC 57 89 08 07 C0 05 00 00

001:007:000:STREAM             1512296723.790133
 02 AC 57 55 08 07 CD 05 00 00

001:007:000:STREAM             1512296723.794106
 02 AC 57 47 08 07 CF 05 00 00

001:007:000:STREAM             1512296723.797109
 02 AC 57 1B 08 07 DA 05 00 00

001:007:000:STREAM             1512296723.801226
 02 AC 57 0D 08 07 DF 05 00 00

001:007:000:STREAM             1512296723.804223
 02 AC 57 E3 07 07 EA 05 00 00

001:007:000:STREAM             1512296723.807148
 02 AC 57 D5 07 07 ED 05 00 00

001:007:000:STREAM             1512296723.811131
 02 AC 57 B2 07 07 F6 05 00 00

001:007:000:STREAM             1512296723.814121
 02 AC 57 79 07 07 02 06 00 00

001:007:000:STREAM             1512296723.818119
 02 AC 57 68 07 07 05 06 00 00

001:007:000:STREAM             1512296723.821398
 02 AC 57 3C 07 07 0D 06 00 00

001:007:000:STREAM             1512296723.825088
 02 AC 57 2F 07 07 10 06 00 00

001:007:000:STREAM             1512296723.828108
 02 AC 57 06 07 07 1B 06 00 00

001:007:000:STREAM             1512296723.832112
 02 AC 57 F8 06 07 1F 06 00 00

001:007:000:STREAM             1512296723.835108
 02 AC 57 CC 06 07 28 06 00 00

001:007:000:STREAM             1512296723.839104
 02 AC 57 90 06 07 32 06 00 00

001:007:000:STREAM             1512296723.842101
 02 AC 57 82 06 07 34 06 00 00

001:007:000:STREAM             1512296723.846149
 02 AC 57 55 06 07 40 06 00 00

001:007:000:STREAM             1512296723.849122
 02 AC 57 46 06 07 45 06 00 00

001:007:000:STREAM             1512296723.853097
 02 AC 57 17 06 07 50 06 00 00

001:007:000:STREAM             1512296723.856183
 02 AC 57 07 06 07 53 06 00 00

001:007:000:STREAM             1512296723.860098
 02 AC 57 DC 05 07 5B 06 00 00

001:007:000:STREAM             1512296723.863092
 02 AC 57 A9 05 07 67 06 00 00

001:007:000:STREAM             1512296723.867137
 02 AC 57 9E 05 07 6A 06 00 00

001:007:000:STREAM             1512296723.870131
 02 AC 57 7C 05 07 73 06 00 00

001:007:000:STREAM             1512296723.874165
 02 AC 57 71 05 07 76 06 00 00

001:007:000:STREAM             1512296723.877171
 02 AC 57 4D 05 07 81 06 00 00

001:007:000:STREAM             1512296723.881111
 02 AC 57 41 05 07 85 06 00 00

001:007:000:STREAM             1512296723.884113
 02 AC 57 34 05 07 91 06 00 00

001:007:000:STREAM             1512296723.888158
 02 AC 57 10 05 07 9B 06 00 00

001:007:000:STREAM             1512296723.891074
 02 AC 57 FE 04 07 9C 06 00 00

001:007:000:STREAM             1512296723.895096
 02 AC 57 EC 04 07 A8 06 00 00

001:007:000:STREAM             1512296723.898137
 02 AC 57 EC 04 07 AE 06 00 00

001:007:000:STREAM             1512296723.902148
 02 AC 57 C7 04 07 BC 06 00 00

001:007:000:STREAM             1512296723.905216
 02 AC 57 B4 04 07 C0 06 00 00

001:007:000:STREAM             1512296723.909158
 02 AC 57 8B 04 07 D4 06 00 00

001:007:000:STREAM             1512296723.912112
 02 AC 57 75 04 07 E4 06 00 00

001:007:000:STREAM             1512296723.916128
 02 AC 57 75 04 07 E5 06 00 00

001:007:000:STREAM             1512296723.919116
 02 AC 57 55 04 07 F0 06 00 00

001:007:000:STREAM             1512296723.922128
 02 AC 57 45 04 07 F6 06 00 00

001:007:000:STREAM             1512296723.926123
 02 97 57 1F 04 07 03 07 00 00

001:007:000:STREAM             1512296723.929109
 02 8C 57 14 04 07 07 07 00 00

001:007:000:STREAM             1512296723.933133
 02 81 57 F1 03 07 13 07 00 00

001:007:000:STREAM             1512296723.936111
 02 81 57 C3 03 07 2A 07 00 00

001:007:000:STREAM             1512296723.940197
 02 81 57 B8 03 07 32 07 00 00

001:007:000:STREAM             1512296723.943106
 02 81 57 93 03 07 3F 07 00 00

001:007:000:STREAM             1512296723.947126
 02 81 57 86 03 07 41 07 00 00

001:007:000:STREAM             1512296723.950095
 02 81 57 5F 03 07 47 07 00 00

001:007:000:STREAM             1512296723.954096
 02 81 57 52 03 07 49 07 00 00

001:007:000:STREAM             1512296723.957101
 02 81 57 2B 03 07 52 07 00 00

001:007:000:STREAM             1512296723.961096
 02 81 57 F4 02 07 61 07 00 00

001:007:000:STREAM             1512296723.964097
 02 81 57 E6 02 07 65 07 00 00

001:007:000:STREAM             1512296723.968127
 02 81 57 BF 02 07 70 07 00 00

001:007:000:STREAM             1512296723.971355
 02 81 57 B3 02 07 73 07 00 00

001:007:000:STREAM             1512296723.975146
 02 6B 57 93 02 07 72 07 00 00

001:007:000:STREAM             1512296723.978105
 02 60 57 89 02 07 70 07 00 00

001:007:000:STREAM             1512296723.982101
 02 54 57 5D 02 07 7A 07 00 00

001:007:000:STREAM             1512296723.985101
 02 54 57 1F 02 07 8E 07 00 00

001:007:000:STREAM             1512296723.989390
 02 54 57 11 02 07 92 07 00 00

001:007:000:STREAM             1512296723.992110
 02 38 57 02 02 07 99 07 00 00

001:007:000:STREAM             1512296723.996117
 02 2A 57 02 02 07 9B 07 00 00

001:007:000:STREAM             1512296723.999151
 02 1B 57 C4 01 07 A4 07 00 00

001:007:000:STREAM             1512296724.003148
 02 1B 57 A5 01 07 A8 07 00 00

001:007:000:STREAM             1512296724.006207
 02 04 57 67 01 07 B1 07 00 00

001:007:000:STREAM             1512296724.010201
 02 EC 56 34 01 07 BF 07 00 00

001:007:000:STREAM             1512296724.013118
 02 EC 56 2A 01 07 C3 07 00 00

001:007:000:STREAM             1512296724.017112
 02 D2 56 1F 01 07 CD 07 00 00

001:007:000:STREAM             1512296724.020118
 02 C5 56 1F 01 07 D0 07 00 00

001:007:000:STREAM             1512296724.024092
 02 B7 56 FF 00 07 CD 07 00 00

001:007:000:STREAM             1512296724.027094
 02 B7 56 EF 00 07 CA 07 00 00

001:007:000:STREAM             1512296724.030088
 02 A1 56 CA 00 07 DC 07 00 00

001:007:000:STREAM             1512296724.034168
 02 8B 56 B4 00 07 F8 07 00 00

001:007:000:STREAM             1512296724.037137
 02 8B 56 B4 00 07 FC 07 00 00

001:007:000:STREAM             1512296724.041218
 02 76 56 93 00 07 F6 07 00 00

001:007:000:STREAM             1512296724.044187
 02 6B 56 82 00 07 F1 07 00 00

001:007:000:STREAM             1512296724.048151
 02 60 56 71 00 07 F6 07 00 00

001:007:000:STREAM             1512296724.051135
 02 60 56 5B 00 07 FF 07 00 00

001:007:000:STREAM             1512296724.055125
 02 60 56 50 00 07 FF 07 00 00

001:007:000:STREAM             1512296724.058085
 02 48 56 44 00 07 FF 07 00 00

001:007:000:STREAM             1512296724.062104
 02 30 56 28 00 07 FF 07 00 00

001:007:000:STREAM             1512296724.065158
 02 30 56 1A 00 07 FF 07 00 00

001:007:000:STREAM             1512296724.069157
 02 30 56 0B 00 07 FF 07 00 00

001:007:000:STREAM             1512296724.072188
 02 30 56 0B 00 07 FF 07 00 00

001:007:000:STREAM             1512296724.076288
 02 1B 56 0B 00 07 FF 07 00 00

001:007:000:STREAM             1512296724.079128
 02 05 56 0B 00 07 FF 07 00 00

001:007:000:STREAM             1512296724.083120
 02 05 56 0B 00 07 FF 07 00 00

001:007:000:STREAM             1512296724.086110
 02 05 56 0B 00 07 FF 07 00 00

001:007:000:STREAM             1512296724.090099
 02 05 56 0B 00 07 FF 07 00 00

001:007:000:STREAM             1512296724.093099
 02 EE 55 0B 00 07 FF 07 00 00

001:007:000:STREAM             1512296724.097093
 02 D6 55 0B 00 07 FF 07 00 00

001:007:000:STREAM             1512296724.100108
 02 D6 55 0B 00 07 FF 07 00 00

001:007:000:STREAM             1512296724.104160
 02 D6 55 0B 00 07 FF 07 00 00

001:007:000:STREAM             1512296724.107135
 02 C2 55 0B 00 07 FF 07 00 00

001:007:000:STREAM             1512296724.111142
 02 B8 55 0B 00 07 FF 07 00 00

001:007:000:STREAM             1512296724.114116
 02 AD 55 0B 00 07 FF 07 00 00

001:007:000:STREAM             1512296724.118115
 02 AD 55 0B 00 07 FF 07 00 00

001:007:000:STREAM             1512296724.121111
 02 AD 55 0B 00 07 FF 07 00 00

001:007:000:STREAM             1512296724.124084
 02 AD 55 0B 00 07 FF 07 00 00

001:007:000:STREAM             1512296724.128146
 02 AD 55 0B 00 07 FF 07 00 00

001:007:000:STREAM             1512296724.131115
 02 97 55 0B 00 07 FF 07 00 00

001:007:000:STREAM             1512296724.135103
 02 8C 55 0B 00 07 FF 07 00 00

001:007:000:STREAM             1512296724.138095
 02 81 55 0B 00 07 FF 07 00 00

001:007:000:STREAM             1512296724.142094
 02 81 55 0B 00 07 FF 07 00 00

001:007:000:STREAM             1512296724.145122
 02 81 55 0B 00 07 FF 07 00 00

001:007:000:STREAM             1512296724.149124
 02 81 55 0B 00 07 FF 07 00 00

001:007:000:STREAM             1512296724.152109
 02 81 55 0B 00 07 FF 07 00 00

001:007:000:STREAM             1512296724.156088
 02 81 55 0B 00 07 FF 07 00 00

001:007:000:STREAM             1512296724.159073
 02 6D 55 0B 00 07 FF 07 00 00

001:007:000:STREAM             1512296724.163123
 02 63 55 0B 00 07 FF 07 00 00

001:007:000:STREAM             1512296724.166146
 02 58 55 0B 00 07 FF 07 00 00

001:007:000:STREAM             1512296724.170187
 02 58 55 0B 00 07 FF 07 00 00

001:007:000:STREAM             1512296724.173196
 02 58 55 0B 00 07 FF 07 00 00

001:007:000:STREAM             1512296724.177208
 02 58 55 0B 00 07 FF 07 00 00

001:007:000:STREAM             1512296724.180160
 02 58 55 0B 00 07 FF 07 00 00

001:007:000:STREAM             1512296724.184126
 02 58 55 0B 00 07 FF 07 00 00

001:007:000:STREAM             1512296724.187099
 02 42 55 0B 00 07 FF 07 00 00

001:007:000:STREAM             1512296724.191090
 02 37 55 0B 00 07 FF 07 00 00

001:007:000:STREAM             1512296724.194121
 02 2B 55 0B 00 07 FF 07 00 00

001:007:000:STREAM             1512296724.198233
 02 2B 55 0B 00 07 FF 07 00 00

001:007:000:STREAM             1512296724.201737
 02 2B 55 0B 00 07 FF 07 00 00

001:007:000:STREAM             1512296724.205202
 02 2B 55 0B 00 07 FF 07 00 00

001:007:000:STREAM             1512296724.208123
 02 2B 55 0B 00 07 FF 07 00 00

001:007:000:STREAM             1512296724.212109
 02 10 55 0B 00 07 FF 07 00 00

001:007:000:STREAM             1512296724.215122
 02 F4 54 0B 00 07 FF 07 00 00

001:007:000:STREAM             1512296724.218111
 02 F4 54 0B 00 00 00 00 00 00

001:007:000:STREAM             1512296728.527107
 02 89 9A 72 33 03 05 00 00 00

001:007:000:STREAM             1512296728.531093
 02 72 9A 72 33 03 05 00 00 00

001:007:000:STREAM             1512296728.534111
 02 72 9A 72 33 03 05 00 00 00

001:007:000:STREAM             1512296728.538221
 02 66 9A 79 33 03 05 00 00 00

001:007:000:STREAM             1512296728.541091
 02 4B 9A 6D 33 03 05 00 00 00

001:007:000:STREAM             1512296728.545110
 02 41 9A 6C 33 03 05 00 00 00

001:007:000:STREAM             1512296728.548135
 02 3C 9A 6B 33 03 05 00 00 00

001:007:000:STREAM             1512296728.552161
 02 3A 9A 6B 33 03 05 00 00 00

001:007:000:STREAM             1512296728.555155
 02 3E 9A 6B 33 03 05 00 00 00

001:007:000:STREAM             1512296728.559107
 02 3F 9A 6B 33 03 05 00 00 00

001:007:000:STREAM             1512296728.562104
 02 3F 9A 6B 33 03 05 00 00 00

001:007:000:STREAM             1512296728.566132
 02 2F 9A 6A 33 03 05 00 00 00

001:007:000:STREAM             1512296728.569210
 02 28 9A 6A 33 03 05 00 00 00

001:007:000:STREAM             1512296728.573176
 02 22 9A 6A 33 03 05 00 00 00

001:007:000:STREAM             1512296728.576167
 02 24 9A 6A 33 03 05 00 00 00

001:007:000:STREAM             1512296728.580101
 02 24 9A 6A 33 03 05 00 00 00

001:007:000:STREAM             1512296728.583090
 02 14 9A 6A 33 03 05 00 00 00

001:007:000:STREAM             1512296728.587065
 02 07 9A 6A 33 03 05 00 00 00

001:007:000:STREAM             1512296728.590203
 02 08 9A 6A 33 03 05 00 00 00

001:007:000:STREAM             1512296728.594112
 02 0A 9A 6A 33 03 05 00 00 00

001:007:000:STREAM             1512296728.597086
 02 0A 9A 6A 33 03 05 00 00 00

001:007:000:STREAM             1512296728.600138
 02 0A 9A 6A 33 03 05 00 00 00

001:007:000:STREAM             1512296728.604160
 02 F9 99 6A 33 03 05 00 00 00

001:007:000:STREAM             1512296728.607082
 02 EB 99 6A 33 03 05 00 00 00

001:007:000:STREAM             1512296728.611097
 02 ED 99 6A 33 03 05 00 00 00

001:007:000:STREAM             1512296728.614111
 02 EE 99 6A 33 03 05 00 00 00

001:007:000:STREAM             1512296728.618076
 02 EE 99 6A 33 03 05 00 00 00

001:007:000:STREAM             1512296728.621062
 02 EE 99 6A 33 03 05 00 00 00

001:007:000:STREAM             1512296728.625074
 02 ED 99 6A 33 03 05 00 00 00

001:007:000:STREAM             1512296728.628060
 02 D9 99 6A 33 03 05 00 00 00

001:007:000:STREAM             1512296728.632135
 02 CF 99 6A 33 03 05 00 00 00

001:007:000:STREAM             1512296728.635225
 02 C8 99 6A 33 03 05 00 00 00

001:007:000:STREAM             1512296728.639093
 02 CC 99 6A 33 03 05 00 00 00

001:007:000:STREAM             1512296728.642080
 02 CC 99 6A 33 03 05 00 00 00

001:007:000:STREAM             1512296728.646086
 02 B7 99 6A 33 03 05 00 00 00

001:007:000:STREAM             1512296728.649089
 02 A6 99 6A 33 03 05 00 00 00

001:007:000:STREAM             1512296728.653086
 02 A8 99 6A 33 03 05 00 00 00

001:007:000:STREAM             1512296728.656085
 02 9A 99 6A 33 03 05 00 00 00

001:007:000:STREAM             1512296728.660053
 02 8E 99 6A 33 03 05 00 00 00

001:007:000:STREAM             1512296728.663103
 02 8F 99 6A 33 03 05 00 00 00

001:007:000:STREAM             1512296728.666085
 02 90 99 6A 33 03 05 00 00 00

001:007:000:STREAM             1512296728.670193
 02 90 99 6A 33 03 05 00 00 00

001:007:000:STREAM             1512296728.673164
 02 90 99 6A 33 03 05 00 00 00

001:007:000:STREAM             1512296728.677144
 02 8F 99 6A 33 03 05 00 00 00

001:007:000:STREAM             1512296728.680103
 02 8F 99 79 33 03 05 00 00 00

001:007:000:STREAM             1512296728.684136
 02 8F 99 81 33 03 05 00 00 00

001:007:000:STREAM             1512296728.687071
 02 8F 99 85 33 03 05 00 00 00

001:007:000:STREAM             1512296728.691072
 02 8F 99 82 33 03 05 00 00 00

001:007:000:STREAM             1512296728.694064
 02 8F 99 82 33 03 05 00 00 00

001:007:000:STREAM             1512296728.698111
 02 8F 99 81 33 03 05 00 00 00

001:007:000:STREAM             1512296728.701217
 02 8F 99 81 33 03 05 00 00 00

001:007:000:STREAM             1512296728.705108
 02 8F 99 81 33 03 05 00 00 00

001:007:000:STREAM             1512296728.708130
 02 8F 99 92 33 03 05 00 00 00

001:007:000:STREAM             1512296728.712104
 02 A0 99 9F 33 03 05 00 00 00

001:007:000:STREAM             1512296728.715068
 02 A8 99 9D 33 03 05 00 00 00

001:007:000:STREAM             1512296728.720991
 02 BC 99 9B 33 03 05 00 00 00

001:007:000:STREAM             1512296728.722064
 02 C5 99 9A 33 03 05 00 00 00

001:007:000:STREAM             1512296728.726061
 02 C3 99 9A 33 03 05 00 00 00

001:007:000:STREAM             1512296728.729094
 02 D9 99 9A 33 03 05 00 00 00

001:007:000:STREAM             1512296728.733312
 02 ED 99 9A 33 03 05 00 00 00

001:007:000:STREAM             1512296728.736165
 02 EB 99 9A 33 03 05 00 00 00

001:007:000:STREAM             1512296728.740085
 02 FC 99 AA 33 03 05 00 00 00

001:007:000:STREAM             1512296728.743076
 02 0D 9A B6 33 03 05 00 00 00

001:007:000:STREAM             1512296728.747098
 02 0B 9A B5 33 03 05 00 00 00

001:007:000:STREAM             1512296728.750098
 02 08 9A B3 33 03 05 00 00 00

001:007:000:STREAM             1512296728.754110
 02 07 9A B2 33 03 05 00 00 00

001:007:000:STREAM             1512296728.757064
 02 07 9A B2 33 03 05 00 00 00

001:007:000:STREAM             1512296728.760074
 02 07 9A B2 33 03 05 00 00 00

001:007:000:STREAM             1512296728.764077
 02 07 9A C1 33 03 05 00 00 00

001:007:000:STREAM             1512296728.767083
 02 07 9A C9 33 03 05 00 00 00

001:007:000:STREAM             1512296728.771129
 02 07 9A CD 33 03 05 00 00 00

001:007:000:STREAM             1512296728.774135
 02 07 9A CA 33 03 05 00 00 00

001:007:000:STREAM             1512296728.778141
 02 07 9A CA 33 03 05 00 00 00

001:007:000:STREAM             1512296728.781270
 02 07 9A CA 33 03 05 00 00 00

001:007:000:STREAM             1512296728.805081
 02 D6 99 C9 33 07 82 00 00 00

001:007:000:STREAM             1512296728.809098
 02 D6 99 C9 33 07 82 00 00 00

001:007:000:STREAM             1512296728.813099
 02 DB 99 C9 33 07 84 00 00 00

001:007:000:STREAM             1512296728.816089
 02 E0 99 C9 33 07 83 00 00 00

001:007:000:STREAM             1512296728.819167
 02 E0 99 C9 33 07 82 00 00 00

001:007:000:STREAM             1512296728.823111
 02 E0 99 C9 33 07 81 00 00 00

001:007:000:STREAM             1512296728.826077
 02 E0 99 C9 33 07 81 00 00 00

001:007:000:STREAM             1512296728.830095
 02 DF 99 C9 33 07 82 00 00 00

001:007:000:STREAM             1512296728.833112
 02 DF 99 C9 33 07 82 00 00 00

001:007:000:STREAM             1512296728.837171
 02 DF 99 C9 33 07 83 00 00 00

001:007:000:STREAM             1512296728.840192
 02 ED 99 C9 33 07 84 00 00 00

001:007:000:STREAM             1512296728.844110
 02 F4 99 C9 33 07 84 00 00 00

001:007:000:STREAM             1512296728.847118
 02 09 9A C9 33 07 84 00 00 00

001:007:000:STREAM             1512296728.851151
 02 10 9A C9 33 07 84 00 00 00

001:007:000:STREAM             1512296728.854488
 02 26 9A C9 33 07 84 00 00 00

001:007:000:STREAM             1512296728.858061
 02 2E 9A C9 33 07 84 00 00 00

001:007:000:STREAM             1512296728.861082
 02 47 9A C9 33 07 87 00 00 00

001:007:000:STREAM             1512296728.865065
 02 68 9A C9 33 07 8B 00 00 00

001:007:000:STREAM             1512296728.868115
 02 70 9A C9 33 07 8C 00 00 00

001:007:000:STREAM             1512296728.874154
 02 86 9A C9 33 07 8F 00 00 00

001:007:000:STREAM             1512296728.875086
 02 8E 9A C9 33 07 90 00 00 00

001:007:000:STREAM             1512296728.879510
 02 AE 9A C9 33 07 94 00 00 00

001:007:000:STREAM             1512296728.882080
 02 C6 9A C9 33 07 9A 00 00 00

001:007:000:STREAM             1512296728.886070
 02 C6 9A C9 33 07 9C 00 00 00

001:007:000:STREAM             1512296728.889067
 02 C6 9A C9 33 07 A1 00 00 00

001:007:000:STREAM             1512296728.893066
 02 C6 9A C9 33 07 A3 00 00 00

001:007:000:STREAM             1512296728.896067
 02 E4 9A C9 33 07 AA 00 00 00

001:007:000:STREAM             1512296728.900124
 02 F3 9A C9 33 07 AD 00 00 00

001:007:000:STREAM             1512296728.903147
 02 01 9B C9 33 07 B4 00 00 00

001:007:000:STREAM             1512296728.907070
 02 16 9B C9 33 07 BE 00 00 00

001:007:000:STREAM             1512296728.910100
 02 21 9B C9 33 07 C1 00 00 00

001:007:000:STREAM             1512296728.914108
 02 2B 9B C9 33 07 CA 00 00 00

001:007:000:STREAM             1512296728.917084
 02 2B 9B C9 33 07 CD 00 00 00

001:007:000:STREAM             1512296728.921123
 02 41 9B C9 33 07 D8 00 00 00

001:007:000:STREAM             1512296728.924152
 02 4C 9B C9 33 07 DC 00 00 00

001:007:000:STREAM             1512296728.927062
 02 56 9B C9 33 07 E5 00 00 00

001:007:000:STREAM             1512296728.931069
 02 56 9B C9 33 07 E8 00 00 00

001:007:000:STREAM             1512296728.934135
 02 70 9B C9 33 07 F3 00 00 00

001:007:000:STREAM             1512296728.938229
 02 89 9B C9 33 07 02 01 00 00

001:007:000:STREAM             1512296728.941099
 02 89 9B C9 33 07 06 01 00 00

001:007:000:STREAM             1512296728.945174
 02 AC 9B C9 33 07 11 01 00 00

001:007:000:STREAM             1512296728.948107
 02 BE 9B C9 33 07 15 01 00 00

001:007:000:STREAM             1512296728.952179
 02 CF 9B C9 33 07 20 01 00 00

001:007:000:STREAM             1512296728.955088
 02 CF 9B C9 33 07 24 01 00 00

001:007:000:STREAM             1512296728.959060
 02 FA 9B C9 33 07 38 01 00 00

001:007:000:STREAM             1512296728.962061
 02 3A 9C C9 33 07 5A 01 00 00

001:007:000:STREAM             1512296728.966094
 02 45 9C C9 33 07 62 01 00 00

001:007:000:STREAM             1512296728.969085
 02 63 9C C9 33 07 75 01 00 00

001:007:000:STREAM             1512296728.973069
 02 6D 9C C9 33 07 7A 01 00 00

001:007:000:STREAM             1512296728.976082
 02 77 9C C9 33 07 97 01 00 00

001:007:000:STREAM             1512296728.980081
 02 77 9C C9 33 07 A3 01 00 00

001:007:000:STREAM             1512296728.983076
 02 9D 9C C9 33 07 BF 01 00 00

001:007:000:STREAM             1512296728.987057
 02 C2 9C C9 33 07 DF 01 00 00

001:007:000:STREAM             1512296728.990053
 02 C2 9C C9 33 07 E7 01 00 00

001:007:000:STREAM             1512296728.994071
 02 DE 9C C9 33 07 03 02 00 00

001:007:000:STREAM             1512296728.997070
 02 EC 9C C9 33 07 0D 02 00 00

001:007:000:STREAM             1512296729.001064
 02 FA 9C C9 33 07 31 02 00 00

001:007:000:STREAM             1512296729.004112
 02 FA 9C C9 33 07 3E 02 00 00

001:007:000:STREAM             1512296729.008080
 02 18 9D DE 33 07 5A 02 00 00

001:007:000:STREAM             1512296729.011223
 02 36 9D F3 33 07 7C 02 00 00

001:007:000:STREAM             1512296729.015078
 02 36 9D F3 33 07 86 02 00 00

001:007:000:STREAM             1512296729.018091
 02 5B 9D F3 33 07 A2 02 00 00

001:007:000:STREAM             1512296729.021110
 02 6D 9D F3 33 07 AB 02 00 00

001:007:000:STREAM             1512296729.025068
 02 94 9D F3 33 07 C5 02 00 00

001:007:000:STREAM             1512296729.028157
 02 9F 9D F3 33 07 CE 02 00 00

001:007:000:STREAM             1512296729.032102
 02 C0 9D F3 33 07 EA 02 00 00

001:007:000:STREAM             1512296729.035097
 02 F0 9D F3 33 07 0C 03 00 00

001:007:000:STREAM             1512296729.039259
 02 FD 9D F3 33 07 14 03 00 00

001:007:000:STREAM             1512296729.042081
 02 21 9E F3 33 07 2B 03 00 00

001:007:000:STREAM             1512296729.046175
 02 2C 9E F3 33 07 33 03 00 00

001:007:000:STREAM             1512296729.049072
 02 37 9E F3 33 07 4C 03 00 00

001:007:000:STREAM             1512296729.053072
 02 37 9E F3 33 07 55 03 00 00

001:007:000:STREAM             1512296729.056057
 02 5C 9E F3 33 07 6F 03 00 00

001:007:000:STREAM             1512296729.060151
 02 80 9E F3 33 07 8F 03 00 00

001:007:000:STREAM             1512296729.063073
 02 80 9E F3 33 07 97 03 00 00

001:007:000:STREAM             1512296729.067103
 02 80 9E F3 33 07 AD 03 00 00

001:007:000:STREAM             1512296729.070142
 02 80 9E F3 33 07 B4 03 00 00

001:007:000:STREAM             1512296729.074108
 02 96 9E F3 33 07 C9 03 00 00

001:007:000:STREAM             1512296729.077081
 02 A1 9E F3 33 07 D0 03 00 00

001:007:000:STREAM             1512296729.081093
 02 AB 9E F3 33 07 E6 03 00 00

001:007:000:STREAM             1512296729.084106
 02 AB 9E F3 33 07 01 04 00 00

001:007:000:STREAM             1512296729.088057
 02 AB 9E F3 33 07 07 04 00 00

001:007:000:STREAM             1512296729.091077
 02 AB 9E F3 33 07 19 04 00 00

001:007:000:STREAM             1512296729.095060
 02 AB 9E F3 33 07 1F 04 00 00

001:007:000:STREAM             1512296729.098075
 02 AB 9E F3 33 07 34 04 00 00

001:007:000:STREAM             1512296729.101092
 02 AB 9E F3 33 07 3C 04 00 00

001:007:000:STREAM             1512296729.105095
 02 C4 9E F3 33 07 4D 04 00 00

001:007:000:STREAM             1512296729.108072
 02 DC 9E F3 33 07 65 04 00 00

001:007:000:STREAM             1512296729.112176
 02 DC 9E F3 33 07 6D 04 00 00

001:007:000:STREAM             1512296729.115091
 02 F0 9E F3 33 07 83 04 00 00

001:007:000:STREAM             1512296729.119088
 02 FA 9E F3 33 07 8B 04 00 00

001:007:000:STREAM             1512296729.122082
 02 04 9F F3 33 07 A2 04 00 00

001:007:000:STREAM             1512296729.126069
 02 04 9F F3 33 07 AA 04 00 00

001:007:000:STREAM             1512296729.129076
 02 2A 9F F3 33 07 C0 04 00 00

001:007:000:STREAM             1512296729.133082
 02 50 9F F3 33 07 E1 04 00 00

001:007:000:STREAM             1512296729.136157
 02 50 9F F3 33 07 EA 04 00 00

001:007:000:STREAM             1512296729.140094
 02 79 9F F3 33 07 00 05 00 00

001:007:000:STREAM             1512296729.143069
 02 8E 9F F3 33 07 06 05 00 00

001:007:000:STREAM             1512296729.147063
 02 C1 9F F3 33 07 1D 05 00 00

001:007:000:STREAM             1512296729.150067
 02 D0 9F F3 33 07 25 05 00 00

001:007:000:STREAM             1512296729.154063
 02 FC 9F F3 33 07 36 05 00 00

001:007:000:STREAM             1512296729.157070
 02 38 A0 DE 33 07 50 05 00 00

001:007:000:STREAM             1512296729.161063
 02 47 A0 D3 33 07 58 05 00 00

001:007:000:STREAM             1512296729.164099
 02 56 A0 C8 33 07 6D 05 00 00

001:007:000:STREAM             1512296729.168113
 02 56 A0 C8 33 07 73 05 00 00

001:007:000:STREAM             1512296729.171124
 02 7E A0 C8 33 07 86 05 00 00

001:007:000:STREAM             1512296729.174083
 02 92 A0 C8 33 07 8C 05 00 00

001:007:000:STREAM             1512296729.178085
 02 B9 A0 C8 33 07 9B 05 00 00

001:007:000:STREAM             1512296729.181081
 02 CD A0 C8 33 07 A8 05 00 00

001:007:000:STREAM             1512296729.185082
 02 CD A0 C8 33 07 AA 05 00 00

001:007:000:STREAM             1512296729.188065
 02 ED A0 C8 33 07 BC 05 00 00

001:007:000:STREAM             1512296729.192063
 02 FD A0 C8 33 07 C4 05 00 00

001:007:000:STREAM             1512296729.195071
 02 24 A1 C8 33 07 D4 05 00 00

001:007:000:STREAM             1512296729.199082
 02 30 A1 C8 33 07 D9 05 00 00

001:007:000:STREAM             1512296729.202112
 02 53 A1 C8 33 07 E7 05 00 00

001:007:000:STREAM             1512296729.206075
 02 81 A1 C8 33 07 F8 05 00 00

001:007:000:STREAM             1512296729.209110
 02 8D A1 C8 33 07 FC 05 00 00

001:007:000:STREAM             1512296729.213092
 02 B5 A1 C8 33 07 0A 06 00 00

001:007:000:STREAM             1512296729.216090
 02 C3 A1 C8 33 07 0F 06 00 00

001:007:000:STREAM             1512296729.220122
 02 05 A2 C8 33 07 27 06 00 00

001:007:000:STREAM             1512296729.223056
 02 1F A2 C8 33 07 31 06 00 00

001:007:000:STREAM             1512296729.227057
 02 61 A2 B2 33 07 38 06 00 00

001:007:000:STREAM             1512296729.230105
 02 AA A2 9C 33 07 3D 06 00 00

001:007:000:STREAM             1512296729.234158
 02 BA A2 9C 33 07 41 06 00 00

001:007:000:STREAM             1512296729.237203
 02 EE A2 9C 33 07 4D 06 00 00

001:007:000:STREAM             1512296729.241090
 02 00 A3 9C 33 07 51 06 00 00

001:007:000:STREAM             1512296729.244100
 02 2C A3 9C 33 07 5C 06 00 00

001:007:000:STREAM             1512296729.248096
 02 39 A3 9C 33 07 5F 06 00 00

001:007:000:STREAM             1512296729.251122
 02 5F A3 9C 33 07 72 06 00 00

001:007:000:STREAM             1512296729.255088
 02 8C A3 9C 33 07 80 06 00 00

001:007:000:STREAM             1512296729.258082
 02 96 A3 9C 33 07 7F 06 00 00

001:007:000:STREAM             1512296729.262065
 02 B7 A3 86 33 07 82 06 00 00

001:007:000:STREAM             1512296729.265101
 02 C3 A3 7B 33 07 84 06 00 00

001:007:000:STREAM             1512296729.269089
 02 CE A3 70 33 07 8C 06 00 00

001:007:000:STREAM             1512296729.272140
 02 CE A3 70 33 07 8F 06 00 00

001:007:000:STREAM             1512296729.276112
 02 F4 A3 70 33 07 97 06 00 00

001:007:000:STREAM             1512296729.279095
 02 1A A4 70 33 07 A0 06 00 00

001:007:000:STREAM             1512296729.283066
 02 1A A4 70 33 07 A2 06 00 00

001:007:000:STREAM             1512296729.286060
 02 3A A4 70 33 07 A9 06 00 00

001:007:000:STREAM             1512296729.289060
 02 4A A4 70 33 07 AC 06 00 00

001:007:000:STREAM             1512296729.293058
 02 71 A4 70 33 07 B2 06 00 00

001:007:000:STREAM             1512296729.296507
 02 7D A4 70 33 07 B4 06 00 00

001:007:000:STREAM             1512296729.300099
 02 B7 A4 57 33 07 BC 06 00 00

001:007:000:STREAM             1512296729.303130
 02 13 A5 3D 33 07 C5 06 00 00

001:007:000:STREAM             1512296729.307089
 02 2A A5 3D 33 07 C6 06 00 00

001:007:000:STREAM             1512296729.310107
 02 73 A5 3D 33 07 CB 06 00 00

001:007:000:STREAM             1512296729.314064
 02 8C A5 3D 33 07 CD 06 00 00

001:007:000:STREAM             1512296729.317117
 02 BE A5 3D 33 07 D3 06 00 00

001:007:000:STREAM             1512296729.321082
 02 CB A5 3D 33 07 D5 06 00 00

001:007:000:STREAM             1512296729.324108
 02 1A A6 3D 33 07 D9 06 00 00

001:007:000:STREAM             1512296729.328084
 02 7B A6 3D 33 07 E2 06 00 00

001:007:000:STREAM             1512296729.331088
 02 8A A6 3D 33 07 E6 06 00 00

001:007:000:STREAM             1512296729.335133
 02 B7 A6 1D 33 07 EC 06 00 00

001:007:000:STREAM             1512296729.338138
 02 C6 A6 0D 33 07 EE 06 00 00

001:007:000:STREAM             1512296729.342072
 02 F2 A6 FC 32 07 F0 06 00 00

001:007:000:STREAM             1512296729.345082
 02 00 A7 FC 32 07 F1 06 00 00

001:007:000:STREAM             1512296729.349077
 02 2F A7 FC 32 07 F3 06 00 00

001:007:000:STREAM             1512296729.352077
 02 74 A7 FC 32 07 F1 06 00 00

001:007:000:STREAM             1512296729.356127
 02 87 A7 FC 32 07 EF 06 00 00

001:007:000:STREAM             1512296729.359077
 02 99 A7 FC 32 07 F7 06 00 00

001:007:000:STREAM             1512296729.363083
 02 99 A7 FC 32 07 FC 06 00 00

001:007:000:STREAM             1512296729.366100
 02 C1 A7 FC 32 07 06 07 00 00

001:007:000:STREAM             1512296729.370876
 02 D5 A7 FC 32 07 09 07 00 00

001:007:000:STREAM             1512296729.373129
 02 06 A8 FC 32 07 0F 07 00 00

001:007:000:STREAM             1512296729.377151
 02 37 A8 FC 32 07 1B 07 00 00

001:007:000:STREAM             1512296729.380106
 02 42 A8 FC 32 07 20 07 00 00

001:007:000:STREAM             1512296729.384093
 02 4C A8 FC 32 07 15 07 00 00

001:007:000:STREAM             1512296729.387070
 02 4C A8 FC 32 07 0D 07 00 00

001:007:000:STREAM             1512296729.390071
 02 78 A8 FC 32 07 17 07 00 00

001:007:000:STREAM             1512296729.394068
 02 8E A8 FC 32 07 20 07 00 00

001:007:000:STREAM             1512296729.397074
 02 A4 A8 FC 32 07 32 07 00 00

001:007:000:STREAM             1512296729.401102
 02 D0 A8 FC 32 07 3C 07 00 00

001:007:000:STREAM             1512296729.404091
 02 E6 A8 FC 32 07 3C 07 00 00

001:007:000:STREAM             1512296729.408086
 02 12 A9 FC 32 07 42 07 00 00

001:007:000:STREAM             1512296729.411116
 02 1D A9 FC 32 07 45 07 00 00

001:007:000:STREAM             1512296729.415082
 02 28 A9 11 33 07 4D 07 00 00

001:007:000:STREAM             1512296729.423893
 02 28 A9 1B 33 07 50 07 00 00

001:007:000:STREAM             1512296729.425597
 02 88 A9 25 33 00 00 00 00 00

001:007:000:STREAM             1512296729.446100
 02 88 A9 29 33 00 00 00 00 00

001:007:000:STREAM             1512296729.463076
 02 C3 AA 31 33 00 00 00 00 00

001:007:000:STREAM             1512296732.135065
 02 A9 51 E6 5E 03 05 00 00 00

001:007:000:STREAM             1512296732.138089
 02 B7 51 E1 5E 03 05 00 00 00

001:007:000:STREAM             1512296732.142087
 02 B7 51 E1 5E 03 05 00 00 00

001:007:000:STREAM             1512296732.145126
 02 CA 51 E1 5E 03 05 00 00 00

001:007:000:STREAM             1512296732.149056
 02 D9 51 EC 5E 03 05 00 00 00

001:007:000:STREAM             1512296732.153156
 02 E3 51 E4 5E 03 05 00 00 00

001:007:000:STREAM             1512296732.156136
 02 E8 51 E0 5E 03 05 00 00 00

001:007:000:STREAM             1512296732.160054
 02 EA 51 DC 5E 03 05 00 00 00

001:007:000:STREAM             1512296732.163056
 02 F1 51 DF 5E 03 05 00 00 00

001:007:000:STREAM             1512296732.166066
 02 F6 51 E0 5E 03 05 00 00 00

001:007:000:STREAM             1512296732.170080
 02 04 52 E0 5E 03 05 00 00 00

001:007:000:STREAM             1512296732.173274
 02 17 52 DF 5E 03 05 00 00 00

001:007:000:STREAM             1512296732.177065
 02 1C 52 DF 5E 03 05 00 00 00

001:007:000:STREAM             1512296732.180133
 02 1F 52 EB 5E 03 05 00 00 00

001:007:000:STREAM             1512296732.184097
 02 32 52 F6 5E 03 05 00 00 00

001:007:000:STREAM             1512296732.187254
 02 3C 52 F5 5E 03 05 00 00 00

001:007:000:STREAM             1512296732.191074
 02 46 52 13 5F 03 05 00 00 00

001:007:000:STREAM             1512296732.194036
 02 5F 52 32 5F 03 05 00 00 00

001:007:000:STREAM             1512296732.198090
 02 6C 52 32 5F 03 05 00 00 00

001:007:000:STREAM             1512296732.201065
 02 78 52 32 5F 03 05 00 00 00

001:007:000:STREAM             1512296732.205158
 02 78 52 53 5F 03 05 00 00 00

001:007:000:STREAM             1512296732.208164
 02 78 52 63 5F 03 05 00 00 00

001:007:000:STREAM             1512296732.212114
 02 8F 52 73 5F 03 05 00 00 00

001:007:000:STREAM             1512296732.215072
 02 A5 52 73 5F 03 05 00 00 00

001:007:000:STREAM             1512296732.219050
 02 A5 52 73 5F 03 05 00 00 00

001:007:000:STREAM             1512296732.222049
 02 A5 52 91 5F 03 05 00 00 00

001:007:000:STREAM             1512296732.226049
 02 C8 52 AF 5F 03 05 00 00 00

001:007:000:STREAM             1512296732.229040
 02 D9 52 AF 5F 03 05 00 00 00

001:007:000:STREAM             1512296732.233083
 02 E2 52 AF 5F 03 05 00 00 00

001:007:000:STREAM             1512296732.256044
 02 EA 52 AF 5F 07 5F 00 00 00

001:007:000:STREAM             1512296732.260102
 02 EA 52 AF 5F 07 5F 00 00 00

001:007:000:STREAM             1512296732.264071
 02 EA 52 AF 5F 07 64 00 00 00

001:007:000:STREAM             1512296732.267220
 02 EA 52 AF 5F 07 6B 00 00 00

001:007:000:STREAM             1512296732.271077
 02 EA 52 AF 5F 07 6C 00 00 00

001:007:000:STREAM             1512296732.274122
 02 EA 52 AF 5F 07 6F 00 00 00

001:007:000:STREAM             1512296732.278126
 02 EA 52 AF 5F 07 70 00 00 00

001:007:000:STREAM             1512296732.281065
 02 EA 52 AF 5F 07 72 00 00 00

001:007:000:STREAM             1512296732.285119
 02 EA 52 AF 5F 07 73 00 00 00

001:007:000:STREAM             1512296732.288062
 02 EA 52 AF 5F 07 76 00 00 00

001:007:000:STREAM             1512296732.292058
 02 EA 52 AF 5F 07 7C 00 00 00

001:007:000:STREAM             1512296732.295064
 02 EA 52 AF 5F 07 7E 00 00 00

001:007:000:STREAM             1512296732.298140
 02 EA 52 AF 5F 07 83 00 00 00

001:007:000:STREAM             1512296732.302099
 02 EA 52 AF 5F 07 85 00 00 00

001:007:000:STREAM             1512296732.305100
 02 01 53 AF 5F 07 8A 00 00 00

001:007:000:STREAM             1512296732.309075
 02 0C 53 AF 5F 07 8C 00 00 00

001:007:000:STREAM             1512296732.312174
 02 17 53 AF 5F 07 92 00 00 00

001:007:000:STREAM             1512296732.316107
 02 34 53 AF 5F 07 9B 00 00 00

001:007:000:STREAM             1512296732.319064
 02 43 53 AF 5F 07 9E 00 00 00

001:007:000:STREAM             1512296732.323036
 02 51 53 AF 5F 07 A7 00 00 00

001:007:000:STREAM             1512296732.326029
 02 51 53 AF 5F 07 AA 00 00 00

001:007:000:STREAM             1512296732.330077
 02 6F 53 99 5F 07 B2 00 00 00

001:007:000:STREAM             1512296732.333107
 02 7E 53 8E 5F 07 B4 00 00 00

001:007:000:STREAM             1512296732.337165
 02 8C 53 82 5F 07 BC 00 00 00

001:007:000:STREAM             1512296732.340186
 02 A9 53 82 5F 07 C8 00 00 00

001:007:000:STREAM             1512296732.344074
 02 B8 53 82 5F 07 CB 00 00 00

001:007:000:STREAM             1512296732.347159
 02 C6 53 6D 5F 07 D3 00 00 00

001:007:000:STREAM             1512296732.351065
 02 C6 53 62 5F 07 D6 00 00 00

001:007:000:STREAM             1512296732.354048
 02 E0 53 57 5F 07 DF 00 00 00

001:007:000:STREAM             1512296732.358056
 02 ED 53 57 5F 07 E2 00 00 00

001:007:000:STREAM             1512296732.361038
 02 FA 53 57 5F 07 EB 00 00 00

001:007:000:STREAM             1512296732.365509
 02 0E 54 57 5F 07 F6 00 00 00

001:007:000:STREAM             1512296732.368045
 02 18 54 57 5F 07 F9 00 00 00

001:007:000:STREAM             1512296732.372080
 02 22 54 57 5F 07 03 01 00 00

001:007:000:STREAM             1512296732.375049
 02 22 54 57 5F 07 07 01 00 00

001:007:000:STREAM             1512296732.379069
 02 22 54 57 5F 07 10 01 00 00

001:007:000:STREAM             1512296732.382080
 02 22 54 57 5F 07 13 01 00 00

001:007:000:STREAM             1512296732.386092
 02 40 54 57 5F 07 1A 01 00 00

001:007:000:STREAM             1512296732.389060
 02 5D 54 6F 5F 07 2C 01 00 00

001:007:000:STREAM             1512296732.392045
 02 5D 54 7B 5F 07 32 01 00 00

001:007:000:STREAM             1512296732.396148
 02 5D 54 86 5F 07 49 01 00 00

001:007:000:STREAM             1512296732.399065
 02 5D 54 86 5F 07 52 01 00 00

001:007:000:STREAM             1512296732.403095
 02 78 54 86 5F 07 6D 01 00 00

001:007:000:STREAM             1512296732.406084
 02 85 54 86 5F 07 76 01 00 00

001:007:000:STREAM             1512296732.410102
 02 92 54 A2 5F 07 8C 01 00 00

001:007:000:STREAM             1512296732.413102
 02 92 54 BE 5F 07 A9 01 00 00

001:007:000:STREAM             1512296732.417105
 02 92 54 BE 5F 07 B1 01 00 00

001:007:000:STREAM             1512296732.420045
 02 B0 54 BE 5F 07 CB 01 00 00

001:007:000:STREAM             1512296732.424063
 02 BF 54 BE 5F 07 D4 01 00 00

001:007:000:STREAM             1512296732.427036
 02 CD 54 D5 5F 07 EE 01 00 00

001:007:000:STREAM             1512296732.431039
 02 CD 54 E1 5F 07 F7 01 00 00

001:007:000:STREAM             1512296732.434102
 02 CD 54 EC 5F 07 07 02 00 00

001:007:000:STREAM             1512296732.438104
 02 CD 54 EC 5F 07 26 02 00 00

001:007:000:STREAM             1512296732.441133
 02 CD 54 EC 5F 07 31 02 00 00

001:007:000:STREAM             1512296732.445092
 02 E4 54 05 60 07 4D 02 00 00

001:007:000:STREAM             1512296732.448165
 02 EF 54 11 60 07 56 02 00 00

001:007:000:STREAM             1512296732.452105
 02 FA 54 1D 60 07 70 02 00 00

001:007:000:STREAM             1512296732.455061
 02 FA 54 1D 60 07 79 02 00 00

001:007:000:STREAM             1512296732.459049
 02 FA 54 35 60 07 8E 02 00 00

001:007:000:STREAM             1512296732.462037
 02 FA 54 4D 60 07 B0 02 00 00

001:007:000:STREAM             1512296732.466058
 02 FA 54 4D 60 07 BA 02 00 00

001:007:000:STREAM             1512296732.469069
 02 FA 54 6E 60 07 D4 02 00 00

001:007:000:STREAM             1512296732.473094
 02 FA 54 7F 60 07 DC 02 00 00

001:007:000:STREAM             1512296732.476062
 02 FA 54 8F 60 07 F4 02 00 00

001:007:000:STREAM             1512296732.480051
 02 FA 54 8F 60 07 FC 02 00 00

001:007:000:STREAM             1512296732.483059
 02 FA 54 B6 60 07 13 03 00 00

001:007:000:STREAM             1512296732.487055
 02 FA 54 F2 60 07 2F 03 00 00

001:007:000:STREAM             1512296732.490035
 02 FA 54 FD 60 07 36 03 00 00

001:007:000:STREAM             1512296732.493039
 02 FA 54 08 61 07 4E 03 00 00

001:007:000:STREAM             1512296732.497068
 02 FA 54 08 61 07 57 03 00 00

001:007:000:STREAM             1512296732.500187
 02 FA 54 37 61 07 6C 03 00 00

001:007:000:STREAM             1512296732.504173
 02 FA 54 4F 61 07 72 03 00 00

001:007:000:STREAM             1512296732.507119
 02 FA 54 66 61 07 84 03 00 00

001:007:000:STREAM             1512296732.511072
 02 FA 54 8D 61 07 9D 03 00 00

001:007:000:STREAM             1512296732.514070
 02 FA 54 A1 61 07 A4 03 00 00

001:007:000:STREAM             1512296732.518061
 02 FA 54 CD 61 07 B5 03 00 00

001:007:000:STREAM             1512296732.521059
 02 FA 54 D9 61 07 BA 03 00 00

001:007:000:STREAM             1512296732.525038
 02 FA 54 E5 61 07 CB 03 00 00

001:007:000:STREAM             1512296732.528145
 02 FA 54 E5 61 07 D1 03 00 00

001:007:000:STREAM             1512296732.532084
 02 FA 54 0C 62 07 DF 03 00 00

001:007:000:STREAM             1512296732.535193
 02 FA 54 32 62 07 F3 03 00 00

001:007:000:STREAM             1512296732.539106
 02 FA 54 32 62 07 F9 03 00 00

001:007:000:STREAM             1512296732.542094
 02 FA 54 53 62 07 08 04 00 00

001:007:000:STREAM             1512296732.546122
 02 FA 54 63 62 07 0D 04 00 00

001:007:000:STREAM             1512296732.549078
 02 FA 54 73 62 07 1C 04 00 00

001:007:000:STREAM             1512296732.553073
 02 FA 54 73 62 07 21 04 00 00

001:007:000:STREAM             1512296732.556069
 02 FA 54 96 62 07 31 04 00 00

001:007:000:STREAM             1512296732.560063
 02 FA 54 B9 62 07 41 04 00 00

001:007:000:STREAM             1512296732.563056
 02 FA 54 B9 62 07 43 04 00 00

001:007:000:STREAM             1512296732.567086
 02 FA 54 D9 62 07 42 04 00 00

001:007:000:STREAM             1512296732.570112
 02 FA 54 E9 62 07 41 04 00 00

001:007:000:STREAM             1512296732.574228
 02 FA 54 F9 62 07 55 04 00 00

001:007:000:STREAM             1512296732.577088
 02 FA 54 F9 62 07 60 04 00 00

001:007:000:STREAM             1512296732.581062
 02 FA 54 17 63 07 72 04 00 00

001:007:000:STREAM             1512296732.584163
 02 FA 54 35 63 07 7B 04 00 00

001:007:000:STREAM             1512296732.588116
 02 FA 54 35 63 07 7C 04 00 00

001:007:000:STREAM             1512296732.591062
 02 FA 54 56 63 07 88 04 00 00

001:007:000:STREAM             1512296732.594036
 02 FA 54 66 63 07 8E 04 00 00

001:007:000:STREAM             1512296732.598115
 02 FA 54 76 63 07 96 04 00 00

001:007:000:STREAM             1512296732.601091
 02 FA 54 76 63 07 98 04 00 00

001:007:000:STREAM             1512296732.605123
 02 FA 54 93 63 07 A9 04 00 00

001:007:000:STREAM             1512296732.608152
 02 FA 54 AF 63 07 BD 04 00 00

001:007:000:STREAM             1512296732.612055
 02 FA 54 AF 63 07 C0 04 00 00

001:007:000:STREAM             1512296732.615216
 02 FA 54 CE 63 07 CA 04 00 00

001:007:000:STREAM             1512296732.619044
 02 FA 54 DE 63 07 CE 04 00 00

001:007:000:STREAM             1512296732.622046
 02 FA 54 ED 63 07 E2 04 00 00

001:007:000:STREAM             1512296732.626051
 02 FA 54 ED 63 07 EA 04 00 00

001:007:000:STREAM             1512296732.629039
 02 FA 54 08 64 07 F7 04 00 00

001:007:000:STREAM             1512296732.633868
 02 FA 54 23 64 07 0B 05 00 00

001:007:000:STREAM             1512296732.636112
 02 FA 54 23 64 07 12 05 00 00

001:007:000:STREAM             1512296732.640268
 02 E5 54 3D 64 07 1C 05 00 00

001:007:000:STREAM             1512296732.643054
 02 DA 54 4A 64 07 1E 05 00 00

001:007:000:STREAM             1512296732.647078
 02 CF 54 57 64 07 2E 05 00 00

001:007:000:STREAM             1512296732.650111
 02 CF 54 57 64 07 35 05 00 00

001:007:000:STREAM             1512296732.654064
 02 CF 54 71 64 07 4C 05 00 00

001:007:000:STREAM             1512296732.657042
 02 CF 54 8B 64 07 5B 05 00 00

001:007:000:STREAM             1512296732.661108
 02 CF 54 8B 64 07 5B 05 00 00

001:007:000:STREAM             1512296732.664049
 02 CF 54 A5 64 07 69 05 00 00

001:007:000:STREAM             1512296732.668053
 02 CF 54 B2 64 07 70 05 00 00

001:007:000:STREAM             1512296732.671328
 02 CF 54 BF 64 07 79 05 00 00

001:007:000:STREAM             1512296732.675141
 02 CF 54 BF 64 07 7A 05 00 00

001:007:000:STREAM             1512296732.678116
 02 CF 54 E1 64 07 86 05 00 00

001:007:000:STREAM             1512296732.682084
 02 BB 54 02 65 07 91 05 00 00

001:007:000:STREAM             1512296732.685068
 02 B1 54 02 65 07 91 05 00 00

001:007:000:STREAM             1512296732.688053
 02 A6 54 22 65 07 A2 05 00 00

001:007:000:STREAM             1512296732.692132
 02 A6 54 32 65 07 AA 05 00 00

001:007:000:STREAM             1512296732.695043
 02 A6 54 41 65 07 B8 05 00 00

001:007:000:STREAM             1512296732.699085
 02 A6 54 41 65 07 BB 05 00 00

001:007:000:STREAM             1512296732.702123
 02 A6 54 5D 65 07 C4 05 00 00

001:007:000:STREAM             1512296732.706125
 02 91 54 78 65 07 D4 05 00 00

001:007:000:STREAM             1512296732.709052
 02 87 54 78 65 07 D9 05 00 00

001:007:000:STREAM             1512296732.713106
 02 7C 54 9B 65 07 E0 05 00 00

001:007:000:STREAM             1512296732.716068
 02 7C 54 AC 65 07 E2 05 00 00

001:007:000:STREAM             1512296732.720038
 02 7C 54 BD 65 07 EA 05 00 00

001:007:000:STREAM             1512296732.723053
 02 7C 54 BD 65 07 EE 05 00 00

001:007:000:STREAM             1512296732.727044
 02 7C 54 D4 65 07 FC 05 00 00

001:007:000:STREAM             1512296732.730059
 02 7C 54 EB 65 07 0C 06 00 00

001:007:000:STREAM             1512296732.734139
 02 7C 54 EB 65 07 0F 06 00 00

001:007:000:STREAM             1512296732.737158
 02 7C 54 EB 65 07 17 06 00 00

001:007:000:STREAM             1512296732.741065
 02 7C 54 EB 65 07 1A 06 00 00

001:007:000:STREAM             1512296732.744167
 02 7C 54 17 66 07 21 06 00 00

001:007:000:STREAM             1512296732.748137
 02 7C 54 2D 66 07 23 06 00 00

001:007:000:STREAM             1512296732.751060
 02 7C 54 43 66 07 29 06 00 00

001:007:000:STREAM             1512296732.755056
 02 7C 54 61 66 07 31 06 00 00

001:007:000:STREAM             1512296732.758053
 02 7C 54 70 66 07 33 06 00 00

001:007:000:STREAM             1512296732.762105
 02 7C 54 7F 66 07 39 06 00 00

001:007:000:STREAM             1512296732.765095
 02 7C 54 7F 66 07 3B 06 00 00

001:007:000:STREAM             1512296732.769046
 02 7C 54 99 66 07 43 06 00 00

001:007:000:STREAM             1512296732.772084
 02 7C 54 A6 66 07 47 06 00 00

001:007:000:STREAM             1512296732.776198
 02 7C 54 C9 66 07 50 06 00 00

001:007:000:STREAM             1512296732.779152
 02 7C 54 DE 66 07 56 06 00 00

001:007:000:STREAM             1512296732.782069
 02 7C 54 DE 66 07 56 06 00 00

001:007:000:STREAM             1512296732.786060
 02 7C 54 DE 66 07 5D 06 00 00

001:007:000:STREAM             1512296732.789042
 02 7C 54 DE 66 07 60 06 00 00

001:007:000:STREAM             1512296732.793126
 02 7C 54 02 67 07 68 06 00 00

001:007:000:STREAM             1512296732.796177
 02 7C 54 14 67 07 6A 06 00 00

001:007:000:STREAM             1512296732.800149
 02 7C 54 26 67 07 6F 06 00 00

001:007:000:STREAM             1512296732.803134
 02 7C 54 46 67 07 77 06 00 00

001:007:000:STREAM             1512296732.807090
 02 7C 54 56 67 07 7A 06 00 00

001:007:000:STREAM             1512296732.810095
 02 7C 54 65 67 07 7E 06 00 00

001:007:000:STREAM             1512296732.814049
 02 7C 54 65 67 07 7F 06 00 00

001:007:000:STREAM             1512296732.817044
 02 7C 54 81 67 07 8D 06 00 00

001:007:000:STREAM             1512296732.821080
 02 7C 54 8F 67 07 94 06 00 00

001:007:000:STREAM             1512296732.824061
 02 7C 54 9D 67 07 9A 06 00 00

001:007:000:STREAM             1512296732.828065
 02 7C 54 B1 67 07 9D 06 00 00

001:007:000:STREAM             1512296732.831071
 02 7C 54 BB 67 07 9F 06 00 00

001:007:000:STREAM             1512296732.835075
 02 7C 54 C5 67 07 A8 06 00 00

001:007:000:STREAM             1512296732.838105
 02 7C 54 C5 67 07 AB 06 00 00

001:007:000:STREAM             1512296732.842112
 02 7C 54 E6 67 07 B3 06 00 00

001:007:000:STREAM             1512296732.845050
 02 7C 54 F6 67 07 B6 06 00 00

001:007:000:STREAM             1512296732.849092
 02 7C 54 06 68 07 BF 06 00 00

001:007:000:STREAM             1512296732.852087
 02 7C 54 28 68 07 C4 06 00 00

001:007:000:STREAM             1512296732.856044
 02 7C 54 39 68 07 C3 06 00 00

001:007:000:STREAM             1512296732.859039
 02 7C 54 4A 68 07 CD 06 00 00

001:007:000:STREAM             1512296732.863045
 02 7C 54 4A 68 07 D2 06 00 00

001:007:000:STREAM             1512296732.866061
 02 66 54 73 68 07 DD 06 00 00

001:007:000:STREAM             1512296732.870123
 02 5B 54 88 68 07 E0 06 00 00

001:007:000:STREAM             1512296732.873504
 02 50 54 9C 68 07 E3 06 00 00

001:007:000:STREAM             1512296732.877064
 02 50 54 BD 68 07 F7 06 00 00

001:007:000:STREAM             1512296732.880072
 02 50 54 CD 68 07 01 07 00 00

001:007:000:STREAM             1512296732.884095
 02 50 54 DD 68 07 08 07 00 00

001:007:000:STREAM             1512296732.887045
 02 50 54 DD 68 07 07 07 00 00

001:007:000:STREAM             1512296732.891217
 02 50 54 01 69 07 0D 07 00 00

001:007:000:STREAM             1512296732.894036
 02 50 54 13 69 07 11 07 00 00

001:007:000:STREAM             1512296732.897034
 02 50 54 24 69 07 1B 07 00 00

001:007:000:STREAM             1512296732.901245
 02 50 54 40 69 07 2B 07 00 00

001:007:000:STREAM             1512296732.904162
 02 50 54 4E 69 07 30 07 00 00

001:007:000:STREAM             1512296732.908083
 02 50 54 71 69 07 38 07 00 00

001:007:000:STREAM             1512296732.911061
 02 50 54 7C 69 07 3A 07 00 00

001:007:000:STREAM             1512296732.915072
 02 50 54 86 69 07 41 07 00 00

001:007:000:STREAM             1512296732.918080
 02 50 54 86 69 07 43 07 00 00

001:007:000:STREAM             1512296732.922068
 02 3C 54 A6 69 07 4E 07 00 00

001:007:000:STREAM             1512296732.925036
 02 28 54 DC 69 07 54 07 00 00

001:007:000:STREAM             1512296732.929065
 02 28 54 E7 69 07 53 07 00 00

001:007:000:STREAM             1512296732.932121
 02 28 54 F1 69 07 57 07 00 00

001:007:000:STREAM             1512296732.936086
 02 28 54 F1 69 07 5A 07 00 00

001:007:000:STREAM             1512296732.939075
 02 28 54 40 6A 00 00 00 00 00

001:007:000:STREAM             1512296732.967078
 02 A9 53 40 6A 00 00 00 00 00

001:007:000:STREAM             1512296732.991033
 02 99 53 40 6A 00 00 00 00 00

001:007:000:STREAM             1512296733.019053
 02 9D 53 40 6A 00 00 00 00 00

001:007:000:STREAM             1512296733.046056
 02 9E 53 40 6A 00 00 00 00 00

001:007:000:STREAM             1512296733.074085
 02 97 53 40 6A 00 00 00 00 00

001:007:000:STREAM             1512296733.102103
 02 99 53 40 6A 00 00 00 00 00

001:007:000:STREAM             1512296733.129066
 02 A4 53 40 6A 00 00 00 00 00

001:007:000:STREAM             1512296733.157079
 02 A1 53 40 6A 00 00 00 00 00

001:007:000:STREAM             1512296733.185080
 02 9D 53 40 6A 00 00 00 00 00

001:007:000:STREAM             1512296733.212075
 02 9D 53 40 6A 00 00 00 00 00

001:007:000:STREAM             1512296733.244109
 02 7B 53 40 6A 00 00 00 00 00

001:007:000:STREAM             1512296735.331062
 02 FD 09 78 39 03 05 00 00 00

001:007:000:STREAM             1512296735.334102
 02 F8 09 7F 39 03 05 00 00 00

001:007:000:STREAM             1512296735.338074
 02 F2 09 8C 39 03 05 00 00 00

001:007:000:STREAM             1512296735.341110
 02 F2 09 8C 39 03 05 00 00 00

001:007:000:STREAM             1512296735.344123
 02 F4 09 8A 39 03 05 00 00 00

001:007:000:STREAM             1512296735.348085
 02 EF 09 8F 39 03 05 00 00 00

001:007:000:STREAM             1512296735.352148
 02 EB 09 93 39 03 05 00 00 00

001:007:000:STREAM             1512296735.355046
 02 EB 09 93 39 03 05 00 00 00

001:007:000:STREAM             1512296735.359027
 02 EC 09 91 39 03 05 00 00 00

001:007:000:STREAM             1512296735.362053
 02 ED 09 90 39 03 05 00 00 00

001:007:000:STREAM             1512296735.366078
 02 ED 09 90 39 03 05 00 00 00

001:007:000:STREAM             1512296735.369062
 02 EC 09 90 39 03 05 00 00 00

001:007:000:STREAM             1512296735.373081
 02 DE 09 90 39 03 05 00 00 00

001:007:000:STREAM             1512296735.376124
 02 D7 09 90 39 03 05 00 00 00

001:007:000:STREAM             1512296735.380061
 02 D3 09 A0 39 03 05 00 00 00

001:007:000:STREAM             1512296735.383044
 02 BE 09 B0 39 03 05 00 00 00

001:007:000:STREAM             1512296735.387045
 02 B2 09 B0 39 03 05 00 00 00

001:007:000:STREAM             1512296735.390030
 02 A6 09 B0 39 03 05 00 00 00

001:007:000:STREAM             1512296735.394071
 02 A6 09 B0 39 03 05 00 00 00

001:007:000:STREAM             1512296735.397135
 02 A6 09 B0 39 03 05 00 00 00

001:007:000:STREAM             1512296735.400178
 02 A6 09 CC 39 03 05 00 00 00

001:007:000:STREAM             1512296735.404061
 02 A6 09 E8 39 03 05 00 00 00

001:007:000:STREAM             1512296735.407165
 02 A6 09 E8 39 03 05 00 00 00

001:007:000:STREAM             1512296735.411080
 02 A6 09 E8 39 03 05 00 00 00

001:007:000:STREAM             1512296735.414050
 02 A6 09 E8 39 03 05 00 00 00

001:007:000:STREAM             1512296735.418042
 02 A6 09 E8 39 03 05 00 00 00

001:007:000:STREAM             1512296735.421049
 02 A6 09 01 3A 03 05 00 00 00

001:007:000:STREAM             1512296735.425040
 02 BD 09 19 3A 03 05 00 00 00

001:007:000:STREAM             1512296735.428048
 02 C9 09 19 3A 03 05 00 00 00

001:007:000:STREAM             1512296735.432104
 02 D4 09 19 3A 03 05 00 00 00

001:007:000:STREAM             1512296735.436093
 02 EB 09 31 3A 03 05 00 00 00

001:007:000:STREAM             1512296735.439076
 02 F7 09 3D 3A 03 05 00 00 00

001:007:000:STREAM             1512296735.442130
 02 02 0A 49 3A 03 05 00 00 00

001:007:000:STREAM             1512296735.446068
 02 02 0A 49 3A 03 05 00 00 00

001:007:000:STREAM             1512296735.449033
 02 02 0A 49 3A 03 05 00 00 00

001:007:000:STREAM             1512296735.473056
 02 30 0A 49 3A 07 38 00 00 00

001:007:000:STREAM             1512296735.477109
 02 30 0A 49 3A 07 36 00 00 00

001:007:000:STREAM             1512296735.480053
 02 30 0A 49 3A 07 35 00 00 00

001:007:000:STREAM             1512296735.484057
 02 30 0A 49 3A 07 36 00 00 00

001:007:000:STREAM             1512296735.487037
 02 30 0A 49 3A 07 37 00 00 00

001:007:000:STREAM             1512296735.491020
 02 30 0A 49 3A 07 38 00 00 00

001:007:000:STREAM             1512296735.494079
 02 30 0A 49 3A 07 3B 00 00 00

001:007:000:STREAM             1512296735.498043
 02 30 0A 49 3A 07 3D 00 00 00

001:007:000:STREAM             1512296735.501047
 02 30 0A 49 3A 07 3F 00 00 00

001:007:000:STREAM             1512296735.505101
 02 30 0A 49 3A 07 40 00 00 00

001:007:000:STREAM             1512296735.508188
 02 1C 0A 49 3A 07 44 00 00 00

001:007:000:STREAM             1512296735.512116
 02 12 0A 49 3A 07 46 00 00 00

001:007:000:STREAM             1512296735.515073
 02 07 0A 49 3A 07 4A 00 00 00

001:007:000:STREAM             1512296735.519089
 02 07 0A 49 3A 07 51 00 00 00

001:007:000:STREAM             1512296735.522042
 02 07 0A 49 3A 07 54 00 00 00

001:007:000:STREAM             1512296735.526074
 02 07 0A 49 3A 07 59 00 00 00

001:007:000:STREAM             1512296735.529049
 02 07 0A 49 3A 07 5B 00 00 00

001:007:000:STREAM             1512296735.533067
 02 07 0A 49 3A 07 61 00 00 00

001:007:000:STREAM             1512296735.536041
 02 07 0A 49 3A 07 6B 00 00 00

001:007:000:STREAM             1512296735.540127
 02 07 0A 49 3A 07 6E 00 00 00

001:007:000:STREAM             1512296735.543061
 02 07 0A 49 3A 07 76 00 00 00

001:007:000:STREAM             1512296735.547053
 02 07 0A 49 3A 07 78 00 00 00

001:007:000:STREAM             1512296735.550046
 02 07 0A 49 3A 07 80 00 00 00

001:007:000:STREAM             1512296735.554030
 02 07 0A 49 3A 07 83 00 00 00

001:007:000:STREAM             1512296735.557029
 02 07 0A 49 3A 07 8A 00 00 00

001:007:000:STREAM             1512296735.561030
 02 07 0A 49 3A 07 95 00 00 00

001:007:000:STREAM             1512296735.564098
 02 07 0A 49 3A 07 98 00 00 00

001:007:000:STREAM             1512296735.568062
 02 07 0A 49 3A 07 A2 00 00 00

001:007:000:STREAM             1512296735.571102
 02 07 0A 49 3A 07 A5 00 00 00

001:007:000:STREAM             1512296735.575067
 02 07 0A 49 3A 07 B0 00 00 00

001:007:000:STREAM             1512296735.578061
 02 07 0A 49 3A 07 BB 00 00 00

001:007:000:STREAM             1512296735.581144
 02 07 0A 49 3A 07 BD 00 00 00

001:007:000:STREAM             1512296735.585056
 02 07 0A 49 3A 07 C5 00 00 00

001:007:000:STREAM             1512296735.588157
 02 07 0A 49 3A 07 C9 00 00 00

001:007:000:STREAM             1512296735.592088
 02 07 0A 49 3A 07 D2 00 00 00

001:007:000:STREAM             1512296735.595020
 02 07 0A 49 3A 07 D5 00 00 00

001:007:000:STREAM             1512296735.599041
 02 07 0A 49 3A 07 DD 00 00 00

001:007:000:STREAM             1512296735.602074
 02 07 0A 49 3A 07 E0 00 00 00

001:007:000:STREAM             1512296735.606052
 02 07 0A 49 3A 07 EB 00 00 00

001:007:000:STREAM             1512296735.609106
 02 07 0A 49 3A 07 F8 00 00 00

001:007:000:STREAM             1512296735.613053
 02 07 0A 49 3A 07 FA 00 00 00

001:007:000:STREAM             1512296735.616065
 02 07 0A 49 3A 07 04 01 00 00

001:007:000:STREAM             1512296735.620076
 02 07 0A 49 3A 07 08 01 00 00

001:007:000:STREAM             1512296735.623054
 02 07 0A 49 3A 07 15 01 00 00

001:007:000:STREAM             1512296735.627034
 02 07 0A 49 3A 07 1A 01 00 00

001:007:000:STREAM             1512296735.630027
 02 07 0A 49 3A 07 26 01 00 00

001:007:000:STREAM             1512296735.634087
 02 F3 09 49 3A 07 41 01 00 00

001:007:000:STREAM             1512296735.637125
 02 E9 09 49 3A 07 4A 01 00 00

001:007:000:STREAM             1512296735.641089
 02 DF 09 49 3A 07 65 01 00 00

001:007:000:STREAM             1512296735.644083
 02 DF 09 49 3A 07 6E 01 00 00

001:007:000:STREAM             1512296735.648052
 02 DF 09 49 3A 07 8B 01 00 00

001:007:000:STREAM             1512296735.651065
 02 DF 09 49 3A 07 95 01 00 00

001:007:000:STREAM             1512296735.655033
 02 DF 09 5D 3A 07 B5 01 00 00

001:007:000:STREAM             1512296735.658023
 02 C6 09 71 3A 07 D7 01 00 00

001:007:000:STREAM             1512296735.662045
 02 BA 09 71 3A 07 DD 01 00 00

001:007:000:STREAM             1512296735.665072
 02 AD 09 71 3A 07 F5 01 00 00

001:007:000:STREAM             1512296735.669070
 02 AD 09 71 3A 07 FE 01 00 00

001:007:000:STREAM             1512296735.672110
 02 93 09 71 3A 07 18 02 00 00

001:007:000:STREAM             1512296735.675035
 02 86 09 71 3A 07 21 02 00 00

001:007:000:STREAM             1512296735.679055
 02 79 09 71 3A 07 3C 02 00 00

001:007:000:STREAM             1512296735.682038
 02 5C 09 71 3A 07 5F 02 00 00

001:007:000:STREAM             1512296735.686049
 02 4D 09 71 3A 07 67 02 00 00

001:007:000:STREAM             1512296735.689031
 02 3E 09 71 3A 07 77 02 00 00

001:007:000:STREAM             1512296735.693023
 02 3E 09 71 3A 07 7B 02 00 00

001:007:000:STREAM             1512296735.696059
 02 24 09 71 3A 07 96 02 00 00

001:007:000:STREAM             1512296735.700078
 02 17 09 71 3A 07 A2 02 00 00

001:007:000:STREAM             1512296735.703065
 02 0A 09 71 3A 07 BF 02 00 00

001:007:000:STREAM             1512296735.707056
 02 EE 08 71 3A 07 E1 02 00 00

001:007:000:STREAM             1512296735.710050
 02 E0 08 71 3A 07 E9 02 00 00

001:007:000:STREAM             1512296735.714038
 02 D1 08 71 3A 07 02 03 00 00

001:007:000:STREAM             1512296735.717044
 02 D1 08 71 3A 07 0B 03 00 00

001:007:000:STREAM             1512296735.721034
 02 B4 08 71 3A 07 25 03 00 00

001:007:000:STREAM             1512296735.724028
 02 A5 08 71 3A 07 2E 03 00 00

001:007:000:STREAM             1512296735.728088
 02 82 08 71 3A 07 43 03 00 00

001:007:000:STREAM             1512296735.731030
 02 5A 08 87 3A 07 64 03 00 00

001:007:000:STREAM             1512296735.735288
 02 50 08 92 3A 07 6E 03 00 00

001:007:000:STREAM             1512296735.738106
 02 2F 08 9C 3A 07 86 03 00 00

001:007:000:STREAM             1512296735.742085
 02 24 08 9C 3A 07 8D 03 00 00

001:007:000:STREAM             1512296735.745077
 02 00 08 9C 3A 07 A4 03 00 00

001:007:000:STREAM             1512296735.749053
 02 F4 07 9C 3A 07 AC 03 00 00

001:007:000:STREAM             1512296735.752020
 02 CB 07 9C 3A 07 C1 03 00 00

001:007:000:STREAM             1512296735.756030
 02 8F 07 9C 3A 07 E3 03 00 00

001:007:000:STREAM             1512296735.759036
 02 7F 07 9C 3A 07 ED 03 00 00

001:007:000:STREAM             1512296735.763027
 02 52 07 9C 3A 07 01 04 00 00

001:007:000:STREAM             1512296735.766073
 02 43 07 9C 3A 07 06 04 00 00

001:007:000:STREAM             1512296735.770127
 02 14 07 B4 3A 07 18 04 00 00

001:007:000:STREAM             1512296735.773096
 02 04 07 C0 3A 07 1F 04 00 00

001:007:000:STREAM             1512296735.777113
 02 CE 06 CB 3A 07 33 04 00 00

001:007:000:STREAM             1512296735.780059
 02 8B 06 CB 3A 07 50 04 00 00

001:007:000:STREAM             1512296735.783048
 02 7D 06 CB 3A 07 58 04 00 00

001:007:000:STREAM             1512296735.787033
 02 52 06 CB 3A 07 70 04 00 00

001:007:000:STREAM             1512296735.790016
 02 44 06 CB 3A 07 78 04 00 00

001:007:000:STREAM             1512296735.794046
 02 18 06 E7 3A 07 8D 04 00 00

001:007:000:STREAM             1512296735.797047
 02 09 06 F5 3A 07 94 04 00 00

001:007:000:STREAM             1512296735.801156
 02 DC 05 03 3B 07 AD 04 00 00

001:007:000:STREAM             1512296735.804128
 02 A0 05 03 3B 07 D7 04 00 00

001:007:000:STREAM             1512296735.808060
 02 92 05 03 3B 07 E3 04 00 00

001:007:000:STREAM             1512296735.811027
 02 66 05 03 3B 07 01 05 00 00

001:007:000:STREAM             1512296735.815044
 02 57 05 03 3B 07 0A 05 00 00

001:007:000:STREAM             1512296735.818043
 02 2B 05 1A 3B 07 2A 05 00 00

001:007:000:STREAM             1512296735.822036
 02 1D 05 26 3B 07 36 05 00 00

001:007:000:STREAM             1512296735.825049
 02 EA 04 31 3B 07 54 05 00 00

001:007:000:STREAM             1512296735.829024
 02 A2 04 31 3B 07 70 05 00 00

001:007:000:STREAM             1512296735.832038
 02 90 04 31 3B 07 75 05 00 00

001:007:000:STREAM             1512296735.836283
 02 56 04 48 3B 07 9B 05 00 00

001:007:000:STREAM             1512296735.839126
 02 42 04 54 3B 07 AC 05 00 00

001:007:000:STREAM             1512296735.843077
 02 04 04 5F 3B 07 C2 05 00 00

001:007:000:STREAM             1512296735.846102
 02 EF 03 5F 3B 07 C5 05 00 00

001:007:000:STREAM             1512296735.850028
 02 A9 03 5F 3B 07 D1 05 00 00

001:007:000:STREAM             1512296735.853035
 02 4C 03 73 3B 07 E9 05 00 00

001:007:000:STREAM             1512296735.857035
 02 36 03 7D 3B 07 F0 05 00 00

001:007:000:STREAM             1512296735.860033
 02 F9 02 87 3B 07 08 06 00 00

001:007:000:STREAM             1512296735.864078
 02 E6 02 87 3B 07 11 06 00 00

001:007:000:STREAM             1512296735.867244
 02 AF 02 87 3B 07 29 06 00 00

001:007:000:STREAM             1512296735.871316
 02 9D 02 87 3B 07 31 06 00 00

001:007:000:STREAM             1512296735.874131
 02 66 02 9D 3B 07 46 06 00 00

001:007:000:STREAM             1512296735.877053
 02 1D 02 B3 3B 07 5F 06 00 00

001:007:000:STREAM             1512296735.881058
 02 0B 02 B3 3B 07 65 06 00 00

001:007:000:STREAM             1512296735.884050
 02 D8 01 B3 3B 07 7C 06 00 00

001:007:000:STREAM             1512296735.888055
 02 C7 01 B3 3B 07 84 06 00 00

001:007:000:STREAM             1512296735.891015
 02 9A 01 B3 3B 07 8F 06 00 00

001:007:000:STREAM             1512296735.895036
 02 8C 01 B3 3B 07 90 06 00 00

001:007:000:STREAM             1512296735.898103
 02 5D 01 B3 3B 07 A8 06 00 00

001:007:000:STREAM             1512296735.902072
 02 24 01 B3 3B 07 B5 06 00 00

001:007:000:STREAM             1512296735.905204
 02 18 01 B3 3B 07 B0 06 00 00

001:007:000:STREAM             1512296735.909120
 02 F3 00 CA 3B 07 C9 06 00 00

001:007:000:STREAM             1512296735.912056
 02 E7 00 D6 3B 07 D8 06 00 00

001:007:000:STREAM             1512296735.916044
 02 C5 00 E1 3B 07 FB 06 00 00

001:007:000:STREAM             1512296735.919024
 02 BB 00 E1 3B 07 05 07 00 00

001:007:000:STREAM             1512296735.923021
 02 9B 00 E1 3B 07 2A 07 00 00

001:007:000:STREAM             1512296735.926042
 02 71 00 E1 3B 07 51 07 00 00

001:007:000:STREAM             1512296735.930006
 02 67 00 E1 3B 07 57 07 00 00

001:007:000:STREAM             1512296735.933098
 02 5C 00 E1 3B 07 68 07 00 00

001:007:000:STREAM             1512296735.937106
 02 5C 00 E1 3B 07 6D 07 00 00

001:007:000:STREAM             1512296735.940211
 02 34 00 E1 3B 07 6F 07 00 00

001:007:000:STREAM             1512296735.944171
 02 0C 00 E1 3B 07 91 07 00 00

001:007:000:STREAM             1512296735.947020
 02 0C 00 E1 3B 07 A4 07 00 00

001:007:000:STREAM             1512296735.951019
 02 0C 00 E1 3B 07 BF 07 00 00

001:007:000:STREAM             1512296735.954016
 02 0C 00 E1 3B 07 C3 07 00 00

001:007:000:STREAM             1512296735.958021
 02 0C 00 E1 3B 07 E3 07 00 00

001:007:000:STREAM             1512296735.961019
 02 0C 00 E1 3B 07 F1 07 00 00

001:007:000:STREAM             1512296735.965046
 02 0C 00 E1 3B 07 F9 07 00 00

001:007:000:STREAM             1512296735.968034
 02 0C 00 CC 3B 07 FA 07 00 00

001:007:000:STREAM             1512296735.972186
 02 0C 00 C2 3B 07 FD 07 00 00

001:007:000:STREAM             1512296735.975061
 02 0C 00 B7 3B 07 FF 07 00 00

001:007:000:STREAM             1512296735.979068
 02 0C 00 B7 3B 07 FF 07 00 00

001:007:000:STREAM             1512296735.982018
 02 0C 00 B7 3B 07 FF 07 00 00

001:007:000:STREAM             1512296735.985042
 02 0C 00 B7 3B 07 FF 07 00 00

001:007:000:STREAM             1512296735.989020
 02 0C 00 B7 3B 07 FF 07 00 00

001:007:000:STREAM             1512296735.992081
 02 0C 00 9E 3B 07 FF 07 00 00

001:007:000:STREAM             1512296735.996053
 02 0C 00 85 3B 07 FF 07 00 00

001:007:000:STREAM             1512296735.999026
 02 0C 00 85 3B 07 FF 07 00 00

001:007:000:STREAM             1512296736.009093
 02 0C 00 85 3B 00 00 00 00 00

