001:003:002:STREAM             1375962394.818554
 03 04 3D 00 00 00 00 00

001:003:002:STREAM             1375962395.106543
 03 00 00 00 00 00 00 00

001:003:002:STREAM             1375962396.818591
 03 01 16 00 00 00 00 00

001:003:002:STREAM             1375962397.090573
 03 00 00 00 00 00 00 00

001:003:002:STREAM             1375962398.386592
 03 02 56 00 00 00 00 00

001:003:002:STREAM             1375962398.666595
 03 00 00 00 00 00 00 00

001:003:002:STREAM             1375962399.978615
 03 02 57 00 00 00 00 00

001:003:002:STREAM             1375962400.274575
 03 00 00 00 00 00 00 00

001:003:002:STREAM             1375962401.394668
 03 01 0A 00 00 00 00 00

001:003:002:STREAM             1375962401.650637
 03 00 00 00 00 00 00 00

001:003:002:STREAM             1375962402.626653
 03 01 19 00 00 00 00 00

001:003:002:STREAM             1375962402.890657
 03 00 00 00 00 00 00 00

001:003:002:STREAM             1375962403.866670
 03 01 1B 00 00 00 00 00

001:003:002:STREAM             1375962404.122597
 03 00 00 00 00 00 00 00

001:003:002:STREAM             1375962404.914689
 03 01 06 00 00 00 00 00

001:003:002:STREAM             1375962405.194600
 03 00 00 00 00 00 00 00

