001:003:000:STREAM             1375962208.673868
 09 00 33 04 39 03 00 00

001:003:000:STREAM             1375962208.689806
 09 00 2A 04 3D 00 00 00

001:003:000:STREAM             1375962208.693855
 09 00 2A 04 2A 00 00 00

001:003:000:STREAM             1375962208.697853
 09 00 2B 04 14 00 00 00

001:003:000:STREAM             1375962208.701774
 09 00 2B 04 01 00 00 00

001:003:000:STREAM             1375962208.705977
 09 00 2C 04 00 00 00 00

001:003:000:STREAM             1375962208.709773
 09 00 2E 04 00 00 00 00

001:003:000:STREAM             1375962208.713800
 09 00 2F 04 00 00 00 00

001:003:000:STREAM             1375962208.723781
 09 00 30 04 00 00 00 00

001:003:000:STREAM             1375962208.727779
 09 00 31 04 00 00 00 00

001:003:000:STREAM             1375962208.736322
 09 00 32 04 00 00 00 00

001:003:000:STREAM             1375962208.739773
 09 00 33 04 00 00 00 00

001:003:000:STREAM             1375962208.747876
 09 00 34 04 00 00 00 00

001:003:000:STREAM             1375962208.751831
 09 00 36 04 00 00 00 00

001:003:000:STREAM             1375962208.757358
 09 00 37 04 00 00 00 00

001:003:000:STREAM             1375962208.759813
 09 00 38 04 00 00 00 00

001:003:000:STREAM             1375962208.763818
 09 00 39 04 00 00 00 00

001:003:000:STREAM             1375962208.783769
 09 00 3A 04 00 00 00 00

001:003:000:STREAM             1375962208.793798
 09 00 3B 04 00 00 00 00

001:003:000:STREAM             1375962208.819800
 09 00 3C 04 00 00 00 00

001:003:000:STREAM             1375962208.887778
 09 00 3D 04 00 00 00 00

001:003:000:STREAM             1375962208.901746
 09 00 3E 04 00 00 00 00

001:003:000:STREAM             1375962208.913786
 09 00 3F 04 00 00 00 00

001:003:000:STREAM             1375962208.931777
 09 00 40 04 00 00 00 00

001:003:000:STREAM             1375962208.945859
 09 00 41 04 00 00 00 00

001:003:000:STREAM             1375962208.965796
 09 00 42 04 00 00 00 00

001:003:000:STREAM             1375962209.035864
 09 00 41 04 00 00 00 00

001:003:000:STREAM             1375962209.059809
 09 00 40 04 00 00 00 00

001:003:000:STREAM             1375962209.087785
 09 00 3F 04 00 00 00 00

001:003:000:STREAM             1375962209.103798
 09 00 3E 04 00 00 00 00

001:003:000:STREAM             1375962209.119778
 09 00 3D 04 00 00 00 00

001:003:000:STREAM             1375962209.165826
 09 00 3E 04 00 00 00 00

001:003:000:STREAM             1375962209.177815
 09 00 3F 04 00 00 00 00

001:003:000:STREAM             1375962209.185828
 09 00 40 04 00 00 00 00

001:003:000:STREAM             1375962209.199796
 09 00 41 04 00 00 00 00

001:003:000:STREAM             1375962209.207785
 09 00 42 04 00 00 00 00

001:003:000:STREAM             1375962209.223754
 09 00 43 04 00 00 00 00

001:003:000:STREAM             1375962209.367869
 09 00 43 04 00 00 00 00

001:003:000:STREAM             1375962209.371815
 09 01 43 04 00 00 06 00

001:003:000:STREAM             1375962209.375864
 09 01 43 04 00 00 0F 00

001:003:000:STREAM             1375962209.381861
 09 01 43 04 00 00 25 00

001:003:000:STREAM             1375962209.385869
 09 01 43 04 00 00 3B 00

001:003:000:STREAM             1375962209.389830
 09 01 43 04 00 00 4A 00

001:003:000:STREAM             1375962209.393864
 09 01 43 04 00 00 56 00

001:003:000:STREAM             1375962209.397881
 09 01 43 04 00 00 5C 00

001:003:000:STREAM             1375962209.403902
 09 01 43 04 00 00 61 00

001:003:000:STREAM             1375962209.409408
 09 01 43 04 00 00 65 00

001:003:000:STREAM             1375962209.411797
 09 01 43 04 00 00 6A 00

001:003:000:STREAM             1375962209.415795
 09 01 43 04 00 00 6F 00

001:003:000:STREAM             1375962209.419790
 09 01 42 04 00 00 76 00

001:003:000:STREAM             1375962209.425792
 09 01 42 04 00 00 7C 00

001:003:000:STREAM             1375962209.429747
 09 01 42 04 00 00 83 00

001:003:000:STREAM             1375962209.433777
 09 01 42 04 00 00 89 00

001:003:000:STREAM             1375962209.437827
 09 01 42 04 00 00 92 00

001:003:000:STREAM             1375962209.441931
 09 01 42 04 00 00 99 00

001:003:000:STREAM             1375962209.447781
 09 01 42 04 00 00 A0 00

001:003:000:STREAM             1375962209.451765
 09 01 42 04 00 00 A9 00

001:003:000:STREAM             1375962209.455780
 09 01 42 04 00 00 B0 00

001:003:000:STREAM             1375962209.459751
 09 01 42 04 00 00 B7 00

001:003:000:STREAM             1375962209.463777
 09 01 42 04 00 00 BC 00

001:003:000:STREAM             1375962209.469819
 09 01 42 04 00 00 C1 00

001:003:000:STREAM             1375962209.473804
 09 01 42 04 00 00 C4 00

001:003:000:STREAM             1375962209.477768
 09 01 42 04 00 00 C8 00

001:003:000:STREAM             1375962209.481777
 09 01 42 04 00 00 CB 00

001:003:000:STREAM             1375962209.491753
 09 01 42 04 00 00 CE 00

001:003:000:STREAM             1375962209.495784
 09 01 42 04 00 00 CF 00

001:003:000:STREAM             1375962209.499797
 09 01 42 04 00 00 D1 00

001:003:000:STREAM             1375962209.503835
 09 01 42 04 00 00 D2 00

001:003:000:STREAM             1375962209.517855
 09 01 42 04 00 00 D4 00

001:003:000:STREAM             1375962209.521752
 09 01 42 04 00 00 D8 00

001:003:000:STREAM             1375962209.525780
 09 01 42 04 00 00 DC 00

001:003:000:STREAM             1375962209.529785
 09 01 42 04 00 00 E0 00

001:003:000:STREAM             1375962209.535803
 09 01 42 04 00 00 E8 00

001:003:000:STREAM             1375962209.539803
 09 01 42 04 00 00 F3 00

001:003:000:STREAM             1375962209.543799
 09 01 42 04 00 00 FD 00

001:003:000:STREAM             1375962209.547842
 09 01 42 04 00 00 07 01

001:003:000:STREAM             1375962209.551755
 09 01 42 04 00 00 13 01

001:003:000:STREAM             1375962209.557809
 09 01 42 04 00 00 1E 01

001:003:000:STREAM             1375962209.561863
 09 01 42 04 00 00 2B 01

001:003:000:STREAM             1375962209.565843
 09 01 42 04 00 00 34 01

001:003:000:STREAM             1375962209.569801
 09 01 42 04 00 00 3F 01

001:003:000:STREAM             1375962209.573828
 09 01 42 04 00 00 49 01

001:003:000:STREAM             1375962209.579983
 09 01 42 04 00 00 4F 01

001:003:000:STREAM             1375962209.583762
 09 01 42 04 00 00 57 01

001:003:000:STREAM             1375962209.587756
 09 01 42 04 00 00 5E 01

001:003:000:STREAM             1375962209.591752
 09 01 42 04 00 00 63 01

001:003:000:STREAM             1375962209.595837
 09 01 42 04 00 00 65 01

001:003:000:STREAM             1375962209.601782
 09 01 42 04 00 00 66 01

001:003:000:STREAM             1375962209.605800
 09 01 42 04 00 00 69 01

001:003:000:STREAM             1375962209.609787
 09 01 42 04 00 00 6C 01

001:003:000:STREAM             1375962209.613758
 09 01 42 04 00 00 69 01

001:003:000:STREAM             1375962209.617783
 09 01 42 04 00 00 6A 01

001:003:000:STREAM             1375962209.635818
 09 01 42 04 00 00 68 01

001:003:000:STREAM             1375962209.649815
 09 01 42 04 00 00 6A 01

001:003:000:STREAM             1375962209.653790
 09 01 42 04 00 00 66 01

001:003:000:STREAM             1375962209.675787
 09 01 42 04 00 00 64 01

001:003:000:STREAM             1375962209.679787
 09 01 42 04 00 00 66 01

001:003:000:STREAM             1375962209.705802
 09 01 42 04 00 00 64 01

001:003:000:STREAM             1375962209.715798
 09 01 42 04 00 00 62 01

001:003:000:STREAM             1375962209.723796
 09 01 42 04 00 00 60 01

001:003:000:STREAM             1375962209.727784
 09 01 42 04 00 00 62 01

001:003:000:STREAM             1375962209.733814
 09 01 43 04 00 00 64 01

001:003:000:STREAM             1375962209.737818
 09 01 43 04 00 00 5D 01

001:003:000:STREAM             1375962209.741825
 09 01 43 04 00 00 5A 01

001:003:000:STREAM             1375962209.745818
 09 01 43 04 00 00 55 01

001:003:000:STREAM             1375962209.749799
 09 01 43 04 00 00 4E 01

001:003:000:STREAM             1375962209.755795
 09 01 43 04 00 00 46 01

001:003:000:STREAM             1375962209.759795
 09 01 43 04 00 00 40 01

001:003:000:STREAM             1375962209.763827
 09 01 44 04 00 00 40 01

001:003:000:STREAM             1375962209.767778
 09 01 44 04 00 00 3D 01

001:003:000:STREAM             1375962209.771783
 09 01 44 04 00 00 36 01

001:003:000:STREAM             1375962209.777893
 09 01 44 04 00 00 33 01

001:003:000:STREAM             1375962209.781808
 09 01 44 04 00 00 2E 01

001:003:000:STREAM             1375962209.785842
 09 01 44 04 00 00 2B 01

001:003:000:STREAM             1375962209.789788
 09 01 44 04 00 00 28 01

001:003:000:STREAM             1375962209.807814
 09 01 44 04 00 00 25 01

001:003:000:STREAM             1375962209.825810
 09 01 44 04 00 00 23 01

001:003:000:STREAM             1375962209.829947
 09 01 44 04 00 00 25 01

001:003:000:STREAM             1375962209.847773
 09 01 44 04 00 00 28 01

001:003:000:STREAM             1375962209.851754
 09 01 44 04 00 00 29 01

001:003:000:STREAM             1375962209.855858
 09 01 44 04 00 00 2C 01

001:003:000:STREAM             1375962209.859795
 09 01 44 04 00 00 31 01

001:003:000:STREAM             1375962209.863855
 09 01 44 04 00 00 34 01

001:003:000:STREAM             1375962209.869853
 09 01 44 04 00 00 37 01

001:003:000:STREAM             1375962209.873794
 09 01 44 04 00 00 3A 01

001:003:000:STREAM             1375962209.877796
 09 01 44 04 00 00 3C 01

001:003:000:STREAM             1375962209.881793
 09 01 44 04 00 00 40 01

001:003:000:STREAM             1375962209.891847
 09 01 44 04 00 00 44 01

001:003:000:STREAM             1375962209.895934
 09 01 44 04 00 00 46 01

001:003:000:STREAM             1375962209.907802
 09 01 44 04 00 00 43 01

001:003:000:STREAM             1375962209.917806
 09 01 44 04 00 00 46 01

001:003:000:STREAM             1375962209.921759
 09 01 44 04 00 00 44 01

001:003:000:STREAM             1375962209.925788
 09 01 44 04 00 00 42 01

001:003:000:STREAM             1375962209.935784
 09 01 44 04 00 00 43 01

001:003:000:STREAM             1375962209.947792
 09 01 44 04 00 00 40 01

001:003:000:STREAM             1375962209.951766
 09 01 44 04 00 00 41 01

001:003:000:STREAM             1375962209.961773
 09 01 44 04 00 00 3F 01

001:003:000:STREAM             1375962209.965804
 09 01 44 04 00 00 3D 01

001:003:000:STREAM             1375962209.969820
 09 01 44 04 00 00 3F 01

001:003:000:STREAM             1375962209.973834
 09 01 44 04 00 00 41 01

001:003:000:STREAM             1375962209.983793
 09 01 44 04 00 00 3E 01

001:003:000:STREAM             1375962209.995814
 09 01 44 04 00 00 3F 01

001:003:000:STREAM             1375962209.999791
 09 01 44 04 00 00 45 01

001:003:000:STREAM             1375962210.005825
 09 01 44 04 00 00 47 01

001:003:000:STREAM             1375962210.009835
 09 01 44 04 00 00 4B 01

001:003:000:STREAM             1375962210.013778
 09 01 44 04 00 00 4E 01

001:003:000:STREAM             1375962210.017795
 09 01 44 04 00 00 53 01

001:003:000:STREAM             1375962210.021769
 09 01 44 04 00 00 54 01

001:003:000:STREAM             1375962210.027799
 09 01 44 04 00 00 55 01

001:003:000:STREAM             1375962210.031768
 09 01 44 04 00 00 58 01

001:003:000:STREAM             1375962210.043867
 09 01 44 04 00 00 56 01

001:003:000:STREAM             1375962210.053860
 09 01 45 04 00 00 54 01

001:003:000:STREAM             1375962210.069801
 09 01 46 04 00 00 54 01

001:003:000:STREAM             1375962210.083896
 09 01 47 04 00 00 54 01

001:003:000:STREAM             1375962210.113773
 09 01 48 04 00 00 54 01

001:003:000:STREAM             1375962210.119808
 09 01 48 04 00 00 55 01

001:003:000:STREAM             1375962210.123822
 09 01 48 04 00 00 5A 01

001:003:000:STREAM             1375962210.127805
 09 01 48 04 00 00 60 01

001:003:000:STREAM             1375962210.131773
 09 01 48 04 00 00 69 01

001:003:000:STREAM             1375962210.135759
 09 01 48 04 00 00 72 01

001:003:000:STREAM             1375962210.141767
 09 01 48 04 00 00 7C 01

001:003:000:STREAM             1375962210.145789
 09 01 48 04 00 00 8B 01

001:003:000:STREAM             1375962210.149788
 09 01 48 04 00 00 98 01

001:003:000:STREAM             1375962210.153826
 09 01 48 04 00 00 A5 01

001:003:000:STREAM             1375962210.157837
 09 01 48 04 00 00 AF 01

001:003:000:STREAM             1375962210.163805
 09 01 48 04 00 00 B9 01

001:003:000:STREAM             1375962210.167759
 09 01 48 04 00 00 C0 01

001:003:000:STREAM             1375962210.171771
 09 01 48 04 00 00 C4 01

001:003:000:STREAM             1375962210.175805
 09 01 48 04 00 00 C9 01

001:003:000:STREAM             1375962210.179842
 09 01 48 04 00 00 CF 01

001:003:000:STREAM             1375962210.185807
 09 01 48 04 00 00 D1 01

001:003:000:STREAM             1375962210.189772
 09 01 48 04 00 00 D5 01

001:003:000:STREAM             1375962210.193791
 09 01 48 04 00 00 D6 01

001:003:000:STREAM             1375962210.198336
 09 01 48 04 00 00 D8 01

001:003:000:STREAM             1375962210.205813
 09 01 48 04 00 00 D9 01

001:003:000:STREAM             1375962210.211788
 09 01 48 04 00 00 DA 01

001:003:000:STREAM             1375962210.223828
 09 01 48 04 00 00 DE 01

001:003:000:STREAM             1375962210.227806
 09 01 48 04 00 00 DF 01

001:003:000:STREAM             1375962210.233806
 09 01 48 04 00 00 E1 01

001:003:000:STREAM             1375962210.237801
 09 01 48 04 00 00 DF 01

001:003:000:STREAM             1375962210.245820
 09 01 48 04 00 00 DD 01

001:003:000:STREAM             1375962210.249869
 09 01 48 04 00 00 E0 01

001:003:000:STREAM             1375962210.255816
 09 01 48 04 00 00 E1 01

001:003:000:STREAM             1375962210.259813
 09 01 48 04 00 00 DF 01

001:003:000:STREAM             1375962210.263825
 09 01 48 04 00 00 E2 01

001:003:000:STREAM             1375962210.277806
 09 01 48 04 00 00 E0 01

001:003:000:STREAM             1375962210.281775
 09 01 48 04 00 00 E1 01

001:003:000:STREAM             1375962210.293850
 09 01 48 04 00 00 E3 01

001:003:000:STREAM             1375962210.297808
 09 01 48 04 00 00 E5 01

001:003:000:STREAM             1375962210.307801
 09 01 48 04 00 00 E6 01

001:003:000:STREAM             1375962210.311797
 09 01 48 04 00 00 E3 01

001:003:000:STREAM             1375962210.315798
 09 01 48 04 00 00 E1 01

001:003:000:STREAM             1375962210.319823
 09 01 48 04 00 00 E3 01

001:003:000:STREAM             1375962210.325809
 09 01 48 04 00 00 E4 01

001:003:000:STREAM             1375962210.341824
 09 01 48 04 00 00 E6 01

001:003:000:STREAM             1375962210.363812
 09 01 48 04 00 00 E8 01

001:003:000:STREAM             1375962210.373814
 09 01 48 04 00 00 EA 01

001:003:000:STREAM             1375962210.377822
 09 01 48 04 00 00 EE 01

001:003:000:STREAM             1375962210.382971
 09 01 48 04 00 00 F4 01

001:003:000:STREAM             1375962210.385821
 09 01 48 04 00 00 F9 01

001:003:000:STREAM             1375962210.389892
 09 01 48 04 00 00 FE 01

001:003:000:STREAM             1375962210.399791
 09 01 48 04 00 00 01 02

001:003:000:STREAM             1375962210.403847
 09 01 48 04 00 00 04 02

001:003:000:STREAM             1375962210.411831
 09 01 48 04 00 00 01 02

001:003:000:STREAM             1375962210.417795
 09 01 48 04 00 00 04 02

001:003:000:STREAM             1375962210.425792
 09 01 48 04 00 00 06 02

001:003:000:STREAM             1375962210.439813
 09 01 48 04 00 00 04 02

001:003:000:STREAM             1375962210.447771
 09 01 48 04 00 00 06 02

001:003:000:STREAM             1375962210.451829
 09 01 48 04 00 00 04 02

001:003:000:STREAM             1375962210.455791
 09 01 48 04 00 00 07 02

001:003:000:STREAM             1375962210.473789
 09 01 48 04 00 00 09 02

001:003:000:STREAM             1375962210.481801
 09 01 48 04 00 00 0C 02

001:003:000:STREAM             1375962210.487800
 09 01 48 04 00 00 16 02

001:003:000:STREAM             1375962210.491817
 09 01 48 04 00 00 1C 02

001:003:000:STREAM             1375962210.495830
 09 01 48 04 00 00 28 02

001:003:000:STREAM             1375962210.499785
 09 01 48 04 00 00 31 02

001:003:000:STREAM             1375962210.503822
 09 01 48 04 00 00 36 02

001:003:000:STREAM             1375962210.509801
 09 01 48 04 00 00 3A 02

001:003:000:STREAM             1375962210.513806
 09 01 48 04 00 00 3D 02

001:003:000:STREAM             1375962210.517803
 09 01 48 04 00 00 3E 02

001:003:000:STREAM             1375962210.521849
 09 01 48 04 00 00 42 02

001:003:000:STREAM             1375962210.535835
 09 01 48 04 00 00 43 02

001:003:000:STREAM             1375962210.539786
 09 01 48 04 00 00 40 02

001:003:000:STREAM             1375962210.557821
 09 01 48 04 00 00 43 02

001:003:000:STREAM             1375962210.561816
 09 01 48 04 00 00 41 02

001:003:000:STREAM             1375962210.565876
 09 01 48 04 00 00 43 02

001:003:000:STREAM             1375962210.573836
 09 01 48 04 00 00 46 02

001:003:000:STREAM             1375962210.579771
 09 01 48 04 00 00 43 02

001:003:000:STREAM             1375962210.583818
 09 01 48 04 00 00 44 02

001:003:000:STREAM             1375962210.588070
 09 01 48 04 00 00 45 02

001:003:000:STREAM             1375962210.591772
 09 01 47 04 00 00 45 02

001:003:000:STREAM             1375962210.595804
 09 01 47 04 00 00 47 02

001:003:000:STREAM             1375962210.605822
 09 01 47 04 00 00 45 02

001:003:000:STREAM             1375962210.609802
 09 01 47 04 00 00 42 02

001:003:000:STREAM             1375962210.613795
 09 01 47 04 00 00 44 02

001:003:000:STREAM             1375962210.617808
 09 01 47 04 00 00 42 02

001:003:000:STREAM             1375962210.623801
 09 01 47 04 00 00 44 02

001:003:000:STREAM             1375962210.635836
 09 01 47 04 00 00 46 02

001:003:000:STREAM             1375962210.639788
 09 01 47 04 00 00 43 02

001:003:000:STREAM             1375962210.653806
 09 01 47 04 00 00 41 02

001:003:000:STREAM             1375962210.665823
 09 01 47 04 00 00 45 02

001:003:000:STREAM             1375962210.671847
 09 01 47 04 00 00 47 02

001:003:000:STREAM             1375962210.680174
 09 01 47 04 00 00 44 02

001:003:000:STREAM             1375962210.687784
 09 01 47 04 00 00 42 02

001:003:000:STREAM             1375962210.693815
 09 01 47 04 00 00 43 02

001:003:000:STREAM             1375962210.697805
 09 01 47 04 00 00 44 02

001:003:000:STREAM             1375962210.701773
 09 01 47 04 00 00 42 02

001:003:000:STREAM             1375962210.723786
 09 01 47 04 00 00 3F 02

001:003:000:STREAM             1375962210.727804
 09 01 47 04 00 00 3A 02

001:003:000:STREAM             1375962210.731859
 09 01 47 04 00 00 38 02

001:003:000:STREAM             1375962210.735808
 09 01 47 04 00 00 32 02

001:003:000:STREAM             1375962210.741834
 09 01 47 04 00 00 30 02

001:003:000:STREAM             1375962210.745840
 09 01 47 04 00 00 32 02

001:003:000:STREAM             1375962210.753838
 09 01 47 04 00 00 2F 02

001:003:000:STREAM             1375962210.763817
 09 01 47 04 00 00 31 02

001:003:000:STREAM             1375962210.779884
 09 01 47 04 00 00 2E 02

001:003:000:STREAM             1375962210.783901
 09 01 47 04 00 00 31 02

001:003:000:STREAM             1375962210.797847
 09 01 47 04 00 00 2F 02

001:003:000:STREAM             1375962210.819812
 09 01 47 04 00 00 30 02

001:003:000:STREAM             1375962210.827822
 09 01 47 04 00 00 2D 02

001:003:000:STREAM             1375962210.845854
 09 01 47 04 00 00 2B 02

001:003:000:STREAM             1375962210.849804
 09 01 47 04 00 00 2E 02

001:003:000:STREAM             1375962210.871795
 09 01 47 04 00 00 2B 02

001:003:000:STREAM             1375962210.881791
 09 01 47 04 00 00 27 02

001:003:000:STREAM             1375962210.885814
 09 01 47 04 00 00 28 02

001:003:000:STREAM             1375962210.889781
 09 01 47 04 00 00 2B 02

001:003:000:STREAM             1375962210.893805
 09 01 47 04 00 00 29 02

001:003:000:STREAM             1375962210.897802
 09 01 47 04 00 00 2C 02

001:003:000:STREAM             1375962210.903853
 09 01 47 04 00 00 29 02

001:003:000:STREAM             1375962210.907876
 09 01 47 04 00 00 2B 02

001:003:000:STREAM             1375962210.919802
 09 01 47 04 00 00 29 02

001:003:000:STREAM             1375962210.925811
 09 01 47 04 00 00 26 02

001:003:000:STREAM             1375962210.929777
 09 01 47 04 00 00 24 02

001:003:000:STREAM             1375962210.933822
 09 01 47 04 00 00 27 02

001:003:000:STREAM             1375962210.937860
 09 01 47 04 00 00 25 02

001:003:000:STREAM             1375962210.959813
 09 01 47 04 00 00 26 02

001:003:000:STREAM             1375962210.963824
 09 01 47 04 00 00 28 02

001:003:000:STREAM             1375962210.967838
 09 01 47 04 00 00 25 02

001:003:000:STREAM             1375962210.973829
 09 01 47 04 00 00 27 02

001:003:000:STREAM             1375962210.977804
 09 01 47 04 00 00 28 02

001:003:000:STREAM             1375962210.981795
 09 01 47 04 00 00 26 02

001:003:000:STREAM             1375962210.985804
 09 01 47 04 00 00 29 02

001:003:000:STREAM             1375962210.989780
 09 01 47 04 00 00 27 02

001:003:000:STREAM             1375962210.999858
 09 01 47 04 00 00 23 02

001:003:000:STREAM             1375962211.003826
 09 01 47 04 00 00 25 02

001:003:000:STREAM             1375962211.007851
 09 01 47 04 00 00 1E 02

001:003:000:STREAM             1375962211.011786
 09 01 47 04 00 00 19 02

001:003:000:STREAM             1375962211.015804
 09 01 47 04 00 00 10 02

001:003:000:STREAM             1375962211.021790
 09 01 47 04 00 00 05 02

001:003:000:STREAM             1375962211.025817
 09 01 47 04 00 00 FA 01

001:003:000:STREAM             1375962211.029851
 09 01 47 04 00 00 EA 01

001:003:000:STREAM             1375962211.033836
 09 01 47 04 00 00 D8 01

001:003:000:STREAM             1375962211.037812
 09 01 47 04 00 00 C6 01

001:003:000:STREAM             1375962211.043830
 09 01 47 04 00 00 B2 01

001:003:000:STREAM             1375962211.047808
 09 01 47 04 00 00 9D 01

001:003:000:STREAM             1375962211.051792
 09 01 47 04 00 00 8A 01

001:003:000:STREAM             1375962211.055822
 09 01 47 04 00 00 78 01

001:003:000:STREAM             1375962211.059858
 09 01 47 04 00 00 61 01

001:003:000:STREAM             1375962211.065835
 09 01 47 04 00 00 48 01

001:003:000:STREAM             1375962211.069820
 09 01 47 04 00 00 2B 01

001:003:000:STREAM             1375962211.073800
 09 01 47 04 00 00 07 01

001:003:000:STREAM             1375962211.077844
 09 01 47 04 00 00 DD 00

001:003:000:STREAM             1375962211.081825
 09 01 47 04 00 00 AD 00

001:003:000:STREAM             1375962211.085850
 09 01 47 04 00 00 7B 00

001:003:000:STREAM             1375962211.093273
 09 01 47 04 00 00 47 00

001:003:000:STREAM             1375962211.095793
 09 00 47 04 00 00 00 00

001:003:000:STREAM             1375962211.111814
 09 00 46 04 00 00 00 00

001:003:000:STREAM             1375962211.119786
 09 00 45 04 00 00 00 00

001:003:000:STREAM             1375962211.127784
 09 00 44 04 00 00 00 00

001:003:000:STREAM             1375962211.131797
 09 00 43 04 00 00 00 00

001:003:000:STREAM             1375962211.135840
 09 00 42 04 00 00 00 00

001:003:000:STREAM             1375962211.143882
 09 00 41 04 00 00 00 00

001:003:000:STREAM             1375962211.147911
 09 00 40 04 00 00 00 00

001:003:000:STREAM             1375962211.151811
 09 00 3F 04 00 00 00 00

001:003:000:STREAM             1375962211.155817
 09 00 3E 04 00 00 00 00

001:003:000:STREAM             1375962211.163821
 09 00 3D 04 00 00 00 00

001:003:000:STREAM             1375962211.167814
 09 00 3C 04 00 00 00 00

001:003:000:STREAM             1375962211.171785
 09 00 3B 04 00 00 00 00

001:003:000:STREAM             1375962211.175795
 09 00 3A 04 00 00 00 00

001:003:000:STREAM             1375962211.179770
 09 00 39 04 00 00 00 00

001:003:000:STREAM             1375962211.183787
 09 00 38 04 00 00 00 00

001:003:000:STREAM             1375962211.187833
 09 00 37 04 00 00 00 00

001:003:000:STREAM             1375962211.191786
 09 00 36 04 00 00 00 00

001:003:000:STREAM             1375962211.195777
 09 00 35 04 00 00 00 00

001:003:000:STREAM             1375962211.199780
 09 00 34 04 00 00 00 00

001:003:000:STREAM             1375962211.203808
 09 00 32 04 00 00 00 00

001:003:000:STREAM             1375962211.207831
 09 00 31 04 00 00 00 00

001:003:000:STREAM             1375962211.211780
 09 00 2C 04 00 00 00 00

001:003:000:STREAM             1375962211.215766
 09 00 2A 04 00 00 00 00

001:003:000:STREAM             1375962211.219777
 09 00 27 04 00 00 00 00

001:003:000:STREAM             1375962211.223881
 09 00 25 04 00 00 00 00

001:003:000:STREAM             1375962211.227833
 09 00 22 04 00 00 00 00

001:003:000:STREAM             1375962211.231823
 09 00 1C 04 00 00 00 00

001:003:000:STREAM             1375962211.235836
 09 00 19 04 00 00 00 00

001:003:000:STREAM             1375962211.239793
 09 00 15 04 00 00 00 00

001:003:000:STREAM             1375962211.243812
 09 00 11 04 00 00 00 00

001:003:000:STREAM             1375962211.247851
 09 00 0E 04 00 00 00 00

001:003:000:STREAM             1375962211.251803
 09 00 07 04 00 00 00 00

001:003:000:STREAM             1375962211.255823
 09 00 03 04 00 00 00 00

001:003:000:STREAM             1375962211.259873
 09 00 FF 03 00 00 00 00

001:003:000:STREAM             1375962211.263780
 09 00 FA 03 00 00 00 00

001:003:000:STREAM             1375962211.267866
 09 00 F2 03 00 00 00 00

001:003:000:STREAM             1375962211.271905
 09 00 ED 03 00 00 00 00

001:003:000:STREAM             1375962211.275863
 09 00 E9 03 00 00 00 00

001:003:000:STREAM             1375962211.279791
 09 00 E5 03 00 00 00 00

001:003:000:STREAM             1375962211.283848
 09 00 DE 03 00 00 00 00

001:003:000:STREAM             1375962211.287843
 09 00 D9 03 00 00 00 00

001:003:000:STREAM             1375962211.291865
 09 00 CE 03 00 00 00 00

001:003:000:STREAM             1375962211.295825
 09 00 B5 03 20 00 00 00

001:003:000:STREAM             1375962211.299818
 09 00 AA 03 41 00 00 00

001:003:000:STREAM             1375962211.303814
 09 00 9F 03 5C 00 00 00

001:003:000:STREAM             1375962211.307841
 09 00 9F 03 5C 00 00 00

001:003:000:STREAM             1375962211.581830
 09 00 13 01 3E 03 00 00

001:003:000:STREAM             1375962211.585899
 09 00 12 01 41 03 00 00

001:003:000:STREAM             1375962211.589848
 09 00 11 01 43 03 00 00

001:003:000:STREAM             1375962211.593824
 09 00 0F 01 46 03 00 00

001:003:000:STREAM             1375962211.597825
 09 00 0E 01 49 03 00 00

001:003:000:STREAM             1375962211.601863
 09 00 0B 01 4B 03 00 00

001:003:000:STREAM             1375962211.605901
 09 00 06 01 4F 03 00 00

001:003:000:STREAM             1375962211.609838
 09 00 04 01 51 03 00 00

001:003:000:STREAM             1375962211.613800
 09 00 01 01 53 03 00 00

001:003:000:STREAM             1375962211.617819
 09 00 FE 00 54 03 00 00

001:003:000:STREAM             1375962211.621824
 09 00 F8 00 56 03 00 00

001:003:000:STREAM             1375962211.625853
 09 00 F6 00 57 03 00 00

001:003:000:STREAM             1375962211.629821
 09 00 F3 00 58 03 00 00

001:003:000:STREAM             1375962211.633828
 09 00 F0 00 59 03 00 00

001:003:000:STREAM             1375962211.637822
 09 00 EA 00 5C 03 00 00

001:003:000:STREAM             1375962211.641809
 09 00 E7 00 5D 03 00 00

001:003:000:STREAM             1375962211.645813
 09 00 E4 00 5F 03 00 00

001:003:000:STREAM             1375962211.649838
 09 00 E1 00 60 03 00 00

001:003:000:STREAM             1375962211.653849
 09 00 DA 00 63 03 00 00

001:003:000:STREAM             1375962211.657827
 09 00 D6 00 65 03 00 00

001:003:000:STREAM             1375962211.661834
 09 00 D2 00 67 03 00 00

001:003:000:STREAM             1375962211.665820
 09 00 CD 00 68 03 00 00

001:003:000:STREAM             1375962211.669796
 09 00 C8 00 6A 03 00 00

001:003:000:STREAM             1375962211.673795
 09 00 BF 00 6D 03 00 00

001:003:000:STREAM             1375962211.677836
 09 00 BB 00 6E 03 00 00

001:003:000:STREAM             1375962211.681835
 09 00 B6 00 70 03 00 00

001:003:000:STREAM             1375962211.685837
 09 00 B2 00 72 03 00 00

001:003:000:STREAM             1375962211.689824
 09 00 AB 00 74 03 00 00

001:003:000:STREAM             1375962211.693814
 09 00 A7 00 76 03 00 00

001:003:000:STREAM             1375962211.697817
 09 00 A4 00 77 03 00 00

001:003:000:STREAM             1375962211.701816
 09 00 A1 00 79 03 00 00

001:003:000:STREAM             1375962211.705813
 09 00 9E 00 7B 03 00 00

001:003:000:STREAM             1375962211.709823
 09 00 96 00 7F 03 00 00

001:003:000:STREAM             1375962211.713813
 09 00 93 00 80 03 00 00

001:003:000:STREAM             1375962211.717812
 09 00 90 00 82 03 00 00

001:003:000:STREAM             1375962211.721791
 09 00 8D 00 84 03 00 00

001:003:000:STREAM             1375962211.725857
 09 00 89 00 86 03 00 00

001:003:000:STREAM             1375962211.729874
 09 00 84 00 8C 03 00 00

001:003:000:STREAM             1375962211.734117
 09 00 81 00 8F 03 00 00

001:003:000:STREAM             1375962211.737816
 09 00 7E 00 92 03 00 00

001:003:000:STREAM             1375962211.741850
 09 00 7B 00 94 03 00 00

001:003:000:STREAM             1375962211.745819
 09 00 79 00 97 03 00 00

001:003:000:STREAM             1375962211.749805
 09 00 76 00 98 03 00 00

001:003:000:STREAM             1375962211.753837
 09 00 71 00 9C 03 00 00

001:003:000:STREAM             1375962211.757830
 09 00 6E 00 9E 03 00 00

001:003:000:STREAM             1375962211.761919
 09 00 6B 00 A0 03 00 00

001:003:000:STREAM             1375962211.765796
 09 00 68 00 A1 03 00 00

001:003:000:STREAM             1375962211.769815
 09 00 65 00 A3 03 00 00

001:003:000:STREAM             1375962211.774369
 09 00 61 00 A5 03 00 00

001:003:000:STREAM             1375962211.777866
 09 00 5B 00 A8 03 00 00

001:003:000:STREAM             1375962211.781845
 09 00 57 00 AA 03 00 00

001:003:000:STREAM             1375962211.785862
 09 00 54 00 AC 03 00 00

001:003:000:STREAM             1375962211.792451
 09 00 51 00 AD 03 00 00

001:003:000:STREAM             1375962211.793817
 09 00 4E 00 AF 03 00 00

001:003:000:STREAM             1375962211.797814
 09 00 4B 00 B0 03 00 00

001:003:000:STREAM             1375962211.801855
 09 00 48 00 B2 03 00 00

001:003:000:STREAM             1375962211.805831
 09 00 43 00 B5 03 00 00

001:003:000:STREAM             1375962211.809843
 09 00 40 00 B7 03 00 00

001:003:000:STREAM             1375962211.813804
 09 00 3E 00 B8 03 00 00

001:003:000:STREAM             1375962211.817835
 09 00 3C 00 BA 03 00 00

001:003:000:STREAM             1375962211.821823
 09 00 3A 00 BB 03 00 00

001:003:000:STREAM             1375962211.826417
 09 00 37 00 BD 03 00 00

001:003:000:STREAM             1375962211.829815
 09 00 2B 00 BE 03 00 00

001:003:000:STREAM             1375962211.833830
 09 00 1C 00 C0 03 00 00

001:003:000:STREAM             1375962211.837873
 09 00 0E 00 C2 03 00 00

001:003:000:STREAM             1375962211.841846
 09 00 03 00 C3 03 00 00

001:003:000:STREAM             1375962211.845863
 09 00 00 00 C6 03 00 00

001:003:000:STREAM             1375962211.849813
 09 00 00 00 C7 03 00 00

001:003:000:STREAM             1375962211.853882
 09 00 00 00 C9 03 00 00

001:003:000:STREAM             1375962211.857803
 09 00 00 00 CA 03 00 00

001:003:000:STREAM             1375962211.861813
 09 00 00 00 CC 03 00 00

001:003:000:STREAM             1375962211.865827
 09 00 00 00 CE 03 00 00

001:003:000:STREAM             1375962211.869794
 09 00 00 00 CF 03 00 00

001:003:000:STREAM             1375962211.873866
 09 00 00 00 D0 03 00 00

001:003:000:STREAM             1375962211.877870
 09 00 00 00 D1 03 00 00

001:003:000:STREAM             1375962211.881856
 09 00 00 00 D2 03 00 00

001:003:000:STREAM             1375962211.885815
 09 00 00 00 D4 03 00 00

001:003:000:STREAM             1375962211.889852
 09 00 00 00 D5 03 00 00

001:003:000:STREAM             1375962211.893823
 09 00 00 00 D7 03 00 00

001:003:000:STREAM             1375962211.897832
 09 00 00 00 D8 03 00 00

001:003:000:STREAM             1375962211.901792
 09 00 00 00 D9 03 00 00

001:003:000:STREAM             1375962211.905827
 09 00 00 00 DA 03 00 00

001:003:000:STREAM             1375962211.909825
 09 00 00 00 DB 03 00 00

001:003:000:STREAM             1375962211.913825
 09 00 00 00 DD 03 00 00

001:003:000:STREAM             1375962211.918220
 09 00 00 00 DE 03 00 00

001:003:000:STREAM             1375962211.921830
 09 00 00 00 DF 03 00 00

001:003:000:STREAM             1375962211.925920
 09 00 00 00 E0 03 00 00

001:003:000:STREAM             1375962211.929844
 09 00 00 00 E1 03 00 00

001:003:000:STREAM             1375962211.933841
 09 00 00 00 E2 03 00 00

001:003:000:STREAM             1375962211.937879
 09 00 00 00 E3 03 00 00

001:003:000:STREAM             1375962211.941819
 09 00 00 00 E4 03 00 00

001:003:000:STREAM             1375962211.945825
 09 00 00 00 E5 03 00 00

001:003:000:STREAM             1375962211.951814
 09 00 00 00 E6 03 00 00

001:003:000:STREAM             1375962211.955847
 09 00 00 00 E7 03 00 00

001:003:000:STREAM             1375962211.963866
 09 00 00 00 E8 03 00 00

001:003:000:STREAM             1375962211.967925
 09 00 00 00 E9 03 00 00

001:003:000:STREAM             1375962211.977829
 09 00 00 00 EA 03 00 00

001:003:000:STREAM             1375962211.981812
 09 00 00 00 EB 03 00 00

001:003:000:STREAM             1375962211.985834
 09 00 00 00 EC 03 00 00

001:003:000:STREAM             1375962211.989818
 09 00 00 00 ED 03 00 00

001:003:000:STREAM             1375962211.993824
 09 00 00 00 EE 03 00 00

001:003:000:STREAM             1375962212.001847
 09 00 00 00 EF 03 00 00

001:003:000:STREAM             1375962212.009802
 09 00 00 00 F0 03 00 00

001:003:000:STREAM             1375962212.023829
 09 00 00 00 F1 03 00 00

001:003:000:STREAM             1375962212.051814
 09 00 00 00 F0 03 00 00

001:003:000:STREAM             1375962212.073925
 09 00 00 00 EF 03 00 00

001:003:000:STREAM             1375962212.085805
 09 00 00 00 EE 03 00 00

001:003:000:STREAM             1375962212.125829
 09 00 00 00 ED 03 00 00

001:003:000:STREAM             1375962212.159820
 09 00 00 00 EC 03 00 00

001:003:000:STREAM             1375962212.177858
 09 00 00 00 EB 03 00 00

001:003:000:STREAM             1375962212.185844
 09 00 00 00 EA 03 00 00

001:003:000:STREAM             1375962212.195825
 09 00 00 00 E9 03 00 00

001:003:000:STREAM             1375962212.199819
 09 00 00 00 E8 03 00 00

001:003:000:STREAM             1375962212.203845
 09 00 00 00 E7 03 00 00

001:003:000:STREAM             1375962212.207808
 09 00 00 00 E6 03 00 00

001:003:000:STREAM             1375962212.211884
 09 00 00 00 E5 03 00 00

001:003:000:STREAM             1375962212.217866
 09 00 00 00 E4 03 00 00

001:003:000:STREAM             1375962212.226184
 09 00 00 00 E3 03 00 00

001:003:000:STREAM             1375962212.229822
 09 00 00 00 E1 03 00 00

001:003:000:STREAM             1375962212.239821
 09 00 00 00 E0 03 00 00

001:003:000:STREAM             1375962212.243849
 09 00 00 00 DF 03 00 00

001:003:000:STREAM             1375962212.247840
 09 00 00 00 DE 03 00 00

001:003:000:STREAM             1375962212.251859
 09 00 00 00 DD 03 00 00

001:003:000:STREAM             1375962212.257798
 09 00 00 00 DC 03 00 00

001:003:000:STREAM             1375962212.265848
 09 00 00 00 DB 03 00 00

001:003:000:STREAM             1375962212.275830
 09 00 00 00 DA 03 00 00

001:003:000:STREAM             1375962212.283849
 09 00 00 00 D9 03 00 00

001:003:000:STREAM             1375962212.293828
 09 00 00 00 D8 03 00 00

001:003:000:STREAM             1375962212.343858
 09 00 00 00 D9 03 00 00

001:003:000:STREAM             1375962212.353949
 09 00 00 00 D8 03 00 00

001:003:000:STREAM             1375962212.451819
 09 00 00 00 D7 03 00 00

001:003:000:STREAM             1375962212.471820
 09 00 00 00 D8 03 00 00

001:003:000:STREAM             1375962212.489835
 09 00 00 00 D9 03 00 00

001:003:000:STREAM             1375962212.499849
 09 00 00 00 DA 03 00 00

001:003:000:STREAM             1375962212.509835
 09 00 00 00 DB 03 00 00

001:003:000:STREAM             1375962212.519832
 09 00 00 00 DC 03 00 00

001:003:000:STREAM             1375962212.529899
 09 00 00 00 DD 03 00 00

001:003:000:STREAM             1375962212.543843
 09 00 00 00 DE 03 00 00

001:003:000:STREAM             1375962212.553860
 09 00 00 00 DF 03 00 00

001:003:000:STREAM             1375962212.577828
 09 00 00 00 DE 03 00 00

001:003:000:STREAM             1375962212.585824
 09 00 00 00 DD 03 00 00

001:003:000:STREAM             1375962212.591864
 09 00 00 00 DC 03 00 00

001:003:000:STREAM             1375962212.599875
 09 00 00 00 DB 03 00 00

001:003:000:STREAM             1375962212.606201
 09 00 00 00 DA 03 00 00

001:003:000:STREAM             1375962212.609835
 09 00 00 00 D9 03 00 00

001:003:000:STREAM             1375962212.615851
 09 00 00 00 D8 03 00 00

001:003:000:STREAM             1375962212.623875
 09 00 00 00 D7 03 00 00

001:003:000:STREAM             1375962212.629914
 09 00 00 00 D6 03 00 00

001:003:000:STREAM             1375962212.647838
 09 00 00 00 D5 03 00 00

001:003:000:STREAM             1375962212.661872
 09 00 00 00 D4 03 00 00

001:003:000:STREAM             1375962212.673856
 09 00 00 00 D3 03 00 00

001:003:000:STREAM             1375962212.691811
 09 00 00 00 D2 03 00 00

001:003:000:STREAM             1375962212.697791
 09 00 00 00 D1 03 00 00

001:003:000:STREAM             1375962212.709864
 09 00 00 00 D0 03 00 00

001:003:000:STREAM             1375962212.733875
 09 00 00 00 D1 03 00 00

001:003:000:STREAM             1375962212.747832
 09 00 00 00 D2 03 00 00

001:003:000:STREAM             1375962212.755847
 09 00 00 00 D3 03 00 00

001:003:000:STREAM             1375962212.759812
 09 00 00 00 D4 03 00 00

001:003:000:STREAM             1375962212.769879
 09 00 00 00 D5 03 00 00

001:003:000:STREAM             1375962212.773834
 09 00 00 00 D6 03 00 00

001:003:000:STREAM             1375962212.783828
 09 00 00 00 D7 03 00 00

001:003:000:STREAM             1375962212.787849
 09 00 00 00 D8 03 00 00

001:003:000:STREAM             1375962212.797856
 09 00 00 00 D9 03 00 00

001:003:000:STREAM             1375962212.807831
 09 00 00 00 DA 03 00 00

001:003:000:STREAM             1375962212.823073
 09 00 00 00 DB 03 00 00

001:003:000:STREAM             1375962212.835814
 09 00 00 00 DC 03 00 00

001:003:000:STREAM             1375962212.871838
 09 00 00 00 DB 03 00 00

001:003:000:STREAM             1375962212.885855
 09 00 00 00 DA 03 00 00

001:003:000:STREAM             1375962212.893856
 09 00 00 00 D9 03 00 00

001:003:000:STREAM             1375962212.897847
 09 00 00 00 D8 03 00 00

001:003:000:STREAM             1375962212.911857
 09 00 00 00 D7 03 00 00

001:003:000:STREAM             1375962212.925989
 09 00 00 00 D6 03 00 00

001:003:000:STREAM             1375962212.997839
 09 00 00 00 D7 03 00 00

001:003:000:STREAM             1375962213.047797
 09 00 00 00 D8 03 00 00

001:003:000:STREAM             1375962213.129877
 09 00 00 00 D7 03 00 00

001:003:000:STREAM             1375962213.141939
 09 00 00 00 D6 03 00 00

001:003:000:STREAM             1375962213.151895
 09 00 00 00 D5 03 00 00

001:003:000:STREAM             1375962213.159844
 09 00 00 00 D4 03 00 00

001:003:000:STREAM             1375962213.173855
 09 00 00 00 D3 03 00 00

001:003:000:STREAM             1375962213.177847
 09 00 00 00 D2 03 00 00

001:003:000:STREAM             1375962213.185823
 09 00 00 00 D1 03 00 00

001:003:000:STREAM             1375962213.191849
 09 00 00 00 D0 03 00 00

001:003:000:STREAM             1375962213.195855
 09 00 00 00 CF 03 00 00

001:003:000:STREAM             1375962213.199815
 09 00 00 00 CE 03 00 00

001:003:000:STREAM             1375962213.203876
 09 00 00 00 CD 03 00 00

001:003:000:STREAM             1375962213.207844
 09 00 00 00 CC 03 00 00

001:003:000:STREAM             1375962213.211828
 09 00 00 00 CB 03 00 00

001:003:000:STREAM             1375962213.215883
 09 00 00 00 CA 03 00 00

001:003:000:STREAM             1375962213.221581
 09 00 00 00 C9 03 00 00

001:003:000:STREAM             1375962213.223835
 09 00 00 00 C8 03 00 00

001:003:000:STREAM             1375962213.231898
 09 00 00 00 C7 03 00 00

001:003:000:STREAM             1375962213.235850
 09 00 00 00 C6 03 00 00

001:003:000:STREAM             1375962213.239798
 09 00 00 00 C5 03 00 00

001:003:000:STREAM             1375962213.243831
 09 00 00 00 C4 03 00 00

001:003:000:STREAM             1375962213.253833
 09 00 00 00 C3 03 00 00

001:003:000:STREAM             1375962213.263868
 09 00 00 00 C2 03 00 00

001:003:000:STREAM             1375962213.267989
 09 00 00 00 C0 03 00 00

001:003:000:STREAM             1375962213.271863
 09 00 00 00 BF 03 00 00

001:003:000:STREAM             1375962213.277962
 09 00 00 00 BE 03 00 00

001:003:000:STREAM             1375962213.283875
 09 00 00 00 BC 03 00 00

001:003:000:STREAM             1375962213.287856
 09 00 00 00 B9 03 00 00

001:003:000:STREAM             1375962213.291849
 09 00 00 00 B6 03 00 00

001:003:000:STREAM             1375962213.295849
 09 00 00 00 B2 03 00 00

001:003:000:STREAM             1375962213.299806
 09 00 00 00 AE 03 00 00

001:003:000:STREAM             1375962213.303835
 09 00 00 00 A8 03 00 00

001:003:000:STREAM             1375962213.307867
 09 00 00 00 A4 03 00 00

001:003:000:STREAM             1375962213.311829
 09 00 00 00 9E 03 00 00

001:003:000:STREAM             1375962213.315838
 09 00 00 00 9A 03 00 00

001:003:000:STREAM             1375962213.319818
 09 00 00 00 8D 03 00 00

001:003:000:STREAM             1375962213.323841
 09 00 00 00 8D 03 00 00

001:003:000:STREAM             1375962213.911863
 09 00 D8 07 D2 03 00 00

001:003:000:STREAM             1375962213.915931
 09 00 E2 07 D2 03 00 00

001:003:000:STREAM             1375962213.919832
 09 00 EE 07 D2 03 00 00

001:003:000:STREAM             1375962213.925030
 09 00 F8 07 D2 03 00 00

001:003:000:STREAM             1375962213.927863
 09 00 FF 07 D4 03 00 00

001:003:000:STREAM             1375962213.931863
 09 00 FF 07 D5 03 00 00

001:003:000:STREAM             1375962213.935931
 09 00 FF 07 D6 03 00 00

001:003:000:STREAM             1375962213.939840
 09 00 FF 07 D7 03 00 00

001:003:000:STREAM             1375962213.943854
 09 00 FF 07 D8 03 00 00

001:003:000:STREAM             1375962213.947975
 09 00 FF 07 DA 03 00 00

001:003:000:STREAM             1375962213.951856
 09 00 FF 07 D9 03 00 00

001:003:000:STREAM             1375962213.955857
 09 00 FF 07 D8 03 00 00

001:003:000:STREAM             1375962213.963900
 09 00 FF 07 D7 03 00 00

001:003:000:STREAM             1375962213.973835
 09 00 FF 07 D5 03 00 00

001:003:000:STREAM             1375962213.977829
 09 00 FF 07 D3 03 00 00

001:003:000:STREAM             1375962213.981934
 09 00 FF 07 D2 03 00 00

001:003:000:STREAM             1375962213.985882
 09 00 FF 07 D1 03 00 00

001:003:000:STREAM             1375962213.989922
 09 00 FF 07 CF 03 00 00

001:003:000:STREAM             1375962213.993876
 09 00 FF 07 CD 03 00 00

001:003:000:STREAM             1375962213.997856
 09 00 FF 07 CB 03 00 00

001:003:000:STREAM             1375962214.001848
 09 00 FF 07 C8 03 00 00

001:003:000:STREAM             1375962214.005841
 09 00 FF 07 C6 03 00 00

001:003:000:STREAM             1375962214.009877
 09 00 FF 07 C4 03 00 00

001:003:000:STREAM             1375962214.013874
 09 00 FF 07 C0 03 00 00

001:003:000:STREAM             1375962214.017889
 09 00 FF 07 BE 03 00 00

001:003:000:STREAM             1375962214.021864
 09 00 FF 07 BD 03 00 00

001:003:000:STREAM             1375962214.025887
 09 00 FF 07 BB 03 00 00

001:003:000:STREAM             1375962214.029826
 09 00 FF 07 B9 03 00 00

001:003:000:STREAM             1375962214.033854
 09 00 FF 07 B8 03 00 00

001:003:000:STREAM             1375962214.037856
 09 00 FF 07 B6 03 00 00

001:003:000:STREAM             1375962214.041844
 09 00 FF 07 B4 03 00 00

001:003:000:STREAM             1375962214.045900
 09 00 FF 07 B3 03 00 00

001:003:000:STREAM             1375962214.049890
 09 00 FF 07 B2 03 00 00

001:003:000:STREAM             1375962214.053880
 09 00 FF 07 B1 03 00 00

001:003:000:STREAM             1375962214.057855
 09 00 FF 07 B0 03 00 00

001:003:000:STREAM             1375962214.061832
 09 00 FF 07 AF 03 00 00

001:003:000:STREAM             1375962214.065834
 09 00 FF 07 AE 03 00 00

001:003:000:STREAM             1375962214.069840
 09 00 FF 07 AD 03 00 00

001:003:000:STREAM             1375962214.073860
 09 00 FF 07 AC 03 00 00

001:003:000:STREAM             1375962214.077914
 09 00 FF 07 AB 03 00 00

001:003:000:STREAM             1375962214.081822
 09 00 FF 07 AA 03 00 00

001:003:000:STREAM             1375962214.085874
 09 00 FF 07 A8 03 00 00

001:003:000:STREAM             1375962214.089846
 09 00 FF 07 A7 03 00 00

001:003:000:STREAM             1375962214.093876
 09 00 FF 07 A6 03 00 00

001:003:000:STREAM             1375962214.097865
 09 00 FF 07 A5 03 00 00

001:003:000:STREAM             1375962214.101888
 09 00 FF 07 A4 03 00 00

001:003:000:STREAM             1375962214.107847
 09 00 FF 07 A3 03 00 00

001:003:000:STREAM             1375962214.131839
 09 00 FF 07 A2 03 00 00

001:003:000:STREAM             1375962214.143866
 09 00 FF 07 A1 03 00 00

001:003:000:STREAM             1375962214.159987
 09 00 FF 07 A0 03 00 00

001:003:000:STREAM             1375962214.165853
 09 00 FF 07 9F 03 00 00

001:003:000:STREAM             1375962214.179901
 09 00 FF 07 9E 03 00 00

001:003:000:STREAM             1375962214.187911
 09 00 FF 07 9D 03 00 00

001:003:000:STREAM             1375962214.199834
 09 00 FF 07 9C 03 00 00

001:003:000:STREAM             1375962214.203872
 09 00 FF 07 9B 03 00 00

001:003:000:STREAM             1375962214.213872
 09 00 FF 07 9A 03 00 00

001:003:000:STREAM             1375962214.221884
 09 00 FF 07 99 03 00 00

001:003:000:STREAM             1375962214.233860
 09 00 FF 07 98 03 00 00

001:003:000:STREAM             1375962214.245869
 09 00 FF 07 97 03 00 00

001:003:000:STREAM             1375962214.261855
 09 00 FF 07 96 03 00 00

001:003:000:STREAM             1375962214.285892
 09 00 FF 07 95 03 00 00

001:003:000:STREAM             1375962214.309854
 09 00 FF 07 96 03 00 00

001:003:000:STREAM             1375962214.351957
 09 00 FF 07 97 03 00 00

001:003:000:STREAM             1375962214.389865
 09 00 FF 07 96 03 00 00

001:003:000:STREAM             1375962214.441957
 09 00 FF 07 95 03 00 00

001:003:000:STREAM             1375962214.455863
 09 00 FF 07 94 03 00 00

001:003:000:STREAM             1375962214.463882
 09 00 FF 07 93 03 00 00

001:003:000:STREAM             1375962214.475927
 09 00 FF 07 92 03 00 00

001:003:000:STREAM             1375962214.489869
 09 00 FF 07 91 03 00 00

001:003:000:STREAM             1375962214.501874
 09 00 FF 07 90 03 00 00

001:003:000:STREAM             1375962214.581860
 09 00 FF 07 8F 03 00 00

001:003:000:STREAM             1375962214.607914
 09 00 FF 07 8E 03 00 00

001:003:000:STREAM             1375962214.625905
 09 00 FF 07 8D 03 00 00

001:003:000:STREAM             1375962214.639873
 09 00 FF 07 8C 03 00 00

001:003:000:STREAM             1375962214.661856
 09 00 FF 07 8B 03 00 00

001:003:000:STREAM             1375962214.665890
 09 00 FF 07 8B 03 00 00

001:003:000:STREAM             1375962214.669843
 09 01 FF 07 8B 03 0A 00

001:003:000:STREAM             1375962214.675901
 09 01 FF 07 8B 03 1F 00

001:003:000:STREAM             1375962214.679879
 09 01 FF 07 8B 03 39 00

001:003:000:STREAM             1375962214.683880
 09 01 FF 07 8B 03 4A 00

001:003:000:STREAM             1375962214.687868
 09 01 FF 07 8B 03 56 00

001:003:000:STREAM             1375962214.691865
 09 01 FF 07 8B 03 5F 00

001:003:000:STREAM             1375962214.697861
 09 01 FF 07 8B 03 65 00

001:003:000:STREAM             1375962214.701819
 09 01 FF 07 8B 03 6C 00

001:003:000:STREAM             1375962214.705885
 09 01 FF 07 8B 03 75 00

001:003:000:STREAM             1375962214.709846
 09 01 FF 07 8B 03 7D 00

001:003:000:STREAM             1375962214.713880
 09 01 FF 07 8B 03 85 00

001:003:000:STREAM             1375962214.719836
 09 01 FF 07 8B 03 8A 00

001:003:000:STREAM             1375962214.723860
 09 01 FF 07 8B 03 8E 00

001:003:000:STREAM             1375962214.727861
 09 01 FF 07 8B 03 90 00

001:003:000:STREAM             1375962214.731819
 09 01 FF 07 8B 03 93 00

001:003:000:STREAM             1375962214.735886
 09 01 FF 07 8B 03 95 00

001:003:000:STREAM             1375962214.741831
 09 01 FF 07 8B 03 97 00

001:003:000:STREAM             1375962214.749829
 09 01 FF 07 8B 03 98 00

001:003:000:STREAM             1375962214.753851
 09 01 FF 07 8B 03 9C 00

001:003:000:STREAM             1375962214.759833
 09 01 FF 07 8B 03 A2 00

001:003:000:STREAM             1375962214.763837
 09 01 FF 07 8A 03 A7 00

001:003:000:STREAM             1375962214.767878
 09 01 FF 07 8A 03 A9 00

001:003:000:STREAM             1375962214.771989
 09 01 FF 07 8A 03 AA 00

001:003:000:STREAM             1375962214.781966
 09 01 FF 07 8A 03 AB 00

001:003:000:STREAM             1375962214.785864
 09 01 FF 07 8A 03 AD 00

001:003:000:STREAM             1375962214.793877
 09 01 FF 07 8A 03 AE 00

001:003:000:STREAM             1375962214.803910
 09 01 FF 07 8A 03 B0 00

001:003:000:STREAM             1375962214.807890
 09 01 FF 07 8A 03 B4 00

001:003:000:STREAM             1375962214.811926
 09 01 FF 07 8A 03 B9 00

001:003:000:STREAM             1375962214.816293
 09 01 FF 07 8A 03 C0 00

001:003:000:STREAM             1375962214.819834
 09 01 FF 07 8A 03 CB 00

001:003:000:STREAM             1375962214.825830
 09 01 FF 07 8A 03 D6 00

001:003:000:STREAM             1375962214.829856
 09 01 FF 07 8A 03 E4 00

001:003:000:STREAM             1375962214.833904
 09 01 FF 07 8A 03 F0 00

001:003:000:STREAM             1375962214.837891
 09 01 FF 07 8A 03 FD 00

001:003:000:STREAM             1375962214.841897
 09 01 FF 07 8A 03 0E 01

001:003:000:STREAM             1375962214.847859
 09 01 FF 07 8A 03 1F 01

001:003:000:STREAM             1375962214.851830
 09 01 FF 07 8A 03 2F 01

001:003:000:STREAM             1375962214.855831
 09 01 FF 07 8A 03 3F 01

001:003:000:STREAM             1375962214.859846
 09 01 FF 07 8A 03 50 01

001:003:000:STREAM             1375962214.863871
 09 01 FF 07 8A 03 5E 01

001:003:000:STREAM             1375962214.867928
 09 01 FF 07 8A 03 69 01

001:003:000:STREAM             1375962214.873835
 09 01 FF 07 8A 03 75 01

001:003:000:STREAM             1375962214.877885
 09 01 FF 07 8A 03 80 01

001:003:000:STREAM             1375962214.881892
 09 01 FF 07 8A 03 88 01

001:003:000:STREAM             1375962214.887070
 09 01 FF 07 8A 03 8E 01

001:003:000:STREAM             1375962214.889870
 09 01 FF 07 8A 03 93 01

001:003:000:STREAM             1375962214.895892
 09 01 FF 07 8A 03 96 01

001:003:000:STREAM             1375962214.899850
 09 01 FF 07 8A 03 99 01

001:003:000:STREAM             1375962214.907968
 09 01 FF 07 8A 03 9B 01

001:003:000:STREAM             1375962214.919209
 09 01 FF 07 8A 03 9C 01

001:003:000:STREAM             1375962214.925878
 09 01 FF 07 8A 03 9A 01

001:003:000:STREAM             1375962214.933872
 09 01 FF 07 8A 03 9C 01

001:003:000:STREAM             1375962214.939868
 09 01 FF 07 8A 03 9A 01

001:003:000:STREAM             1375962214.947901
 09 01 FF 07 8A 03 9D 01

001:003:000:STREAM             1375962214.951862
 09 01 FF 07 8A 03 A1 01

001:003:000:STREAM             1375962214.956052
 09 01 FF 07 8A 03 A9 01

001:003:000:STREAM             1375962214.962093
 09 01 FF 07 8A 03 B0 01

001:003:000:STREAM             1375962214.965876
 09 01 FF 07 8A 03 BA 01

001:003:000:STREAM             1375962214.969835
 09 01 FF 07 8A 03 C7 01

001:003:000:STREAM             1375962214.973866
 09 01 FF 07 8A 03 D5 01

001:003:000:STREAM             1375962214.977891
 09 01 FF 07 8A 03 E3 01

001:003:000:STREAM             1375962214.983907
 09 01 FF 07 8A 03 F5 01

001:003:000:STREAM             1375962214.987981
 09 01 FF 07 8A 03 08 02

001:003:000:STREAM             1375962214.991854
 09 01 FF 07 8A 03 19 02

001:003:000:STREAM             1375962214.995881
 09 01 FF 07 8A 03 31 02

001:003:000:STREAM             1375962214.999844
 09 01 FF 07 8A 03 4B 02

001:003:000:STREAM             1375962215.007899
 09 01 FF 07 8A 03 68 02

001:003:000:STREAM             1375962215.011854
 09 01 FF 07 8A 03 85 02

001:003:000:STREAM             1375962215.015875
 09 01 FF 07 8A 03 A1 02

001:003:000:STREAM             1375962215.019829
 09 01 FF 07 8A 03 BB 02

001:003:000:STREAM             1375962215.023859
 09 01 FF 07 8A 03 D6 02

001:003:000:STREAM             1375962215.027860
 09 01 FF 07 8A 03 F0 02

001:003:000:STREAM             1375962215.031898
 09 01 FF 07 8A 03 08 03

001:003:000:STREAM             1375962215.035890
 09 01 FF 07 8A 03 22 03

001:003:000:STREAM             1375962215.039837
 09 01 FF 07 8A 03 3A 03

001:003:000:STREAM             1375962215.043909
 09 01 FF 07 8A 03 56 03

001:003:000:STREAM             1375962215.047862
 09 01 FF 07 8A 03 6F 03

001:003:000:STREAM             1375962215.053886
 09 01 FF 07 8A 03 8B 03

001:003:000:STREAM             1375962215.057883
 09 01 FF 07 8A 03 A5 03

001:003:000:STREAM             1375962215.061944
 09 01 FF 07 8A 03 BC 03

001:003:000:STREAM             1375962215.065883
 09 01 FF 07 89 03 D1 03

001:003:000:STREAM             1375962215.069839
 09 01 FF 07 89 03 DE 03

001:003:000:STREAM             1375962215.075884
 09 01 FF 07 89 03 EB 03

001:003:000:STREAM             1375962215.079836
 09 01 FF 07 89 03 F5 03

001:003:000:STREAM             1375962215.083878
 09 01 FF 07 89 03 06 04

001:003:000:STREAM             1375962215.087866
 09 01 FF 07 89 03 13 04

001:003:000:STREAM             1375962215.091856
 09 01 FF 07 89 03 1C 04

001:003:000:STREAM             1375962215.097871
 09 01 FF 07 89 03 27 04

001:003:000:STREAM             1375962215.102188
 09 01 FF 07 89 03 36 04

001:003:000:STREAM             1375962215.105902
 09 01 FF 07 89 03 47 04

001:003:000:STREAM             1375962215.109850
 09 01 FF 07 89 03 59 04

001:003:000:STREAM             1375962215.113865
 09 01 FF 07 89 03 68 04

001:003:000:STREAM             1375962215.117863
 09 01 FF 07 89 03 74 04

001:003:000:STREAM             1375962215.123873
 09 01 FF 07 89 03 86 04

001:003:000:STREAM             1375962215.127914
 09 01 FF 07 89 03 9A 04

001:003:000:STREAM             1375962215.131853
 09 01 FF 07 89 03 AA 04

001:003:000:STREAM             1375962215.135876
 09 01 FF 07 89 03 C3 04

001:003:000:STREAM             1375962215.139889
 09 01 FF 07 89 03 DD 04

001:003:000:STREAM             1375962215.145853
 09 01 FF 07 89 03 F4 04

001:003:000:STREAM             1375962215.149869
 09 01 FF 07 89 03 12 05

001:003:000:STREAM             1375962215.153885
 09 01 FF 07 89 03 25 05

001:003:000:STREAM             1375962215.157924
 09 01 FF 07 89 03 3C 05

001:003:000:STREAM             1375962215.161883
 09 01 FF 07 89 03 52 05

001:003:000:STREAM             1375962215.165918
 09 01 FF 07 89 03 63 05

001:003:000:STREAM             1375962215.171963
 09 01 FF 07 89 03 73 05

001:003:000:STREAM             1375962215.175872
 09 01 FF 07 89 03 84 05

001:003:000:STREAM             1375962215.179900
 09 01 FF 07 89 03 90 05

001:003:000:STREAM             1375962215.183874
 09 01 FF 07 89 03 99 05

001:003:000:STREAM             1375962215.187897
 09 01 FF 07 89 03 A1 05

001:003:000:STREAM             1375962215.195083
 09 01 FF 07 89 03 AE 05

001:003:000:STREAM             1375962215.197899
 09 01 FF 07 89 03 B1 05

001:003:000:STREAM             1375962215.201883
 09 01 FF 07 89 03 B5 05

001:003:000:STREAM             1375962215.205907
 09 01 FF 07 89 03 BA 05

001:003:000:STREAM             1375962215.213870
 09 01 FF 07 89 03 BC 05

001:003:000:STREAM             1375962215.219877
 09 01 FF 07 89 03 C5 05

001:003:000:STREAM             1375962215.225920
 09 01 FF 07 89 03 CD 05

001:003:000:STREAM             1375962215.229073
 09 01 FF 07 89 03 DD 05

001:003:000:STREAM             1375962215.231897
 09 01 FF 07 89 03 EE 05

001:003:000:STREAM             1375962215.235906
 09 01 FF 07 89 03 F7 05

001:003:000:STREAM             1375962215.241873
 09 01 FF 07 89 03 06 06

001:003:000:STREAM             1375962215.245880
 09 01 FF 07 89 03 16 06

001:003:000:STREAM             1375962215.249878
 09 01 FF 07 89 03 23 06

001:003:000:STREAM             1375962215.253868
 09 01 FF 07 89 03 2B 06

001:003:000:STREAM             1375962215.257867
 09 01 FF 07 89 03 32 06

001:003:000:STREAM             1375962215.261990
 09 01 FF 07 89 03 38 06

001:003:000:STREAM             1375962215.267890
 09 01 FF 07 89 03 3C 06

001:003:000:STREAM             1375962215.271896
 09 01 FF 07 89 03 40 06

001:003:000:STREAM             1375962215.275881
 09 01 FF 07 89 03 47 06

001:003:000:STREAM             1375962215.279837
 09 01 FF 07 89 03 4B 06

001:003:000:STREAM             1375962215.287892
 09 01 FF 07 89 03 4D 06

001:003:000:STREAM             1375962215.294214
 09 01 FF 07 89 03 48 06

001:003:000:STREAM             1375962215.301862
 09 01 FF 07 88 03 48 06

001:003:000:STREAM             1375962215.309856
 09 01 FF 07 88 03 42 06

001:003:000:STREAM             1375962215.318012
 09 01 FF 07 88 03 2E 06

001:003:000:STREAM             1375962215.319837
 09 01 FF 07 88 03 0C 06

001:003:000:STREAM             1375962215.323880
 09 01 FF 07 88 03 D5 05

001:003:000:STREAM             1375962215.327876
 09 01 FF 07 88 03 81 05

001:003:000:STREAM             1375962215.331921
 09 01 FF 07 88 03 1C 05

001:003:000:STREAM             1375962215.335894
 09 01 FF 07 88 03 9C 04

001:003:000:STREAM             1375962215.341912
 09 01 FF 07 88 03 FF 03

001:003:000:STREAM             1375962215.345977
 09 01 FF 07 88 03 49 03

001:003:000:STREAM             1375962215.349845
 09 01 FF 07 88 03 84 02

001:003:000:STREAM             1375962215.353887
 09 01 FF 07 88 03 C0 01

001:003:000:STREAM             1375962215.357876
 09 01 FF 07 88 03 12 01

001:003:000:STREAM             1375962215.363878
 09 00 FF 07 88 03 00 00

001:003:000:STREAM             1375962215.367869
 09 00 FF 07 87 03 00 00

001:003:000:STREAM             1375962215.375867
 09 00 FF 07 86 03 00 00

001:003:000:STREAM             1375962215.379883
 09 00 FF 07 85 03 00 00

001:003:000:STREAM             1375962215.395871
 09 00 FF 07 86 03 00 00

001:003:000:STREAM             1375962215.399840
 09 00 FF 07 87 03 00 00

001:003:000:STREAM             1375962215.403983
 09 00 FF 07 89 03 00 00

001:003:000:STREAM             1375962215.407877
 09 00 FF 07 8B 03 00 00

001:003:000:STREAM             1375962215.411982
 09 00 FF 07 8D 03 00 00

001:003:000:STREAM             1375962215.415906
 09 00 FF 07 8F 03 00 00

001:003:000:STREAM             1375962215.419881
 09 00 FF 07 92 03 00 00

001:003:000:STREAM             1375962215.423879
 09 00 FF 07 94 03 00 00

001:003:000:STREAM             1375962215.427911
 09 00 FF 07 96 03 00 00

001:003:000:STREAM             1375962215.431950
 09 00 FF 07 98 03 00 00

001:003:000:STREAM             1375962215.435867
 09 00 FF 07 9B 03 00 00

001:003:000:STREAM             1375962215.439876
 09 00 FF 07 9F 03 00 00

001:003:000:STREAM             1375962215.443918
 09 00 FF 07 A0 03 00 00

001:003:000:STREAM             1375962215.447896
 09 00 FF 07 9D 03 00 00

001:003:000:STREAM             1375962215.451916
 09 00 FF 07 9C 03 00 00

001:003:000:STREAM             1375962215.455889
 09 00 FF 07 9B 03 00 00

001:003:000:STREAM             1375962215.459979
 09 00 FF 07 9A 03 00 00

001:003:000:STREAM             1375962215.463870
 09 00 FF 07 9A 03 00 00

001:003:000:STREAM             1375962216.037969
 09 00 DE 03 F8 07 00 00

001:003:000:STREAM             1375962216.041888
 09 00 DE 03 F8 07 00 00

001:003:000:STREAM             1375962216.053890
 09 00 DE 03 F7 07 00 00

001:003:000:STREAM             1375962216.057977
 09 00 DF 03 F7 07 00 00

001:003:000:STREAM             1375962216.073897
 09 00 DF 03 F8 07 00 00

001:003:000:STREAM             1375962216.091884
 09 00 DF 03 F9 07 00 00

001:003:000:STREAM             1375962216.099868
 09 00 DF 03 FA 07 00 00

001:003:000:STREAM             1375962216.111886
 09 00 DF 03 FB 07 00 00

001:003:000:STREAM             1375962216.131908
 09 00 DF 03 FA 07 00 00

001:003:000:STREAM             1375962216.143876
 09 00 E0 03 FA 07 00 00

001:003:000:STREAM             1375962216.157887
 09 00 E0 03 F9 07 00 00

001:003:000:STREAM             1375962216.169860
 09 00 DF 03 F9 07 00 00

001:003:000:STREAM             1375962216.177901
 09 00 DF 03 FA 07 00 00

001:003:000:STREAM             1375962216.199865
 09 00 DE 03 FA 07 00 00

001:003:000:STREAM             1375962216.207886
 09 00 DE 03 FB 07 00 00

001:003:000:STREAM             1375962216.219912
 09 00 DD 03 FC 07 00 00

001:003:000:STREAM             1375962216.231897
 09 00 DD 03 FD 07 00 00

001:003:000:STREAM             1375962216.241913
 09 00 DC 03 FE 07 00 00

001:003:000:STREAM             1375962216.249869
 09 00 DC 03 FF 07 00 00

001:003:000:STREAM             1375962216.257872
 09 00 DB 03 FF 07 00 00

001:003:000:STREAM             1375962216.265888
 09 00 DA 03 FF 07 00 00

001:003:000:STREAM             1375962216.277901
 09 00 D9 03 FF 07 00 00

001:003:000:STREAM             1375962216.291867
 09 00 D8 03 FF 07 00 00

001:003:000:STREAM             1375962216.307918
 09 00 D7 03 FF 07 00 00

001:003:000:STREAM             1375962216.353858
 09 00 D6 03 FF 07 00 00

001:003:000:STREAM             1375962216.392087
 09 00 D5 03 FF 07 00 00

001:003:000:STREAM             1375962216.419865
 09 00 D4 03 FF 07 00 00

001:003:000:STREAM             1375962216.547974
 09 00 D3 03 FF 07 00 00

001:003:000:STREAM             1375962216.574004
 09 00 D2 03 FF 07 00 00

001:003:000:STREAM             1375962216.599868
 09 00 D2 03 FF 07 00 00

001:003:000:STREAM             1375962216.603896
 09 01 D2 03 FF 07 04 00

001:003:000:STREAM             1375962216.609922
 09 01 D2 03 FF 07 07 00

001:003:000:STREAM             1375962216.613911
 09 01 D2 03 FF 07 0F 00

001:003:000:STREAM             1375962216.617899
 09 01 D2 03 FF 07 23 00

001:003:000:STREAM             1375962216.622038
 09 01 D2 03 FF 07 36 00

001:003:000:STREAM             1375962216.625896
 09 01 D2 03 FF 07 44 00

001:003:000:STREAM             1375962216.629878
 09 01 D2 03 FF 07 4D 00

001:003:000:STREAM             1375962216.633891
 09 01 D2 03 FF 07 54 00

001:003:000:STREAM             1375962216.639867
 09 01 D2 03 FF 07 58 00

001:003:000:STREAM             1375962216.643886
 09 01 D2 03 FF 07 5D 00

001:003:000:STREAM             1375962216.647936
 09 01 D2 03 FF 07 63 00

001:003:000:STREAM             1375962216.651868
 09 01 D2 03 FF 07 6A 00

001:003:000:STREAM             1375962216.655866
 09 01 D2 03 FF 07 70 00

001:003:000:STREAM             1375962216.659858
 09 01 D2 03 FF 07 77 00

001:003:000:STREAM             1375962216.665907
 09 01 D2 03 FF 07 7E 00

001:003:000:STREAM             1375962216.669885
 09 01 D2 03 FF 07 83 00

001:003:000:STREAM             1375962216.673924
 09 01 D2 03 FF 07 88 00

001:003:000:STREAM             1375962216.677917
 09 01 D2 03 FF 07 8C 00

001:003:000:STREAM             1375962216.685909
 09 01 D2 03 FF 07 8D 00

001:003:000:STREAM             1375962216.691969
 09 01 D2 03 FF 07 8F 00

001:003:000:STREAM             1375962216.695895
 09 01 D1 03 FF 07 8F 00

001:003:000:STREAM             1375962216.725881
 09 01 D1 03 FF 07 90 00

001:003:000:STREAM             1375962216.747904
 09 01 D1 03 FF 07 91 00

001:003:000:STREAM             1375962216.751932
 09 01 D1 03 FF 07 93 00

001:003:000:STREAM             1375962216.755921
 09 01 D1 03 FF 07 97 00

001:003:000:STREAM             1375962216.759926
 09 01 D1 03 FF 07 99 00

001:003:000:STREAM             1375962216.763911
 09 01 D1 03 FF 07 9A 00

001:003:000:STREAM             1375962216.767923
 09 01 D1 03 FF 07 9F 00

001:003:000:STREAM             1375962216.771900
 09 01 D1 03 FF 07 A1 00

001:003:000:STREAM             1375962216.777900
 09 01 D1 03 FF 07 A5 00

001:003:000:STREAM             1375962216.781902
 09 01 D1 03 FF 07 A7 00

001:003:000:STREAM             1375962216.785917
 09 01 D1 03 FF 07 AB 00

001:003:000:STREAM             1375962216.789875
 09 01 D1 03 FF 07 B1 00

001:003:000:STREAM             1375962216.793874
 09 01 D1 03 FF 07 B5 00

001:003:000:STREAM             1375962216.798059
 09 01 D1 03 FF 07 BB 00

001:003:000:STREAM             1375962216.803953
 09 01 D1 03 FF 07 C2 00

001:003:000:STREAM             1375962216.807949
 09 01 D1 03 FF 07 C7 00

001:003:000:STREAM             1375962216.811912
 09 01 D1 03 FF 07 CE 00

001:003:000:STREAM             1375962216.815912
 09 01 D1 03 FF 07 D7 00

001:003:000:STREAM             1375962216.819921
 09 01 D1 03 FF 07 DE 00

001:003:000:STREAM             1375962216.823884
 09 01 D1 03 FF 07 E7 00

001:003:000:STREAM             1375962216.827900
 09 01 D1 03 FF 07 EF 00

001:003:000:STREAM             1375962216.833916
 09 01 D1 03 FF 07 F5 00

001:003:000:STREAM             1375962216.837902
 09 01 D1 03 FF 07 FD 00

001:003:000:STREAM             1375962216.841988
 09 01 D1 03 FF 07 04 01

001:003:000:STREAM             1375962216.845955
 09 01 D1 03 FF 07 0B 01

001:003:000:STREAM             1375962216.849914
 09 01 D1 03 FF 07 0E 01

001:003:000:STREAM             1375962216.853931
 09 01 D1 03 FF 07 13 01

001:003:000:STREAM             1375962216.859876
 09 01 D1 03 FF 07 1A 01

001:003:000:STREAM             1375962216.863903
 09 01 D1 03 FF 07 1F 01

001:003:000:STREAM             1375962216.867892
 09 01 D1 03 FF 07 21 01

001:003:000:STREAM             1375962216.871880
 09 01 D1 03 FF 07 25 01

001:003:000:STREAM             1375962216.875887
 09 01 D1 03 FF 07 28 01

001:003:000:STREAM             1375962216.879883
 09 01 D1 03 FF 07 2E 01

001:003:000:STREAM             1375962216.883909
 09 01 D1 03 FF 07 33 01

001:003:000:STREAM             1375962216.889860
 09 01 D1 03 FF 07 39 01

001:003:000:STREAM             1375962216.893889
 09 01 D1 03 FF 07 42 01

001:003:000:STREAM             1375962216.897863
 09 01 D1 03 FF 07 47 01

001:003:000:STREAM             1375962216.901856
 09 01 D1 03 FF 07 4F 01

001:003:000:STREAM             1375962216.905888
 09 01 D1 03 FF 07 56 01

001:003:000:STREAM             1375962216.909860
 09 01 D1 03 FF 07 61 01

001:003:000:STREAM             1375962216.916471
 09 01 D1 03 FF 07 6A 01

001:003:000:STREAM             1375962216.919875
 09 01 D1 03 FF 07 78 01

001:003:000:STREAM             1375962216.923931
 09 01 D1 03 FF 07 83 01

001:003:000:STREAM             1375962216.927931
 09 01 D1 03 FF 07 8D 01

001:003:000:STREAM             1375962216.931876
 09 01 D1 03 FF 07 97 01

001:003:000:STREAM             1375962216.935901
 09 01 D1 03 FF 07 A3 01

001:003:000:STREAM             1375962216.939870
 09 01 D1 03 FF 07 AB 01

001:003:000:STREAM             1375962216.947925
 09 01 D1 03 FF 07 B1 01

001:003:000:STREAM             1375962216.950485
 09 01 D1 03 FF 07 B6 01

001:003:000:STREAM             1375962216.953951
 09 01 D1 03 FF 07 BB 01

001:003:000:STREAM             1375962216.957910
 09 01 D1 03 FF 07 BF 01

001:003:000:STREAM             1375962216.961935
 09 01 D1 03 FF 07 C2 01

001:003:000:STREAM             1375962216.966450
 09 01 D1 03 FF 07 CA 01

001:003:000:STREAM             1375962216.969863
 09 01 D1 03 FF 07 CD 01

001:003:000:STREAM             1375962216.975896
 09 01 D1 03 FF 07 D5 01

001:003:000:STREAM             1375962216.979861
 09 01 D1 03 FF 07 D9 01

001:003:000:STREAM             1375962216.983870
 09 01 D1 03 FF 07 DF 01

001:003:000:STREAM             1375962216.987911
 09 01 D1 03 FF 07 E4 01

001:003:000:STREAM             1375962216.991916
 09 01 D1 03 FF 07 EB 01

001:003:000:STREAM             1375962216.995897
 09 01 D1 03 FF 07 F3 01

001:003:000:STREAM             1375962217.001875
 09 01 D1 03 FF 07 FA 01

001:003:000:STREAM             1375962217.005916
 09 01 D1 03 FF 07 02 02

001:003:000:STREAM             1375962217.009872
 09 01 D1 03 FF 07 0C 02

001:003:000:STREAM             1375962217.013893
 09 01 D1 03 FF 07 15 02

001:003:000:STREAM             1375962217.019449
 09 01 D1 03 FF 07 1E 02

001:003:000:STREAM             1375962217.021941
 09 01 D1 03 FF 07 28 02

001:003:000:STREAM             1375962217.025955
 09 01 D1 03 FF 07 2E 02

001:003:000:STREAM             1375962217.031895
 09 01 D1 03 FF 07 33 02

001:003:000:STREAM             1375962217.035940
 09 01 D1 03 FF 07 38 02

001:003:000:STREAM             1375962217.039875
 09 01 D1 03 FF 07 3D 02

001:003:000:STREAM             1375962217.047897
 09 01 D1 03 FF 07 3F 02

001:003:000:STREAM             1375962217.051954
 09 01 D1 03 FF 07 41 02

001:003:000:STREAM             1375962217.061965
 09 01 D1 03 FF 07 45 02

001:003:000:STREAM             1375962217.069901
 09 01 D1 03 FF 07 47 02

001:003:000:STREAM             1375962217.073922
 09 01 D1 03 FF 07 45 02

001:003:000:STREAM             1375962217.077880
 09 01 D1 03 FF 07 41 02

001:003:000:STREAM             1375962217.111880
 09 01 D1 03 FF 07 46 02

001:003:000:STREAM             1375962217.117897
 09 01 D1 03 FF 07 48 02

001:003:000:STREAM             1375962217.121867
 09 01 D1 03 FF 07 4A 02

001:003:000:STREAM             1375962217.129920
 09 01 D1 03 FF 07 4E 02

001:003:000:STREAM             1375962217.133934
 09 01 D1 03 FF 07 52 02

001:003:000:STREAM             1375962217.137902
 09 01 D1 03 FF 07 55 02

001:003:000:STREAM             1375962217.141877
 09 01 D1 03 FF 07 58 02

001:003:000:STREAM             1375962217.147895
 09 01 D1 03 FF 07 60 02

001:003:000:STREAM             1375962217.151897
 09 01 D1 03 FF 07 65 02

001:003:000:STREAM             1375962217.155896
 09 01 D1 03 FF 07 6C 02

001:003:000:STREAM             1375962217.159875
 09 01 D1 03 FF 07 71 02

001:003:000:STREAM             1375962217.163926
 09 01 D1 03 FF 07 77 02

001:003:000:STREAM             1375962217.167912
 09 01 D1 03 FF 07 7D 02

001:003:000:STREAM             1375962217.171888
 09 01 D1 03 FF 07 85 02

001:003:000:STREAM             1375962217.177896
 09 01 D1 03 FF 07 8A 02

001:003:000:STREAM             1375962217.181880
 09 01 D0 03 FF 07 8C 02

001:003:000:STREAM             1375962217.185920
 09 01 D0 03 FF 07 90 02

001:003:000:STREAM             1375962217.189889
 09 01 D0 03 FF 07 97 02

001:003:000:STREAM             1375962217.193879
 09 01 D0 03 FF 07 9C 02

001:003:000:STREAM             1375962217.197904
 09 01 D0 03 FF 07 9F 02

001:003:000:STREAM             1375962217.204094
 09 01 D0 03 FF 07 A3 02

001:003:000:STREAM             1375962217.207922
 09 01 D0 03 FF 07 A8 02

001:003:000:STREAM             1375962217.211955
 09 01 D0 03 FF 07 AD 02

001:003:000:STREAM             1375962217.215905
 09 01 D1 03 FF 07 B1 02

001:003:000:STREAM             1375962217.219950
 09 01 D1 03 FF 07 B5 02

001:003:000:STREAM             1375962217.223899
 09 01 D1 03 FF 07 BC 02

001:003:000:STREAM             1375962217.227919
 09 01 D1 03 FF 07 C1 02

001:003:000:STREAM             1375962217.233959
 09 01 D1 03 FF 07 C9 02

001:003:000:STREAM             1375962217.238116
 09 01 D1 03 FF 07 CD 02

001:003:000:STREAM             1375962217.241918
 09 01 D1 03 FF 07 D2 02

001:003:000:STREAM             1375962217.246077
 09 01 D1 03 FF 07 D5 02

001:003:000:STREAM             1375962217.250029
 09 01 D1 03 FF 07 D7 02

001:003:000:STREAM             1375962217.253906
 09 01 D1 03 FF 07 D9 02

001:003:000:STREAM             1375962217.267893
 09 01 D1 03 FF 07 E0 02

001:003:000:STREAM             1375962217.271914
 09 01 D1 03 FF 07 DE 02

001:003:000:STREAM             1375962217.275931
 09 01 D1 03 FF 07 E0 02

001:003:000:STREAM             1375962217.301892
 09 01 D0 03 FF 07 E0 02

001:003:000:STREAM             1375962217.305864
 09 01 D0 03 FF 07 DD 02

001:003:000:STREAM             1375962217.309928
 09 01 D0 03 FF 07 DE 02

001:003:000:STREAM             1375962217.323898
 09 01 D0 03 FF 07 DC 02

001:003:000:STREAM             1375962217.327897
 09 01 D0 03 FF 07 D6 02

001:003:000:STREAM             1375962217.331902
 09 01 D0 03 FF 07 C5 02

001:003:000:STREAM             1375962217.335951
 09 01 D0 03 FF 07 AF 02

001:003:000:STREAM             1375962217.339968
 09 01 D0 03 FF 07 8E 02

001:003:000:STREAM             1375962217.343914
 09 01 D0 03 FF 07 66 02

001:003:000:STREAM             1375962217.349970
 09 01 D0 03 FF 07 35 02

001:003:000:STREAM             1375962217.353889
 09 01 D0 03 FF 07 F3 01

001:003:000:STREAM             1375962217.357896
 09 01 D0 03 FF 07 A8 01

001:003:000:STREAM             1375962217.361944
 09 01 D0 03 FF 07 4C 01

001:003:000:STREAM             1375962217.365958
 09 01 D0 03 FF 07 EF 00

001:003:000:STREAM             1375962217.369927
 09 01 D1 03 FF 07 92 00

001:003:000:STREAM             1375962217.373947
 09 00 D1 03 FF 07 00 00

001:003:000:STREAM             1375962217.395949
 09 00 D0 03 FF 07 00 00

001:003:000:STREAM             1375962217.401953
 09 00 CF 03 FE 07 00 00

001:003:000:STREAM             1375962217.405971
 09 00 CE 03 FD 07 00 00

001:003:000:STREAM             1375962217.409891
 09 00 CD 03 FC 07 00 00

001:003:000:STREAM             1375962217.413921
 09 00 CC 03 FA 07 00 00

001:003:000:STREAM             1375962217.418927
 09 00 CB 03 F9 07 00 00

001:003:000:STREAM             1375962217.421918
 09 00 CA 03 F8 07 00 00

001:003:000:STREAM             1375962217.425931
 09 00 C9 03 F7 07 00 00

001:003:000:STREAM             1375962217.429869
 09 00 C7 03 F5 07 00 00

001:003:000:STREAM             1375962217.433933
 09 00 C7 03 F4 07 00 00

001:003:000:STREAM             1375962217.437925
 09 00 C5 03 F2 07 00 00

001:003:000:STREAM             1375962217.441934
 09 00 C4 03 F0 07 00 00

001:003:000:STREAM             1375962217.445911
 09 00 C3 03 EE 07 00 00

001:003:000:STREAM             1375962217.449879
 09 00 C2 03 EC 07 00 00

001:003:000:STREAM             1375962217.453903
 09 00 BE 03 E8 07 00 00

001:003:000:STREAM             1375962217.457902
 09 00 BA 03 E6 07 00 00

001:003:000:STREAM             1375962217.461913
 09 00 B5 03 E5 07 00 00

001:003:000:STREAM             1375962217.465897
 09 00 A6 03 E3 07 00 00

001:003:000:STREAM             1375962217.469899
 09 00 9E 03 E3 07 00 00

001:003:000:STREAM             1375962217.473900
 09 00 97 03 E3 07 00 00

001:003:000:STREAM             1375962217.477963
 09 00 91 03 E4 07 00 00

001:003:000:STREAM             1375962217.481878
 09 00 82 03 E5 07 00 00

001:003:000:STREAM             1375962217.485906
 09 00 7D 03 E5 07 00 00

001:003:000:STREAM             1375962217.489874
 09 00 78 03 E4 07 00 00

001:003:000:STREAM             1375962217.493903
 09 00 70 03 E3 07 00 00

001:003:000:STREAM             1375962217.498382
 09 00 70 03 E3 07 00 00

