000:STREAM                     1281874001.771847
 01 00 00 00 01 00

000:STREAM                     1281874001.823829
 01 00 00 00 01 00

000:STREAM                     1281874001.877830
 01 00 00 00 01 00

000:STREAM                     1281874001.933825
 01 00 00 00 01 00

000:STREAM                     1281874001.997818
 01 00 00 00 01 00

000:STREAM                     1281874002.061826
 01 00 00 00 01 00

000:STREAM                     1281874002.119828
 01 00 00 00 01 00

000:STREAM                     1281874002.159825
 01 00 00 00 01 00

000:STREAM                     1281874002.205824
 01 00 00 00 01 00

000:STREAM                     1281874002.267824
 01 00 00 00 01 00

000:STREAM                     1281874002.347829
 01 00 00 00 01 00

000:STREAM                     1281874002.435825
 01 00 00 00 01 00

000:STREAM                     1281874002.535819
 01 00 00 00 01 00

000:STREAM                     1281874003.239832
 01 00 00 00 01 00

000:STREAM                     1281874003.351819
 01 00 00 00 01 00

000:STREAM                     1281874003.433819
 01 00 00 00 01 00

000:STREAM                     1281874003.499809
 01 00 00 00 01 00

000:STREAM                     1281874003.551821
 01 00 00 00 01 00

000:STREAM                     1281874003.609819
 01 00 00 00 01 00

000:STREAM                     1281874003.661819
 01 00 00 00 01 00

000:STREAM                     1281874003.703817
 01 00 00 00 01 00

000:STREAM                     1281874003.759816
 01 00 00 00 01 00

000:STREAM                     1281874003.813819
 01 00 00 00 01 00

000:STREAM                     1281874003.933819
 01 00 00 00 01 00

000:STREAM                     1281874004.035816
 01 00 00 00 01 00

000:STREAM                     1281874004.085820
 01 00 00 00 01 00

000:STREAM                     1281874004.157819
 01 00 00 00 01 00

000:STREAM                     1281874004.231817
 01 00 00 00 01 00

000:STREAM                     1281874004.251813
 01 00 00 00 01 00

000:STREAM                     1281874004.287814
 01 00 00 00 01 00

000:STREAM                     1281874004.319819
 01 00 00 00 01 00

000:STREAM                     1281874004.341813
 01 00 00 00 01 00

000:STREAM                     1281874004.371814
 01 00 00 00 01 00

000:STREAM                     1281874004.379805
 01 00 00 00 01 00

000:STREAM                     1281874004.405815
 01 00 00 00 01 00

000:STREAM                     1281874004.445817
 01 00 00 00 01 00

000:STREAM                     1281874004.451812
 01 00 00 00 01 00

000:STREAM                     1281874004.487813
 01 00 00 00 01 00

000:STREAM                     1281874004.541814
 01 00 00 00 01 00

000:STREAM                     1281874004.551810
 01 00 00 00 01 00

000:STREAM                     1281874004.621816
 01 00 00 00 01 00

000:STREAM                     1281874004.665813
 01 00 00 00 01 00

000:STREAM                     1281874004.691813
 01 00 00 00 01 00

000:STREAM                     1281874004.707814
 01 00 00 00 01 00

000:STREAM                     1281874004.745806
 01 00 00 00 01 00

000:STREAM                     1281874004.753810
 01 00 00 00 01 00

000:STREAM                     1281874004.799812
 01 00 00 00 01 00

000:STREAM                     1281874004.849815
 01 00 00 00 01 00

000:STREAM                     1281874004.861806
 01 00 00 00 01 00

000:STREAM                     1281874004.917815
 01 00 00 00 01 00

000:STREAM                     1281874004.931813
 01 00 00 00 01 00

000:STREAM                     1281874004.965813
 01 00 00 00 01 00

000:STREAM                     1281874004.985494
 01 00 00 00 01 00

000:STREAM                     1281874005.011811
 01 00 00 00 01 00

000:STREAM                     1281874005.023809
 01 00 00 00 01 00

000:STREAM                     1281874005.041807
 01 00 00 00 01 00

000:STREAM                     1281874005.067810
 01 00 00 00 01 00

000:STREAM                     1281874005.089811
 01 00 00 00 01 00

000:STREAM                     1281874005.093784
 01 00 00 00 01 00

000:STREAM                     1281874005.121810
 01 00 00 00 01 00

000:STREAM                     1281874005.127812
 01 00 00 00 01 00

000:STREAM                     1281874005.159808
 01 00 00 00 01 00

000:STREAM                     1281874005.193812
 01 00 00 00 01 00

000:STREAM                     1281874005.227814
 01 00 00 00 01 00

000:STREAM                     1281874005.259806
 01 00 00 00 01 00

000:STREAM                     1281874005.291809
 01 00 00 00 01 00

000:STREAM                     1281874005.319813
 01 00 00 00 01 00

000:STREAM                     1281874005.351811
 01 00 00 00 01 00

000:STREAM                     1281874005.379811
 01 00 00 00 01 00

000:STREAM                     1281874005.407808
 01 00 00 00 01 00

000:STREAM                     1281874005.429810
 01 00 00 00 01 00

000:STREAM                     1281874005.455807
 01 00 00 00 01 00

000:STREAM                     1281874005.491806
 01 00 00 00 01 00

000:STREAM                     1281874005.523807
 01 00 00 00 01 00

000:STREAM                     1281874005.547808
 01 00 00 00 01 00

000:STREAM                     1281874005.567812
 01 00 00 00 01 00

000:STREAM                     1281874005.585807
 01 00 00 00 01 00

000:STREAM                     1281874005.615810
 01 00 00 00 01 00

000:STREAM                     1281874005.649814
 01 00 00 00 01 00

000:STREAM                     1281874005.683808
 01 00 00 00 01 00

000:STREAM                     1281874005.703813
 01 00 00 00 01 00

000:STREAM                     1281874005.723804
 01 00 00 00 01 00

000:STREAM                     1281874005.739806
 01 00 00 00 01 00

000:STREAM                     1281874005.767812
 01 00 00 00 01 00

000:STREAM                     1281874005.801806
 01 00 00 00 01 00

000:STREAM                     1281874005.839806
 01 00 00 00 01 00

000:STREAM                     1281874005.881809
 01 00 00 00 01 00

000:STREAM                     1281874005.915807
 01 00 00 00 01 00

000:STREAM                     1281874005.939807
 01 00 00 00 01 00

000:STREAM                     1281874005.973808
 01 00 00 00 01 00

000:STREAM                     1281874006.005806
 01 00 00 00 01 00

000:STREAM                     1281874006.031807
 01 00 00 00 01 00

000:STREAM                     1281874006.047805
 01 00 00 00 01 00

000:STREAM                     1281874006.065805
 01 00 00 00 01 00

000:STREAM                     1281874006.087802
 01 00 00 00 01 00

