000:STREAM                     1282380121.135090
 01 00 00 00 00 01

000:STREAM                     1282380121.215068
 01 00 00 00 00 01

000:STREAM                     1282380121.265072
 01 00 00 00 00 01

000:STREAM                     1282380121.341071
 01 00 00 00 00 01

000:STREAM                     1282380121.433069
 01 00 00 00 00 01

000:STREAM                     1282380121.491068
 01 00 00 00 00 01

000:STREAM                     1282380121.539066
 01 00 00 00 00 01

000:STREAM                     1282380121.583067
 01 00 00 00 00 01

000:STREAM                     1282380121.627065
 01 00 00 00 00 01

000:STREAM                     1282380121.681065
 01 00 00 00 00 01

000:STREAM                     1282380121.729071
 01 00 00 00 00 01

000:STREAM                     1282380121.779067
 01 00 00 00 00 01

000:STREAM                     1282380121.819068
 01 00 00 00 00 01

000:STREAM                     1282380121.873064
 01 00 00 00 00 01

000:STREAM                     1282380121.935071
 01 00 00 00 00 01

000:STREAM                     1282380121.979064
 01 00 00 00 00 01

000:STREAM                     1282380122.037072
 01 00 00 00 00 01

000:STREAM                     1282380122.071068
 01 00 00 00 00 01

000:STREAM                     1282380122.123065
 01 00 00 00 00 01

000:STREAM                     1282380122.169063
 01 00 00 00 00 01

000:STREAM                     1282380122.195059
 01 00 00 00 00 01

000:STREAM                     1282380122.221062
 01 00 00 00 00 01

000:STREAM                     1282380122.249065
 01 00 00 00 00 01

000:STREAM                     1282380122.285063
 01 00 00 00 00 01

000:STREAM                     1282380122.319066
 01 00 00 00 00 01

000:STREAM                     1282380122.351065
 01 00 00 00 00 01

000:STREAM                     1282380122.393063
 01 00 00 00 00 01

000:STREAM                     1282380122.427061
 01 00 00 00 00 01

000:STREAM                     1282380122.451064
 01 00 00 00 00 01

000:STREAM                     1282380122.473062
 01 00 00 00 00 01

000:STREAM                     1282380122.499063
 01 00 00 00 00 01

000:STREAM                     1282380122.527061
 01 00 00 00 00 01

000:STREAM                     1282380122.557063
 01 00 00 00 00 01

000:STREAM                     1282380122.587061
 01 00 00 00 00 01

000:STREAM                     1282380122.611064
 01 00 00 00 00 01

000:STREAM                     1282380122.629064
 01 00 00 00 00 01

000:STREAM                     1282380122.653063
 01 00 00 00 00 01

000:STREAM                     1282380122.677063
 01 00 00 00 00 01

000:STREAM                     1282380122.709062
 01 00 00 00 00 01

000:STREAM                     1282380122.739062
 01 00 00 00 00 01

000:STREAM                     1282380122.767061
 01 00 00 00 00 01

000:STREAM                     1282380122.791060
 01 00 00 00 00 01

000:STREAM                     1282380122.819065
 01 00 00 00 00 01

000:STREAM                     1282380122.843060
 01 00 00 00 00 01

000:STREAM                     1282380122.885060
 01 00 00 00 00 01

000:STREAM                     1282380122.931061
 01 00 00 00 00 01

000:STREAM                     1282380122.953059
 01 00 00 00 00 01

000:STREAM                     1282380122.969053
 01 00 00 00 00 01

000:STREAM                     1282380122.989060
 01 00 00 00 00 01

