000:STREAM                     1281874056.259599
 0D 00 00 2C 00 00 00 00

000:STREAM                     1281874056.419565
 0D 00 00 00 00 00 00 00

000:STREAM                     1281874056.589563
 0D 00 00 2C 00 00 00 00

000:STREAM                     1281874056.717569
 0D 00 00 00 00 00 00 00

000:STREAM                     1281874057.099563
 0D 00 00 2C 00 00 00 00

000:STREAM                     1281874057.227572
 0D 00 00 00 00 00 00 00

000:STREAM                     1281874057.539558
 0D 00 00 2C 00 00 00 00

000:STREAM                     1281874057.693558
 0D 00 00 00 00 00 00 00

000:STREAM                     1281874057.913566
 0D 00 00 2C 00 00 00 00

000:STREAM                     1281874058.067556
 0D 00 00 00 00 00 00 00

000:STREAM                     1281874060.261580
 0D 01 00 00 00 00 00 00

000:STREAM                     1281874060.263549
 0D 01 00 56 00 00 00 00

000:STREAM                     1281874060.265548
 0D 00 00 00 00 00 00 00

000:STREAM                     1281874060.465547
 0D 00 00 2C 00 00 00 00

000:STREAM                     1281874060.625547
 0D 00 00 00 00 00 00 00

000:STREAM                     1281874060.845547
 0D 00 00 2C 00 00 00 00

000:STREAM                     1281874060.981549
 0D 00 00 00 00 00 00 00

000:STREAM                     1281874061.211541
 0D 00 00 2C 00 00 00 00

000:STREAM                     1281874061.329542
 0D 00 00 00 00 00 00 00

000:STREAM                     1281874061.507556
 0D 00 00 2C 00 00 00 00

000:STREAM                     1281874061.627541
 0D 00 00 00 00 00 00 00

000:STREAM                     1281874061.991544
 0D 00 00 2C 00 00 00 00

000:STREAM                     1281874062.109535
 0D 00 00 00 00 00 00 00

000:STREAM                     1281874062.313542
 0D 00 00 2C 00 00 00 00

000:STREAM                     1281874062.407538
 0D 00 00 00 00 00 00 00

000:STREAM                     1281874062.601536
 0D 00 00 2C 00 00 00 00

000:STREAM                     1281874062.711542
 0D 00 00 00 00 00 00 00

000:STREAM                     1281874062.847538
 0D 00 00 2C 00 00 00 00

000:STREAM                     1281874062.975530
 0D 00 00 00 00 00 00 00

000:STREAM                     1281874063.237549
 0D 00 00 2C 00 00 00 00

000:STREAM                     1281874063.339537
 0D 00 00 00 00 00 00 00

000:STREAM                     1281874063.525526
 0D 00 00 2C 00 00 00 00

000:STREAM                     1281874063.637534
 0D 00 00 00 00 00 00 00

000:STREAM                     1281874063.805536
 0D 00 00 2C 00 00 00 00

000:STREAM                     1281874063.907536
 0D 00 00 00 00 00 00 00

000:STREAM                     1281874064.171537
 0D 00 00 2C 00 00 00 00

000:STREAM                     1281874064.247535
 0D 00 00 00 00 00 00 00

000:STREAM                     1281874064.451529
 0D 00 00 2C 00 00 00 00

000:STREAM                     1281874064.553526
 0D 00 00 00 00 00 00 00

000:STREAM                     1281874064.731532
 0D 00 00 2C 00 00 00 00

000:STREAM                     1281874064.851526
 0D 00 00 00 00 00 00 00

000:STREAM                     1281874065.011523
 0D 00 00 2C 00 00 00 00

000:STREAM                     1281874065.113532
 0D 00 00 00 00 00 00 00

