 001:005:002:DESCRIPTOR         1579726581.184257
 05 0D 09 02 A1 01 85 07 09 20 A1 00 09 42 09 44
 09 45 15 00 25 01 75 01 95 03 81 02 95 02 81 03
 09 32 95 01 81 02 95 02 81 03 75 10 95 01 35 00
 A4 05 01 09 30 65 13 55 0D 46 63 23 26 E2 59 81
 02 09 31 46 EA 13 26 96 32 81 02 B4 09 30 45 00
 26 FF 07 81 02 09 3D 15 81 25 7F 75 08 95 01 81
 02 09 3E 15 81 25 7F 81 02 C0 C0 05 0D 09 02 A1
 01 85 08 09 20 A1 00 09 42 09 44 09 45 15 00 25
 01 75 01 95 03 81 02 95 02 81 03 09 32 95 01 81
 02 95 02 81 03 75 10 95 01 35 00 A4 05 01 09 30
 65 13 55 0D 46 63 23 26 E2 59 81 02 09 31 46 EA
 13 26 96 32 81 02 B4 09 30 45 00 26 FF 07 81 02
 09 3D 15 81 25 7F 75 08 95 01 81 02 09 3E 15 81
 25 7F 81 02 C0 C0 06 03 FF 09 00 A1 01 85 0B 15
 00 26 FF 00 09 00 75 08 95 3F 81 02 C0
