003:096:001:STREAM             1568364318.741527
 07 A0 F5 77 C7 4E 00 00 00 00

003:096:000:STREAM             1568364320.171702
 06 01 57 00 00 00 00 00

003:096:000:STREAM             1568364320.415718
 06 00 00 00 00 00 00 00

003:096:000:STREAM             1568364321.119735
 06 01 56 00 00 00 00 00

003:096:000:STREAM             1568364321.391764
 06 00 00 00 00 00 00 00

003:096:000:STREAM             1568364322.191833
 06 00 05 00 00 00 00 00

003:096:000:STREAM             1568364322.463846
 06 00 00 00 00 00 00 00

003:096:000:STREAM             1568364323.579930
 06 00 08 00 00 00 00 00

003:096:000:STREAM             1568364323.887892
 06 00 00 00 00 00 00 00

003:096:000:STREAM             1568364324.875955
 06 05 1D 00 00 00 00 00

003:096:000:STREAM             1568364325.191954
 06 00 00 00 00 00 00 00

003:096:000:STREAM             1568364326.128022
 06 01 16 00 00 00 00 00

003:096:000:STREAM             1568364326.440044
 06 00 00 00 00 00 00 00

