11 80 61 34 08 1b 00 00
11 80 62 34 09 1b 00 00
11 80 63 34 0a 1b 00 00
11 80 64 34 0b 1b 00 00
11 80 65 34 0c 1b 00 00
11 80 66 34 0d 1b 00 00
11 80 67 34 0e 1b 00 00
11 80 68 34 0f 1b 00 00
11 80 69 34 10 1b 00 00
11 80 69 34 10 1b 00 00
11 80 69 34 10 1b 00 00
11 80 69 34 10 1b 00 00
11 80 69 34 10 1b 00 00
11 80 69 34 10 1b 00 00
11 80 69 34 10 1b 00 00
11 80 69 34 10 1b 00 00
11 80 69 34 10 1b 00 00
11 80 69 34 10 1b 00 00
11 80 69 34 10 1b 00 00
11 80 69 34 10 1b 00 00
11 80 69 34 10 1b 00 00
11 80 69 34 10 1b 00 00
11 80 69 34 10 1b 00 00
11 80 69 34 10 1b 00 00
11 80 69 34 10 1b 00 00
11 80 69 34 10 1b 00 00
11 80 69 34 10 1b 00 00
11 80 69 34 10 1b 00 00
11 80 69 34 10 1b 00 00
11 80 69 34 10 1b 00 00
11 80 69 34 10 1b 00 00
11 80 69 34 10 1b 00 00
11 80 6a 34 10 1b 00 00
11 80 6b 34 10 1b 00 00
11 80 6c 34 10 1b 00 00
11 80 6d 34 10 1b 00 00
11 80 6e 34 10 1b 00 00
11 80 6f 34 10 1b 00 00
11 80 70 34 10 1b 00 00
11 80 71 34 10 1b 00 00
11 80 72 34 10 1b 00 00
11 80 73 34 10 1b 00 00
11 80 74 34 10 1b 00 00
11 80 75 34 10 1b 00 00
11 80 76 34 10 1b 00 00
11 80 77 34 10 1b 00 00
11 80 78 34 10 1b 00 00
11 80 79 34 10 1b 00 00
11 80 79 34 10 1b 00 00
11 80 79 34 10 1b 00 00
11 80 79 34 10 1b 00 00
11 80 79 34 10 1b 00 00
11 80 79 34 10 1b 00 00
11 80 79 34 10 1b 00 00
11 80 79 34 10 1b 00 00
11 80 79 34 10 1b 00 00
11 80 79 34 10 1b 00 00
11 80 79 34 10 1b 00 00
11 80 79 34 10 1b 00 00
11 80 79 34 10 1b 00 00
11 80 79 34 10 1b 00 00
11 80 79 34 10 1b 00 00
11 80 79 34 10 1b 00 00
11 80 79 34 10 1b 00 00
11 80 79 34 10 1b 00 00
11 80 79 34 10 1b 00 00
11 80 79 34 10 1b 00 00
11 80 79 34 10 1b 00 00
11 80 79 34 10 1b 00 00
11 80 79 34 10 1b 00 00
11 80 79 34 10 1b 00 00
11 80 79 34 10 1b 00 00
11 80 79 34 10 1b 00 00
11 80 79 34 10 1b 00 00
11 80 79 34 10 1b 00 00
11 80 79 34 10 1b 00 00
11 80 79 34 10 1b 00 00
11 80 79 34 10 1b 00 00
11 80 79 34 10 1b 00 00
11 80 79 34 10 1b 00 00
11 80 79 34 10 1b 00 00
11 80 79 34 10 1b 00 00
11 80 79 34 10 1b 00 00
11 80 79 34 10 1b 00 00
11 80 79 34 10 1b 00 00
11 80 79 34 10 1b 00 00
11 80 79 34 10 1b 00 00
11 80 79 34 10 1b 00 00
11 80 79 34 10 1b 00 00
11 80 79 34 10 1b 00 00
11 80 79 34 10 1b 00 00
11 80 79 34 10 1b 00 00
11 80 79 34 10 1b 00 00
11 80 79 34 10 1b 00 00
11 80 79 34 10 1b 00 00
11 80 79 34 10 1b 00 00
11 80 79 34 10 1b 00 00
11 80 79 34 10 1b 00 00
11 80 79 34 10 1b 00 00
11 80 79 34 10 1b 00 00
11 80 79 34 10 1b 00 00
11 80 79 34 10 1b 00 00
11 80 79 34 10 1b 00 00
11 80 79 34 10 1b 00 00
11 80 79 34 10 1b 00 00
11 80 79 34 10 1b 00 00
11 80 79 34 10 1b 00 00
11 80 79 34 10 1b 00 00
11 80 79 34 10 1b 00 00
11 80 79 34 10 1b 00 00
11 80 79 34 10 1b 00 00
11 80 79 34 10 1b 00 00
11 80 79 34 10 1b 00 00
11 80 79 34 10 1b 00 00
11 80 79 34 10 1b 00 00
11 80 79 34 10 1b 00 00
11 80 79 34 10 1b 00 00
11 80 79 34 10 1b 00 00
11 80 79 34 10 1b 00 00
11 80 79 34 10 1b 00 00
11 80 79 34 10 1b 00 00
11 80 79 34 10 1b 00 00
11 80 79 34 10 1b 00 00
11 80 79 34 10 1b 00 00
11 80 79 34 10 1b 00 00
11 80 79 34 10 1b 00 00
11 80 79 34 10 1b 00 00
11 80 79 34 10 1b 00 00
11 80 79 34 10 1b 00 00
11 80 79 34 10 1b 00 00
11 80 79 34 10 1b 00 00
11 80 79 34 10 1b 00 00
11 80 79 34 10 1b 00 00
11 80 79 34 10 1b 00 00
11 80 79 34 10 1b 00 00
11 80 79 34 10 1b 00 00
11 80 79 34 10 1b 00 00
11 80 79 34 10 1b 00 00
11 80 79 34 10 1b 00 00
11 80 79 34 10 1b 00 00
11 80 79 34 10 1b 00 00
11 80 79 34 10 1b 00 00
11 80 79 34 10 1b 00 00
11 80 79 34 10 1b 00 00
11 80 79 34 10 1b 00 00
11 80 79 34 10 1b 00 00
11 80 79 34 10 1b 00 00
11 80 79 34 10 1b 00 00
11 80 79 34 10 1b 00 00
11 80 79 34 10 1b 00 00
11 80 79 34 10 1b 00 00
11 80 79 34 10 1b 00 00
11 80 79 34 10 1b 00 00
11 80 79 34 10 1b 00 00
11 80 79 34 10 1b 00 00
11 80 79 34 10 1b 00 00
11 80 79 34 10 1b 00 00
11 80 79 34 10 1b 00 00
11 80 79 34 10 1b 00 00
11 80 79 34 10 1b 00 00
11 80 79 34 10 1b 00 00
11 80 79 34 10 1b 00 00
11 80 79 34 10 1b 00 00
11 80 79 34 10 1b 00 00
11 80 79 34 10 1b 00 00
11 80 79 34 10 1b 00 00
11 80 79 34 10 1b 00 00
11 80 79 34 10 1b 00 00
11 80 79 34 10 1b 00 00
11 80 79 34 10 1b 00 00
11 80 79 34 10 1b 00 00
11 80 79 34 10 1b 00 00
11 80 79 34 10 1b 00 00
11 80 79 34 10 1b 00 00
11 80 79 34 10 1b 00 00
11 80 79 34 10 1b 00 00
11 80 79 34 10 1b 00 00
11 80 79 34 10 1b 00 00
11 80 79 34 10 1b 00 00
11 80 79 34 10 1b 00 00
11 80 79 34 10 1b 00 00
11 80 79 34 10 1b 00 00
11 80 79 34 10 1b 00 00
11 80 79 34 10 1b 00 00
11 80 79 34 10 1b 00 00
11 80 79 34 10 1b 00 00
11 80 79 34 10 1b 00 00
11 80 79 34 10 1b 00 00
11 80 79 34 10 1b 00 00
11 80 79 34 10 1b 00 00
11 80 79 34 10 1b 00 00
11 80 79 34 10 1b 00 00
11 80 79 34 10 1b 00 00
11 80 79 34 10 1b 00 00
11 80 79 34 10 1b 00 00
11 80 79 34 10 1b 00 00
11 80 79 34 10 1b 00 00
11 80 79 34 10 1b 00 00
11 80 79 34 10 1b 00 00
11 80 79 34 10 1b 00 00
11 80 79 34 10 1b 00 00
11 80 79 34 10 1b 00 00
11 80 79 34 10 1b 00 00
11 80 79 34 10 1b 00 00
11 80 79 34 10 1b 00 00
11 80 79 34 10 1b 00 00
11 80 79 34 10 1b 00 00
11 80 79 34 10 1b 00 00
11 80 79 34 10 1b 00 00
11 80 79 34 10 1b 00 00
11 80 79 34 10 1b 00 00
11 80 79 34 10 1b 00 00
11 80 79 34 10 1b 00 00
11 80 79 34 10 1b 00 00
11 80 79 34 10 1b 00 00
11 80 79 34 10 1b 00 00
11 80 79 34 10 1b 00 00
11 80 79 34 10 1b 00 00
11 80 79 34 10 1b 00 00
11 80 79 34 10 1b 00 00
11 80 79 34 10 1b 00 00
11 80 79 34 10 1b 00 00
11 80 79 34 10 1b 00 00
11 80 79 34 10 1b 00 00
11 80 79 34 10 1b 00 00
11 80 79 34 10 1b 00 00
11 80 79 34 10 1b 00 00
11 80 79 34 10 1b 00 00
11 80 79 34 10 1b 00 00
11 80 79 34 10 1b 00 00
11 80 79 34 10 1b 00 00
11 80 79 34 10 1b 00 00
11 80 79 34 10 1b 00 00
11 80 79 34 10 1b 00 00
11 80 79 34 10 1b 00 00
11 80 79 34 10 1b 00 00
11 80 79 34 10 1b 00 00
11 80 79 34 10 1b 00 00
11 80 79 34 10 1b 00 00
11 80 79 34 10 1b 00 00
11 80 79 34 10 1b 00 00
11 80 79 34 10 1b 00 00
11 80 79 34 10 1b 00 00
11 80 79 34 10 1b 00 00
11 80 79 34 10 1b 00 00
11 80 79 34 10 1b 00 00
11 80 79 34 10 1b 00 00
11 80 79 34 10 1b 00 00
11 80 79 34 10 1b 00 00
11 80 79 34 10 1b 00 00
11 80 79 34 10 1b 00 00
11 80 79 34 10 1b 00 00
11 80 79 34 10 1b 00 00
11 80 79 34 10 1b 00 00
11 80 79 34 10 1b 00 00
11 80 79 34 10 1b 00 00
11 80 79 34 10 1b 00 00
11 80 79 34 10 1b 00 00
11 80 79 34 10 1b 00 00
11 80 79 34 10 1b 00 00
11 80 79 34 15 1b 00 00
11 80 7a 34 15 1b 00 00
11 80 7b 34 15 1b 00 00
11 80 7c 34 15 1b 00 00
11 80 7d 34 15 1b 00 00
11 80 7e 34 15 1b 00 00
11 80 7f 34 15 1b 00 00
11 80 80 34 15 1b 00 00
11 80 81 34 15 1b 00 00
11 80 82 34 15 1b 00 00
11 80 83 34 15 1b 00 00
11 80 84 34 15 1b 00 00
11 80 85 34 15 1b 00 00
11 80 86 34 15 1b 00 00
11 80 87 34 15 1b 00 00
11 80 87 34 15 1b 00 00
11 80 87 34 15 1b 00 00
11 80 87 34 15 1b 00 00
11 80 87 34 15 1b 00 00
11 80 87 34 15 1b 00 00
11 80 87 34 15 1b 00 00
11 80 87 34 15 1b 00 00
11 80 87 34 15 1b 00 00
11 80 87 34 15 1b 00 00
11 80 87 34 15 1b 00 00
11 80 87 34 15 1b 00 00
11 80 87 34 15 1b 00 00
11 80 87 34 15 1b 00 00
11 80 87 34 15 1b 00 00
11 80 87 34 15 1b 00 00
11 80 87 34 15 1b 00 00
11 80 87 34 15 1b 00 00
11 80 87 34 15 1b 00 00
11 80 87 34 15 1b 00 00
11 80 87 34 15 1b 00 00
11 80 87 34 15 1b 00 00
11 80 87 34 15 1b 00 00
11 80 87 34 15 1b 00 00
11 80 87 34 15 1b 00 00
11 80 87 34 15 1b 00 00
11 80 87 34 15 1b 00 00
11 80 87 34 15 1b 00 00
11 80 87 34 15 1b 00 00
11 80 87 34 15 1b 00 00
11 80 87 34 15 1b 00 00
11 80 87 34 15 1b 00 00
11 80 87 34 15 1b 00 00
11 80 87 34 15 1b 00 00
11 80 87 34 15 1b 00 00
11 80 87 34 15 1b 00 00
11 80 87 34 15 1b 00 00
11 80 87 34 15 1b 00 00
11 80 87 34 15 1b 00 00
11 80 87 34 15 1b 00 00
11 80 87 34 15 1b 00 00
11 80 87 34 15 1b 00 00
11 80 87 34 15 1b 00 00
11 80 87 34 15 1b 00 00
11 80 87 34 15 1b 00 00
11 80 87 34 15 1b 00 00
11 80 87 34 15 1b 00 00
11 80 87 34 15 1b 00 00
11 80 87 34 15 1b 00 00
11 80 87 34 15 1b 00 00
11 80 87 34 15 1b 00 00
11 80 87 34 15 1b 00 00
11 80 87 34 15 1b 00 00
11 80 87 34 15 1b 00 00
11 80 87 34 15 1b 00 00
11 80 87 34 15 1b 00 00
11 80 87 34 15 1b 00 00
11 80 87 34 15 1b 00 00
11 80 87 34 15 1b 00 00
11 80 87 34 15 1b 00 00
11 80 87 34 15 1b 00 00
11 80 87 34 15 1b 00 00
11 80 87 34 15 1b 00 00
11 80 87 34 15 1b 00 00
11 80 87 34 15 1b 00 00
11 80 87 34 15 1b 00 00
11 80 87 34 15 1b 00 00
11 80 87 34 15 1b 00 00
11 80 87 34 15 1b 00 00
11 80 87 34 15 1b 00 00
11 80 87 34 15 1b 00 00
11 80 87 34 15 1b 00 00
11 80 87 34 15 1b 00 00
11 80 87 34 15 1b 00 00
11 80 87 34 15 1b 00 00
11 80 87 34 15 1b 00 00
11 80 87 34 15 1b 00 00
11 80 87 34 15 1b 00 00
11 80 87 34 15 1b 00 00
11 80 87 34 15 1b 00 00
11 80 87 34 15 1b 00 00
11 80 87 34 15 1b 00 00
11 80 87 34 15 1b 00 00
11 80 87 34 15 1b 00 00
11 80 87 34 15 1b 00 00
11 80 87 34 15 1b 00 00
11 80 87 34 15 1b 00 00
11 80 87 34 15 1b 00 00
11 80 87 34 15 1b 00 00
11 80 87 34 15 1b 00 00
11 80 87 34 15 1b 00 00
11 80 87 34 15 1b 00 00
11 80 87 34 15 1b 00 00
11 80 87 34 15 1b 00 00
11 80 87 34 15 1b 00 00
11 80 87 34 15 1b 00 00
11 80 87 34 15 1b 00 00
11 80 87 34 15 1b 00 00
11 80 87 34 15 1b 00 00
11 80 87 34 15 1b 00 00
11 80 87 34 15 1b 00 00
11 80 87 34 15 1b 00 00
11 80 87 34 15 1b 00 00
11 80 87 34 15 1b 00 00
11 80 87 34 15 1b 00 00
11 80 87 34 15 1b 00 00
11 80 87 34 15 1b 00 00
11 80 87 34 15 1b 00 00
11 80 87 34 15 1b 00 00
11 80 87 34 15 1b 00 00
11 80 87 34 15 1b 00 00
11 80 87 34 15 1b 00 00
11 80 87 34 15 1b 00 00
11 80 87 34 15 1b 00 00
11 80 87 34 15 1b 00 00
11 80 87 34 15 1b 00 00
11 80 87 34 15 1b 00 00
11 80 87 34 15 1b 00 00
11 80 87 34 15 1b 00 00
11 80 87 34 15 1b 00 00
11 80 87 34 15 1b 00 00
11 80 87 34 15 1b 00 00
11 80 87 34 15 1b 00 00
11 80 87 34 15 1b 00 00
11 80 87 34 15 1b 00 00
11 80 87 34 15 1b 00 00
11 80 87 34 15 1b 00 00
11 80 87 34 15 1b 00 00
11 80 87 34 15 1b 00 00
11 80 87 34 15 1b 00 00
11 80 87 34 15 1b 00 00
11 81 87 34 15 1b 00 00
11 81 87 34 15 1b 00 00
11 81 87 34 15 1b 00 00
11 81 87 34 15 1b 00 00
11 81 87 34 17 1b 00 00
11 81 87 34 18 1b 00 00
11 81 87 34 19 1b 00 00
11 81 87 34 26 1b 00 00
11 81 87 34 27 1b 00 00
11 81 87 34 28 1b 00 00
11 81 87 34 29 1b 00 00
11 81 87 34 37 1b 00 00
11 81 87 34 38 1b 00 00
11 81 87 34 39 1b 00 00
11 81 87 34 3a 1b 00 00
11 81 87 34 3b 1b 00 00
11 81 87 34 3c 1b 00 00
11 81 87 34 3d 1b 00 00
11 81 87 34 3e 1b 00 00
11 81 87 34 3f 1b 00 00
11 81 87 34 40 1b 00 00
11 81 87 34 41 1b 00 00
11 81 87 34 42 1b 00 00
11 81 87 34 43 1b 00 00
11 81 87 34 43 1b 00 00
11 81 87 34 43 1b 00 00
11 81 87 34 43 1b 00 00
11 81 87 34 43 1b 00 00
11 81 87 34 43 1b 00 00
11 81 87 34 43 1b 00 00
11 81 87 34 43 1b 00 00
11 81 87 34 43 1b 00 00
11 81 87 34 43 1b 00 00
11 81 87 34 43 1b 00 00
11 81 87 34 43 1b 00 00
11 81 87 34 43 1b 00 00
11 81 87 34 43 1b 00 00
11 80 87 34 43 1b 00 00
11 80 87 34 43 1b 00 00
11 80 87 34 43 1b 00 00
11 80 87 34 43 1b 00 00
11 80 87 34 43 1b 00 00
11 80 87 34 43 1b 00 00
11 80 87 34 43 1b 00 00
11 80 87 34 43 1b 00 00
11 80 87 34 43 1b 00 00
11 80 87 34 43 1b 00 00
11 80 87 34 43 1b 00 00
11 80 87 34 43 1b 00 00
11 80 87 34 43 1b 00 00
11 80 87 34 43 1b 00 00
11 80 87 34 43 1b 00 00
11 80 87 34 43 1b 00 00
11 80 87 34 43 1b 00 00
11 80 87 34 43 1b 00 00
11 80 87 34 43 1b 00 00
11 80 87 34 43 1b 00 00
11 80 87 34 43 1b 00 00
11 80 87 34 43 1b 00 00
11 80 87 34 43 1b 00 00
11 80 87 34 43 1b 00 00
11 80 87 34 43 1b 00 00
11 80 87 34 43 1b 00 00
11 80 87 34 43 1b 00 00
11 80 87 34 43 1b 00 00
11 80 87 34 43 1b 00 00
11 80 87 34 43 1b 00 00
11 80 87 34 43 1b 00 00
11 80 87 34 43 1b 00 00
11 80 87 34 43 1b 00 00
11 80 87 34 43 1b 00 00
11 80 87 34 43 1b 00 00
11 80 87 34 43 1b 00 00
11 80 87 34 43 1b 00 00
11 80 87 34 43 1b 00 00
11 80 87 34 43 1b 00 00
11 80 87 34 43 1b 00 00
11 80 87 34 43 1b 00 00
11 80 87 34 43 1b 00 00
11 80 87 34 43 1b 00 00
11 80 87 34 43 1b 00 00
11 80 87 34 43 1b 00 00
11 80 87 34 43 1b 00 00
11 80 87 34 43 1b 00 00
11 80 87 34 43 1b 00 00
11 80 87 34 43 1b 00 00
11 80 87 34 43 1b 00 00
11 80 87 34 43 1b 00 00
11 80 87 34 43 1b 00 00
11 80 87 34 43 1b 00 00
11 80 87 34 43 1b 00 00
11 80 87 34 43 1b 00 00
11 80 87 34 43 1b 00 00
11 80 87 34 43 1b 00 00
11 80 87 34 43 1b 00 00
11 80 87 34 43 1b 00 00
11 80 87 34 43 1b 00 00
11 80 87 34 43 1b 00 00
11 80 87 34 43 1b 00 00
11 80 87 34 43 1b 00 00
11 80 87 34 43 1b 00 00
11 80 87 34 43 1b 00 00
11 80 87 34 43 1b 00 00
11 80 87 34 43 1b 00 00
11 80 87 34 43 1b 00 00
11 80 87 34 43 1b 00 00
11 80 87 34 43 1b 00 00
11 80 87 34 43 1b 00 00
11 80 87 34 43 1b 00 00
11 80 87 34 43 1b 00 00
11 80 87 34 43 1b 00 00
11 80 87 34 43 1b 00 00
11 80 87 34 43 1b 00 00
11 80 87 34 43 1b 00 00
11 80 87 34 43 1b 00 00
11 80 87 34 43 1b 00 00
11 80 87 34 43 1b 00 00
11 80 87 34 43 1b 00 00
11 80 87 34 43 1b 00 00
11 80 87 34 43 1b 00 00
11 80 87 34 43 1b 00 00
11 80 87 34 43 1b 00 00
11 80 87 34 43 1b 00 00
11 80 87 34 43 1b 00 00
11 80 87 34 43 1b 00 00
11 80 87 34 43 1b 00 00
11 80 87 34 43 1b 00 00
11 80 87 34 43 1b 00 00
11 80 87 34 43 1b 00 00
11 80 87 34 43 1b 00 00
11 80 87 34 43 1b 00 00
11 80 87 34 43 1b 00 00
11 80 87 34 43 1b 00 00
11 80 87 34 43 1b 00 00
11 80 87 34 43 1b 00 00
11 80 87 34 43 1b 00 00
11 80 87 34 43 1b 00 00
11 80 87 34 43 1b 00 00
11 80 87 34 43 1b 00 00
11 80 87 34 43 1b 00 00
11 80 87 34 43 1b 00 00
11 80 87 34 43 1b 00 00
11 80 87 34 43 1b 00 00
11 80 87 34 43 1b 00 00
11 80 87 34 43 1b 00 00
11 80 87 34 43 1b 00 00
11 80 87 34 43 1b 00 00
11 80 87 34 43 1b 00 00
11 80 87 34 43 1b 00 00
11 80 87 34 43 1b 00 00
11 80 87 34 43 1b 00 00
11 80 87 34 43 1b 00 00
11 80 87 34 43 1b 00 00
11 80 87 34 43 1b 00 00
11 80 87 34 43 1b 00 00
11 80 87 34 43 1b 00 00
11 80 87 34 43 1b 00 00
11 80 87 34 43 1b 00 00
11 80 87 34 43 1b 00 00
11 80 87 34 43 1b 00 00
11 80 87 34 43 1b 00 00
11 80 87 34 43 1b 00 00
11 80 87 34 43 1b 00 00
11 80 87 34 43 1b 00 00
11 80 87 34 43 1b 00 00
11 80 87 34 43 1b 00 00
11 80 87 34 43 1b 00 00
11 80 87 34 43 1b 00 00
11 80 87 34 43 1b 00 00
11 80 87 34 43 1b 00 00
11 80 87 34 43 1b 00 00
11 80 87 34 43 1b 00 00
11 80 87 34 43 1b 00 00
11 80 87 34 43 1b 00 00
11 80 87 34 43 1b 00 00
11 80 87 34 43 1b 00 00
11 80 87 34 43 1b 00 00
11 80 87 34 43 1b 00 00
11 80 87 34 43 1b 00 00
11 80 87 34 43 1b 00 00
11 80 87 34 43 1b 00 00
11 80 87 34 43 1b 00 00
11 80 87 34 43 1b 00 00
11 80 87 34 43 1b 00 00
11 80 87 34 43 1b 00 00
11 80 87 34 43 1b 00 00
11 80 87 34 43 1b 00 00
11 80 87 34 43 1b 00 00
11 80 87 34 43 1b 00 00
11 80 87 34 43 1b 00 00
11 80 87 34 43 1b 00 00
11 80 87 34 43 1b 00 00
11 80 87 34 43 1b 00 00
11 80 87 34 43 1b 00 00
11 80 87 34 43 1b 00 00
11 80 87 34 43 1b 00 00
11 80 87 34 43 1b 00 00
11 80 87 34 43 1b 00 00
11 80 87 34 43 1b 00 00
11 80 87 34 43 1b 00 00
11 80 87 34 43 1b 00 00
11 80 87 34 43 1b 00 00
11 80 87 34 43 1b 00 00
11 80 87 34 43 1b 00 00
11 80 87 34 43 1b 00 00
11 80 87 34 43 1b 00 00
11 80 87 34 43 1b 00 00
11 80 87 34 43 1b 00 00
11 80 87 34 43 1b 00 00
11 80 87 34 43 1b 00 00
11 80 87 34 43 1b 00 00
11 80 87 34 43 1b 00 00
11 80 87 34 43 1b 00 00
11 80 87 34 43 1b 00 00
11 80 87 34 43 1b 00 00
11 80 87 34 43 1b 00 00
11 80 87 34 43 1b 00 00
11 80 87 34 43 1b 00 00
11 80 87 34 43 1b 00 00
11 80 87 34 43 1b 00 00
11 80 87 34 43 1b 00 00
11 80 87 34 43 1b 00 00
11 80 87 34 43 1b 00 00
11 80 87 34 43 1b 00 00
11 80 87 34 43 1b 00 00
11 80 87 34 43 1b 00 00
11 80 87 34 43 1b 00 00
11 80 87 34 43 1b 00 00
11 80 87 34 43 1b 00 00
11 80 87 34 43 1b 00 00
11 80 87 34 43 1b 00 00
11 80 87 34 43 1b 00 00
11 80 87 34 43 1b 00 00
11 80 87 34 43 1b 00 00
11 80 87 34 43 1b 00 00
11 80 87 34 43 1b 00 00
11 80 87 34 43 1b 00 00
11 80 87 34 43 1b 00 00
11 80 87 34 43 1b 00 00
11 80 87 34 43 1b 00 00
11 80 87 34 43 1b 00 00
11 80 87 34 43 1b 00 00
11 80 87 34 43 1b 00 00
11 80 87 34 43 1b 00 00
11 80 87 34 43 1b 00 00
11 80 87 34 43 1b 00 00
11 80 87 34 43 1b 00 00
11 80 87 34 43 1b 00 00
11 82 87 34 43 1b 00 00
11 82 8a 34 43 1b 00 00
11 82 8a 34 44 1b 00 00
11 82 8a 34 45 1b 00 00
11 82 8a 34 46 1b 00 00
11 82 8a 34 47 1b 00 00
11 82 8a 34 48 1b 00 00
11 82 8a 34 49 1b 00 00
11 82 8a 34 4a 1b 00 00
11 82 8a 34 53 1b 00 00
11 82 89 34 53 1b 00 00
11 82 88 34 53 1b 00 00
11 82 87 34 53 1b 00 00
11 82 86 34 53 1b 00 00
11 82 85 34 53 1b 00 00
11 82 84 34 53 1b 00 00
11 82 83 34 53 1b 00 00
11 82 82 34 53 1b 00 00
11 82 81 34 53 1b 00 00
11 82 80 34 53 1b 00 00
11 82 7f 34 53 1b 00 00
11 82 7e 34 53 1b 00 00
11 82 7d 34 53 1b 00 00
11 82 7c 34 53 1b 00 00
11 82 7c 34 53 1b 00 00
11 82 7c 34 53 1b 00 00
11 82 7c 34 53 1b 00 00
11 82 7c 34 53 1b 00 00
11 82 7c 34 53 1b 00 00
11 82 7c 34 53 1b 00 00
11 82 7c 34 53 1b 00 00
11 82 7c 34 53 1b 00 00
11 82 7c 34 53 1b 00 00
11 80 7c 34 53 1b 00 00
11 80 7c 34 53 1b 00 00
11 80 7c 34 53 1b 00 00
11 80 7c 34 53 1b 00 00
11 80 7c 34 53 1b 00 00
11 80 7c 34 53 1b 00 00
11 80 7c 34 53 1b 00 00
11 80 7c 34 53 1b 00 00
11 80 7c 34 53 1b 00 00
11 80 7c 34 53 1b 00 00
11 80 7c 34 53 1b 00 00
11 80 7c 34 53 1b 00 00
11 80 7c 34 53 1b 00 00
11 80 7c 34 53 1b 00 00
11 80 7c 34 53 1b 00 00
11 80 7c 34 53 1b 00 00
11 80 7c 34 53 1b 00 00
11 80 7c 34 53 1b 00 00
11 80 7c 34 53 1b 00 00
11 80 7c 34 53 1b 00 00
11 80 7c 34 53 1b 00 00
11 80 7c 34 53 1b 00 00
11 80 7c 34 53 1b 00 00
11 80 7c 34 53 1b 00 00
11 80 7c 34 53 1b 00 00
11 80 7c 34 53 1b 00 00
11 80 7c 34 53 1b 00 00
11 80 7c 34 53 1b 00 00
11 80 7c 34 53 1b 00 00
11 80 7c 34 53 1b 00 00
11 80 7c 34 53 1b 00 00
11 80 7c 34 53 1b 00 00
11 80 7c 34 53 1b 00 00
11 80 7c 34 53 1b 00 00
11 80 7c 34 53 1b 00 00
11 80 7c 34 53 1b 00 00
11 80 7c 34 53 1b 00 00
11 80 7c 34 53 1b 00 00
11 80 7c 34 53 1b 00 00
11 80 7c 34 53 1b 00 00
11 80 7c 34 53 1b 00 00
11 80 7c 34 53 1b 00 00
11 80 7c 34 53 1b 00 00
11 80 7c 34 53 1b 00 00
11 80 7c 34 53 1b 00 00
11 80 7c 34 53 1b 00 00
11 80 7c 34 53 1b 00 00
11 80 7c 34 53 1b 00 00
11 80 7c 34 53 1b 00 00
11 80 7c 34 53 1b 00 00
11 80 7c 34 53 1b 00 00
11 80 7c 34 53 1b 00 00
11 80 7c 34 53 1b 00 00
11 80 7c 34 53 1b 00 00
11 80 7c 34 53 1b 00 00
11 80 7c 34 53 1b 00 00
11 80 7c 34 53 1b 00 00
11 80 7c 34 53 1b 00 00
11 80 7c 34 53 1b 00 00
11 80 7c 34 53 1b 00 00
11 80 7c 34 53 1b 00 00
11 80 7c 34 53 1b 00 00
11 80 7c 34 53 1b 00 00
11 80 7c 34 53 1b 00 00
11 80 7c 34 53 1b 00 00
11 80 7c 34 53 1b 00 00
11 80 7c 34 53 1b 00 00
11 80 7c 34 53 1b 00 00
11 80 7c 34 53 1b 00 00
11 80 7c 34 53 1b 00 00
11 80 7c 34 53 1b 00 00
11 80 7c 34 53 1b 00 00
11 80 7c 34 53 1b 00 00
11 80 7c 34 53 1b 00 00
11 80 7c 34 53 1b 00 00
11 80 7c 34 53 1b 00 00
11 80 7c 34 53 1b 00 00
11 80 7c 34 53 1b 00 00
11 80 7c 34 53 1b 00 00
11 80 7c 34 53 1b 00 00
11 80 7c 34 53 1b 00 00
11 80 7c 34 53 1b 00 00
11 80 7c 34 53 1b 00 00
11 80 7c 34 53 1b 00 00
11 80 7c 34 53 1b 00 00
11 80 7c 34 53 1b 00 00
11 80 7c 34 53 1b 00 00
11 80 7c 34 53 1b 00 00
11 80 7c 34 53 1b 00 00
11 80 7c 34 53 1b 00 00
11 80 7c 34 53 1b 00 00
11 80 7c 34 53 1b 00 00
11 80 7c 34 53 1b 00 00
11 80 7c 34 53 1b 00 00
11 80 7c 34 53 1b 00 00
11 80 7c 34 53 1b 00 00
11 80 7c 34 53 1b 00 00
11 80 7c 34 53 1b 00 00
11 80 7c 34 53 1b 00 00
11 80 7c 34 53 1b 00 00
11 80 7c 34 53 1b 00 00
11 80 7c 34 53 1b 00 00
11 80 7c 34 53 1b 00 00
11 80 7c 34 53 1b 00 00
11 80 7c 34 53 1b 00 00
11 80 7c 34 53 1b 00 00
11 80 7c 34 53 1b 00 00
11 80 7c 34 53 1b 00 00
11 80 7c 34 53 1b 00 00
11 80 7c 34 53 1b 00 00
11 80 7c 34 53 1b 00 00
11 80 7c 34 53 1b 00 00
11 80 7c 34 53 1b 00 00
11 80 7c 34 53 1b 00 00
11 80 7c 34 53 1b 00 00
11 80 7c 34 53 1b 00 00
11 80 7c 34 53 1b 00 00
11 80 7c 34 53 1b 00 00
11 80 7c 34 53 1b 00 00
11 80 7c 34 53 1b 00 00
11 80 7c 34 53 1b 00 00
11 80 7c 34 53 1b 00 00
11 80 7c 34 53 1b 00 00
11 80 7c 34 53 1b 00 00
11 80 7c 34 53 1b 00 00
11 80 7c 34 53 1b 00 00
11 80 7c 34 53 1b 00 00
11 80 7c 34 53 1b 00 00
11 80 7c 34 53 1b 00 00
11 80 7c 34 53 1b 00 00
11 80 7c 34 53 1b 00 00
11 80 7c 34 53 1b 00 00
11 80 7c 34 53 1b 00 00
11 80 7c 34 53 1b 00 00
11 80 7c 34 53 1b 00 00
11 80 7c 34 53 1b 00 00
11 80 7c 34 53 1b 00 00
11 80 7c 34 53 1b 00 00
11 80 7c 34 53 1b 00 00
11 80 7c 34 53 1b 00 00
11 80 7c 34 53 1b 00 00
11 80 7c 34 53 1b 00 00
11 80 7c 34 53 1b 00 00
11 80 7c 34 53 1b 00 00
11 80 7c 34 53 1b 00 00
11 80 7c 34 53 1b 00 00
11 80 7c 34 53 1b 00 00
11 80 7c 34 53 1b 00 00
11 80 7c 34 53 1b 00 00
11 80 7c 34 53 1b 00 00
11 80 7c 34 53 1b 00 00
11 80 7c 34 53 1b 00 00
11 80 7c 34 53 1b 00 00
11 80 7c 34 53 1b 00 00
11 80 7c 34 53 1b 00 00
11 80 7c 34 53 1b 00 00
11 80 7c 34 53 1b 00 00
11 80 7c 34 53 1b 00 00
11 80 7c 34 53 1b 00 00
11 80 7c 34 53 1b 00 00
11 80 7c 34 53 1b 00 00
11 80 7c 34 53 1b 00 00
11 80 7c 34 53 1b 00 00
11 80 7c 34 53 1b 00 00
11 80 7c 34 53 1b 00 00
11 80 7c 34 53 1b 00 00
11 80 7c 34 53 1b 00 00
11 80 7c 34 53 1b 00 00
11 80 7c 34 53 1b 00 00
11 80 7c 34 53 1b 00 00
11 80 7c 34 53 1b 00 00
11 80 7c 34 53 1b 00 00
11 80 7c 34 53 1b 00 00
11 80 7c 34 53 1b 00 00
11 80 7c 34 53 1b 00 00
11 80 7c 34 53 1b 00 00
11 80 7c 34 53 1b 00 00
11 80 7c 34 53 1b 00 00
11 80 7c 34 53 1b 00 00
11 80 7c 34 53 1b 00 00
11 80 7c 34 53 1b 00 00
11 80 7c 34 53 1b 00 00
11 80 7c 34 53 1b 00 00
11 80 7c 34 53 1b 00 00
11 80 7c 34 53 1b 00 00
11 80 7c 34 53 1b 00 00
11 80 7c 34 53 1b 00 00
11 80 7c 34 53 1b 00 00
11 80 7c 34 53 1b 00 00
11 80 7c 34 53 1b 00 00
11 80 7c 34 53 1b 00 00
11 80 7c 34 53 1b 00 00
11 80 7c 34 53 1b 00 00
11 80 7c 34 53 1b 00 00
11 80 7c 34 53 1b 00 00
11 80 7c 34 53 1b 00 00
11 80 7c 34 53 1b 00 00
11 80 7c 34 53 1b 00 00
11 80 7c 34 53 1b 00 00
11 80 7c 34 53 1b 00 00
11 80 7c 34 53 1b 00 00
11 80 7c 34 53 1b 00 00
11 80 7c 34 53 1b 00 00
11 80 7c 34 53 1b 00 00
11 80 7c 34 53 1b 00 00
11 80 7c 34 53 1b 00 00
11 80 7c 34 53 1b 00 00
11 80 7c 34 53 1b 00 00
11 80 7c 34 53 1b 00 00
11 80 7c 34 53 1b 00 00
11 80 7c 34 53 1b 00 00
11 80 7c 34 53 1b 00 00
11 80 7c 34 53 1b 00 00
11 80 7c 34 53 1b 00 00
11 80 7c 34 53 1b 00 00
11 80 7c 34 53 1b 00 00
11 80 7c 34 53 1b 00 00
11 80 7c 34 53 1b 00 00
11 80 7c 34 53 1b 00 00
11 80 7c 34 53 1b 00 00
11 80 7c 34 53 1b 00 00
11 80 7c 34 53 1b 00 00
11 80 7c 34 53 1b 00 00
11 80 7c 34 53 1b 00 00
11 80 7c 34 53 1b 00 00
11 80 7c 34 53 1b 00 00
11 80 7c 34 53 1b 00 00
11 80 7c 34 53 1b 00 00
11 80 7c 34 53 1b 00 00
11 80 7c 34 53 1b 00 00
11 80 7c 34 53 1b 00 00
11 80 7c 34 53 1b 00 00
11 80 7c 34 53 1b 00 00
11 80 7c 34 53 1b 00 00
11 80 7c 34 53 1b 00 00
11 80 7c 34 53 1b 00 00
11 80 7c 34 53 1b 00 00
11 80 7c 34 53 1b 00 00
11 80 7c 34 53 1b 00 00
11 80 7c 34 53 1b 00 00
11 80 7c 34 53 1b 00 00
11 80 7c 34 53 1b 00 00
11 80 7c 34 53 1b 00 00
11 80 7c 34 53 1b 00 00
11 80 7c 34 53 1b 00 00
11 80 7c 34 53 1b 00 00
11 80 7c 34 53 1b 00 00
11 80 7c 34 53 1b 00 00
11 80 7c 34 53 1b 00 00
11 80 7c 34 53 1b 00 00
11 80 7c 34 53 1b 00 00
11 80 7c 34 53 1b 00 00
11 80 7c 34 53 1b 00 00
11 80 7c 34 53 1b 00 00
11 80 7c 34 53 1b 00 00
11 80 7c 34 53 1b 00 00
11 80 7c 34 53 1b 00 00
11 80 7c 34 53 1b 00 00
11 80 7c 34 53 1b 00 00
11 80 7c 34 53 1b 00 00
11 80 7c 34 53 1b 00 00
11 80 7c 34 53 1b 00 00
11 80 7c 34 53 1b 00 00
11 80 7c 34 53 1b 00 00
11 80 7c 34 53 1b 00 00
11 80 7c 34 53 1b 00 00
11 80 7c 34 53 1b 00 00
11 80 7c 34 53 1b 00 00
11 80 7c 34 53 1b 00 00
11 80 7c 34 53 1b 00 00
11 80 7c 34 53 1b 00 00
11 80 7c 34 53 1b 00 00
11 80 7c 34 53 1b 00 00
11 80 7c 34 53 1b 00 00
11 80 7c 34 53 1b 00 00
11 80 7c 34 53 1b 00 00
11 80 7c 34 53 1b 00 00
11 80 7c 34 53 1b 00 00
11 80 7c 34 53 1b 00 00
11 80 7c 34 53 1b 00 00
11 80 7c 34 53 1b 00 00
11 80 7c 34 53 1b 00 00
11 80 7c 34 53 1b 00 00
11 80 7c 34 53 1b 00 00
11 80 7c 34 53 1b 00 00
11 80 7c 34 53 1b 00 00
11 80 7c 34 53 1b 00 00
11 80 7c 34 53 1b 00 00
11 80 7c 34 53 1b 00 00
11 80 7c 34 53 1b 00 00
11 80 7c 34 53 1b 00 00
11 80 7c 34 53 1b 00 00
11 80 7c 34 53 1b 00 00
11 80 7c 34 53 1b 00 00
11 80 7c 34 53 1b 00 00
11 80 7c 34 53 1b 00 00
11 80 7c 34 53 1b 00 00
11 80 7c 34 53 1b 00 00
11 80 7c 34 53 1b 00 00
11 80 7c 34 53 1b 00 00
11 80 7c 34 53 1b 00 00
11 80 7c 34 53 1b 00 00
11 80 7c 34 53 1b 00 00
11 80 7c 34 53 1b 00 00
11 80 7c 34 53 1b 00 00
11 80 7c 34 53 1b 00 00
11 80 7c 34 53 1b 00 00
11 80 7c 34 53 1b 00 00
11 80 7c 34 53 1b 00 00
11 80 7c 34 53 1b 00 00
11 80 7c 34 53 1b 00 00
11 80 7c 34 53 1b 00 00
11 80 7c 34 53 1b 00 00
11 80 7c 34 53 1b 00 00
11 80 7c 34 53 1b 00 00
11 80 7c 34 53 1b 00 00
11 80 7c 34 53 1b 00 00
11 80 7c 34 53 1b 00 00
11 80 7c 34 53 1b 00 00
11 80 7c 34 53 1b 00 00
11 80 7c 34 53 1b 00 00
11 80 7c 34 53 1b 00 00
11 80 7c 34 53 1b 00 00
11 80 7c 34 53 1b 00 00
11 80 7c 34 53 1b 00 00
11 80 7c 34 53 1b 00 00
11 80 7c 34 53 1b 00 00
11 80 7c 34 53 1b 00 00
11 80 7c 34 53 1b 00 00
11 80 7c 34 53 1b 00 00
11 80 7c 34 53 1b 00 00
11 80 7c 34 53 1b 00 00
11 80 7c 34 53 1b 00 00
11 80 7c 34 53 1b 00 00
11 80 7c 34 53 1b 00 00
11 80 7c 34 53 1b 00 00
11 80 7c 34 53 1b 00 00
11 80 7c 34 53 1b 00 00
11 80 7c 34 53 1b 00 00
11 80 7c 34 53 1b 00 00
11 80 7c 34 53 1b 00 00
11 80 7c 34 53 1b 00 00
11 80 7c 34 53 1b 00 00
11 80 7c 34 53 1b 00 00
11 80 7c 34 53 1b 00 00
11 80 7c 34 53 1b 00 00
11 80 7c 34 53 1b 00 00
11 80 7c 34 53 1b 00 00
11 80 7c 34 53 1b 00 00
11 80 7c 34 53 1b 00 00
11 80 7c 34 53 1b 00 00
11 80 7c 34 53 1b 00 00
11 80 7c 34 53 1b 00 00
11 80 7c 34 53 1b 00 00
11 80 7c 34 53 1b 00 00
11 80 7c 34 53 1b 00 00
11 80 7c 34 53 1b 00 00
11 80 7c 34 53 1b 00 00
11 80 7c 34 53 1b 00 00
11 80 7c 34 53 1b 00 00
11 80 7c 34 53 1b 00 00
11 80 7c 34 53 1b 00 00
11 80 7c 34 53 1b 00 00
11 80 7c 34 53 1b 00 00
11 80 7c 34 53 1b 00 00
11 80 7c 34 53 1b 00 00
11 80 7c 34 53 1b 00 00
11 80 7c 34 53 1b 00 00
11 80 7c 34 53 1b 00 00
11 80 7c 34 53 1b 00 00
11 80 7c 34 53 1b 00 00
11 80 7c 34 53 1b 00 00
11 80 7c 34 53 1b 00 00
11 80 7c 34 53 1b 00 00
11 80 7c 34 53 1b 00 00
11 80 7c 34 53 1b 00 00
11 80 7c 34 53 1b 00 00
11 80 7c 34 53 1b 00 00
11 80 7c 34 53 1b 00 00
11 80 7c 34 53 1b 00 00
11 80 7c 34 53 1b 00 00
11 80 7c 34 53 1b 00 00
11 80 7c 34 53 1b 00 00
11 80 7c 34 53 1b 00 00
11 80 7c 34 53 1b 00 00
11 80 7c 34 53 1b 00 00
11 80 7c 34 53 1b 00 00
11 80 7c 34 53 1b 00 00
11 80 7c 34 53 1b 00 00
11 80 7c 34 53 1b 00 00
11 80 7c 34 53 1b 00 00
11 80 7c 34 53 1b 00 00
11 80 7c 34 53 1b 00 00
11 80 7c 34 53 1b 00 00
11 80 7c 34 53 1b 00 00
11 80 7c 34 53 1b 00 00
11 80 7c 34 53 1b 00 00
11 80 7c 34 53 1b 00 00
11 80 7c 34 53 1b 00 00
11 80 7c 34 53 1b 00 00
11 80 7c 34 53 1b 00 00
11 80 7c 34 53 1b 00 00
11 80 7c 34 53 1b 00 00
11 80 7c 34 53 1b 00 00
11 80 7c 34 53 1b 00 00
11 80 7c 34 53 1b 00 00
11 80 7c 34 53 1b 00 00
11 80 7c 34 53 1b 00 00
11 80 7c 34 53 1b 00 00
11 80 7c 34 53 1b 00 00
11 80 7c 34 53 1b 00 00
11 80 7c 34 53 1b 00 00
11 80 7c 34 53 1b 00 00
11 80 7c 34 53 1b 00 00
11 80 7c 34 53 1b 00 00
11 80 7c 34 53 1b 00 00
11 80 7c 34 53 1b 00 00
11 80 7c 34 53 1b 00 00
11 80 7c 34 53 1b 00 00
11 80 7c 34 53 1b 00 00
11 80 7c 34 53 1b 00 00
11 80 7c 34 53 1b 00 00
11 80 7c 34 53 1b 00 00
11 80 7c 34 53 1b 00 00
11 80 7c 34 53 1b 00 00
11 80 7c 34 53 1b 00 00
11 80 7c 34 53 1b 00 00
11 80 7c 34 53 1b 00 00
11 80 7c 34 53 1b 00 00
11 80 7c 34 53 1b 00 00
11 80 7c 34 53 1b 00 00
11 80 7c 34 53 1b 00 00
11 80 7c 34 53 1b 00 00
11 80 7c 34 53 1b 00 00
11 80 7c 34 53 1b 00 00
11 80 7c 34 53 1b 00 00
11 80 7c 34 53 1b 00 00
11 80 7c 34 53 1b 00 00
11 80 7c 34 53 1b 00 00
11 80 7c 34 53 1b 00 00
11 80 7c 34 53 1b 00 00
11 80 7c 34 53 1b 00 00
11 80 7c 34 53 1b 00 00
11 80 7c 34 53 1b 00 00
11 80 7c 34 53 1b 00 00
11 80 7c 34 53 1b 00 00
11 80 7c 34 53 1b 00 00
11 80 7c 34 53 1b 00 00
11 80 7c 34 53 1b 00 00
11 80 7c 34 53 1b 00 00
11 80 7c 34 53 1b 00 00
11 80 7c 34 53 1b 00 00
11 80 7c 34 53 1b 00 00
11 80 7c 34 53 1b 00 00
11 80 7c 34 53 1b 00 00
11 80 7c 34 53 1b 00 00
11 80 7c 34 53 1b 00 00
11 80 7c 34 53 1b 00 00
11 80 7c 34 53 1b 00 00
11 80 7c 34 53 1b 00 00
11 80 7c 34 53 1b 00 00
11 80 7c 34 53 1b 00 00
11 80 7c 34 53 1b 00 00
11 80 7c 34 53 1b 00 00
11 80 7c 34 53 1b 00 00
11 80 7c 34 53 1b 00 00
11 80 7c 34 53 1b 00 00
11 80 7c 34 53 1b 00 00
11 80 7c 34 53 1b 00 00
11 80 7c 34 53 1b 00 00
11 80 7c 34 53 1b 00 00
11 80 7c 34 53 1b 00 00
11 80 7c 34 53 1b 00 00
11 80 7c 34 53 1b 00 00
11 80 7c 34 53 1b 00 00
11 80 7c 34 53 1b 00 00
11 80 7c 34 53 1b 00 00
11 80 7c 34 53 1b 00 00
11 80 7c 34 53 1b 00 00
11 80 7c 34 53 1b 00 00
11 80 7c 34 53 1b 00 00
11 80 7c 34 53 1b 00 00
11 80 7c 34 53 1b 00 00
11 80 7c 34 53 1b 00 00
11 80 7c 34 53 1b 00 00
11 80 7c 34 53 1b 00 00
11 80 7c 34 53 1b 00 00
11 80 7c 34 53 1b 00 00
11 80 7c 34 53 1b 00 00
11 80 7c 34 53 1b 00 00
11 80 7c 34 53 1b 00 00
11 80 7c 34 53 1b 00 00
11 80 7c 34 53 1b 00 00
11 80 7c 34 53 1b 00 00
11 80 7c 34 53 1b 00 00
11 80 7c 34 5a 1b 00 00
11 80 7c 34 5b 1b 00 00
11 80 7c 34 5c 1b 00 00
11 80 7c 34 5d 1b 00 00
11 80 7c 34 5e 1b 00 00
11 80 7c 34 5f 1b 00 00
11 80 7c 34 60 1b 00 00
11 80 7c 34 61 1b 00 00
11 80 7c 34 62 1b 00 00
11 80 7c 34 63 1b 00 00
11 80 7c 34 64 1b 00 00
11 80 7c 34 65 1b 00 00
11 80 7c 34 66 1b 00 00
11 80 7c 34 67 1b 00 00
11 80 7c 34 67 1b 00 00
11 80 7c 34 67 1b 00 00
11 80 7c 34 67 1b 00 00
11 80 7c 34 67 1b 00 00
11 80 7c 34 67 1b 00 00
11 80 7c 34 67 1b 00 00
11 80 7f 34 67 1b 00 00
11 80 80 34 67 1b 00 00
11 80 81 34 67 1b 00 00
11 80 82 34 67 1b 00 00
11 80 83 34 67 1b 00 00
11 80 84 34 67 1b 00 00
11 80 85 34 67 1b 00 00
11 80 86 34 67 1b 00 00
11 80 87 34 67 1b 00 00
11 80 88 34 67 1b 00 00
11 80 89 34 67 1b 00 00
11 80 8a 34 67 1b 00 00
11 80 8a 34 67 1b 00 00
11 80 8a 34 67 1b 00 00
11 80 8a 34 67 1b 00 00
11 80 8a 34 67 1b 00 00
11 80 8a 34 67 1b 00 00
11 80 8a 34 67 1b 00 00
11 80 8a 34 67 1b 00 00
11 80 8a 34 67 1b 00 00
11 80 8a 34 67 1b 00 00
11 80 8a 34 67 1b 00 00
11 80 8a 34 67 1b 00 00
11 80 8a 34 67 1b 00 00
11 80 8a 34 67 1b 00 00
11 80 8a 34 67 1b 00 00
11 80 8a 34 67 1b 00 00
11 80 8a 34 67 1b 00 00
11 80 8a 34 67 1b 00 00
11 80 8a 34 67 1b 00 00
11 80 8a 34 67 1b 00 00
11 80 8a 34 67 1b 00 00
11 80 8a 34 67 1b 00 00
11 80 8a 34 67 1b 00 00
11 80 8a 34 67 1b 00 00
11 80 8a 34 67 1b 00 00
11 80 8a 34 67 1b 00 00
11 80 8a 34 67 1b 00 00
11 80 8a 34 67 1b 00 00
11 80 8a 34 67 1b 00 00
11 80 8a 34 67 1b 00 00
11 80 8a 34 67 1b 00 00
11 80 8a 34 67 1b 00 00
11 80 8a 34 67 1b 00 00
11 80 8a 34 67 1b 00 00
11 80 8a 34 67 1b 00 00
11 80 8a 34 67 1b 00 00
11 80 8a 34 67 1b 00 00
11 80 8a 34 67 1b 00 00
11 80 8a 34 67 1b 00 00
11 80 8a 34 67 1b 00 00
11 80 8a 34 67 1b 00 00
11 80 8a 34 67 1b 00 00
11 80 8a 34 67 1b 00 00
11 80 8a 34 67 1b 00 00
11 80 8a 34 67 1b 00 00
11 80 8a 34 67 1b 00 00
11 80 8a 34 67 1b 00 00
11 80 8a 34 67 1b 00 00
11 80 8a 34 67 1b 00 00
11 80 8a 34 67 1b 00 00
11 80 8a 34 67 1b 00 00
11 80 8a 34 67 1b 00 00
11 84 8a 34 67 1b 00 00
11 84 8a 34 67 1b 00 00
11 84 8a 34 67 1b 00 00
11 84 8a 34 67 1b 00 00
11 84 8a 34 67 1b 00 00
11 84 8a 34 6b 1b 00 00
11 84 8a 34 6c 1b 00 00
11 84 8a 34 6d 1b 00 00
11 84 8a 34 6e 1b 00 00
11 84 8a 34 6f 1b 00 00
11 84 8a 34 70 1b 00 00
11 84 8a 34 71 1b 00 00
11 84 8a 34 72 1b 00 00
11 84 8a 34 73 1b 00 00
11 84 8a 34 74 1b 00 00
11 84 8a 34 75 1b 00 00
11 84 8a 34 76 1b 00 00
11 84 8a 34 77 1b 00 00
11 84 8a 34 78 1b 00 00
11 84 8a 34 79 1b 00 00
11 84 8a 34 79 1b 00 00
11 84 8a 34 79 1b 00 00
11 84 8a 34 79 1b 00 00
11 84 8a 34 79 1b 00 00
11 84 8a 34 79 1b 00 00
11 84 8a 34 79 1b 00 00
11 84 8a 34 79 1b 00 00
11 84 8a 34 79 1b 00 00
11 84 8a 34 79 1b 00 00
11 84 8a 34 79 1b 00 00
11 84 8a 34 79 1b 00 00
11 84 8a 34 79 1b 00 00
11 84 8a 34 79 1b 00 00
11 80 8a 34 79 1b 00 00
11 80 8a 34 79 1b 00 00
11 80 8a 34 79 1b 00 00
11 80 8a 34 79 1b 00 00
11 80 8a 34 79 1b 00 00
11 80 8a 34 79 1b 00 00
11 80 8a 34 79 1b 00 00
11 80 8a 34 79 1b 00 00
11 80 8a 34 79 1b 00 00
11 80 8a 34 79 1b 00 00
11 80 8a 34 79 1b 00 00
11 80 8a 34 79 1b 00 00
11 80 8a 34 79 1b 00 00
11 80 8a 34 79 1b 00 00
11 80 8a 34 79 1b 00 00
11 80 8a 34 79 1b 00 00
11 80 8a 34 79 1b 00 00
11 80 8a 34 79 1b 00 00
11 80 8a 34 79 1b 00 00
11 80 8a 34 79 1b 00 00
11 80 8a 34 79 1b 00 00
11 80 8a 34 79 1b 00 00
11 80 8a 34 79 1b 00 00
11 80 8a 34 79 1b 00 00
11 80 8a 34 79 1b 00 00
11 80 8a 34 79 1b 00 00
11 80 8a 34 79 1b 00 00
11 80 8a 34 79 1b 00 00
11 80 8a 34 79 1b 00 00
11 80 8a 34 79 1b 00 00
11 80 8a 34 79 1b 00 00
11 80 8a 34 79 1b 00 00
11 80 8a 34 79 1b 00 00
11 80 8a 34 79 1b 00 00
11 80 8a 34 79 1b 00 00
11 80 8a 34 79 1b 00 00
11 80 8a 34 79 1b 00 00
11 80 8a 34 79 1b 00 00
11 80 8a 34 79 1b 00 00
11 80 8a 34 79 1b 00 00
11 80 8a 34 79 1b 00 00
11 80 8a 34 79 1b 00 00
11 80 8a 34 79 1b 00 00
11 80 8a 34 79 1b 00 00
11 80 8a 34 79 1b 00 00
11 80 8a 34 79 1b 00 00
11 80 8a 34 79 1b 00 00
11 80 8a 34 79 1b 00 00
11 80 8a 34 79 1b 00 00
11 80 8a 34 79 1b 00 00
11 80 8a 34 79 1b 00 00
11 80 8a 34 79 1b 00 00
11 80 8a 34 79 1b 00 00
11 80 8a 34 79 1b 00 00
11 80 8a 34 79 1b 00 00
11 80 8a 34 79 1b 00 00
11 80 8a 34 79 1b 00 00
11 80 8a 34 79 1b 00 00
11 80 8a 34 79 1b 00 00
11 80 8a 34 79 1b 00 00
11 80 8a 34 79 1b 00 00
11 80 8a 34 79 1b 00 00
11 80 8a 34 79 1b 00 00
11 80 8a 34 79 1b 00 00
11 80 8a 34 79 1b 00 00
11 80 8a 34 79 1b 00 00
11 80 8a 34 79 1b 00 00
11 80 8a 34 79 1b 00 00
11 80 8a 34 79 1b 00 00
11 80 8a 34 79 1b 00 00
11 80 8a 34 79 1b 00 00
11 80 8a 34 79 1b 00 00
11 80 8a 34 79 1b 00 00
11 80 8a 34 79 1b 00 00
11 80 8a 34 79 1b 00 00
11 80 8a 34 79 1b 00 00
11 80 8a 34 79 1b 00 00
11 80 8a 34 79 1b 00 00
11 80 8a 34 79 1b 00 00
11 80 8a 34 79 1b 00 00
11 80 8a 34 79 1b 00 00
11 80 8a 34 79 1b 00 00
11 80 8a 34 79 1b 00 00
11 80 8a 34 79 1b 00 00
11 80 8a 34 79 1b 00 00
11 80 8a 34 79 1b 00 00
11 80 8a 34 79 1b 00 00
11 80 8a 34 79 1b 00 00
11 80 8a 34 79 1b 00 00
11 80 8a 34 79 1b 00 00
11 80 8a 34 79 1b 00 00
11 80 8a 34 79 1b 00 00
11 80 8a 34 79 1b 00 00
11 80 8a 34 79 1b 00 00
11 80 8a 34 79 1b 00 00
11 80 8a 34 79 1b 00 00
11 80 8a 34 79 1b 00 00
11 80 8a 34 79 1b 00 00
11 80 8a 34 79 1b 00 00
11 80 8a 34 79 1b 00 00
11 80 8a 34 79 1b 00 00
11 80 8a 34 79 1b 00 00
11 80 8a 34 79 1b 00 00
11 80 8a 34 79 1b 00 00
11 80 8a 34 79 1b 00 00
11 80 8a 34 79 1b 00 00
11 80 8a 34 79 1b 00 00
11 80 8a 34 79 1b 00 00
11 80 8a 34 79 1b 00 00
11 80 8a 34 79 1b 00 00
11 80 8a 34 79 1b 00 00
11 80 8a 34 79 1b 00 00
11 80 8a 34 79 1b 00 00
11 80 8a 34 79 1b 00 00
11 80 8a 34 79 1b 00 00
11 80 8a 34 79 1b 00 00
11 80 8a 34 79 1b 00 00
11 80 8a 34 79 1b 00 00
11 80 8a 34 79 1b 00 00
11 80 8a 34 79 1b 00 00
11 80 8a 34 79 1b 00 00
11 80 8a 34 79 1b 00 00
11 80 8a 34 79 1b 00 00
11 80 8a 34 79 1b 00 00
11 80 8a 34 79 1b 00 00
11 80 8a 34 79 1b 00 00
11 80 8a 34 79 1b 00 00
11 80 8a 34 79 1b 00 00
11 80 8a 34 79 1b 00 00
11 80 8a 34 79 1b 00 00
11 80 8a 34 79 1b 00 00
11 80 8a 34 79 1b 00 00
11 80 8a 34 79 1b 00 00
11 80 8a 34 79 1b 00 00
11 80 8a 34 79 1b 00 00
11 80 8a 34 79 1b 00 00
11 80 8a 34 79 1b 00 00
11 80 8a 34 79 1b 00 00
11 80 8a 34 79 1b 00 00
11 80 8a 34 79 1b 00 00
11 80 8a 34 79 1b 00 00
11 80 8a 34 79 1b 00 00
11 80 8a 34 79 1b 00 00
11 80 8a 34 79 1b 00 00
11 80 8a 34 79 1b 00 00
11 80 8a 34 79 1b 00 00
11 80 8a 34 79 1b 00 00
11 80 8a 34 79 1b 00 00
11 80 8a 34 79 1b 00 00
11 80 8a 34 79 1b 00 00
11 80 8a 34 79 1b 00 00
11 80 8a 34 79 1b 00 00
11 80 8a 34 79 1b 00 00
11 80 8a 34 79 1b 00 00
11 80 8a 34 79 1b 00 00
11 80 8a 34 79 1b 00 00
11 80 8a 34 79 1b 00 00
11 80 8a 34 79 1b 00 00
11 80 8a 34 79 1b 00 00
11 80 8a 34 79 1b 00 00
11 80 8a 34 79 1b 00 00
11 80 8a 34 79 1b 00 00
11 80 8a 34 79 1b 00 00
11 80 8a 34 79 1b 00 00
11 80 8a 34 79 1b 00 00
11 80 8a 34 79 1b 00 00
11 80 8a 34 79 1b 00 00
11 80 8a 34 79 1b 00 00
11 80 8a 34 79 1b 00 00
11 80 8a 34 79 1b 00 00
11 80 8a 34 79 1b 00 00
11 80 8a 34 79 1b 00 00
11 80 8a 34 79 1b 00 00
11 80 8a 34 79 1b 00 00
11 80 8a 34 79 1b 00 00
11 80 8a 34 79 1b 00 00
11 80 8a 34 79 1b 00 00
11 80 8a 34 79 1b 00 00
11 80 8a 34 79 1b 00 00
11 80 8a 34 79 1b 00 00
11 80 8a 34 79 1b 00 00
11 80 8a 34 79 1b 00 00
11 80 8a 34 79 1b 00 00
11 80 8a 34 79 1b 00 00
11 80 8a 34 79 1b 00 00
11 80 8a 34 79 1b 00 00
11 80 8a 34 79 1b 00 00
11 80 8a 34 79 1b 00 00
11 80 8a 34 79 1b 00 00
11 80 8a 34 79 1b 00 00
11 80 8a 34 79 1b 00 00
11 80 8a 34 79 1b 00 00
11 80 8a 34 79 1b 00 00
11 80 8a 34 79 1b 00 00
11 80 8a 34 79 1b 00 00
11 80 8a 34 79 1b 00 00
11 80 8a 34 79 1b 00 00
11 80 8a 34 79 1b 00 00
11 80 8a 34 79 1b 00 00
11 80 8a 34 79 1b 00 00
11 80 8a 34 79 1b 00 00
11 80 8a 34 79 1b 00 00
11 80 8a 34 79 1b 00 00
11 80 8a 34 79 1b 00 00
11 80 8a 34 79 1b 00 00
11 80 8a 34 79 1b 00 00
11 80 8a 34 79 1b 00 00
11 80 8a 34 79 1b 00 00
11 80 8a 34 79 1b 00 00
11 80 8a 34 79 1b 00 00
11 80 8a 34 79 1b 00 00
11 80 8a 34 79 1b 00 00
11 80 8a 34 79 1b 00 00
11 80 8a 34 79 1b 00 00
11 80 8a 34 79 1b 00 00
11 80 8a 34 79 1b 00 00
11 80 8a 34 79 1b 00 00
11 80 8a 34 79 1b 00 00
11 80 8a 34 79 1b 00 00
11 80 8a 34 79 1b 00 00
11 80 8a 34 79 1b 00 00
11 80 8a 34 79 1b 00 00
11 80 8a 34 79 1b 00 00
11 80 8a 34 79 1b 00 00
11 80 8a 34 79 1b 00 00
11 80 8a 34 79 1b 00 00
11 80 8a 34 79 1b 00 00
11 80 8a 34 79 1b 00 00
11 80 8a 34 79 1b 00 00
11 80 8a 34 79 1b 00 00
11 80 8a 34 79 1b 00 00
11 80 8a 34 79 1b 00 00
11 80 8a 34 79 1b 00 00
11 80 8a 34 79 1b 00 00
11 80 8a 34 79 1b 00 00
11 80 8a 34 79 1b 00 00
11 80 8a 34 79 1b 00 00
11 80 8a 34 79 1b 00 00
11 80 8a 34 79 1b 00 00
11 80 8a 34 79 1b 00 00
11 80 8a 34 79 1b 00 00
11 80 8a 34 79 1b 00 00
11 80 8a 34 79 1b 00 00
11 80 8a 34 79 1b 00 00
11 80 8a 34 79 1b 00 00
11 80 8a 34 79 1b 00 00
11 80 8a 34 79 1b 00 00
11 80 8a 34 79 1b 00 00
11 80 8a 34 79 1b 00 00
11 80 8a 34 79 1b 00 00
11 80 8a 34 79 1b 00 00
11 80 8a 34 79 1b 00 00
11 80 8a 34 79 1b 00 00
11 80 8a 34 79 1b 00 00
11 80 8a 34 79 1b 00 00
11 80 8a 34 79 1b 00 00
11 80 8a 34 79 1b 00 00
11 80 8a 34 79 1b 00 00
11 80 8a 34 79 1b 00 00
11 80 8a 34 79 1b 00 00
11 80 8a 34 79 1b 00 00
11 80 8a 34 79 1b 00 00
11 80 8a 34 79 1b 00 00
11 80 8a 34 79 1b 00 00
11 80 8a 34 79 1b 00 00
11 80 8a 34 79 1b 00 00
11 80 8a 34 79 1b 00 00
11 80 8a 34 79 1b 00 00
11 80 8a 34 79 1b 00 00
11 80 8a 34 79 1b 00 00
11 80 8a 34 79 1b 00 00
11 80 8a 34 79 1b 00 00
11 80 8a 34 79 1b 00 00
11 80 8a 34 79 1b 00 00
11 80 8a 34 79 1b 00 00
11 80 8a 34 79 1b 00 00
11 80 8a 34 79 1b 00 00
11 80 8a 34 79 1b 00 00
11 80 8a 34 79 1b 00 00
11 80 8a 34 79 1b 00 00
11 80 8a 34 79 1b 00 00
11 80 8a 34 79 1b 00 00
11 80 8a 34 79 1b 00 00
11 80 8a 34 79 1b 00 00
11 80 8a 34 79 1b 00 00
11 80 8a 34 79 1b 00 00
11 80 8a 34 79 1b 00 00
11 80 8a 34 79 1b 00 00
11 80 8a 34 79 1b 00 00
11 80 8a 34 79 1b 00 00
11 80 8a 34 79 1b 00 00
11 80 8a 34 79 1b 00 00
11 80 8a 34 79 1b 00 00
11 80 8a 34 79 1b 00 00
11 80 8a 34 79 1b 00 00
11 80 8a 34 79 1b 00 00
11 80 8a 34 79 1b 00 00
11 80 8a 34 79 1b 00 00
11 80 8a 34 79 1b 00 00
11 80 8a 34 79 1b 00 00
11 80 8a 34 79 1b 00 00
11 80 8a 34 79 1b 00 00
11 80 8a 34 79 1b 00 00
11 80 8a 34 79 1b 00 00
11 80 8a 34 79 1b 00 00
11 80 8a 34 79 1b 00 00
11 80 8a 34 79 1b 00 00
11 80 8a 34 79 1b 00 00
11 80 8a 34 79 1b 00 00
11 80 8a 34 79 1b 00 00
11 80 8a 34 79 1b 00 00
11 80 8a 34 79 1b 00 00
11 80 8a 34 79 1b 00 00
11 80 8a 34 79 1b 00 00
11 80 8a 34 79 1b 00 00
11 80 8a 34 79 1b 00 00
11 80 8a 34 79 1b 00 00
11 80 8a 34 79 1b 00 00
11 80 8a 34 79 1b 00 00
11 80 8a 34 79 1b 00 00
11 80 8a 34 79 1b 00 00
11 80 8a 34 79 1b 00 00
11 80 8a 34 79 1b 00 00
11 80 8a 34 79 1b 00 00
11 80 8a 34 79 1b 00 00
11 80 8a 34 79 1b 00 00
11 80 8a 34 79 1b 00 00
11 80 8a 34 79 1b 00 00
11 80 8a 34 79 1b 00 00
11 80 8a 34 79 1b 00 00
11 80 8a 34 79 1b 00 00
11 80 8a 34 79 1b 00 00
11 80 8a 34 79 1b 00 00
11 80 8a 34 79 1b 00 00
11 80 8a 34 79 1b 00 00
11 80 8a 34 79 1b 00 00
11 80 8a 34 79 1b 00 00
11 80 8a 34 79 1b 00 00
11 80 8a 34 79 1b 00 00
11 80 8a 34 79 1b 00 00
11 80 8a 34 79 1b 00 00
11 80 8a 34 79 1b 00 00
11 80 8a 34 79 1b 00 00
11 80 8a 34 79 1b 00 00
11 80 8a 34 79 1b 00 00
11 80 8a 34 79 1b 00 00
11 80 8a 34 79 1b 00 00
11 80 8a 34 79 1b 00 00
11 80 8a 34 79 1b 00 00
11 80 8a 34 79 1b 00 00
11 80 8a 34 79 1b 00 00
11 80 8a 34 79 1b 00 00
11 80 8a 34 79 1b 00 00
11 80 8a 34 79 1b 00 00
11 80 8a 34 79 1b 00 00
11 80 8a 34 79 1b 00 00
11 80 8a 34 79 1b 00 00
11 80 8a 34 79 1b 00 00
11 80 8a 34 79 1b 00 00
11 80 8a 34 79 1b 00 00
11 80 8a 34 79 1b 00 00
11 80 8a 34 79 1b 00 00
11 80 8a 34 79 1b 00 00
11 80 8a 34 79 1b 00 00
11 80 8a 34 79 1b 00 00
11 80 8a 34 79 1b 00 00
11 80 8a 34 79 1b 00 00
11 80 8a 34 79 1b 00 00
11 80 8a 34 79 1b 00 00
11 80 8a 34 79 1b 00 00
11 80 8a 34 79 1b 00 00
11 80 8a 34 79 1b 00 00
11 80 8a 34 79 1b 00 00
11 80 8a 34 79 1b 00 00
11 80 8a 34 79 1b 00 00
11 80 8a 34 79 1b 01 00
11 80 8a 34 79 1b 00 00
11 80 8a 34 79 1b 00 00
11 80 8a 34 79 1b 00 00
11 80 8a 34 79 1b 00 00
11 80 8a 34 79 1b 00 00
11 80 8a 34 79 1b 00 00
11 80 8a 34 79 1b 00 00
11 80 8a 34 79 1b 00 00
11 80 8a 34 79 1b 00 00
11 80 8a 34 79 1b 00 00
11 80 8a 34 79 1b 00 00
11 80 8a 34 79 1b 00 00
11 80 8a 34 79 1b 00 00
11 80 8a 34 79 1b 00 00
11 80 8a 34 79 1b 00 00
11 80 8a 34 79 1b 00 00
11 80 8a 34 79 1b 00 00
11 80 8a 34 79 1b 00 00
11 80 8a 34 79 1b 00 00
11 80 8a 34 79 1b 00 00
11 80 8a 34 79 1b 00 00
11 80 8a 34 79 1b 00 00
11 80 8a 34 79 1b 00 00
11 80 8a 34 79 1b 00 00
11 80 8a 34 79 1b 00 00
11 80 8a 34 79 1b 00 00
11 80 8a 34 79 1b 00 00
11 80 8a 34 79 1b 00 00
11 80 8a 34 79 1b 00 00
11 80 8a 34 79 1b 00 00
11 80 8a 34 79 1b 00 00
11 80 8a 34 79 1b 00 00
11 80 8a 34 79 1b 00 00
11 80 8a 34 79 1b 00 00
11 80 8a 34 79 1b 00 00
11 80 8a 34 79 1b 00 00
11 80 8a 34 79 1b 00 00
11 80 8a 34 79 1b 00 00
11 80 8a 34 79 1b 00 00
11 80 8a 34 79 1b 00 00
11 80 8a 34 79 1b 00 00
11 80 8a 34 79 1b 00 00
11 80 8a 34 79 1b 00 00
11 80 8a 34 79 1b 00 00
11 80 8a 34 79 1b 00 00
11 80 8a 34 79 1b 00 00
11 80 8a 34 79 1b 00 00
11 80 8a 34 79 1b 00 00
11 80 8a 34 79 1b 00 00
11 80 8a 34 79 1b 00 00
11 80 8a 34 79 1b 00 00
11 80 8a 34 79 1b 00 00
11 80 8a 34 79 1b 00 00
11 80 8a 34 79 1b 00 00
11 80 8a 34 79 1b 00 00
11 80 8a 34 79 1b 00 00
11 80 8a 34 79 1b 00 00
11 80 8a 34 79 1b 00 00
11 80 8a 34 79 1b 00 00
11 80 8a 34 79 1b 00 00
11 80 8a 34 79 1b 00 00
11 80 8a 34 79 1b 00 00
11 80 8a 34 79 1b 00 00
11 80 8a 34 79 1b 00 00
11 80 8a 34 79 1b 00 00
11 80 8a 34 79 1b 00 00
11 80 8a 34 79 1b 00 00
11 80 8a 34 79 1b 00 00
11 80 8a 34 79 1b 00 00
11 80 8a 34 79 1b 00 00
11 80 8a 34 79 1b 00 00
11 80 8a 34 79 1b 00 00
11 80 8a 34 79 1b 00 00
11 80 8a 34 79 1b 00 00
11 80 8a 34 79 1b 00 00
11 80 8a 34 79 1b 00 00
11 80 8a 34 79 1b 00 00
11 80 8a 34 79 1b 00 00
11 80 8a 34 79 1b 00 00
11 80 8a 34 79 1b 00 00
11 80 8a 34 79 1b 00 00
11 80 8a 34 79 1b 00 00
11 80 8a 34 79 1b 00 00
11 80 8a 34 79 1b 00 00
11 80 8a 34 79 1b 00 00
11 80 8a 34 79 1b 00 00
11 80 8a 34 79 1b 00 00
11 80 8a 34 79 1b 00 00
11 80 8a 34 79 1b 00 00
11 80 8a 34 79 1b 00 00
11 80 8a 34 79 1b 00 00
11 80 8a 34 79 1b 00 00
11 80 8a 34 79 1b 00 00
11 80 8a 34 79 1b 00 00
11 80 8a 34 79 1b 00 00
11 80 8a 34 79 1b 00 00
11 80 8a 34 79 1b 00 00
11 80 8a 34 79 1b 00 00
11 80 8a 34 79 1b 00 00
11 80 8a 34 79 1b 00 00
11 80 8a 34 79 1b 00 00
11 80 8a 34 79 1b 00 00
11 80 8a 34 79 1b 00 00
11 80 8a 34 79 1b 00 00
11 80 8a 34 79 1b 00 00
11 80 8a 34 79 1b 00 00
11 80 8a 34 79 1b 00 00
11 80 8a 34 79 1b 00 00
11 80 8a 34 79 1b 00 00
11 80 8a 34 79 1b 00 00
11 80 8a 34 79 1b 00 00
11 80 8a 34 79 1b 00 00
11 80 8a 34 79 1b 00 00
11 80 8a 34 79 1b 00 00
11 80 8a 34 79 1b 00 00
11 80 8a 34 79 1b 00 00
11 80 8a 34 79 1b 00 00
11 80 8a 34 79 1b 00 00
11 80 8a 34 79 1b 00 00
11 80 8a 34 79 1b 00 00
11 80 8a 34 79 1b 00 00
11 80 8a 34 79 1b 00 00
11 80 8a 34 79 1b 00 00
11 80 8a 34 79 1b 01 00
11 80 8a 34 79 1b 00 00
11 80 8a 34 79 1b 00 00
11 80 8a 34 79 1b 00 00
11 80 8a 34 79 1b 00 00
11 80 8a 34 79 1b 00 00
11 80 8a 34 79 1b 00 00
11 80 8a 34 79 1b 00 00
11 80 8a 34 79 1b 00 00
11 80 8a 34 79 1b 00 00
11 80 8a 34 79 1b 00 00
11 80 8a 34 79 1b 00 00
11 80 8a 34 79 1b 00 00
11 80 8a 34 79 1b 00 00
11 80 8a 34 79 1b 00 00
11 80 8a 34 79 1b 00 00
11 80 8a 34 79 1b 00 00
11 80 8a 34 79 1b 00 00
11 80 8a 34 79 1b 00 00
11 80 8a 34 79 1b 00 00
11 80 8a 34 79 1b 00 00
11 80 8a 34 79 1b 00 00
11 80 8a 34 79 1b 00 00
11 80 8a 34 79 1b 00 00
11 80 8a 34 79 1b 00 00
11 80 8a 34 79 1b 00 00
11 80 8a 34 79 1b 00 00
11 80 8a 34 79 1b 00 00
11 80 8a 34 79 1b 00 00
11 80 8a 34 79 1b 00 00
11 80 8a 34 79 1b 00 00
11 80 8a 34 79 1b 00 00
11 80 8a 34 79 1b 00 00
11 80 8a 34 79 1b 00 00
11 80 8a 34 79 1b 00 00
11 80 8a 34 79 1b 00 00
11 80 8a 34 79 1b 00 00
11 80 8a 34 79 1b 00 00
11 80 8a 34 79 1b 00 00
11 80 8a 34 79 1b 00 00
11 80 8a 34 79 1b 00 00
11 80 8a 34 79 1b 00 00
11 80 8a 34 79 1b 00 00
11 80 8a 34 79 1b 00 00
11 80 8a 34 79 1b 00 00
11 80 8a 34 79 1b 00 00
11 80 8a 34 79 1b 00 00
11 80 8a 34 79 1b 00 00
11 80 8a 34 79 1b 00 00
11 80 8a 34 79 1b 00 00
11 80 8a 34 79 1b 00 00
11 80 8a 34 79 1b 00 00
11 80 8a 34 79 1b 00 00
11 80 8a 34 79 1b 00 00
11 80 8a 34 79 1b 00 00
11 80 8a 34 79 1b 00 00
11 80 8a 34 79 1b 00 00
11 80 8a 34 79 1b 00 00
11 80 8a 34 79 1b 00 00
11 80 8a 34 79 1b 00 00
11 80 8a 34 79 1b 00 00
11 80 8a 34 79 1b 00 00
11 80 8a 34 79 1b 00 00
11 80 8a 34 79 1b 00 00
11 80 8a 34 79 1b 00 00
11 80 8a 34 79 1b 00 00
11 80 8a 34 79 1b 00 00
11 80 8a 34 79 1b 00 00
11 80 8a 34 79 1b 00 00
11 80 8a 34 79 1b 00 00
11 80 8a 34 79 1b 00 00
11 80 8a 34 79 1b 00 00
11 80 8a 34 79 1b 00 00
11 80 8a 34 79 1b 00 00
11 80 8a 34 79 1b 00 00
11 80 8a 34 79 1b 00 00
11 80 8a 34 79 1b 00 00
11 80 8a 34 79 1b 00 00
11 80 8a 34 79 1b 00 00
11 80 8a 34 79 1b 00 00
11 80 8a 34 79 1b 00 00
11 80 8a 34 79 1b 00 00
11 80 8a 34 79 1b 00 00
11 80 8a 34 79 1b 00 00
11 80 8a 34 79 1b 00 00
11 80 8a 34 79 1b 00 00
11 80 8a 34 79 1b 00 00
11 80 8a 34 79 1b 00 00
11 80 8a 34 79 1b 00 00
11 80 8a 34 79 1b 00 00
11 80 8a 34 79 1b 00 00
11 80 8a 34 79 1b 00 00
11 80 8a 34 79 1b 00 00
11 80 8a 34 79 1b 00 00
11 80 8a 34 79 1b 00 00
11 80 8a 34 79 1b 00 00
11 80 8a 34 79 1b 00 00
11 80 8a 34 79 1b 00 00
11 80 8a 34 79 1b 00 00
11 80 8a 34 79 1b 00 00
11 80 8a 34 79 1b 00 00
11 80 8a 34 79 1b 00 00
11 80 8a 34 79 1b 00 00
11 80 8a 34 79 1b 00 00
11 80 8a 34 79 1b 00 00
11 80 8a 34 79 1b 00 00
11 80 8a 34 79 1b 00 00
11 80 8a 34 79 1b 00 00
11 80 8a 34 79 1b 00 00
11 80 8a 34 79 1b 00 00
11 80 8a 34 79 1b 00 00
11 80 8a 34 79 1b 00 00
11 80 8a 34 79 1b 00 00
11 80 8a 34 79 1b 00 00
11 80 8a 34 79 1b 00 00
11 80 8a 34 79 1b 00 00
11 80 8a 34 79 1b 00 00
11 80 8a 34 79 1b 00 00
11 80 8a 34 79 1b 00 00
11 80 8a 34 79 1b 00 00
11 80 8a 34 79 1b 00 00
11 80 8a 34 79 1b 00 00
11 80 8a 34 79 1b 00 00
11 80 8a 34 79 1b 00 00
11 80 8a 34 79 1b 00 00
11 80 8a 34 79 1b 00 00
11 80 8a 34 79 1b 00 00
11 80 8a 34 79 1b 00 00
11 80 8a 34 79 1b 00 00
11 80 8a 34 79 1b 00 00
11 80 8a 34 79 1b 00 00
11 80 8a 34 79 1b 00 00
11 80 8a 34 79 1b 00 00
11 80 8a 34 79 1b 00 00
11 80 8a 34 79 1b 00 00
11 80 8a 34 79 1b 00 00
11 80 8a 34 79 1b 00 00
11 80 8a 34 79 1b 00 00
11 80 8a 34 79 1b 00 00
11 80 8a 34 79 1b 00 00
11 80 8a 34 79 1b 00 00
11 80 8a 34 79 1b 00 00
11 80 8a 34 79 1b 00 00
11 80 8a 34 79 1b 00 00
11 80 8a 34 79 1b 00 00
11 80 8a 34 79 1b 00 00
11 80 8a 34 79 1b 00 00
11 80 8a 34 79 1b 00 00
11 80 8a 34 79 1b 00 00
11 80 8a 34 79 1b 00 00
11 80 8a 34 79 1b 00 00
11 80 8a 34 79 1b 00 00
11 80 8a 34 79 1b 00 00
11 80 8a 34 79 1b 00 00
11 80 8a 34 79 1b 00 00
11 80 8a 34 79 1b 00 00
11 80 8a 34 79 1b 00 00
11 80 8a 34 79 1b 00 00
11 80 8a 34 79 1b 00 00
11 80 8a 34 79 1b 00 00
11 80 8a 34 79 1b 00 00
11 80 8a 34 79 1b 00 00
11 80 8a 34 79 1b 00 00
11 80 8a 34 79 1b 00 00
11 80 8a 34 79 1b 00 00
11 80 8a 34 79 1b 00 00
11 80 8a 34 79 1b 00 00
11 80 8a 34 79 1b 00 00
11 80 8a 34 79 1b 00 00
11 80 8a 34 79 1b 00 00
11 80 8a 34 79 1b 00 00
11 80 8a 34 79 1b 00 00
11 80 8a 34 79 1b 00 00
11 80 8a 34 79 1b 00 00
11 80 8a 34 79 1b 00 00
11 80 8a 34 79 1b 00 00
11 80 8a 34 79 1b 00 00
11 80 8a 34 79 1b 00 00
11 80 8a 34 79 1b 00 00
11 80 8a 34 79 1b 00 00
11 80 8a 34 79 1b 00 00
11 80 8a 34 79 1b 00 00
11 80 8a 34 79 1b 00 00
11 80 8a 34 79 1b 00 00
11 80 8a 34 79 1b 00 00
11 80 8a 34 79 1b 00 00
11 80 8a 34 79 1b 00 00
11 80 8a 34 79 1b 00 00
11 80 8a 34 79 1b 00 00
11 80 8a 34 79 1b 00 00
11 80 8a 34 79 1b 00 00
11 80 8a 34 79 1b 00 00
11 80 8a 34 79 1b 00 00
11 80 8a 34 79 1b 00 00
11 80 8a 34 79 1b 00 00
11 80 8a 34 79 1b 00 00
11 80 8a 34 79 1b 00 00
11 80 8a 34 79 1b 00 00
11 80 8a 34 79 1b 00 00
11 80 8a 34 79 1b 00 00
11 80 8a 34 79 1b 00 00
11 80 8a 34 79 1b 00 00
11 80 8a 34 79 1b 00 00
11 80 8a 34 79 1b 00 00
11 80 8a 34 79 1b 00 00
11 80 8a 34 79 1b 00 00
11 80 8a 34 79 1b 00 00
11 80 8a 34 79 1b 00 00
11 80 8a 34 79 1b 00 00
11 80 8a 34 79 1b 00 00
11 80 8a 34 79 1b 00 00
11 80 8a 34 79 1b 00 00
11 80 8a 34 79 1b 00 00
11 80 8a 34 79 1b 00 00
11 80 8a 34 79 1b 00 00
11 80 8a 34 79 1b 00 00
11 80 8a 34 79 1b 00 00
11 80 8a 34 79 1b 00 00
11 80 8a 34 79 1b 00 00
11 80 8a 34 79 1b 00 00
11 80 8a 34 79 1b 00 00
11 80 8a 34 79 1b 00 00
11 80 8a 34 79 1b 00 00
11 80 8a 34 79 1b 00 00
11 80 8a 34 79 1b 00 00
11 80 8a 34 79 1b 00 00
11 80 8a 34 79 1b 00 00
11 80 8a 34 79 1b 00 00
11 80 8a 34 79 1b 00 00
11 80 8a 34 79 1b 00 00
11 80 8a 34 79 1b 00 00
11 80 8a 34 79 1b 00 00
11 80 8a 34 79 1b 00 00
11 80 8a 34 79 1b 00 00
11 80 8a 34 79 1b 00 00
11 80 8a 34 79 1b 00 00
11 80 8a 34 79 1b 00 00
11 80 8a 34 79 1b 01 00
11 80 8a 34 79 1b 00 00
11 80 8a 34 79 1b 00 00
11 80 8a 34 79 1b 00 00
11 80 8a 34 79 1b 00 00
11 80 8a 34 79 1b 00 00
11 80 8a 34 79 1b 00 00
11 80 8a 34 79 1b 00 00
11 80 8a 34 79 1b 00 00
11 80 8a 34 79 1b 00 00
11 80 8a 34 79 1b 00 00
11 80 8a 34 79 1b 00 00
11 80 8a 34 79 1b 00 00
11 80 8a 34 79 1b 00 00
11 80 8a 34 79 1b 00 00
11 80 8a 34 79 1b 00 00
11 80 8a 34 79 1b 00 00
11 80 8a 34 79 1b 00 00
11 80 8a 34 79 1b 00 00
11 80 8a 34 79 1b 00 00
11 80 8a 34 79 1b 00 00
11 80 8a 34 79 1b 00 00
11 80 8a 34 79 1b 00 00
11 80 8a 34 79 1b 00 00
11 80 8a 34 79 1b 00 00
11 80 8a 34 79 1b 00 00
11 80 8a 34 79 1b 00 00
11 80 8a 34 79 1b 00 00
11 80 8a 34 79 1b 00 00
11 80 8a 34 79 1b 00 00
11 80 8a 34 79 1b 00 00
11 80 8a 34 79 1b 00 00
11 80 8a 34 79 1b 00 00
11 80 8a 34 79 1b 00 00
11 80 8a 34 79 1b 00 00
11 80 8a 34 79 1b 00 00
11 80 8a 34 79 1b 00 00
11 80 8a 34 79 1b 00 00
11 80 8a 34 79 1b 00 00
11 80 8a 34 79 1b 00 00
11 80 8a 34 79 1b 00 00
11 80 8a 34 79 1b 00 00
11 80 8a 34 79 1b 00 00
11 80 8a 34 79 1b 00 00
11 80 8a 34 79 1b 00 00
11 80 8a 34 79 1b 00 00
11 80 8a 34 79 1b 00 00
11 80 8a 34 79 1b 00 00
11 80 8a 34 79 1b 00 00
11 80 8a 34 79 1b 00 00
11 80 8a 34 79 1b 00 00
11 80 8a 34 79 1b 00 00
11 80 8a 34 79 1b 00 00
11 80 8a 34 79 1b 00 00
11 80 8a 34 79 1b 00 00
11 80 8a 34 79 1b 00 00
11 80 8a 34 79 1b 00 00
11 80 8a 34 79 1b 00 00
11 80 8a 34 79 1b 00 00
11 80 8a 34 79 1b 00 00
11 80 8a 34 79 1b 00 00
11 80 8a 34 79 1b 00 00
11 80 8a 34 79 1b 00 00
11 80 8a 34 79 1b 00 00
11 80 8a 34 79 1b 00 00
11 80 8a 34 79 1b 00 00
11 80 8a 34 79 1b 00 00
11 80 8a 34 79 1b 00 00
11 80 8a 34 79 1b 00 00
11 80 8a 34 79 1b 00 00
11 80 8a 34 79 1b 00 00
11 80 8a 34 79 1b 00 00
11 80 8a 34 79 1b 00 00
11 80 8a 34 79 1b 00 00
11 80 8a 34 79 1b 00 00
11 80 8a 34 79 1b 00 00
11 80 8a 34 79 1b 00 00
11 80 8a 34 79 1b 00 00
11 80 8a 34 79 1b 00 00
11 80 8a 34 79 1b 00 00
11 80 8a 34 79 1b 00 00
11 80 8a 34 79 1b 00 00
11 80 8a 34 79 1b 00 00
11 80 8a 34 79 1b 00 00
11 80 8a 34 79 1b 00 00
11 80 8a 34 79 1b 00 00
11 80 8a 34 79 1b 00 00
11 80 8a 34 79 1b 00 00
11 80 8a 34 79 1b 00 00
11 80 8a 34 79 1b 00 00
11 80 8a 34 79 1b 00 00
11 80 8a 34 79 1b 00 00
11 80 8a 34 79 1b 00 00
11 80 8a 34 79 1b 00 00
11 80 8a 34 79 1b 00 00
11 80 8a 34 79 1b 00 00
11 80 8a 34 79 1b 00 00
11 80 8a 34 79 1b 00 00
11 80 8a 34 79 1b 00 00
11 80 8a 34 79 1b 00 00
11 80 8a 34 79 1b 00 00
11 80 8a 34 79 1b 00 00
11 80 8a 34 79 1b 00 00
11 80 8a 34 79 1b 00 00
11 80 8a 34 79 1b 00 00
11 80 8a 34 79 1b 00 00
11 80 8a 34 79 1b 00 00
11 80 8a 34 79 1b 00 00
11 80 8a 34 79 1b 00 00
11 80 8a 34 79 1b 00 00
11 80 8a 34 79 1b 00 00
11 80 8a 34 79 1b 00 00
11 80 8a 34 79 1b 00 00
11 80 8a 34 79 1b 00 00
11 80 8a 34 79 1b 00 00
11 80 8a 34 79 1b 00 00
11 80 8a 34 79 1b 00 00
11 80 8a 34 79 1b 00 00
11 80 8a 34 79 1b 00 00
11 80 8a 34 79 1b 00 00
11 80 8a 34 79 1b 00 00
11 80 8a 34 79 1b 00 00
11 80 8a 34 79 1b 00 00
11 80 8a 34 79 1b 00 00
11 80 8a 34 79 1b 00 00
11 80 8a 34 79 1b 00 00
11 80 8a 34 79 1b 00 00
11 80 8a 34 79 1b 00 00
11 80 8a 34 79 1b 00 00
11 80 8a 34 79 1b 00 00
11 80 8a 34 79 1b 00 00
11 80 8a 34 79 1b 00 00
11 80 8a 34 79 1b 00 00
11 80 8a 34 79 1b 00 00
11 80 8a 34 79 1b 00 00
11 80 8a 34 79 1b 00 00
11 80 8a 34 79 1b 00 00
11 80 8a 34 79 1b 00 00
11 80 8a 34 79 1b 00 00
11 80 8a 34 79 1b 00 00
11 80 8a 34 79 1b 00 00
11 80 8a 34 79 1b 00 00
11 80 8a 34 79 1b 00 00
11 80 8a 34 79 1b 00 00
11 80 8a 34 79 1b 00 00
11 80 8a 34 79 1b 00 00
11 80 8a 34 79 1b 00 00
11 80 8a 34 79 1b 00 00
11 80 8a 34 79 1b 00 00
11 80 8a 34 79 1b 00 00
11 80 8a 34 79 1b 00 00
11 80 8a 34 79 1b 00 00
11 80 8a 34 79 1b 00 00
11 80 8a 34 79 1b 00 00
11 80 8a 34 79 1b 00 00
11 80 8a 34 79 1b 00 00
11 80 8a 34 79 1b 00 00
11 80 8a 34 79 1b 00 00
11 80 8a 34 79 1b 00 00
11 80 8a 34 79 1b 00 00
11 80 8a 34 79 1b 00 00
11 80 8a 34 79 1b 00 00
11 80 8a 34 79 1b 00 00
11 80 8a 34 79 1b 00 00
11 80 8a 34 79 1b 00 00
11 80 8a 34 79 1b 00 00
11 80 8a 34 79 1b 00 00
11 80 8a 34 79 1b 00 00
11 80 8a 34 79 1b 00 00
11 80 8a 34 79 1b 00 00
11 80 8a 34 79 1b 00 00
11 80 8a 34 79 1b 00 00
11 80 8a 34 79 1b 00 00
11 80 8a 34 79 1b 00 00
11 80 8a 34 79 1b 00 00
11 80 8a 34 79 1b 00 00
11 80 8a 34 79 1b 00 00
11 80 8a 34 79 1b 00 00
11 80 8a 34 79 1b 00 00
11 80 8a 34 79 1b 00 00
11 80 8a 34 79 1b 00 00
11 80 8a 34 79 1b 00 00
11 80 8a 34 79 1b 00 00
11 80 8a 34 79 1b 00 00
11 80 8a 34 79 1b 00 00
11 80 8a 34 79 1b 00 00
11 80 8a 34 79 1b 00 00
11 80 8a 34 79 1b 00 00
11 80 8a 34 79 1b 00 00
11 80 8a 34 79 1b 00 00
11 80 8a 34 79 1b 00 00
11 80 8a 34 79 1b 00 00
11 80 8a 34 79 1b 00 00
11 80 8a 34 79 1b 00 00
11 80 8a 34 79 1b 00 00
11 80 8a 34 79 1b 00 00
11 80 8a 34 79 1b 00 00
11 80 8a 34 79 1b 00 00
11 80 8a 34 79 1b 00 00
11 80 8a 34 79 1b 00 00
11 80 8a 34 79 1b 00 00
11 80 8a 34 79 1b 00 00
11 80 8a 34 79 1b 00 00
11 80 8a 34 79 1b 00 00
11 80 8a 34 79 1b 00 00
11 80 8a 34 79 1b 00 00
11 80 8a 34 79 1b 00 00
11 80 8a 34 79 1b 00 00
11 80 8a 34 79 1b 00 00
11 80 8a 34 79 1b 00 00
11 80 8a 34 79 1b 00 00
11 80 8a 34 79 1b 00 00
11 80 8a 34 79 1b 00 00
11 80 8a 34 79 1b 00 00
11 80 8a 34 79 1b 00 00
11 80 8a 34 79 1b 00 00
11 80 8a 34 79 1b 00 00
11 80 8a 34 79 1b 00 00
11 80 8a 34 79 1b 00 00
11 80 8a 34 79 1b 00 00
11 80 8a 34 79 1b 00 00
11 80 8a 34 79 1b 00 00
11 80 8a 34 79 1b 00 00
11 80 8a 34 79 1b 00 00
11 80 8a 34 79 1b 00 00
11 80 8a 34 79 1b 00 00
11 80 8a 34 79 1b 00 00
11 80 8a 34 79 1b 00 00
11 80 8a 34 79 1b 00 00
11 80 8a 34 79 1b 00 00
11 80 8a 34 79 1b 00 00
11 80 8a 34 79 1b 00 00
11 80 8a 34 79 1b 00 00
11 80 8a 34 79 1b 00 00
11 80 8a 34 79 1b 00 00
11 80 8a 34 79 1b 00 00
11 80 8a 34 79 1b 00 00
11 80 8a 34 79 1b 00 00
11 80 8a 34 79 1b 00 00
11 80 8a 34 79 1b 00 00
11 80 8a 34 79 1b 00 00
11 80 8a 34 79 1b 00 00
11 80 8a 34 79 1b 00 00
11 80 8a 34 79 1b 00 00
11 80 8a 34 79 1b 00 00
11 80 8a 34 79 1b 00 00
11 80 8a 34 79 1b 00 00
11 80 8a 34 79 1b 00 00
11 80 8a 34 79 1b 00 00
11 80 8a 34 79 1b 00 00
11 80 8a 34 79 1b 00 00
11 80 8a 34 79 1b 00 00
11 80 8a 34 79 1b 00 00
11 80 8a 34 79 1b 00 00
11 80 8a 34 79 1b 00 00
11 80 8a 34 79 1b 00 00
11 80 8a 34 79 1b 00 00
11 80 8a 34 79 1b 00 00
11 80 8a 34 79 1b 00 00
11 80 8a 34 79 1b 00 00
11 80 8a 34 79 1b 00 00
11 80 8a 34 79 1b 00 00
11 80 8a 34 79 1b 00 00
11 80 8a 34 79 1b 00 00
11 80 8a 34 79 1b 00 00
11 80 8a 34 79 1b 00 00
11 80 8a 34 79 1b 00 00
11 80 8a 34 79 1b 00 00
11 80 8a 34 79 1b 00 00
11 80 8a 34 79 1b 00 00
11 80 8a 34 79 1b 00 00
11 80 8a 34 79 1b 00 00
11 80 8a 34 79 1b 00 00
11 80 8a 34 79 1b 00 00
11 80 8a 34 79 1b 00 00
11 80 8a 34 79 1b 00 00
11 80 8a 34 79 1b 00 00
11 80 8a 34 79 1b 00 00
11 80 8a 34 79 1b 00 00
11 80 8a 34 79 1b 00 00
11 80 8a 34 79 1b 00 00
11 80 8a 34 79 1b 00 00
11 80 8a 34 79 1b 00 00
11 80 8a 34 79 1b 00 00
11 80 8a 34 79 1b 00 00
11 80 8a 34 79 1b 00 00
11 80 8a 34 79 1b 00 00
11 80 8a 34 79 1b 00 00
11 80 8a 34 79 1b 00 00
11 80 8a 34 79 1b 00 00
11 80 8a 34 79 1b 00 00
11 80 8a 34 79 1b 00 00
11 80 8a 34 79 1b 00 00
11 80 8a 34 79 1b 00 00
11 80 8a 34 79 1b 00 00
11 80 8a 34 79 1b 00 00
11 80 8a 34 79 1b 00 00
11 80 8a 34 79 1b 00 00
11 80 8a 34 79 1b 00 00
11 80 8a 34 79 1b 00 00
11 80 8a 34 79 1b 00 00
11 80 8a 34 79 1b 00 00
11 80 8a 34 79 1b 00 00
11 80 8a 34 79 1b 00 00
11 80 8a 34 79 1b 00 00
11 80 8a 34 79 1b 00 00
11 80 8a 34 79 1b 00 00
11 80 8a 34 79 1b 00 00
11 80 8a 34 79 1b 00 00
11 80 8a 34 79 1b 00 00
11 80 8a 34 79 1b 00 00
11 80 8a 34 79 1b 00 00
11 80 8a 34 79 1b 00 00
11 80 8a 34 79 1b 00 00
11 80 8a 34 79 1b 00 00
11 80 8a 34 79 1b 00 00
11 80 8a 34 79 1b 00 00
11 80 8a 34 79 1b 00 00
11 80 8a 34 79 1b 00 00
11 80 8a 34 79 1b 00 00
11 80 8a 34 79 1b 00 00
11 80 8a 34 79 1b 00 00
11 80 8a 34 79 1b 00 00
11 80 8a 34 79 1b 00 00
11 80 8a 34 79 1b 00 00
11 80 8a 34 79 1b 00 00
11 80 8a 34 79 1b 00 00
11 80 8a 34 79 1b 00 00
11 80 8a 34 79 1b 00 00
11 80 8a 34 79 1b 00 00
11 80 8a 34 79 1b 00 00
11 80 8a 34 79 1b 00 00
11 80 8a 34 79 1b 00 00
11 80 8a 34 79 1b 00 00
11 80 8a 34 79 1b 00 00
11 80 8a 34 79 1b 00 00
11 80 8a 34 79 1b 00 00
11 80 8a 34 79 1b 00 00
11 80 8a 34 79 1b 00 00
11 80 8a 34 79 1b 00 00
11 80 8a 34 79 1b 00 00
11 80 8a 34 79 1b 00 00
11 80 8a 34 79 1b 00 00
11 80 8a 34 79 1b 00 00
11 80 8a 34 79 1b 00 00
11 80 8a 34 79 1b 00 00
11 80 8a 34 79 1b 00 00
11 80 8a 34 79 1b 00 00
11 80 8a 34 79 1b 00 00
11 80 8a 34 79 1b 00 00
11 80 8a 34 79 1b 00 00
11 80 8a 34 79 1b 00 00
11 80 8a 34 79 1b 00 00
11 80 8a 34 79 1b 00 00
11 80 8a 34 79 1b 00 00
11 80 8a 34 79 1b 00 00
11 80 8a 34 79 1b 00 00
11 80 8a 34 79 1b 00 00
11 80 8a 34 79 1b 00 00
11 80 8a 34 79 1b 00 00
11 80 8a 34 79 1b 00 00
11 80 8a 34 79 1b 00 00
11 80 8a 34 79 1b 00 00
11 80 8a 34 79 1b 00 00
11 80 8a 34 79 1b 00 00
11 80 8a 34 79 1b 00 00
11 80 8a 34 79 1b 00 00
11 80 8a 34 79 1b 00 00
11 80 8a 34 79 1b 00 00
11 80 8a 34 79 1b 00 00
11 80 8a 34 79 1b 00 00
11 80 8a 34 79 1b 00 00
11 80 8a 34 79 1b ff 00
11 80 8a 34 79 1b 00 00
11 80 8a 34 79 1b 00 00
11 80 8a 34 79 1b 00 00
11 80 8a 34 79 1b 00 00
11 80 8a 34 79 1b 00 00
11 80 8a 34 79 1b 00 00
11 80 8a 34 79 1b 00 00
11 80 8a 34 79 1b 00 00
11 80 8a 34 79 1b 00 00
11 80 8a 34 79 1b 00 00
11 80 8a 34 79 1b 00 00
11 80 8a 34 79 1b 00 00
11 80 8a 34 79 1b 00 00
11 80 8a 34 79 1b 00 00
11 80 8a 34 79 1b 00 00
11 80 8a 34 79 1b 00 00
11 80 8a 34 79 1b 00 00
11 80 8a 34 79 1b 00 00
11 80 8a 34 79 1b 00 00
11 80 8a 34 79 1b 00 00
11 80 8a 34 79 1b 00 00
11 80 8a 34 79 1b 00 00
11 80 8a 34 79 1b 00 00
11 80 8a 34 79 1b 00 00
11 80 8a 34 79 1b 00 00
11 80 8a 34 79 1b 00 00
11 80 8a 34 79 1b 00 00
11 80 8a 34 79 1b 00 00
11 80 8a 34 79 1b 00 00
11 80 8a 34 79 1b 00 00
11 80 8a 34 79 1b 00 00
11 80 8a 34 79 1b 00 00
11 80 8a 34 79 1b 00 00
11 80 8a 34 79 1b 00 00
11 80 8a 34 79 1b 00 00
11 80 8a 34 79 1b 00 00
11 80 8a 34 79 1b 00 00
11 80 8a 34 79 1b 00 00
11 80 8a 34 79 1b 00 00
11 80 8a 34 79 1b 00 00
11 80 8a 34 79 1b 00 00
11 80 8a 34 79 1b 00 00
11 80 8a 34 79 1b 00 00
11 80 8a 34 79 1b 00 00
11 80 8a 34 79 1b 00 00
11 80 8a 34 79 1b 00 00
11 80 8a 34 79 1b 00 00
11 80 8a 34 79 1b 00 00
11 80 8a 34 79 1b 00 00
11 80 8a 34 79 1b 00 00
11 80 8a 34 79 1b 00 00
11 80 8a 34 79 1b 00 00
11 80 8a 34 79 1b 00 00
11 80 8a 34 79 1b 00 00
11 80 8a 34 79 1b 00 00
11 80 8a 34 79 1b 00 00
11 80 8a 34 79 1b 00 00
11 80 8a 34 79 1b 00 00
11 80 8a 34 79 1b 00 00
11 80 8a 34 79 1b 00 00
11 80 8a 34 79 1b 00 00
11 80 8a 34 79 1b 00 00
11 80 8a 34 79 1b 00 00
11 80 8a 34 79 1b 00 00
11 80 8a 34 79 1b 00 00
11 80 8a 34 79 1b 00 00
11 80 8a 34 79 1b 00 00
11 80 8a 34 79 1b 00 00
11 80 8a 34 79 1b 00 00
11 80 8a 34 79 1b 00 00
11 80 8a 34 79 1b 00 00
11 80 8a 34 79 1b 00 00
11 80 8a 34 79 1b 00 00
11 80 8a 34 79 1b 00 00
11 80 8a 34 79 1b 00 00
11 80 8a 34 79 1b 00 00
11 80 8a 34 79 1b 00 00
11 80 8a 34 79 1b 00 00
11 80 8a 34 79 1b 00 00
11 80 8a 34 79 1b 00 00
11 80 8a 34 79 1b 00 00
11 80 8a 34 79 1b 00 00
11 80 8a 34 79 1b 00 00
11 80 8a 34 79 1b 00 00
11 80 8a 34 79 1b 00 00
11 80 8a 34 79 1b 00 00
11 80 8a 34 79 1b 00 00
11 80 8a 34 79 1b 00 00
11 80 8a 34 79 1b 00 00
11 80 8a 34 79 1b 00 00
11 80 8a 34 79 1b 00 00
11 80 8a 34 79 1b 00 00
11 80 8a 34 79 1b 00 00
11 80 8a 34 79 1b 00 00
11 80 8a 34 79 1b 00 00
11 80 8a 34 79 1b 00 00
11 80 8a 34 79 1b 00 00
11 80 8a 34 79 1b 00 00
11 80 8a 34 79 1b 00 00
11 80 8a 34 79 1b 00 00
11 80 8a 34 79 1b 00 00
11 80 8a 34 79 1b 00 00
11 80 8a 34 79 1b 00 00
11 80 8a 34 79 1b 00 00
11 80 8a 34 79 1b 00 00
11 80 8a 34 79 1b 00 00
11 80 8a 34 79 1b 00 00
11 80 8a 34 79 1b 00 00
11 80 8a 34 79 1b 00 00
11 80 8a 34 79 1b 00 00
11 80 8a 34 79 1b 00 00
11 80 8a 34 79 1b 00 00
11 80 8a 34 79 1b 00 00
11 80 8a 34 79 1b 00 00
11 80 8a 34 79 1b 00 00
11 80 8a 34 79 1b 00 00
11 80 8a 34 79 1b 00 00
11 80 8a 34 79 1b 00 00
11 80 8a 34 79 1b 00 00
11 80 8a 34 79 1b 00 00
11 80 8a 34 79 1b 00 00
11 80 8a 34 79 1b 00 00
11 80 8a 34 79 1b 00 00
11 80 8a 34 79 1b 00 00
11 80 8a 34 79 1b 00 00
11 80 8a 34 79 1b 00 00
11 80 8a 34 79 1b 00 00
11 80 8a 34 79 1b 00 00
11 80 8a 34 79 1b 00 00
11 80 8a 34 79 1b 00 00
11 80 8a 34 79 1b 00 00
11 80 8a 34 79 1b 00 00
11 80 8a 34 79 1b 00 00
11 80 8a 34 79 1b ff 00
11 80 8a 34 79 1b 00 00
11 80 8a 34 79 1b 00 00
11 80 8a 34 79 1b 00 00
11 80 8a 34 79 1b 00 00
11 80 8a 34 79 1b 00 00
11 80 8a 34 79 1b 00 00
11 80 8a 34 79 1b 00 00
11 80 8a 34 79 1b 00 00
11 80 8a 34 79 1b 00 00
11 80 8a 34 79 1b 00 00
11 80 8a 34 79 1b 00 00
11 80 8a 34 79 1b 00 00
11 80 8a 34 79 1b 00 00
11 80 8a 34 79 1b 00 00
11 80 8a 34 79 1b 00 00
11 80 8a 34 79 1b 00 00
11 80 8a 34 79 1b 00 00
11 80 8a 34 79 1b 00 00
11 80 8a 34 79 1b 00 00
11 80 8a 34 79 1b 00 00
11 80 8a 34 79 1b 00 00
11 80 8a 34 79 1b 00 00
11 80 8a 34 79 1b 00 00
11 80 8a 34 79 1b 00 00
11 80 8a 34 79 1b 00 00
11 80 8a 34 79 1b 00 00
11 80 8a 34 79 1b 00 00
11 80 8a 34 79 1b 00 00
11 80 8a 34 79 1b 00 00
11 80 8a 34 79 1b 00 00
11 80 8a 34 79 1b 00 00
11 80 8a 34 79 1b 00 00
11 80 8a 34 79 1b 00 00
11 80 8a 34 79 1b 00 00
11 80 8a 34 79 1b 00 00
11 80 8a 34 79 1b 00 00
11 80 8a 34 79 1b 00 00
11 80 8a 34 79 1b 00 00
11 80 8a 34 79 1b 00 00
11 80 8a 34 79 1b 00 00
11 80 8a 34 79 1b 00 00
11 80 8a 34 79 1b 00 00
11 80 8a 34 79 1b 00 00
11 80 8a 34 79 1b 00 00
11 80 8a 34 79 1b 00 00
11 80 8a 34 79 1b 00 00
11 80 8a 34 79 1b 00 00
11 80 8a 34 79 1b 00 00
11 80 8a 34 79 1b 00 00
11 80 8a 34 79 1b 00 00
11 80 8a 34 79 1b 00 00
11 80 8a 34 79 1b 00 00
11 80 8a 34 79 1b 00 00
11 80 8a 34 79 1b 00 00
11 80 8a 34 79 1b 00 00
11 80 8a 34 79 1b 00 00
11 80 8a 34 79 1b 00 00
11 80 8a 34 79 1b 00 00
11 80 8a 34 79 1b 00 00
11 80 8a 34 79 1b 00 00
11 80 8a 34 79 1b 00 00
11 80 8a 34 79 1b 00 00
11 80 8a 34 79 1b 00 00
11 80 8a 34 79 1b 00 00
11 80 8a 34 79 1b 00 00
11 80 8a 34 79 1b 00 00
11 80 8a 34 79 1b 00 00
11 80 8a 34 79 1b 00 00
11 80 8a 34 79 1b 00 00
11 80 8a 34 79 1b 00 00
11 80 8a 34 79 1b 00 00
11 80 8a 34 79 1b 00 00
11 80 8a 34 79 1b 00 00
11 80 8a 34 79 1b 00 00
11 80 8a 34 79 1b 00 00
11 80 8a 34 79 1b 00 00
11 80 8a 34 79 1b 00 00
11 80 8a 34 79 1b 00 00
11 80 8a 34 79 1b 00 00
11 80 8a 34 79 1b 00 00
11 80 8a 34 79 1b 00 00
11 80 8a 34 79 1b 00 00
11 80 8a 34 79 1b 00 00
11 80 8a 34 79 1b 00 00
11 80 8a 34 79 1b 00 00
11 80 8a 34 79 1b 00 00
11 80 8a 34 79 1b 00 00
11 80 8a 34 79 1b 00 00
11 80 8a 34 79 1b 00 00
11 80 8a 34 79 1b 00 00
11 80 8a 34 79 1b 00 00
11 80 8a 34 79 1b 00 00
11 80 8a 34 79 1b 00 00
11 80 8a 34 79 1b 00 00
11 80 8a 34 79 1b 00 00
11 80 8a 34 79 1b 00 00
11 80 8a 34 79 1b 00 00
11 80 8a 34 79 1b 00 00
11 80 8a 34 79 1b 00 00
11 80 8a 34 79 1b 00 00
11 80 8a 34 79 1b 00 00
11 80 8a 34 79 1b 00 00
11 80 8a 34 79 1b 00 00
11 80 8a 34 79 1b 00 00
11 80 8a 34 79 1b 00 00
11 80 8a 34 79 1b 00 00
11 80 8a 34 79 1b 00 00
11 80 8a 34 79 1b 00 00
11 80 8a 34 79 1b 00 00
11 80 8a 34 79 1b 00 00
11 80 8a 34 79 1b 00 00
11 80 8a 34 79 1b 00 00
11 80 8a 34 79 1b 00 00
11 80 8a 34 79 1b 00 00
11 80 8a 34 79 1b 00 00
11 80 8a 34 79 1b 00 00
11 80 8a 34 79 1b 00 00
11 80 8a 34 79 1b 00 00
11 80 8a 34 79 1b 00 00
11 80 8a 34 79 1b 00 00
11 80 8a 34 79 1b 00 00
11 80 8a 34 79 1b 00 00
11 80 8a 34 79 1b 00 00
11 80 8a 34 79 1b 00 00
11 80 8a 34 79 1b 00 00
11 80 8a 34 79 1b 00 00
11 80 8a 34 79 1b 00 00
11 80 8a 34 79 1b 00 00
11 80 8a 34 79 1b 00 00
11 80 8a 34 79 1b 00 00
11 80 8a 34 79 1b 00 00
11 80 8a 34 79 1b 00 00
11 80 8a 34 79 1b 00 00
11 80 8a 34 79 1b 00 00
11 80 8a 34 79 1b 00 00
11 80 8a 34 79 1b 00 00
11 80 8a 34 79 1b 00 00
11 80 8a 34 79 1b 00 00
11 80 8a 34 79 1b 00 00
11 80 8a 34 79 1b 00 00
11 80 8a 34 79 1b ff 00
11 80 8a 34 79 1b 00 00
11 80 8a 34 79 1b 00 00
11 80 8a 34 79 1b 00 00
11 80 8a 34 79 1b 00 00
11 80 8a 34 79 1b 00 00
11 80 8a 34 79 1b 00 00
11 80 8a 34 79 1b 00 00
11 80 8a 34 79 1b 00 00
11 80 8a 34 79 1b 00 00
11 80 8a 34 79 1b 00 00
11 80 8a 34 79 1b 00 00
11 80 8a 34 79 1b 00 00
11 80 8a 34 79 1b 00 00
11 80 8a 34 79 1b 00 00
11 80 8a 34 79 1b 00 00
11 80 8a 34 79 1b 00 00
11 80 8a 34 79 1b 00 00
11 80 8a 34 79 1b 00 00
11 80 8a 34 79 1b 00 00
11 80 8a 34 79 1b 00 00
11 80 8a 34 79 1b 00 00
11 80 8a 34 79 1b 00 00
11 80 8a 34 79 1b 00 00
11 80 8a 34 79 1b 00 00
11 80 8a 34 79 1b 00 00
11 80 8a 34 79 1b 00 00
11 80 8a 34 79 1b 00 00
11 80 8a 34 79 1b 00 00
11 80 8a 34 79 1b 00 00
11 80 8a 34 79 1b 00 00
11 80 8a 34 79 1b 00 00
11 80 8a 34 79 1b 00 00
11 80 8a 34 79 1b 00 00
11 80 8a 34 79 1b 00 00
11 80 8a 34 79 1b 00 00
11 80 8a 34 79 1b 00 00
11 80 8a 34 79 1b 00 00
11 80 8a 34 79 1b 00 00
11 80 8a 34 79 1b 00 00
11 80 8a 34 79 1b 00 00
11 80 8a 34 79 1b 00 00
11 80 8a 34 79 1b 00 00
11 80 8a 34 79 1b 00 00
11 80 8a 34 79 1b 00 00
11 80 8a 34 79 1b 00 00
11 80 8a 34 79 1b 00 00
11 80 8a 34 79 1b 00 00
11 80 8a 34 79 1b 00 00
11 80 8a 34 79 1b 00 00
11 80 8a 34 79 1b 00 00
11 80 8a 34 79 1b 00 00
11 80 8a 34 79 1b 00 00
11 80 8a 34 79 1b 00 00
11 80 8a 34 79 1b 00 00
11 80 8a 34 79 1b 00 00
11 80 8a 34 79 1b 00 00
11 80 8a 34 79 1b 00 00
11 80 8a 34 79 1b 00 00
11 80 8a 34 79 1b 00 00
11 80 8a 34 79 1b 00 00
11 80 8a 34 79 1b 00 00
11 80 8a 34 79 1b 00 00
11 80 8a 34 79 1b 00 00
11 80 8a 34 79 1b 00 00
11 80 8a 34 79 1b 00 00
11 80 8a 34 79 1b 00 00
11 80 8a 34 79 1b 00 00
11 80 8a 34 79 1b 00 00
11 80 8a 34 79 1b 00 00
11 80 8a 34 79 1b 00 00
11 80 8a 34 79 1b 00 00
11 80 8a 34 79 1b 00 00
11 80 8a 34 79 1b 00 00
11 80 8a 34 79 1b 00 00
11 80 8a 34 79 1b 00 00
11 80 8a 34 79 1b 00 00
11 80 8a 34 79 1b 00 00
11 80 8a 34 79 1b 00 00
11 80 8a 34 79 1b 00 00
11 80 8a 34 79 1b 00 00
11 80 8a 34 79 1b 00 00
11 80 8a 34 79 1b 00 00
11 80 8a 34 79 1b 00 00
11 80 8a 34 79 1b 00 00
11 80 8a 34 79 1b 00 00
11 80 8a 34 79 1b 00 00
11 80 8a 34 79 1b 00 00
11 80 8a 34 79 1b 00 00
11 80 8a 34 79 1b 00 00
11 80 8a 34 79 1b 00 00
11 80 8a 34 79 1b 00 00
11 80 8a 34 79 1b 00 00
11 80 8a 34 79 1b 00 00
11 80 8a 34 79 1b 00 00
11 80 8a 34 79 1b 00 00
11 80 8a 34 79 1b 00 00
11 80 8a 34 79 1b 00 00
11 80 8a 34 79 1b 00 00
11 80 8a 34 79 1b 00 00
11 80 8a 34 79 1b 00 00
11 80 8a 34 79 1b 00 00
11 80 8a 34 79 1b 00 00
11 80 8a 34 79 1b 00 00
11 80 8a 34 79 1b 00 00
11 80 8a 34 79 1b 00 00
11 80 8a 34 79 1b 00 00
11 80 8a 34 79 1b 00 00
11 80 8a 34 79 1b 00 00
11 80 8a 34 79 1b 00 00
11 80 8a 34 79 1b 00 00
11 80 8a 34 79 1b 00 00
11 80 8a 34 79 1b 00 00
11 80 8a 34 79 1b 00 00
11 80 8a 34 79 1b 00 00
11 80 8a 34 79 1b 00 00
11 80 8a 34 79 1b 00 00
11 80 8a 34 79 1b 00 00
11 80 8a 34 79 1b 00 00
11 80 8a 34 79 1b 00 00
11 80 8a 34 79 1b 00 00
11 80 8a 34 79 1b 00 00
11 80 8a 34 79 1b 00 00
11 80 8a 34 79 1b 00 00
11 80 8a 34 79 1b 00 00
11 80 8a 34 79 1b 00 00
11 80 8a 34 79 1b 00 00
11 80 8a 34 79 1b 00 00
11 80 8a 34 79 1b 00 00
11 80 8a 34 79 1b 00 00
11 80 8a 34 79 1b 00 00
11 80 8a 34 79 1b 00 00
11 80 8a 34 79 1b 00 00
11 80 8a 34 79 1b 00 00
11 80 8a 34 79 1b 00 00
11 80 8a 34 79 1b 00 00
11 80 8a 34 79 1b 00 00
11 80 8a 34 79 1b 00 00
11 80 8a 34 79 1b 00 00
11 80 8a 34 79 1b 00 00
11 80 8a 34 79 1b 00 00
11 80 8a 34 79 1b 00 00
11 80 8a 34 79 1b 00 00
11 80 8a 34 79 1b 00 00
11 80 8a 34 79 1b 00 00
11 80 8a 34 79 1b 00 00
11 80 8a 34 79 1b 00 00
11 80 8a 34 79 1b 00 00
11 80 8a 34 79 1b 00 00
11 80 8a 34 79 1b 00 00
11 80 8a 34 79 1b 00 00
11 80 8a 34 79 1b 00 00
11 80 8a 34 79 1b 00 00
11 80 8a 34 79 1b 00 00
11 80 8a 34 79 1b 00 00
11 80 8a 34 79 1b 00 00
11 80 8a 34 79 1b 00 00
11 80 8a 34 79 1b 00 00
11 80 8a 34 79 1b 00 00
11 80 8a 34 79 1b 00 00
11 80 8a 34 79 1b 00 00
11 80 8a 34 79 1b 00 00
11 80 8a 34 79 1b 00 00
11 80 8a 34 79 1b 00 00
11 80 8a 34 79 1b 00 00
11 80 8a 34 79 1b 00 00
11 80 8a 34 79 1b 00 00
11 80 8a 34 79 1b 00 00
11 80 8a 34 79 1b 00 00
11 80 8a 34 79 1b 00 00
11 80 8a 34 79 1b 00 00
11 80 8a 34 79 1b 00 00
11 80 8a 34 79 1b 00 00
11 80 8a 34 79 1b 00 00
11 80 8a 34 79 1b 00 00
11 80 8a 34 79 1b 00 00
11 80 8a 34 79 1b 00 00
11 80 8a 34 79 1b 00 00
11 80 8a 34 79 1b 00 00
11 80 8a 34 79 1b 00 00
11 80 8a 34 79 1b 00 00
11 80 8a 34 79 1b 00 00
11 80 8a 34 79 1b 00 00
11 80 8a 34 79 1b 00 00
11 80 8a 34 79 1b 00 00
11 80 8a 34 79 1b 00 00
11 80 8a 34 79 1b 00 00
11 80 8a 34 79 1b 00 00
11 80 8a 34 79 1b 00 00
11 80 8a 34 79 1b 00 00
11 80 8a 34 79 1b 00 00
11 80 8a 34 79 1b 00 00
11 80 8a 34 79 1b 00 00
11 80 8a 34 79 1b 00 00
11 80 8a 34 79 1b 00 00
11 80 8a 34 79 1b 00 00
11 80 8a 34 79 1b 00 00
11 80 8a 34 79 1b 00 00
11 80 8a 34 79 1b 00 00
11 80 8a 34 79 1b 00 00
11 80 8a 34 79 1b 00 00
11 80 8a 34 79 1b 00 00
11 80 8a 34 79 1b 00 00
11 80 8a 34 79 1b 00 00
11 80 8a 34 79 1b 00 00
11 80 8a 34 79 1b 00 00
11 80 8a 34 79 1b 00 00
11 80 8a 34 79 1b 00 00
11 80 8a 34 79 1b 00 00
11 80 8a 34 79 1b 00 00
11 80 8a 34 79 1b 00 00
11 80 8a 34 79 1b 00 00
11 80 8a 34 79 1b 00 00
11 80 8a 34 79 1b 00 00
11 80 8a 34 79 1b 00 00
11 80 8a 34 79 1b 00 00
11 80 8a 34 79 1b 00 00
11 80 8a 34 79 1b 00 00
11 80 8a 34 79 1b 00 00
11 80 8a 34 79 1b 00 00
11 80 8a 34 79 1b 00 00
11 80 8a 34 79 1b 00 00
11 80 8a 34 79 1b 00 00
11 80 8a 34 79 1b 00 00
11 80 8a 34 79 1b 00 00
11 80 8a 34 79 1b 00 00
11 80 8a 34 79 1b 00 00
11 80 8a 34 79 1b 00 00
11 80 8a 34 79 1b 00 00
11 80 8a 34 79 1b 00 00
11 80 8a 34 79 1b 00 00
11 80 8a 34 79 1b 00 00
11 80 8a 34 79 1b 00 00
11 80 8a 34 79 1b 00 00
11 80 8a 34 79 1b 00 00
11 80 8a 34 79 1b 00 00
11 80 8a 34 79 1b 00 00
11 80 8a 34 79 1b 00 00
11 80 8a 34 79 1b 00 00
11 80 8a 34 79 1b 00 00
11 80 8a 34 79 1b 00 00
11 80 8a 34 79 1b 00 00
11 80 8a 34 79 1b 00 00
11 80 8a 34 79 1b 00 00
11 80 8a 34 79 1b 00 00
11 80 8a 34 79 1b 00 00
11 80 8a 34 79 1b 00 00
11 80 8a 34 79 1b 00 00
11 80 8a 34 79 1b 00 00
11 80 8a 34 79 1b 00 00
11 80 8a 34 79 1b 00 00
11 80 8a 34 79 1b 00 00
11 80 8a 34 79 1b 00 00
11 80 8a 34 79 1b 00 00
11 80 8a 34 79 1b 00 00
11 80 8a 34 79 1b 00 00
11 80 8a 34 79 1b 00 00
11 80 8d 34 79 1b 00 00
11 80 75 34 7c 1b 00 00
11 80 6d 34 82 1b 00 00
11 80 63 34 9a 1b 00 00
11 80 5b 34 af 1b 00 00
11 80 55 34 cf 1b 00 00
11 80 52 34 f2 1b 00 00
11 80 52 34 1e 1c 00 00
11 80 52 34 54 1c 00 00
11 00 58 34 93 1c 00 00
