001:006:002:STREAM             1568361374.730811
 09 42 01 01 01 00 00 00 00

001:006:002:STREAM             1568361374.836819
 09 42 01 00 01 00 00 00 00

001:006:002:STREAM             1568361375.602929
 09 42 01 01 02 00 00 00 00

001:006:002:STREAM             1568361375.690937
 09 42 01 00 02 00 00 00 00

001:006:002:STREAM             1568361376.523039
 09 42 01 01 04 00 00 00 00

001:006:002:STREAM             1568361376.611065
 09 42 01 00 04 00 00 00 00

001:006:002:STREAM             1568361377.291138
 09 42 01 01 08 00 00 00 00

001:006:002:STREAM             1568361377.379137
 09 42 01 00 08 00 00 00 00

