001:006:002:STREAM             1568361344.688843
 09 43 01 01 00 00 00 00 00

001:006:002:STREAM             1568361344.710798
 09 43 00 01 00 00 00 00 00

001:006:002:STREAM             1568361344.732837
 09 43 01 01 00 00 00 00 00

001:006:002:STREAM             1568361344.754848
 09 43 00 01 00 00 00 00 00

001:006:002:STREAM             1568361348.377312
 09 43 01 08 00 00 00 00 00

001:006:002:STREAM             1568361348.399311
 09 43 00 08 00 00 00 00 00

001:006:002:STREAM             1568361349.165414
 09 43 01 02 00 00 00 00 00

001:006:002:STREAM             1568361349.187421
 09 43 00 02 00 00 00 00 00

001:006:002:STREAM             1568361349.227409
 09 43 01 02 00 00 00 00 00

001:006:002:STREAM             1568361349.249422
 09 43 00 02 00 00 00 00 00

001:006:002:STREAM             1568361349.805507
 09 43 01 04 00 00 00 00 00

001:006:002:STREAM             1568361349.827501
 09 43 00 04 00 00 00 00 00

