004:004:001:STREAM             1431358973.680262
 06 00 00 00 40

004:004:001:STREAM             1431358973.716242
 06 00 00 00 C0

004:004:001:STREAM             1431358973.740264
 06 00 00 00 80

004:004:001:STREAM             1431358973.764237
 06 00 00 00 00

004:004:001:STREAM             1431358973.796249
 06 00 00 00 40

004:004:001:STREAM             1431358973.808254
 06 00 00 00 C0

004:004:001:STREAM             1431358973.824234
 06 00 00 00 80

004:004:001:STREAM             1431358973.836266
 06 00 00 00 00

004:004:001:STREAM             1431358973.916223
 06 00 00 00 40

004:004:001:STREAM             1431358973.944253
 06 00 00 00 C0

004:004:001:STREAM             1431358973.956246
 06 00 00 00 80

004:004:001:STREAM             1431358973.976268
 06 00 00 00 00

004:004:001:STREAM             1431358974.240243
 06 00 00 00 40

004:004:001:STREAM             1431358974.272233
 06 00 00 00 C0

004:004:001:STREAM             1431358974.340223
 06 00 00 00 80

004:004:001:STREAM             1431358974.712272
 06 00 00 00 00

004:004:001:STREAM             1431358974.744244
 06 00 00 00 40

004:004:001:STREAM             1431358974.764278
 06 00 00 00 C0

004:004:001:STREAM             1431358974.784299
 06 00 00 00 80

004:004:001:STREAM             1431358974.804269
 06 00 00 00 00

004:004:001:STREAM             1431358974.840304
 06 00 00 00 40

004:004:001:STREAM             1431358974.860234
 06 00 00 00 C0

004:004:001:STREAM             1431358974.892233
 06 00 00 00 80

004:004:001:STREAM             1431358974.912264
 06 00 00 00 00

004:004:001:STREAM             1431358974.952256
 06 00 00 00 40

004:004:001:STREAM             1431358974.984232
 06 00 00 00 C0

004:004:001:STREAM             1431358975.008282
 06 00 00 00 80

004:004:001:STREAM             1431358975.016260
 06 00 00 00 00

004:004:001:STREAM             1431358975.172227
 06 00 00 00 40

004:004:001:STREAM             1431358975.188283
 06 00 00 00 C0

004:004:001:STREAM             1431358975.200256
 06 00 00 00 80

004:004:001:STREAM             1431358975.220241
 06 00 00 00 00

004:004:001:STREAM             1431358975.268252
 06 00 00 00 40

004:004:001:STREAM             1431358975.288233
 06 00 00 00 C0

004:004:001:STREAM             1431358975.332233
 06 00 00 00 80

004:004:001:STREAM             1431358975.344278
 06 00 00 00 00

004:004:001:STREAM             1431358975.384257
 06 00 00 00 40

004:004:001:STREAM             1431358975.396282
 06 00 00 00 C0

004:004:001:STREAM             1431358975.436268
 06 00 00 00 80

004:004:001:STREAM             1431358975.456249
 06 00 00 00 00

004:004:001:STREAM             1431358975.500639
 06 00 00 00 40

004:004:001:STREAM             1431358975.528262
 06 00 00 00 C0

004:004:001:STREAM             1431358975.664241
 06 00 00 00 80

004:004:001:STREAM             1431358975.672263
 06 00 00 00 00

004:004:001:STREAM             1431358975.716224
 06 00 00 00 40

004:004:001:STREAM             1431358975.740245
 06 00 00 00 C0

004:004:001:STREAM             1431358975.772229
 06 00 00 00 80

004:004:001:STREAM             1431358975.796260
 06 00 00 00 00

004:004:001:STREAM             1431358975.848230
 06 00 00 00 40

004:004:001:STREAM             1431358975.880253
 06 00 00 00 C0

004:004:001:STREAM             1431358975.920234
 06 00 00 00 80

004:004:001:STREAM             1431358976.048230
 06 00 00 00 00

004:004:001:STREAM             1431358976.080260
 06 00 00 00 80

004:004:001:STREAM             1431358976.440236
 06 00 00 00 C0

004:004:001:STREAM             1431358976.532301
 06 00 00 00 40

004:004:001:STREAM             1431358976.560266
 06 00 00 00 00

004:004:001:STREAM             1431358976.620278
 06 00 00 00 80

004:004:001:STREAM             1431358976.640273
 06 00 00 00 C0

004:004:001:STREAM             1431358976.664275
 06 00 00 00 40

004:004:001:STREAM             1431358976.684243
 06 00 00 00 00

004:004:001:STREAM             1431358976.732229
 06 00 00 00 80

004:004:001:STREAM             1431358976.764228
 06 00 00 00 C0

004:004:001:STREAM             1431358976.784244
 06 00 00 00 40

004:004:001:STREAM             1431358976.816240
 06 00 00 00 00

004:004:001:STREAM             1431358976.960217
 06 00 00 00 80

004:004:001:STREAM             1431358976.992235
 06 00 00 00 C0

004:004:001:STREAM             1431358977.004232
 06 00 00 00 40

004:004:001:STREAM             1431358977.020263
 06 00 00 00 00

004:004:001:STREAM             1431358977.060265
 06 00 00 00 80

004:004:001:STREAM             1431358977.084252
 06 00 00 00 C0

004:004:001:STREAM             1431358977.124238
 06 00 00 00 40

004:004:001:STREAM             1431358977.148254
 06 00 00 00 00

004:004:001:STREAM             1431358977.192243
 06 00 00 00 80

004:004:001:STREAM             1431358977.212259
 06 00 00 00 C0

004:004:001:STREAM             1431358977.236315
 06 00 00 00 40

004:004:001:STREAM             1431358977.244273
 06 00 00 00 00

004:004:001:STREAM             1431358977.328252
 06 00 00 00 80

004:004:001:STREAM             1431358977.480236
 06 00 00 00 C0

004:004:001:STREAM             1431358977.580282
 06 00 00 00 40

004:004:001:STREAM             1431358977.593047
 06 00 00 00 00

004:004:001:STREAM             1431358977.632244
 06 00 00 00 80

004:004:001:STREAM             1431358977.652277
 06 00 00 00 C0

004:004:001:STREAM             1431358977.680265
 06 00 00 00 40

004:004:001:STREAM             1431358977.692228
 06 00 00 00 00

004:004:001:STREAM             1431358977.728253
 06 00 00 00 80

004:004:001:STREAM             1431358977.748256
 06 00 00 00 C0

004:004:001:STREAM             1431358977.768270
 06 00 00 00 40

004:004:001:STREAM             1431358977.776262
 06 00 00 00 00

004:004:001:STREAM             1431358977.820275
 06 00 00 00 80

004:004:001:STREAM             1431358977.832255
 06 00 00 00 C0

004:004:001:STREAM             1431358977.848250
 06 00 00 00 40

004:004:001:STREAM             1431358977.862655
 06 00 00 00 00

004:004:001:STREAM             1431358977.896866
 06 00 00 00 80

004:004:001:STREAM             1431358977.912254
 06 00 00 00 C0

004:004:001:STREAM             1431358977.936242
 06 00 00 00 40

004:004:001:STREAM             1431358977.944257
 06 00 00 00 00

004:004:001:STREAM             1431358977.996228
 06 00 00 00 80

004:004:001:STREAM             1431358978.012258
 06 00 00 00 C0

004:004:001:STREAM             1431358978.032276
 06 00 00 00 40

004:004:001:STREAM             1431358978.052228
 06 00 00 00 00

004:004:001:STREAM             1431358978.112251
 06 00 00 00 80

004:004:001:STREAM             1431358978.124252
 06 00 00 00 C0

004:004:001:STREAM             1431358978.144287
 06 00 00 00 40

004:004:001:STREAM             1431358978.168265
 06 00 00 00 00

004:004:001:STREAM             1431358978.204245
 06 00 00 00 80

004:004:001:STREAM             1431358978.220261
 06 00 00 00 C0

004:004:001:STREAM             1431358978.232243
 06 00 00 00 40

004:004:001:STREAM             1431358978.256231
 06 00 00 00 00

004:004:001:STREAM             1431358978.560278
 06 00 00 00 80

004:004:001:STREAM             1431358978.572250
 06 00 00 00 C0

004:004:001:STREAM             1431358978.584389
 06 00 00 00 40

004:004:001:STREAM             1431358978.592302
 06 00 00 00 00

004:004:001:STREAM             1431358978.612309
 06 00 00 00 80

004:004:001:STREAM             1431358978.624254
 06 00 00 00 C0

004:004:001:STREAM             1431358978.636277
 06 00 00 00 00

004:004:001:STREAM             1431358978.664266
 06 00 00 00 80

004:004:001:STREAM             1431358978.684289
 06 00 00 00 C0

004:004:001:STREAM             1431358978.704262
 06 00 00 00 40

004:004:001:STREAM             1431358978.724291
 06 00 00 00 00

004:004:001:STREAM             1431358978.764265
 06 00 00 00 80

004:004:001:STREAM             1431358978.784247
 06 00 00 00 C0

004:004:001:STREAM             1431358978.796238
 06 00 00 00 40

004:004:001:STREAM             1431358978.816259
 06 00 00 00 00

004:004:001:STREAM             1431358978.856310
 06 00 00 00 80

004:004:001:STREAM             1431358978.872264
 06 00 00 00 C0

004:004:001:STREAM             1431358978.892248
 06 00 00 00 40

004:004:001:STREAM             1431358978.900244
 06 00 00 00 00

004:004:001:STREAM             1431358978.944242
 06 00 00 00 80

004:004:001:STREAM             1431358978.988252
 06 00 00 00 C0

004:004:001:STREAM             1431358979.012287
 06 00 00 00 40

004:004:001:STREAM             1431358979.032254
 06 00 00 00 00

004:004:001:STREAM             1431358979.092235
 06 00 00 00 80

004:004:001:STREAM             1431358979.116245
 06 00 00 00 C0

004:004:001:STREAM             1431358979.140281
 06 00 00 00 40

004:004:001:STREAM             1431358979.160279
 06 00 00 00 00

004:004:001:STREAM             1431358979.220233
 06 00 00 00 80

004:004:001:STREAM             1431358979.260250
 06 00 00 00 C0

004:004:001:STREAM             1431358979.268218
 06 00 00 00 40

004:004:001:STREAM             1431358979.292256
 06 00 00 00 00

004:004:001:STREAM             1431358979.628238
 06 00 00 00 40

004:004:001:STREAM             1431358979.652234
 06 00 00 00 C0

004:004:001:STREAM             1431358979.672233
 06 00 00 00 80

004:004:001:STREAM             1431358979.684228
 06 00 00 00 00

004:004:001:STREAM             1431358979.724226
 06 00 00 00 40

004:004:001:STREAM             1431358979.744236
 06 00 00 00 C0

004:004:001:STREAM             1431358979.764262
 06 00 00 00 80

004:004:001:STREAM             1431358979.780250
 06 00 00 00 00

004:004:001:STREAM             1431358979.804238
 06 00 00 00 40

004:004:001:STREAM             1431358979.824250
 06 00 00 00 C0

004:004:001:STREAM             1431358979.836246
 06 00 00 00 80

004:004:001:STREAM             1431358979.844517
 06 00 00 00 00

004:004:001:STREAM             1431358979.876255
 06 00 00 00 40

004:004:001:STREAM             1431358979.888293
 06 00 00 00 C0

004:004:001:STREAM             1431358979.896232
 06 00 00 00 80

004:004:001:STREAM             1431358979.904275
 06 00 00 00 00

004:004:001:STREAM             1431358979.944237
 06 00 00 00 40

004:004:001:STREAM             1431358979.956271
 06 00 00 00 C0

004:004:001:STREAM             1431358979.964243
 06 00 00 00 80

004:004:001:STREAM             1431358979.976274
 06 00 00 00 00

004:004:001:STREAM             1431358980.024296
 06 00 00 00 40

004:004:001:STREAM             1431358980.032269
 06 00 00 00 C0

004:004:001:STREAM             1431358980.052266
 06 00 00 00 80

004:004:001:STREAM             1431358980.060228
 06 00 00 00 00

004:004:001:STREAM             1431358980.116256
 06 00 00 00 40

004:004:001:STREAM             1431358980.120230
 06 00 00 00 C0

004:004:001:STREAM             1431358980.144260
 06 00 00 00 80

004:004:001:STREAM             1431358980.152270
 06 00 00 00 00

004:004:001:STREAM             1431358980.184282
 06 00 00 00 40

004:004:001:STREAM             1431358980.204248
 06 00 00 00 C0

004:004:001:STREAM             1431358980.224233
 06 00 00 00 80

004:004:001:STREAM             1431358980.244420
 06 00 00 00 00

004:004:001:STREAM             1431358980.320233
 06 00 00 00 40

004:004:001:STREAM             1431358980.384236
 06 00 00 00 C0

004:004:001:STREAM             1431358980.420269
 06 00 00 00 80

004:004:001:STREAM             1431358980.428243
 06 00 00 00 00

004:004:001:STREAM             1431358980.460240
 06 00 00 00 40

004:004:001:STREAM             1431358980.492227
 06 00 00 00 C0

004:004:001:STREAM             1431358980.604328
 06 00 00 00 80

004:004:001:STREAM             1431358980.616261
 06 00 00 00 00

004:004:001:STREAM             1431358980.668274
 06 00 00 00 40

004:004:001:STREAM             1431358980.676222
 06 00 00 00 C0

004:004:001:STREAM             1431358980.708243
 06 00 00 00 80

004:004:001:STREAM             1431358980.720230
 06 00 00 00 00

004:004:001:STREAM             1431358980.772250
 06 00 00 00 40

004:004:001:STREAM             1431358980.796232
 06 00 00 00 C0

004:004:001:STREAM             1431358980.804293
 06 00 00 00 80

004:004:001:STREAM             1431358980.812248
 06 00 00 00 00

004:004:001:STREAM             1431358980.856249
 06 00 00 00 40

004:004:001:STREAM             1431358980.864240
 06 00 00 00 C0

004:004:001:STREAM             1431358980.872310
 06 00 00 00 00

004:004:001:STREAM             1431358980.916253
 06 00 00 00 C0

004:004:001:STREAM             1431358980.940282
 06 00 00 00 00

004:004:001:STREAM             1431358980.972265
 06 00 00 00 40

004:004:001:STREAM             1431358980.980260
 06 00 00 00 C0

004:004:001:STREAM             1431358981.000292
 06 00 00 00 80

004:004:001:STREAM             1431358981.020250
 06 00 00 00 00

004:004:001:STREAM             1431358981.040239
 06 00 00 00 40

004:004:001:STREAM             1431358981.048264
 06 00 00 00 C0

004:004:001:STREAM             1431358981.068237
 06 00 00 00 80

004:004:001:STREAM             1431358981.080268
 06 00 00 00 00

004:004:001:STREAM             1431358981.100245
 06 00 00 00 40

004:004:001:STREAM             1431358981.108390
 06 00 00 00 C0

004:004:001:STREAM             1431358981.120290
 06 00 00 00 80

004:004:001:STREAM             1431358981.132271
 06 00 00 00 00

004:004:001:STREAM             1431358981.164273
 06 00 00 00 40

004:004:001:STREAM             1431358981.172244
 06 00 00 00 C0

004:004:001:STREAM             1431358981.186054
 06 00 00 00 80

004:004:001:STREAM             1431358981.196234
 06 00 00 00 00

004:004:001:STREAM             1431358981.224247
 06 00 00 00 40

004:004:001:STREAM             1431358981.236268
 06 00 00 00 C0

004:004:001:STREAM             1431358981.356251
 06 00 00 00 80

004:004:001:STREAM             1431358981.368262
 06 00 00 00 00

004:004:001:STREAM             1431358981.388259
 06 00 00 00 40

004:004:001:STREAM             1431358981.396262
 06 00 00 00 C0

004:004:001:STREAM             1431358981.408252
 06 00 00 00 80

004:004:001:STREAM             1431358981.428376
 06 00 00 00 00

004:004:001:STREAM             1431358981.460302
 06 00 00 00 40

004:004:001:STREAM             1431358981.480268
 06 00 00 00 C0

004:004:001:STREAM             1431358981.492291
 06 00 00 00 80

004:004:001:STREAM             1431358981.500235
 06 00 00 00 00

004:004:001:STREAM             1431358981.532239
 06 00 00 00 40

004:004:001:STREAM             1431358981.540252
 06 00 00 00 C0

004:004:001:STREAM             1431358981.564284
 06 00 00 00 80

004:004:001:STREAM             1431358981.576263
 06 00 00 00 00

004:004:001:STREAM             1431358981.600314
 06 00 00 00 40

004:004:001:STREAM             1431358981.616282
 06 00 00 00 C0

004:004:001:STREAM             1431358981.632346
 06 00 00 00 80

004:004:001:STREAM             1431358981.652301
 06 00 00 00 00

004:004:001:STREAM             1431358981.680302
 06 00 00 00 40

004:004:001:STREAM             1431358981.692258
 06 00 00 00 C0

004:004:001:STREAM             1431358981.700496
 06 00 00 00 80

004:004:001:STREAM             1431358981.712267
 06 00 00 00 00

004:004:001:STREAM             1431358981.740249
 06 00 00 00 40

004:004:001:STREAM             1431358981.752251
 06 00 00 00 C0

004:004:001:STREAM             1431358981.764305
 06 00 00 00 80

004:004:001:STREAM             1431358981.772264
 06 00 00 00 00

004:004:001:STREAM             1431358981.800248
 06 00 00 00 40

004:004:001:STREAM             1431358981.812277
 06 00 00 00 C0

004:004:001:STREAM             1431358981.836253
 06 00 00 00 80

004:004:001:STREAM             1431358981.852268
 06 00 00 00 00

004:004:001:STREAM             1431358982.136235
 06 00 00 00 80

004:004:001:STREAM             1431358982.164262
 06 00 00 00 C0

004:004:001:STREAM             1431358982.188234
 06 00 00 00 40

004:004:001:STREAM             1431358982.200288
 06 00 00 00 00

004:004:001:STREAM             1431358982.240272
 06 00 00 00 80

004:004:001:STREAM             1431358982.364245
 06 00 00 00 C0

004:004:001:STREAM             1431358982.384249
 06 00 00 00 40

004:004:001:STREAM             1431358982.412259
 06 00 00 00 00

004:004:001:STREAM             1431358982.464239
 06 00 00 00 80

004:004:001:STREAM             1431358982.476272
 06 00 00 00 C0

004:004:001:STREAM             1431358982.496285
 06 00 00 00 40

004:004:001:STREAM             1431358982.520232
 06 00 00 00 00

004:004:001:STREAM             1431358982.656262
 06 00 00 00 80

004:004:001:STREAM             1431358982.684247
 06 00 00 00 C0

004:004:001:STREAM             1431358982.696254
 06 00 00 00 40

004:004:001:STREAM             1431358982.708233
 06 00 00 00 00

004:004:001:STREAM             1431358982.784233
 06 00 00 00 80

004:004:001:STREAM             1431358982.800254
 06 00 00 00 C0

004:004:001:STREAM             1431358982.824317
 06 00 00 00 40

004:004:001:STREAM             1431358982.844236
 06 00 00 00 00

004:004:001:STREAM             1431358982.888241
 06 00 00 00 80

004:004:001:STREAM             1431358982.912236
 06 00 00 00 C0

004:004:001:STREAM             1431358982.928278
 06 00 00 00 40

004:004:001:STREAM             1431358982.952241
 06 00 00 00 00

004:004:001:STREAM             1431358983.016248
 06 00 00 00 80

004:004:001:STREAM             1431358983.032284
 06 00 00 00 C0

004:004:001:STREAM             1431358983.052285
 06 00 00 00 40

004:004:001:STREAM             1431358983.060237
 06 00 00 00 00

004:004:001:STREAM             1431358983.148251
 06 00 00 00 80

004:004:001:STREAM             1431358983.160290
 06 00 00 00 C0

004:004:001:STREAM             1431358983.164258
 06 00 00 00 40

004:004:001:STREAM             1431358983.176259
 06 00 00 00 00

004:004:001:STREAM             1431358983.208263
 06 00 00 00 80

004:004:001:STREAM             1431358983.216277
 06 00 00 00 C0

004:004:001:STREAM             1431358983.244259
 06 00 00 00 40

004:004:001:STREAM             1431358983.256264
 06 00 00 00 00

004:004:001:STREAM             1431358983.296247
 06 00 00 00 80

004:004:001:STREAM             1431358983.316261
 06 00 00 00 C0

004:004:001:STREAM             1431358983.340286
 06 00 00 00 40

004:004:001:STREAM             1431358983.348327
 06 00 00 00 00

004:004:001:STREAM             1431358983.396240
 06 00 00 00 80

004:004:001:STREAM             1431358983.404244
 06 00 00 00 C0

004:004:001:STREAM             1431358983.424241
 06 00 00 00 40

004:004:001:STREAM             1431358983.444247
 06 00 00 00 00

004:004:001:STREAM             1431358983.484493
 06 00 00 00 80

004:004:001:STREAM             1431358983.504250
 06 00 00 00 C0

004:004:001:STREAM             1431358983.516271
 06 00 00 00 40

004:004:001:STREAM             1431358983.528297
 06 00 00 00 00

004:004:001:STREAM             1431358983.560256
 06 00 00 00 80

004:004:001:STREAM             1431358983.568253
 06 00 00 00 C0

004:004:001:STREAM             1431358983.580267
 06 00 00 00 00

004:004:001:STREAM             1431358983.612274
 06 00 00 00 C0

004:004:001:STREAM             1431358983.620307
 06 00 00 00 00

004:004:001:STREAM             1431358983.648318
 06 00 00 00 80

004:004:001:STREAM             1431358983.660305
 06 00 00 00 C0

004:004:001:STREAM             1431358983.672301
 06 00 00 00 40

004:004:001:STREAM             1431358983.684304
 06 00 00 00 00

004:004:001:STREAM             1431358983.716293
 06 00 00 00 80

004:004:001:STREAM             1431358983.724317
 06 00 00 00 C0

004:004:001:STREAM             1431358983.744313
 06 00 00 00 40

004:004:001:STREAM             1431358983.756302
 06 00 00 00 00

004:004:001:STREAM             1431358983.792242
 06 00 00 00 80

004:004:001:STREAM             1431358983.804268
 06 00 00 00 C0

004:004:001:STREAM             1431358983.816284
 06 00 00 00 40

004:004:001:STREAM             1431358983.824285
 06 00 00 00 00

004:004:001:STREAM             1431358983.856271
 06 00 00 00 80

004:004:001:STREAM             1431358983.880243
 06 00 00 00 C0

004:004:001:STREAM             1431358983.888543
 06 00 00 00 40

004:004:001:STREAM             1431358983.898731
 06 00 00 00 00

004:004:001:STREAM             1431358983.928299
 06 00 00 00 80

004:004:001:STREAM             1431358983.936270
 06 00 00 00 C0

004:004:001:STREAM             1431358983.948255
 06 00 00 00 40

004:004:001:STREAM             1431358983.956232
 06 00 00 00 00

004:004:001:STREAM             1431358983.988236
 06 00 00 00 80

004:004:001:STREAM             1431358984.001045
 06 00 00 00 C0

004:004:001:STREAM             1431358984.012249
 06 00 00 00 40

004:004:001:STREAM             1431358984.024270
 06 00 00 00 00

004:004:001:STREAM             1431358984.052238
 06 00 00 00 80

004:004:001:STREAM             1431358984.072240
 06 00 00 00 C0

004:004:001:STREAM             1431358984.084279
 06 00 00 00 40

004:004:001:STREAM             1431358984.092260
 06 00 00 00 00

004:004:001:STREAM             1431358984.132242
 06 00 00 00 80

004:004:001:STREAM             1431358984.140248
 06 00 00 00 C0

004:004:001:STREAM             1431358984.164244
 06 00 00 00 40

004:004:001:STREAM             1431358984.172336
 06 00 00 00 00

004:004:001:STREAM             1431358984.236249
 06 00 00 00 80

004:004:001:STREAM             1431358984.264232
 06 00 00 00 C0

004:004:001:STREAM             1431358984.276265
 06 00 00 00 40

004:004:001:STREAM             1431358984.288237
 06 00 00 00 00

004:004:001:STREAM             1431358984.332242
 06 00 00 00 80

004:004:001:STREAM             1431358984.360292
 06 00 00 00 C0

004:004:001:STREAM             1431358984.388261
 06 00 00 00 40

004:004:001:STREAM             1431358984.412252
 06 00 00 00 00

004:004:001:STREAM             1431358984.460249
 06 00 00 00 80

004:004:001:STREAM             1431358984.473720
 06 00 00 00 C0

004:004:001:STREAM             1431358984.492288
 06 00 00 00 40

004:004:001:STREAM             1431358984.504236
 06 00 00 00 00

004:004:001:STREAM             1431358984.548241
 06 00 00 00 80

004:004:001:STREAM             1431358984.564261
 06 00 00 00 C0

004:004:001:STREAM             1431358984.572230
 06 00 00 00 40

004:004:001:STREAM             1431358984.584258
 06 00 00 00 00

004:004:001:STREAM             1431358984.616259
 06 00 00 00 80

004:004:001:STREAM             1431358984.632328
 06 00 00 00 C0

004:004:001:STREAM             1431358984.644285
 06 00 00 00 40

004:004:001:STREAM             1431358984.656322
 06 00 00 00 00

004:004:001:STREAM             1431358984.688300
 06 00 00 00 80

004:004:001:STREAM             1431358984.700261
 06 00 00 00 C0

004:004:001:STREAM             1431358984.716261
 06 00 00 00 40

004:004:001:STREAM             1431358984.728285
 06 00 00 00 00

004:004:001:STREAM             1431358984.756249
 06 00 00 00 80

004:004:001:STREAM             1431358984.768233
 06 00 00 00 C0

004:004:001:STREAM             1431358984.780280
 06 00 00 00 40

004:004:001:STREAM             1431358984.796271
 06 00 00 00 00

004:004:001:STREAM             1431358984.816472
 06 00 00 00 80

004:004:001:STREAM             1431358984.836238
 06 00 00 00 C0

004:004:001:STREAM             1431358984.844239
 06 00 00 00 40

004:004:001:STREAM             1431358984.864234
 06 00 00 00 00

004:004:001:STREAM             1431358984.892254
 06 00 00 00 80

004:004:001:STREAM             1431358984.900254
 06 00 00 00 C0

004:004:001:STREAM             1431358984.912330
 06 00 00 00 40

004:004:001:STREAM             1431358984.924243
 06 00 00 00 00

004:004:001:STREAM             1431358984.952254
 06 00 00 00 80

004:004:001:STREAM             1431358984.964267
 06 00 00 00 C0

004:004:001:STREAM             1431358984.976479
 06 00 00 00 00

004:004:001:STREAM             1431358985.012333
 06 00 00 00 80

004:004:001:STREAM             1431358985.020228
 06 00 00 00 C0

004:004:001:STREAM             1431358985.044233
 06 00 00 00 40

004:004:001:STREAM             1431358985.060265
 06 00 00 00 00

004:004:001:STREAM             1431358985.092227
 06 00 00 00 80

004:004:001:STREAM             1431358985.108272
 06 00 00 00 C0

004:004:001:STREAM             1431358985.120263
 06 00 00 00 40

004:004:001:STREAM             1431358985.128267
 06 00 00 00 00

004:004:001:STREAM             1431358985.216226
 06 00 00 00 80

004:004:001:STREAM             1431358985.272232
 06 00 00 00 C0

