004:004:001:STREAM             1431360015.324843
 06 00 00 00 80

004:004:001:STREAM             1431360015.364813
 06 00 00 00 00

004:004:001:STREAM             1431360015.440794
 06 00 00 00 40

004:004:001:STREAM             1431360015.460838
 06 00 00 00 C0

004:004:001:STREAM             1431360015.492813
 06 00 00 00 80

004:004:001:STREAM             1431360015.504802
 06 00 00 00 00

004:004:001:STREAM             1431360015.864797
 06 00 00 00 40

004:004:001:STREAM             1431360015.884819
 06 00 00 00 C0

004:004:001:STREAM             1431360015.900861
 06 00 00 00 80

004:004:001:STREAM             1431360015.908826
 06 00 00 00 00

004:004:001:STREAM             1431360015.948822
 06 00 00 00 40

004:004:001:STREAM             1431360015.956807
 06 00 00 00 C0

004:004:001:STREAM             1431360015.984821
 06 00 00 00 80

004:004:001:STREAM             1431360016.004829
 06 00 00 00 00

004:004:001:STREAM             1431360016.160802
 06 00 00 00 40

004:004:001:STREAM             1431360016.236796
 06 00 00 00 C0

004:004:001:STREAM             1431360016.348848
 06 00 00 00 80

004:004:001:STREAM             1431360016.384860
 06 00 00 00 00

004:004:001:STREAM             1431360016.444853
 06 00 00 00 40

004:004:001:STREAM             1431360016.472828
 06 00 00 00 C0

004:004:001:STREAM             1431360016.492860
 06 00 00 00 80

004:004:001:STREAM             1431360016.504848
 06 00 00 00 00

004:004:001:STREAM             1431360016.548854
 06 00 00 00 40

004:004:001:STREAM             1431360016.588844
 06 00 00 00 C0

004:004:001:STREAM             1431360016.620855
 06 00 00 00 80

004:004:001:STREAM             1431360016.640807
 06 00 00 00 00

004:004:001:STREAM             1431360016.700817
 06 00 00 00 40

004:004:001:STREAM             1431360016.736822
 06 00 00 00 C0

004:004:001:STREAM             1431360016.752815
 06 00 00 00 80

004:004:001:STREAM             1431360016.772817
 06 00 00 00 00

004:004:001:STREAM             1431360016.840805
 06 00 00 00 40

004:004:001:STREAM             1431360016.884818
 06 00 00 00 C0

004:004:001:STREAM             1431360016.924870
 06 00 00 00 80

004:004:001:STREAM             1431360016.932853
 06 00 00 00 00

004:004:001:STREAM             1431360017.020863
 06 00 00 00 40

004:004:001:STREAM             1431360017.048825
 06 00 00 00 C0

004:004:001:STREAM             1431360017.068844
 06 00 00 00 80

004:004:001:STREAM             1431360017.089108
 06 00 00 00 00

004:004:001:STREAM             1431360017.132794
 06 00 00 00 40

004:004:001:STREAM             1431360017.200819
 06 00 00 00 C0

004:004:001:STREAM             1431360017.232821
 06 00 00 00 80

004:004:001:STREAM             1431360017.248820
 06 00 00 00 00

004:004:001:STREAM             1431360017.300791
 06 00 00 00 40

004:004:001:STREAM             1431360017.320881
 06 00 00 00 C0

004:004:001:STREAM             1431360017.337526
 06 00 00 00 80

004:004:001:STREAM             1431360017.348804
 06 00 00 00 00

004:004:001:STREAM             1431360017.380855
 06 00 00 00 40

004:004:001:STREAM             1431360017.396855
 06 00 00 00 C0

004:004:001:STREAM             1431360017.416795
 06 00 00 00 80

004:004:001:STREAM             1431360017.436848
 06 00 00 00 00

004:004:001:STREAM             1431360017.488816
 06 00 00 00 40

004:004:001:STREAM             1431360017.508823
 06 00 00 00 C0

004:004:001:STREAM             1431360017.536827
 06 00 00 00 80

004:004:001:STREAM             1431360017.700803
 06 00 00 00 00

004:004:001:STREAM             1431360017.812804
 06 00 00 00 40

004:004:001:STREAM             1431360017.844858
 06 00 00 00 C0

004:004:001:STREAM             1431360017.868803
 06 00 00 00 80

004:004:001:STREAM             1431360017.880819
 06 00 00 00 00

004:004:001:STREAM             1431360017.916815
 06 00 00 00 40

004:004:001:STREAM             1431360017.928881
 06 00 00 00 C0

004:004:001:STREAM             1431360017.960818
 06 00 00 00 80

004:004:001:STREAM             1431360017.964832
 06 00 00 00 00

004:004:001:STREAM             1431360017.996879
 06 00 00 00 40

004:004:001:STREAM             1431360018.016872
 06 00 00 00 C0

004:004:001:STREAM             1431360018.024809
 06 00 00 00 80

004:004:001:STREAM             1431360018.040807
 06 00 00 00 00

004:004:001:STREAM             1431360018.080868
 06 00 00 00 40

004:004:001:STREAM             1431360018.100807
 06 00 00 00 C0

004:004:001:STREAM             1431360018.140845
 06 00 00 00 80

004:004:001:STREAM             1431360018.164866
 06 00 00 00 00

004:004:001:STREAM             1431360018.216892
 06 00 00 00 40

004:004:001:STREAM             1431360018.240862
 06 00 00 00 C0

004:004:001:STREAM             1431360018.256841
 06 00 00 00 80

004:004:001:STREAM             1431360018.276819
 06 00 00 00 00

004:004:001:STREAM             1431360018.500808
 06 00 00 00 40

004:004:001:STREAM             1431360018.524793
 06 00 00 00 C0

004:004:001:STREAM             1431360018.564797
 06 00 00 00 80

004:004:001:STREAM             1431360018.596811
 06 00 00 00 00

004:004:001:STREAM             1431360018.664837
 06 00 00 00 40

004:004:001:STREAM             1431360019.280814
 06 00 00 00 C0

004:004:001:STREAM             1431360019.300835
 06 00 00 00 80

004:004:001:STREAM             1431360019.332857
 06 00 00 00 00

004:004:001:STREAM             1431360019.432816
 06 00 00 00 40

004:004:001:STREAM             1431360019.464826
 06 00 00 00 C0

004:004:001:STREAM             1431360019.480805
 06 00 00 00 80

004:004:001:STREAM             1431360019.500854
 06 00 00 00 00

004:004:001:STREAM             1431360019.532839
 06 00 00 00 40

004:004:001:STREAM             1431360019.552848
 06 00 00 00 C0

004:004:001:STREAM             1431360019.576852
 06 00 00 00 80

004:004:001:STREAM             1431360019.592843
 06 00 00 00 00

004:004:001:STREAM             1431360019.636865
 06 00 00 00 40

004:004:001:STREAM             1431360019.660805
 06 00 00 00 C0

004:004:001:STREAM             1431360019.680894
 06 00 00 00 80

004:004:001:STREAM             1431360019.692815
 06 00 00 00 00

004:004:001:STREAM             1431360019.732823
 06 00 00 00 40

004:004:001:STREAM             1431360020.344889
 06 00 00 00 00

004:004:001:STREAM             1431360020.436805
 06 00 00 00 80

004:004:001:STREAM             1431360020.644812
 06 00 00 00 C0

004:004:001:STREAM             1431360020.764804
 06 00 00 00 40

004:004:001:STREAM             1431360020.788808
 06 00 00 00 00

004:004:001:STREAM             1431360020.880808
 06 00 00 00 80

004:004:001:STREAM             1431360020.900821
 06 00 00 00 C0

004:004:001:STREAM             1431360020.929520
 06 00 00 00 40

004:004:001:STREAM             1431360020.940812
 06 00 00 00 00

004:004:001:STREAM             1431360020.976841
 06 00 00 00 80

004:004:001:STREAM             1431360021.009206
 06 00 00 00 C0

004:004:001:STREAM             1431360021.028833
 06 00 00 00 40

004:004:001:STREAM             1431360021.064820
 06 00 00 00 00

004:004:001:STREAM             1431360021.132807
 06 00 00 00 80

004:004:001:STREAM             1431360021.144835
 06 00 00 00 C0

004:004:001:STREAM             1431360021.160823
 06 00 00 00 40

004:004:001:STREAM             1431360021.184831
 06 00 00 00 00

004:004:001:STREAM             1431360021.236832
 06 00 00 00 80

004:004:001:STREAM             1431360021.260807
 06 00 00 00 C0

004:004:001:STREAM             1431360021.280812
 06 00 00 00 40

004:004:001:STREAM             1431360021.304829
 06 00 00 00 00

004:004:001:STREAM             1431360021.348869
 06 00 00 00 80

004:004:001:STREAM             1431360021.644816
 06 00 00 00 C0

004:004:001:STREAM             1431360021.700807
 06 00 00 00 40

004:004:001:STREAM             1431360021.756815
 06 00 00 00 00

004:004:001:STREAM             1431360021.952808
 06 00 00 00 80

004:004:001:STREAM             1431360021.980827
 06 00 00 00 C0

004:004:001:STREAM             1431360022.004815
 06 00 00 00 40

004:004:001:STREAM             1431360022.032812
 06 00 00 00 00

004:004:001:STREAM             1431360022.264852
 06 00 00 00 80

004:004:001:STREAM             1431360022.420815
 06 00 00 00 C0

004:004:001:STREAM             1431360022.432841
 06 00 00 00 40

004:004:001:STREAM             1431360022.440823
 06 00 00 00 00

004:004:001:STREAM             1431360022.468895
 06 00 00 00 80

004:004:001:STREAM             1431360022.480882
 06 00 00 00 C0

004:004:001:STREAM             1431360022.501186
 06 00 00 00 40

004:004:001:STREAM             1431360022.508862
 06 00 00 00 00

004:004:001:STREAM             1431360022.560816
 06 00 00 00 80

004:004:001:STREAM             1431360022.576871
 06 00 00 00 C0

004:004:001:STREAM             1431360022.608816
 06 00 00 00 40

004:004:001:STREAM             1431360022.620810
 06 00 00 00 00

004:004:001:STREAM             1431360022.696881
 06 00 00 00 80

004:004:001:STREAM             1431360022.728885
 06 00 00 00 C0

004:004:001:STREAM             1431360022.760845
 06 00 00 00 40

004:004:001:STREAM             1431360022.784820
 06 00 00 00 00

004:004:001:STREAM             1431360022.856875
 06 00 00 00 80

004:004:001:STREAM             1431360022.876844
 06 00 00 00 C0

004:004:001:STREAM             1431360022.908831
 06 00 00 00 40

004:004:001:STREAM             1431360022.928838
 06 00 00 00 00

004:004:001:STREAM             1431360023.200823
 06 00 00 00 80

004:004:001:STREAM             1431360023.332836
 06 00 00 00 C0

004:004:001:STREAM             1431360023.344813
 06 00 00 00 40

004:004:001:STREAM             1431360023.352830
 06 00 00 00 00

004:004:001:STREAM             1431360023.384805
 06 00 00 00 80

004:004:001:STREAM             1431360023.400823
 06 00 00 00 C0

004:004:001:STREAM             1431360023.432826
 06 00 00 00 40

004:004:001:STREAM             1431360023.448836
 06 00 00 00 00

004:004:001:STREAM             1431360023.492887
 06 00 00 00 80

004:004:001:STREAM             1431360023.504869
 06 00 00 00 C0

004:004:001:STREAM             1431360023.520858
 06 00 00 00 40

004:004:001:STREAM             1431360023.540831
 06 00 00 00 00

004:004:001:STREAM             1431360023.572827
 06 00 00 00 80

004:004:001:STREAM             1431360023.592834
 06 00 00 00 C0

004:004:001:STREAM             1431360023.612819
 06 00 00 00 40

004:004:001:STREAM             1431360023.624836
 06 00 00 00 00

004:004:001:STREAM             1431360023.668815
 06 00 00 00 80

004:004:001:STREAM             1431360023.696854
 06 00 00 00 C0

004:004:001:STREAM             1431360023.708827
 06 00 00 00 40

004:004:001:STREAM             1431360023.720809
 06 00 00 00 00

004:004:001:STREAM             1431360023.848812
 06 00 00 00 80

004:004:001:STREAM             1431360023.868832
 06 00 00 00 C0

004:004:001:STREAM             1431360023.912800
 06 00 00 00 40

004:004:001:STREAM             1431360023.920829
 06 00 00 00 00

004:004:001:STREAM             1431360023.954295
 06 00 00 00 80

004:004:001:STREAM             1431360024.076799
 06 00 00 00 C0

004:004:001:STREAM             1431360024.100813
 06 00 00 00 40

004:004:001:STREAM             1431360024.120802
 06 00 00 00 00

004:004:001:STREAM             1431360024.168821
 06 00 00 00 80

004:004:001:STREAM             1431360024.192804
 06 00 00 00 C0

004:004:001:STREAM             1431360024.212863
 06 00 00 00 40

004:004:001:STREAM             1431360024.220807
 06 00 00 00 00

004:004:001:STREAM             1431360024.272805
 06 00 00 00 80

004:004:001:STREAM             1431360024.300869
 06 00 00 00 C0

004:004:001:STREAM             1431360024.332843
 06 00 00 00 40

004:004:001:STREAM             1431360024.344844
 06 00 00 00 00

004:004:001:STREAM             1431360024.372850
 06 00 00 00 80

004:004:001:STREAM             1431360024.380793
 06 00 00 00 C0

004:004:001:STREAM             1431360024.388820
 06 00 00 00 40

004:004:001:STREAM             1431360024.400846
 06 00 00 00 00

004:004:001:STREAM             1431360024.424878
 06 00 00 00 80

004:004:001:STREAM             1431360024.444812
 06 00 00 00 C0

004:004:001:STREAM             1431360024.464847
 06 00 00 00 40

004:004:001:STREAM             1431360024.484824
 06 00 00 00 00

004:004:001:STREAM             1431360024.508898
 06 00 00 00 80

004:004:001:STREAM             1431360024.524862
 06 00 00 00 C0

004:004:001:STREAM             1431360024.536885
 06 00 00 00 40

004:004:001:STREAM             1431360024.556858
 06 00 00 00 00

004:004:001:STREAM             1431360024.584849
 06 00 00 00 80

004:004:001:STREAM             1431360024.604956
 06 00 00 00 C0

004:004:001:STREAM             1431360024.624815
 06 00 00 00 40

004:004:001:STREAM             1431360024.636847
 06 00 00 00 00

004:004:001:STREAM             1431360024.684803
 06 00 00 00 80

004:004:001:STREAM             1431360024.704947
 06 00 00 00 C0

004:004:001:STREAM             1431360024.716865
 06 00 00 00 40

004:004:001:STREAM             1431360024.740840
 06 00 00 00 00

004:004:001:STREAM             1431360024.852841
 06 00 00 00 80

004:004:001:STREAM             1431360025.344810
 06 00 00 00 C0

004:004:001:STREAM             1431360025.408802
 06 00 00 00 40

004:004:001:STREAM             1431360025.832805
 06 00 00 00 C0

004:004:001:STREAM             1431360025.868881
 06 00 00 00 80

004:004:001:STREAM             1431360025.900846
 06 00 00 00 00

004:004:001:STREAM             1431360025.948854
 06 00 00 00 40

004:004:001:STREAM             1431360025.980848
 06 00 00 00 C0

004:004:001:STREAM             1431360026.004829
 06 00 00 00 80

004:004:001:STREAM             1431360026.024844
 06 00 00 00 00

004:004:001:STREAM             1431360026.056864
 06 00 00 00 40

004:004:001:STREAM             1431360026.076890
 06 00 00 00 C0

004:004:001:STREAM             1431360026.096846
 06 00 00 00 80

004:004:001:STREAM             1431360026.104875
 06 00 00 00 00

004:004:001:STREAM             1431360026.124841
 06 00 00 00 40

004:004:001:STREAM             1431360026.184800
 06 00 00 00 C0

004:004:001:STREAM             1431360026.212839
 06 00 00 00 80

004:004:001:STREAM             1431360026.228813
 06 00 00 00 00

004:004:001:STREAM             1431360026.504802
 06 00 00 00 40

004:004:001:STREAM             1431360026.524841
 06 00 00 00 C0

004:004:001:STREAM             1431360026.540864
 06 00 00 00 80

004:004:001:STREAM             1431360026.552868
 06 00 00 00 00

004:004:001:STREAM             1431360026.592858
 06 00 00 00 40

004:004:001:STREAM             1431360026.604857
 06 00 00 00 C0

004:004:001:STREAM             1431360026.624881
 06 00 00 00 80

004:004:001:STREAM             1431360026.636835
 06 00 00 00 00

004:004:001:STREAM             1431360026.776813
 06 00 00 00 C0

004:004:001:STREAM             1431360026.800882
 06 00 00 00 80

004:004:001:STREAM             1431360026.808852
 06 00 00 00 00

004:004:001:STREAM             1431360026.872843
 06 00 00 00 40

004:004:001:STREAM             1431360026.884853
 06 00 00 00 C0

004:004:001:STREAM             1431360026.900835
 06 00 00 00 80

004:004:001:STREAM             1431360026.912837
 06 00 00 00 00

004:004:001:STREAM             1431360026.944848
 06 00 00 00 40

004:004:001:STREAM             1431360026.960836
 06 00 00 00 C0

004:004:001:STREAM             1431360026.973006
 06 00 00 00 80

004:004:001:STREAM             1431360026.984804
 06 00 00 00 00

004:004:001:STREAM             1431360027.016832
 06 00 00 00 40

004:004:001:STREAM             1431360027.036871
 06 00 00 00 C0

004:004:001:STREAM             1431360027.052825
 06 00 00 00 80

004:004:001:STREAM             1431360027.072804
 06 00 00 00 00

004:004:001:STREAM             1431360027.112870
 06 00 00 00 40

004:004:001:STREAM             1431360027.120857
 06 00 00 00 C0

004:004:001:STREAM             1431360027.140824
 06 00 00 00 80

004:004:001:STREAM             1431360027.152813
 06 00 00 00 00

004:004:001:STREAM             1431360027.192819
 06 00 00 00 40

004:004:001:STREAM             1431360027.212899
 06 00 00 00 C0

004:004:001:STREAM             1431360027.224838
 06 00 00 00 80

004:004:001:STREAM             1431360027.228808
 06 00 00 00 00

004:004:001:STREAM             1431360027.300807
 06 00 00 00 40

004:004:001:STREAM             1431360027.312830
 06 00 00 00 C0

004:004:001:STREAM             1431360027.324876
 06 00 00 00 80

004:004:001:STREAM             1431360027.332864
 06 00 00 00 00

004:004:001:STREAM             1431360027.364813
 06 00 00 00 40

004:004:001:STREAM             1431360027.384829
 06 00 00 00 C0

004:004:001:STREAM             1431360027.404848
 06 00 00 00 80

004:004:001:STREAM             1431360027.416820
 06 00 00 00 00

004:004:001:STREAM             1431360027.444817
 06 00 00 00 40

004:004:001:STREAM             1431360027.456831
 06 00 00 00 C0

004:004:001:STREAM             1431360027.476802
 06 00 00 00 80

004:004:001:STREAM             1431360027.484821
 06 00 00 00 00

004:004:001:STREAM             1431360027.524837
 06 00 00 00 40

004:004:001:STREAM             1431360027.532801
 06 00 00 00 C0

004:004:001:STREAM             1431360027.544831
 06 00 00 00 80

004:004:001:STREAM             1431360027.564834
 06 00 00 00 00

004:004:001:STREAM             1431360027.616844
 06 00 00 00 40

004:004:001:STREAM             1431360027.636829
 06 00 00 00 C0

004:004:001:STREAM             1431360027.652904
 06 00 00 00 80

004:004:001:STREAM             1431360027.672834
 06 00 00 00 00

004:004:001:STREAM             1431360027.792837
 06 00 00 00 40

004:004:001:STREAM             1431360027.812845
 06 00 00 00 C0

004:004:001:STREAM             1431360027.844857
 06 00 00 00 80

004:004:001:STREAM             1431360027.856879
 06 00 00 00 00

004:004:001:STREAM             1431360027.908812
 06 00 00 00 40

004:004:001:STREAM             1431360027.920848
 06 00 00 00 C0

004:004:001:STREAM             1431360027.944880
 06 00 00 00 80

004:004:001:STREAM             1431360027.956874
 06 00 00 00 00

004:004:001:STREAM             1431360027.984850
 06 00 00 00 40

004:004:001:STREAM             1431360027.992804
 06 00 00 00 C0

004:004:001:STREAM             1431360028.020810
 06 00 00 00 80

004:004:001:STREAM             1431360028.032840
 06 00 00 00 00

004:004:001:STREAM             1431360028.060834
 06 00 00 00 40

004:004:001:STREAM             1431360028.076871
 06 00 00 00 C0

004:004:001:STREAM             1431360028.108832
 06 00 00 00 80

004:004:001:STREAM             1431360028.124884
 06 00 00 00 00

004:004:001:STREAM             1431360028.156840
 06 00 00 00 40

004:004:001:STREAM             1431360028.169671
 06 00 00 00 C0

004:004:001:STREAM             1431360028.192873
 06 00 00 00 00

004:004:001:STREAM             1431360028.216846
 06 00 00 00 40

004:004:001:STREAM             1431360028.224851
 06 00 00 00 C0

004:004:001:STREAM             1431360028.248833
 06 00 00 00 80

004:004:001:STREAM             1431360028.260887
 06 00 00 00 00

004:004:001:STREAM             1431360028.300863
 06 00 00 00 40

004:004:001:STREAM             1431360028.308824
 06 00 00 00 C0

004:004:001:STREAM             1431360028.316861
 06 00 00 00 80

004:004:001:STREAM             1431360028.336855
 06 00 00 00 00

004:004:001:STREAM             1431360028.364842
 06 00 00 00 40

004:004:001:STREAM             1431360028.384844
 06 00 00 00 C0

004:004:001:STREAM             1431360028.404847
 06 00 00 00 80

004:004:001:STREAM             1431360028.412836
 06 00 00 00 00

004:004:001:STREAM             1431360028.444905
 06 00 00 00 40

004:004:001:STREAM             1431360028.452795
 06 00 00 00 C0

004:004:001:STREAM             1431360028.472863
 06 00 00 00 80

004:004:001:STREAM             1431360028.480814
 06 00 00 00 00

004:004:001:STREAM             1431360028.500957
 06 00 00 00 40

004:004:001:STREAM             1431360028.516854
 06 00 00 00 C0

004:004:001:STREAM             1431360028.528848
 06 00 00 00 80

004:004:001:STREAM             1431360028.540855
 06 00 00 00 00

004:004:001:STREAM             1431360028.564859
 06 00 00 00 40

004:004:001:STREAM             1431360028.584831
 06 00 00 00 C0

004:004:001:STREAM             1431360028.594844
 06 00 00 00 80

004:004:001:STREAM             1431360028.612828
 06 00 00 00 00

004:004:001:STREAM             1431360028.644824
 06 00 00 00 40

004:004:001:STREAM             1431360028.652851
 06 00 00 00 C0

004:004:001:STREAM             1431360028.672847
 06 00 00 00 80

004:004:001:STREAM             1431360028.680861
 06 00 00 00 00

004:004:001:STREAM             1431360028.824806
 06 00 00 00 40

004:004:001:STREAM             1431360028.832816
 06 00 00 00 C0

004:004:001:STREAM             1431360028.860891
 06 00 00 00 80

004:004:001:STREAM             1431360028.872861
 06 00 00 00 00

004:004:001:STREAM             1431360028.924808
 06 00 00 00 40

004:004:001:STREAM             1431360028.936823
 06 00 00 00 C0

004:004:001:STREAM             1431360028.956839
 06 00 00 00 80

004:004:001:STREAM             1431360028.968840
 06 00 00 00 00

004:004:001:STREAM             1431360028.992867
 06 00 00 00 40

004:004:001:STREAM             1431360029.000856
 06 00 00 00 C0

004:004:001:STREAM             1431360029.008801
 06 00 00 00 80

004:004:001:STREAM             1431360029.032864
 06 00 00 00 00

004:004:001:STREAM             1431360029.056843
 06 00 00 00 40

004:004:001:STREAM             1431360029.068814
 06 00 00 00 C0

004:004:001:STREAM             1431360029.092840
 06 00 00 00 80

004:004:001:STREAM             1431360029.112843
 06 00 00 00 00

004:004:001:STREAM             1431360029.144877
 06 00 00 00 40

004:004:001:STREAM             1431360029.152853
 06 00 00 00 C0

004:004:001:STREAM             1431360029.168825
 06 00 00 00 80

004:004:001:STREAM             1431360029.176865
 06 00 00 00 00

004:004:001:STREAM             1431360029.212851
 06 00 00 00 40

004:004:001:STREAM             1431360029.224888
 06 00 00 00 C0

004:004:001:STREAM             1431360029.236855
 06 00 00 00 80

004:004:001:STREAM             1431360029.244855
 06 00 00 00 00

004:004:001:STREAM             1431360029.268844
 06 00 00 00 40

004:004:001:STREAM             1431360029.284807
 06 00 00 00 C0

004:004:001:STREAM             1431360029.296873
 06 00 00 00 80

004:004:001:STREAM             1431360029.305103
 06 00 00 00 00

004:004:001:STREAM             1431360029.344808
 06 00 00 00 40

004:004:001:STREAM             1431360029.352864
 06 00 00 00 C0

004:004:001:STREAM             1431360029.376850
 06 00 00 00 80

004:004:001:STREAM             1431360029.384829
 06 00 00 00 00

004:004:001:STREAM             1431360029.408833
 06 00 00 00 40

004:004:001:STREAM             1431360029.420852
 06 00 00 00 C0

004:004:001:STREAM             1431360029.441099
 06 00 00 00 80

004:004:001:STREAM             1431360029.452870
 06 00 00 00 00

004:004:001:STREAM             1431360029.484823
 06 00 00 00 40

004:004:001:STREAM             1431360029.492819
 06 00 00 00 C0

004:004:001:STREAM             1431360029.520830
 06 00 00 00 80

004:004:001:STREAM             1431360029.540856
 06 00 00 00 00

004:004:001:STREAM             1431360029.561645
 06 00 00 00 40

004:004:001:STREAM             1431360029.580833
 06 00 00 00 C0

004:004:001:STREAM             1431360029.588801
 06 00 00 00 80

004:004:001:STREAM             1431360029.608881
 06 00 00 00 00

004:004:001:STREAM             1431360029.628856
 06 00 00 00 40

004:004:001:STREAM             1431360029.652829
 06 00 00 00 C0

004:004:001:STREAM             1431360029.660834
 06 00 00 00 80

004:004:001:STREAM             1431360029.668863
 06 00 00 00 00

004:004:001:STREAM             1431360029.701041
 06 00 00 00 40

004:004:001:STREAM             1431360029.720838
 06 00 00 00 C0

004:004:001:STREAM             1431360029.748854
 06 00 00 00 80

004:004:001:STREAM             1431360029.768872
 06 00 00 00 00

004:004:001:STREAM             1431360029.832854
 06 00 00 00 40

004:004:001:STREAM             1431360029.840839
 06 00 00 00 C0

004:004:001:STREAM             1431360029.864877
 06 00 00 00 80

004:004:001:STREAM             1431360029.880855
 06 00 00 00 00

004:004:001:STREAM             1431360029.932822
 06 00 00 00 40

004:004:001:STREAM             1431360029.948836
 06 00 00 00 C0

004:004:001:STREAM             1431360029.964839
 06 00 00 00 80

004:004:001:STREAM             1431360029.972840
 06 00 00 00 00

004:004:001:STREAM             1431360029.996809
 06 00 00 00 40

004:004:001:STREAM             1431360030.012872
 06 00 00 00 C0

004:004:001:STREAM             1431360030.032856
 06 00 00 00 80

004:004:001:STREAM             1431360030.039003
 06 00 00 00 00

004:004:001:STREAM             1431360030.068873
 06 00 00 00 40

004:004:001:STREAM             1431360030.084867
 06 00 00 00 C0

004:004:001:STREAM             1431360030.100856
 06 00 00 00 80

004:004:001:STREAM             1431360030.120867
 06 00 00 00 00

004:004:001:STREAM             1431360030.164811
 06 00 00 00 40

004:004:001:STREAM             1431360030.172883
 06 00 00 00 C0

004:004:001:STREAM             1431360030.192887
 06 00 00 00 80

004:004:001:STREAM             1431360030.392814
 06 00 00 00 00

004:004:001:STREAM             1431360030.640817
 06 00 00 00 80

004:004:001:STREAM             1431360030.880812
 06 00 00 00 C0

004:004:001:STREAM             1431360030.912821
 06 00 00 00 40

004:004:001:STREAM             1431360030.932802
 06 00 00 00 00

004:004:001:STREAM             1431360031.128805
 06 00 00 00 C0

004:004:001:STREAM             1431360031.140832
 06 00 00 00 40

004:004:001:STREAM             1431360031.149001
 06 00 00 00 00

004:004:001:STREAM             1431360031.204812
 06 00 00 00 80

004:004:001:STREAM             1431360031.216836
 06 00 00 00 C0

004:004:001:STREAM             1431360031.236857
 06 00 00 00 40

004:004:001:STREAM             1431360031.248818
 06 00 00 00 00

004:004:001:STREAM             1431360031.278322
 06 00 00 00 80

004:004:001:STREAM             1431360031.296826
 06 00 00 00 C0

004:004:001:STREAM             1431360031.316804
 06 00 00 00 40

004:004:001:STREAM             1431360031.324852
 06 00 00 00 00

004:004:001:STREAM             1431360031.364813
 06 00 00 00 80

004:004:001:STREAM             1431360031.392837
 06 00 00 00 C0

004:004:001:STREAM             1431360031.412813
 06 00 00 00 40

004:004:001:STREAM             1431360031.432876
 06 00 00 00 00

004:004:001:STREAM             1431360031.476871
 06 00 00 00 80

004:004:001:STREAM             1431360031.496881
 06 00 00 00 C0

004:004:001:STREAM             1431360031.516852
 06 00 00 00 40

004:004:001:STREAM             1431360031.528839
 06 00 00 00 00

004:004:001:STREAM             1431360031.568872
 06 00 00 00 80

004:004:001:STREAM             1431360031.596816
 06 00 00 00 C0

004:004:001:STREAM             1431360031.608880
 06 00 00 00 40

004:004:001:STREAM             1431360031.620870
 06 00 00 00 00

004:004:001:STREAM             1431360031.640866
 06 00 00 00 80

004:004:001:STREAM             1431360031.652824
 06 00 00 00 C0

004:004:001:STREAM             1431360031.672876
 06 00 00 00 40

004:004:001:STREAM             1431360031.684835
 06 00 00 00 00

004:004:001:STREAM             1431360031.712828
 06 00 00 00 80

004:004:001:STREAM             1431360031.728817
 06 00 00 00 C0

004:004:001:STREAM             1431360031.764869
 06 00 00 00 40

004:004:001:STREAM             1431360031.792856
 06 00 00 00 00

004:004:001:STREAM             1431360031.824840
 06 00 00 00 80

004:004:001:STREAM             1431360031.840872
 06 00 00 00 C0

004:004:001:STREAM             1431360031.852804
 06 00 00 00 40

004:004:001:STREAM             1431360031.864884
 06 00 00 00 00

004:004:001:STREAM             1431360031.896987
 06 00 00 00 80

004:004:001:STREAM             1431360031.904812
 06 00 00 00 C0

004:004:001:STREAM             1431360031.916824
 06 00 00 00 40

004:004:001:STREAM             1431360031.929429
 06 00 00 00 00

004:004:001:STREAM             1431360032.112807
 06 00 00 00 C0

004:004:001:STREAM             1431360032.124842
 06 00 00 00 40

004:004:001:STREAM             1431360032.132881
 06 00 00 00 00

004:004:001:STREAM             1431360032.164818
 06 00 00 00 80

004:004:001:STREAM             1431360032.172811
 06 00 00 00 C0

004:004:001:STREAM             1431360032.192991
 06 00 00 00 40

004:004:001:STREAM             1431360032.200835
 06 00 00 00 00

004:004:001:STREAM             1431360032.232883
 06 00 00 00 80

004:004:001:STREAM             1431360032.244833
 06 00 00 00 C0

004:004:001:STREAM             1431360032.256821
 06 00 00 00 40

004:004:001:STREAM             1431360032.268848
 06 00 00 00 00

004:004:001:STREAM             1431360032.292837
 06 00 00 00 80

004:004:001:STREAM             1431360032.308870
 06 00 00 00 C0

004:004:001:STREAM             1431360032.320824
 06 00 00 00 40

004:004:001:STREAM             1431360032.332840
 06 00 00 00 00

004:004:001:STREAM             1431360032.372902
 06 00 00 00 80

004:004:001:STREAM             1431360032.392847
 06 00 00 00 C0

004:004:001:STREAM             1431360032.412820
 06 00 00 00 40

004:004:001:STREAM             1431360032.424966
 06 00 00 00 00

004:004:001:STREAM             1431360032.456856
 06 00 00 00 80

004:004:001:STREAM             1431360032.488825
 06 00 00 00 C0

004:004:001:STREAM             1431360032.528818
 06 00 00 00 40

004:004:001:STREAM             1431360032.540849
 06 00 00 00 00

004:004:001:STREAM             1431360032.580812
 06 00 00 00 80

004:004:001:STREAM             1431360032.668812
 06 00 00 00 C0

004:004:001:STREAM             1431360032.700956
 06 00 00 00 40

004:004:001:STREAM             1431360032.712818
 06 00 00 00 00

004:004:001:STREAM             1431360032.749436
 06 00 00 00 80

004:004:001:STREAM             1431360032.776816
 06 00 00 00 C0

004:004:001:STREAM             1431360032.813430
 06 00 00 00 40

004:004:001:STREAM             1431360032.852813
 06 00 00 00 00

004:004:001:STREAM             1431360032.912814
 06 00 00 00 80

004:004:001:STREAM             1431360032.932874
 06 00 00 00 C0

004:004:001:STREAM             1431360032.964877
 06 00 00 00 40

004:004:001:STREAM             1431360032.984864
 06 00 00 00 00

004:004:001:STREAM             1431360033.024848
 06 00 00 00 80

004:004:001:STREAM             1431360033.076856
 06 00 00 00 C0

004:004:001:STREAM             1431360033.112862
 06 00 00 00 40

004:004:001:STREAM             1431360033.120896
 06 00 00 00 00

004:004:001:STREAM             1431360033.168835
 06 00 00 00 80

004:004:001:STREAM             1431360033.180835
 06 00 00 00 C0

004:004:001:STREAM             1431360033.192818
 06 00 00 00 40

004:004:001:STREAM             1431360033.204838
 06 00 00 00 00

004:004:001:STREAM             1431360033.268821
 06 00 00 00 80

004:004:001:STREAM             1431360033.288819
 06 00 00 00 C0

004:004:001:STREAM             1431360033.300848
 06 00 00 00 40

004:004:001:STREAM             1431360033.308862
 06 00 00 00 00

004:004:001:STREAM             1431360033.348838
 06 00 00 00 80

004:004:001:STREAM             1431360033.356818
 06 00 00 00 C0

004:004:001:STREAM             1431360033.376838
 06 00 00 00 40

004:004:001:STREAM             1431360033.396818
 06 00 00 00 00

004:004:001:STREAM             1431360033.436851
 06 00 00 00 80

004:004:001:STREAM             1431360033.456835
 06 00 00 00 C0

004:004:001:STREAM             1431360033.476850
 06 00 00 00 40

004:004:001:STREAM             1431360033.496877
 06 00 00 00 00

004:004:001:STREAM             1431360033.564819
 06 00 00 00 80

004:004:001:STREAM             1431360033.588820
 06 00 00 00 C0

004:004:001:STREAM             1431360033.600892
 06 00 00 00 40

004:004:001:STREAM             1431360033.620870
 06 00 00 00 00

004:004:001:STREAM             1431360033.696829
 06 00 00 00 80

004:004:001:STREAM             1431360033.708887
 06 00 00 00 C0

004:004:001:STREAM             1431360033.716832
 06 00 00 00 40

004:004:001:STREAM             1431360033.728845
 06 00 00 00 00

004:004:001:STREAM             1431360033.756813
 06 00 00 00 80

004:004:001:STREAM             1431360033.816814
 06 00 00 00 C0

004:004:001:STREAM             1431360033.852851
 06 00 00 00 40

004:004:001:STREAM             1431360033.872814
 06 00 00 00 00

004:004:001:STREAM             1431360033.988853
 06 00 00 00 80

004:004:001:STREAM             1431360034.008871
 06 00 00 00 C0

004:004:001:STREAM             1431360034.040842
 06 00 00 00 40

004:004:001:STREAM             1431360034.052848
 06 00 00 00 00

004:004:001:STREAM             1431360034.148806
 06 00 00 00 80

004:004:001:STREAM             1431360034.172804
 06 00 00 00 C0

004:004:001:STREAM             1431360034.188840
 06 00 00 00 40

004:004:001:STREAM             1431360034.196819
 06 00 00 00 00

004:004:001:STREAM             1431360034.221346
 06 00 00 00 C0

004:004:001:STREAM             1431360034.228847
 06 00 00 00 40

004:004:001:STREAM             1431360034.240849
 06 00 00 00 00

004:004:001:STREAM             1431360034.276846
 06 00 00 00 80

004:004:001:STREAM             1431360034.288832
 06 00 00 00 C0

004:004:001:STREAM             1431360034.300822
 06 00 00 00 40

004:004:001:STREAM             1431360034.312820
 06 00 00 00 00

004:004:001:STREAM             1431360034.332825
 06 00 00 00 80

004:004:001:STREAM             1431360034.344840
 06 00 00 00 C0

004:004:001:STREAM             1431360034.364898
 06 00 00 00 40

004:004:001:STREAM             1431360034.376877
 06 00 00 00 00

004:004:001:STREAM             1431360034.416850
 06 00 00 00 80

004:004:001:STREAM             1431360034.424844
 06 00 00 00 C0

004:004:001:STREAM             1431360034.444852
 06 00 00 00 40

004:004:001:STREAM             1431360034.456850
 06 00 00 00 00

004:004:001:STREAM             1431360034.492816
 06 00 00 00 80

004:004:001:STREAM             1431360034.512816
 06 00 00 00 C0

004:004:001:STREAM             1431360034.525069
 06 00 00 00 40

004:004:001:STREAM             1431360034.532853
 06 00 00 00 00

004:004:001:STREAM             1431360034.584837
 06 00 00 00 80

004:004:001:STREAM             1431360034.596850
 06 00 00 00 C0

004:004:001:STREAM             1431360034.616814
 06 00 00 00 00

004:004:001:STREAM             1431360034.644846
 06 00 00 00 80

004:004:001:STREAM             1431360034.652868
 06 00 00 00 C0

004:004:001:STREAM             1431360034.684961
 06 00 00 00 40

004:004:001:STREAM             1431360034.708834
 06 00 00 00 00

004:004:001:STREAM             1431360034.844813
 06 00 00 00 80

004:004:001:STREAM             1431360034.864831
 06 00 00 00 C0

004:004:001:STREAM             1431360034.892884
 06 00 00 00 00

004:004:001:STREAM             1431360034.932885
 06 00 00 00 80

004:004:001:STREAM             1431360034.952858
 06 00 00 00 C0

004:004:001:STREAM             1431360034.964856
 06 00 00 00 40

004:004:001:STREAM             1431360034.984883
 06 00 00 00 00

004:004:001:STREAM             1431360035.037040
 06 00 00 00 80

004:004:001:STREAM             1431360035.056836
 06 00 00 00 C0

004:004:001:STREAM             1431360035.089142
 06 00 00 00 40

004:004:001:STREAM             1431360035.100840
 06 00 00 00 00

004:004:001:STREAM             1431360035.156806
 06 00 00 00 80

004:004:001:STREAM             1431360035.212806
 06 00 00 00 C0

004:004:001:STREAM             1431360035.248869
 06 00 00 00 00

004:004:001:STREAM             1431360035.284827
 06 00 00 00 80

004:004:001:STREAM             1431360035.336813
 06 00 00 00 C0

004:004:001:STREAM             1431360035.356809
 06 00 00 00 40

004:004:001:STREAM             1431360035.368833
 06 00 00 00 00

004:004:001:STREAM             1431360035.392865
 06 00 00 00 80

004:004:001:STREAM             1431360035.400816
 06 00 00 00 C0

004:004:001:STREAM             1431360035.424850
 06 00 00 00 40

004:004:001:STREAM             1431360035.432831
 06 00 00 00 00

004:004:001:STREAM             1431360035.472886
 06 00 00 00 80

004:004:001:STREAM             1431360035.492808
 06 00 00 00 C0

004:004:001:STREAM             1431360035.504844
 06 00 00 00 40

004:004:001:STREAM             1431360035.520818
 06 00 00 00 00

004:004:001:STREAM             1431360035.552832
 06 00 00 00 80

004:004:001:STREAM             1431360035.572845
 06 00 00 00 C0

004:004:001:STREAM             1431360035.586099
 06 00 00 00 40

004:004:001:STREAM             1431360035.608858
 06 00 00 00 00

004:004:001:STREAM             1431360035.636814
 06 00 00 00 80

004:004:001:STREAM             1431360035.656844
 06 00 00 00 C0

004:004:001:STREAM             1431360035.676873
 06 00 00 00 40

004:004:001:STREAM             1431360035.692834
 06 00 00 00 00

004:004:001:STREAM             1431360035.808806
 06 00 00 00 80

004:004:001:STREAM             1431360035.828842
 06 00 00 00 C0

004:004:001:STREAM             1431360035.848842
 06 00 00 00 40

004:004:001:STREAM             1431360035.872808
 06 00 00 00 00

004:004:001:STREAM             1431360036.100810
 06 00 00 00 80

004:004:001:STREAM             1431360036.120833
 06 00 00 00 C0

004:004:001:STREAM             1431360036.156808
 06 00 00 00 40

004:004:001:STREAM             1431360036.177041
 06 00 00 00 00

004:004:001:STREAM             1431360037.196817
 06 00 00 00 40

004:004:001:STREAM             1431360037.232852
 06 00 00 00 C0

004:004:001:STREAM             1431360037.268813
 06 00 00 00 80

004:004:001:STREAM             1431360037.288844
 06 00 00 00 00

004:004:001:STREAM             1431360037.336825
 06 00 00 00 40

004:004:001:STREAM             1431360037.348949
 06 00 00 00 C0

004:004:001:STREAM             1431360037.372833
 06 00 00 00 80

004:004:001:STREAM             1431360037.384856
 06 00 00 00 00

004:004:001:STREAM             1431360037.412898
 06 00 00 00 40

004:004:001:STREAM             1431360037.420859
 06 00 00 00 C0

004:004:001:STREAM             1431360037.452830
 06 00 00 00 80

004:004:001:STREAM             1431360037.464880
 06 00 00 00 00

004:004:001:STREAM             1431360037.492813
 06 00 00 00 40

004:004:001:STREAM             1431360037.504832
 06 00 00 00 C0

004:004:001:STREAM             1431360037.516818
 06 00 00 00 80

004:004:001:STREAM             1431360037.532863
 06 00 00 00 00

004:004:001:STREAM             1431360037.580821
 06 00 00 00 40

004:004:001:STREAM             1431360037.593179
 06 00 00 00 C0

004:004:001:STREAM             1431360037.604860
 06 00 00 00 80

004:004:001:STREAM             1431360037.612814
 06 00 00 00 00

004:004:001:STREAM             1431360037.644855
 06 00 00 00 40

004:004:001:STREAM             1431360037.664874
 06 00 00 00 C0

004:004:001:STREAM             1431360037.672876
 06 00 00 00 80

004:004:001:STREAM             1431360037.693063
 06 00 00 00 00

004:004:001:STREAM             1431360037.720894
 06 00 00 00 40

004:004:001:STREAM             1431360037.740823
 06 00 00 00 C0

004:004:001:STREAM             1431360037.768833
 06 00 00 00 80

004:004:001:STREAM             1431360037.772820
 06 00 00 00 00

004:004:001:STREAM             1431360037.816813
 06 00 00 00 40

004:004:001:STREAM             1431360037.824805
 06 00 00 00 C0

004:004:001:STREAM             1431360037.832837
 06 00 00 00 80

004:004:001:STREAM             1431360037.856849
 06 00 00 00 00

004:004:001:STREAM             1431360037.872832
 06 00 00 00 40

004:004:001:STREAM             1431360037.884860
 06 00 00 00 C0

004:004:001:STREAM             1431360037.904823
 06 00 00 00 80

004:004:001:STREAM             1431360037.920884
 06 00 00 00 00

004:004:001:STREAM             1431360037.960822
 06 00 00 00 40

004:004:001:STREAM             1431360038.016808
 06 00 00 00 C0

004:004:001:STREAM             1431360038.052842
 06 00 00 00 80

004:004:001:STREAM             1431360038.068810
 06 00 00 00 00

004:004:001:STREAM             1431360038.144810
 06 00 00 00 40

004:004:001:STREAM             1431360038.164818
 06 00 00 00 80

004:004:001:STREAM             1431360038.180871
 06 00 00 00 00

004:004:001:STREAM             1431360038.223504
 06 00 00 00 40

004:004:001:STREAM             1431360038.236860
 06 00 00 00 C0

004:004:001:STREAM             1431360038.248845
 06 00 00 00 80

004:004:001:STREAM             1431360038.272867
 06 00 00 00 00

004:004:001:STREAM             1431360038.304967
 06 00 00 00 40

004:004:001:STREAM             1431360038.332883
 06 00 00 00 C0

004:004:001:STREAM             1431360038.344859
 06 00 00 00 80

004:004:001:STREAM             1431360038.364949
 06 00 00 00 00

004:004:001:STREAM             1431360038.392867
 06 00 00 00 40

004:004:001:STREAM             1431360038.416859
 06 00 00 00 C0

004:004:001:STREAM             1431360038.440820
 06 00 00 00 80

004:004:001:STREAM             1431360038.448864
 06 00 00 00 00

004:004:001:STREAM             1431360038.488815
 06 00 00 00 40

004:004:001:STREAM             1431360038.500851
 06 00 00 00 C0

004:004:001:STREAM             1431360038.532834
 06 00 00 00 80

004:004:001:STREAM             1431360038.544856
 06 00 00 00 00

004:004:001:STREAM             1431360038.572821
 06 00 00 00 40

004:004:001:STREAM             1431360038.588831
 06 00 00 00 C0

004:004:001:STREAM             1431360038.600854
 06 00 00 00 80

004:004:001:STREAM             1431360038.612822
 06 00 00 00 00

004:004:001:STREAM             1431360038.652822
 06 00 00 00 40

004:004:001:STREAM             1431360038.660800
 06 00 00 00 C0

004:004:001:STREAM             1431360038.676823
 06 00 00 00 80

004:004:001:STREAM             1431360038.688853
 06 00 00 00 00

004:004:001:STREAM             1431360038.708996
 06 00 00 00 40

004:004:001:STREAM             1431360038.716870
 06 00 00 00 C0

004:004:001:STREAM             1431360038.729529
 06 00 00 00 80

004:004:001:STREAM             1431360038.740853
 06 00 00 00 00

004:004:001:STREAM             1431360038.772813
 06 00 00 00 40

004:004:001:STREAM             1431360038.784869
 06 00 00 00 C0

004:004:001:STREAM             1431360038.804820
 06 00 00 00 80

004:004:001:STREAM             1431360038.820856
 06 00 00 00 00

004:004:001:STREAM             1431360038.852990
 06 00 00 00 40

004:004:001:STREAM             1431360038.860809
 06 00 00 00 C0

004:004:001:STREAM             1431360038.880831
 06 00 00 00 80

004:004:001:STREAM             1431360038.888814
 06 00 00 00 00

004:004:001:STREAM             1431360038.920874
 06 00 00 00 40

004:004:001:STREAM             1431360038.928868
 06 00 00 00 C0

004:004:001:STREAM             1431360038.948842
 06 00 00 00 80

004:004:001:STREAM             1431360038.968867
 06 00 00 00 00

004:004:001:STREAM             1431360039.028967
 06 00 00 00 40

004:004:001:STREAM             1431360039.060847
 06 00 00 00 C0

004:004:001:STREAM             1431360039.080866
 06 00 00 00 80

004:004:001:STREAM             1431360039.092840
 06 00 00 00 00

004:004:001:STREAM             1431360039.124889
 06 00 00 00 40

004:004:001:STREAM             1431360039.136840
 06 00 00 00 C0

004:004:001:STREAM             1431360039.144901
 06 00 00 00 80

004:004:001:STREAM             1431360039.164839
 06 00 00 00 00

004:004:001:STREAM             1431360039.192829
 06 00 00 00 40

004:004:001:STREAM             1431360039.212847
 06 00 00 00 C0

004:004:001:STREAM             1431360039.232850
 06 00 00 00 80

004:004:001:STREAM             1431360039.240867
 06 00 00 00 00

004:004:001:STREAM             1431360039.272837
 06 00 00 00 40

004:004:001:STREAM             1431360039.288856
 06 00 00 00 C0

004:004:001:STREAM             1431360039.300877
 06 00 00 00 80

004:004:001:STREAM             1431360039.320825
 06 00 00 00 00

004:004:001:STREAM             1431360039.340806
 06 00 00 00 40

004:004:001:STREAM             1431360039.352866
 06 00 00 00 C0

004:004:001:STREAM             1431360039.372833
 06 00 00 00 80

004:004:001:STREAM             1431360039.396812
 06 00 00 00 00

004:004:001:STREAM             1431360039.452814
 06 00 00 00 40

004:004:001:STREAM             1431360039.456799
 06 00 00 00 C0

004:004:001:STREAM             1431360039.476812
 06 00 00 00 00

004:004:001:STREAM             1431360039.508859
 06 00 00 00 40

004:004:001:STREAM             1431360039.520829
 06 00 00 00 C0

004:004:001:STREAM             1431360039.540815
 06 00 00 00 80

004:004:001:STREAM             1431360039.552954
 06 00 00 00 00

004:004:001:STREAM             1431360039.584849
 06 00 00 00 40

004:004:001:STREAM             1431360039.596821
 06 00 00 00 C0

004:004:001:STREAM             1431360039.604955
 06 00 00 00 80

004:004:001:STREAM             1431360039.616877
 06 00 00 00 00

004:004:001:STREAM             1431360039.644849
 06 00 00 00 C0

004:004:001:STREAM             1431360039.660825
 06 00 00 00 80

004:004:001:STREAM             1431360039.668824
 06 00 00 00 00

004:004:001:STREAM             1431360039.696903
 06 00 00 00 40

004:004:001:STREAM             1431360039.708843
 06 00 00 00 C0

004:004:001:STREAM             1431360039.728823
 06 00 00 00 80

004:004:001:STREAM             1431360039.740830
 06 00 00 00 00

004:004:001:STREAM             1431360039.760847
 06 00 00 00 40

004:004:001:STREAM             1431360039.772873
 06 00 00 00 C0

004:004:001:STREAM             1431360039.792834
 06 00 00 00 80

004:004:001:STREAM             1431360039.812810
 06 00 00 00 00

004:004:001:STREAM             1431360039.844817
 06 00 00 00 40

004:004:001:STREAM             1431360039.864865
 06 00 00 00 C0

004:004:001:STREAM             1431360039.876819
 06 00 00 00 80

004:004:001:STREAM             1431360039.896852
 06 00 00 00 00

004:004:001:STREAM             1431360039.928858
 06 00 00 00 40

004:004:001:STREAM             1431360039.948849
 06 00 00 00 C0

004:004:001:STREAM             1431360039.956860
 06 00 00 00 80

004:004:001:STREAM             1431360039.968816
 06 00 00 00 00

004:004:001:STREAM             1431360039.992849
 06 00 00 00 40

004:004:001:STREAM             1431360040.000857
 06 00 00 00 C0

004:004:001:STREAM             1431360040.016988
 06 00 00 00 80

004:004:001:STREAM             1431360040.028808
 06 00 00 00 00

004:004:001:STREAM             1431360040.064894
 06 00 00 00 40

004:004:001:STREAM             1431360040.076878
 06 00 00 00 C0

004:004:001:STREAM             1431360040.092963
 06 00 00 00 80

004:004:001:STREAM             1431360040.112868
 06 00 00 00 00

004:004:001:STREAM             1431360040.144878
 06 00 00 00 40

004:004:001:STREAM             1431360040.156858
 06 00 00 00 C0

004:004:001:STREAM             1431360040.172848
 06 00 00 00 80

004:004:001:STREAM             1431360040.192896
 06 00 00 00 00

004:004:001:STREAM             1431360040.220897
 06 00 00 00 40

004:004:001:STREAM             1431360040.245088
 06 00 00 00 C0

004:004:001:STREAM             1431360040.256854
 06 00 00 00 80

004:004:001:STREAM             1431360040.272873
 06 00 00 00 00

004:004:001:STREAM             1431360040.304896
 06 00 00 00 C0

004:004:001:STREAM             1431360040.324836
 06 00 00 00 80

004:004:001:STREAM             1431360040.332816
 06 00 00 00 00

004:004:001:STREAM             1431360040.376809
 06 00 00 00 40

004:004:001:STREAM             1431360040.388850
 06 00 00 00 C0

004:004:001:STREAM             1431360040.408842
 06 00 00 00 80

004:004:001:STREAM             1431360040.416836
 06 00 00 00 00

004:004:001:STREAM             1431360040.444839
 06 00 00 00 40

004:004:001:STREAM             1431360040.456901
 06 00 00 00 C0

004:004:001:STREAM             1431360040.464830
 06 00 00 00 80

004:004:001:STREAM             1431360040.477039
 06 00 00 00 00

004:004:001:STREAM             1431360040.508849
 06 00 00 00 40

004:004:001:STREAM             1431360040.520875
 06 00 00 00 C0

004:004:001:STREAM             1431360040.528862
 06 00 00 00 80

004:004:001:STREAM             1431360040.540845
 06 00 00 00 00

004:004:001:STREAM             1431360040.560847
 06 00 00 00 40

004:004:001:STREAM             1431360040.572878
 06 00 00 00 C0

004:004:001:STREAM             1431360040.596840
 06 00 00 00 80

004:004:001:STREAM             1431360040.609045
 06 00 00 00 00

004:004:001:STREAM             1431360040.628832
 06 00 00 00 40

004:004:001:STREAM             1431360040.636848
 06 00 00 00 C0

004:004:001:STREAM             1431360040.648848
 06 00 00 00 80

004:004:001:STREAM             1431360040.660858
 06 00 00 00 00

004:004:001:STREAM             1431360040.684825
 06 00 00 00 40

004:004:001:STREAM             1431360040.764808
 06 00 00 00 C0

004:004:001:STREAM             1431360040.792848
 06 00 00 00 80

004:004:001:STREAM             1431360040.820825
 06 00 00 00 00

004:004:001:STREAM             1431360040.860809
 06 00 00 00 40

004:004:001:STREAM             1431360040.872825
 06 00 00 00 C0

004:004:001:STREAM             1431360040.884813
 06 00 00 00 80

004:004:001:STREAM             1431360040.896833
 06 00 00 00 00

004:004:001:STREAM             1431360040.932977
 06 00 00 00 40

004:004:001:STREAM             1431360040.944820
 06 00 00 00 C0

004:004:001:STREAM             1431360040.964958
 06 00 00 00 80

004:004:001:STREAM             1431360040.972820
 06 00 00 00 00

004:004:001:STREAM             1431360040.996888
 06 00 00 00 40

004:004:001:STREAM             1431360041.008852
 06 00 00 00 C0

004:004:001:STREAM             1431360041.028889
 06 00 00 00 80

004:004:001:STREAM             1431360041.040825
 06 00 00 00 00

004:004:001:STREAM             1431360041.072901
 06 00 00 00 40

004:004:001:STREAM             1431360041.088830
 06 00 00 00 C0

004:004:001:STREAM             1431360041.101175
 06 00 00 00 00

004:004:001:STREAM             1431360041.128957
 06 00 00 00 40

004:004:001:STREAM             1431360041.140876
 06 00 00 00 C0

004:004:001:STREAM             1431360041.156820
 06 00 00 00 80

004:004:001:STREAM             1431360041.168980
 06 00 00 00 00

004:004:001:STREAM             1431360041.204861
 06 00 00 00 40

004:004:001:STREAM             1431360041.216875
 06 00 00 00 C0

004:004:001:STREAM             1431360041.248865
 06 00 00 00 80

004:004:001:STREAM             1431360041.260875
 06 00 00 00 00

004:004:001:STREAM             1431360041.292866
 06 00 00 00 40

004:004:001:STREAM             1431360041.300835
 06 00 00 00 C0

004:004:001:STREAM             1431360041.320882
 06 00 00 00 80

004:004:001:STREAM             1431360041.328854
 06 00 00 00 00

004:004:001:STREAM             1431360041.360831
 06 00 00 00 40

004:004:001:STREAM             1431360041.372863
 06 00 00 00 C0

004:004:001:STREAM             1431360041.376816
 06 00 00 00 80

004:004:001:STREAM             1431360041.389093
 06 00 00 00 00

004:004:001:STREAM             1431360041.416871
 06 00 00 00 40

004:004:001:STREAM             1431360041.428818
 06 00 00 00 C0

004:004:001:STREAM             1431360041.436815
 06 00 00 00 80

004:004:001:STREAM             1431360041.444877
 06 00 00 00 00

004:004:001:STREAM             1431360041.472879
 06 00 00 00 40

004:004:001:STREAM             1431360041.476841
 06 00 00 00 C0

004:004:001:STREAM             1431360041.496833
 06 00 00 00 80

004:004:001:STREAM             1431360041.504872
 06 00 00 00 00

004:004:001:STREAM             1431360041.536860
 06 00 00 00 40

004:004:001:STREAM             1431360041.552839
 06 00 00 00 C0

004:004:001:STREAM             1431360041.564826
 06 00 00 00 80

004:004:001:STREAM             1431360041.580826
 06 00 00 00 00

004:004:001:STREAM             1431360041.604886
 06 00 00 00 40

004:004:001:STREAM             1431360041.624835
 06 00 00 00 C0

004:004:001:STREAM             1431360041.632846
 06 00 00 00 80

004:004:001:STREAM             1431360041.644821
 06 00 00 00 00

004:004:001:STREAM             1431360041.676864
 06 00 00 00 40

004:004:001:STREAM             1431360041.697161
 06 00 00 00 C0

004:004:001:STREAM             1431360041.728825
 06 00 00 00 80

004:004:001:STREAM             1431360041.752848
 06 00 00 00 00

004:004:001:STREAM             1431360041.784837
 06 00 00 00 40

004:004:001:STREAM             1431360041.792825
 06 00 00 00 C0

004:004:001:STREAM             1431360041.808868
 06 00 00 00 80

004:004:001:STREAM             1431360041.840833
 06 00 00 00 00

004:004:001:STREAM             1431360041.884828
 06 00 00 00 40

004:004:001:STREAM             1431360041.892967
 06 00 00 00 C0

004:004:001:STREAM             1431360041.906702
 06 00 00 00 80

004:004:001:STREAM             1431360041.916816
 06 00 00 00 00

004:004:001:STREAM             1431360041.948819
 06 00 00 00 40

004:004:001:STREAM             1431360041.960851
 06 00 00 00 C0

004:004:001:STREAM             1431360041.980837
 06 00 00 00 80

004:004:001:STREAM             1431360041.988824
 06 00 00 00 00

004:004:001:STREAM             1431360042.008819
 06 00 00 00 40

004:004:001:STREAM             1431360042.028862
 06 00 00 00 C0

004:004:001:STREAM             1431360042.041518
 06 00 00 00 80

004:004:001:STREAM             1431360042.048836
 06 00 00 00 00

004:004:001:STREAM             1431360042.092902
 06 00 00 00 C0

004:004:001:STREAM             1431360042.112904
 06 00 00 00 80

004:004:001:STREAM             1431360042.125198
 06 00 00 00 00

004:004:001:STREAM             1431360042.192836
 06 00 00 00 40

004:004:001:STREAM             1431360042.204839
 06 00 00 00 C0

004:004:001:STREAM             1431360042.220840
 06 00 00 00 80

004:004:001:STREAM             1431360042.232892
 06 00 00 00 00

004:004:001:STREAM             1431360042.257320
 06 00 00 00 40

004:004:001:STREAM             1431360042.276830
 06 00 00 00 C0

004:004:001:STREAM             1431360042.292887
 06 00 00 00 80

004:004:001:STREAM             1431360042.324836
 06 00 00 00 00

004:004:001:STREAM             1431360042.632810
 06 00 00 00 80

004:004:001:STREAM             1431360042.744812
 06 00 00 00 C0

004:004:001:STREAM             1431360042.764832
 06 00 00 00 40

004:004:001:STREAM             1431360042.772847
 06 00 00 00 00

004:004:001:STREAM             1431360042.812843
 06 00 00 00 80

004:004:001:STREAM             1431360042.844850
 06 00 00 00 C0

004:004:001:STREAM             1431360042.876853
 06 00 00 00 40

004:004:001:STREAM             1431360042.896823
 06 00 00 00 00

004:004:001:STREAM             1431360042.960811
 06 00 00 00 80

004:004:001:STREAM             1431360042.992841
 06 00 00 00 C0

004:004:001:STREAM             1431360043.012813
 06 00 00 00 40

004:004:001:STREAM             1431360043.032860
 06 00 00 00 00

004:004:001:STREAM             1431360043.092904
 06 00 00 00 80

004:004:001:STREAM             1431360043.116881
 06 00 00 00 C0

004:004:001:STREAM             1431360043.124845
 06 00 00 00 40

004:004:001:STREAM             1431360043.140825
 06 00 00 00 00

004:004:001:STREAM             1431360043.180814
 06 00 00 00 80

004:004:001:STREAM             1431360043.200844
 06 00 00 00 C0

004:004:001:STREAM             1431360043.252813
 06 00 00 00 40

004:004:001:STREAM             1431360043.272815
 06 00 00 00 00

004:004:001:STREAM             1431360043.328812
 06 00 00 00 80

004:004:001:STREAM             1431360043.336808
 06 00 00 00 C0

004:004:001:STREAM             1431360043.356839
 06 00 00 00 40

004:004:001:STREAM             1431360043.364847
 06 00 00 00 00

004:004:001:STREAM             1431360043.392877
 06 00 00 00 80

004:004:001:STREAM             1431360043.400850
 06 00 00 00 C0

004:004:001:STREAM             1431360043.416867
 06 00 00 00 40

004:004:001:STREAM             1431360043.428878
 06 00 00 00 00

004:004:001:STREAM             1431360043.460858
 06 00 00 00 80

004:004:001:STREAM             1431360043.473504
 06 00 00 00 C0

004:004:001:STREAM             1431360043.484867
 06 00 00 00 40

004:004:001:STREAM             1431360043.496819
 06 00 00 00 00

004:004:001:STREAM             1431360043.536841
 06 00 00 00 80

004:004:001:STREAM             1431360043.549434
 06 00 00 00 C0

004:004:001:STREAM             1431360043.568848
 06 00 00 00 40

004:004:001:STREAM             1431360043.588841
 06 00 00 00 00

004:004:001:STREAM             1431360043.628890
 06 00 00 00 80

004:004:001:STREAM             1431360043.640885
 06 00 00 00 C0

004:004:001:STREAM             1431360043.652821
 06 00 00 00 40

004:004:001:STREAM             1431360043.660843
 06 00 00 00 00

004:004:001:STREAM             1431360043.712811
 06 00 00 00 80

004:004:001:STREAM             1431360043.732900
 06 00 00 00 C0

004:004:001:STREAM             1431360043.748847
 06 00 00 00 40

004:004:001:STREAM             1431360043.760820
 06 00 00 00 00

004:004:001:STREAM             1431360043.788848
 06 00 00 00 80

004:004:001:STREAM             1431360043.800943
 06 00 00 00 C0

004:004:001:STREAM             1431360043.818606
 06 00 00 00 40

004:004:001:STREAM             1431360043.840834
 06 00 00 00 00

004:004:001:STREAM             1431360043.892835
 06 00 00 00 80

004:004:001:STREAM             1431360043.916878
 06 00 00 00 C0

004:004:001:STREAM             1431360043.940866
 06 00 00 00 40

004:004:001:STREAM             1431360043.960844
 06 00 00 00 00

004:004:001:STREAM             1431360043.980835
 06 00 00 00 80

004:004:001:STREAM             1431360043.996858
 06 00 00 00 C0

004:004:001:STREAM             1431360044.016849
 06 00 00 00 40

004:004:001:STREAM             1431360044.028853
 06 00 00 00 00

004:004:001:STREAM             1431360044.056894
 06 00 00 00 80

004:004:001:STREAM             1431360044.078038
 06 00 00 00 C0

004:004:001:STREAM             1431360044.088984
 06 00 00 00 40

004:004:001:STREAM             1431360044.100875
 06 00 00 00 00

004:004:001:STREAM             1431360044.132973
 06 00 00 00 80

004:004:001:STREAM             1431360044.140842
 06 00 00 00 C0

004:004:001:STREAM             1431360044.152900
 06 00 00 00 40

004:004:001:STREAM             1431360044.163925
 06 00 00 00 00

004:004:001:STREAM             1431360044.252811
 06 00 00 00 C0

004:004:001:STREAM             1431360044.264850
 06 00 00 00 40

004:004:001:STREAM             1431360044.284824
 06 00 00 00 00

004:004:001:STREAM             1431360044.312812
 06 00 00 00 C0

004:004:001:STREAM             1431360044.332860
 06 00 00 00 40

004:004:001:STREAM             1431360044.340811
 06 00 00 00 00

004:004:001:STREAM             1431360044.372817
 06 00 00 00 80

004:004:001:STREAM             1431360044.392978
 06 00 00 00 C0

004:004:001:STREAM             1431360044.404860
 06 00 00 00 40

004:004:001:STREAM             1431360044.416876
 06 00 00 00 00

004:004:001:STREAM             1431360044.436867
 06 00 00 00 80

004:004:001:STREAM             1431360044.460817
 06 00 00 00 C0

004:004:001:STREAM             1431360044.464792
 06 00 00 00 40

004:004:001:STREAM             1431360044.480876
 06 00 00 00 00

004:004:001:STREAM             1431360044.520831
 06 00 00 00 80

004:004:001:STREAM             1431360044.532820
 06 00 00 00 C0

004:004:001:STREAM             1431360044.544876
 06 00 00 00 40

004:004:001:STREAM             1431360044.552809
 06 00 00 00 00

004:004:001:STREAM             1431360044.584813
 06 00 00 00 80

004:004:001:STREAM             1431360044.604965
 06 00 00 00 C0

004:004:001:STREAM             1431360044.616825
 06 00 00 00 40

004:004:001:STREAM             1431360044.628865
 06 00 00 00 00

004:004:001:STREAM             1431360044.681123
 06 00 00 00 80

004:004:001:STREAM             1431360044.701007
 06 00 00 00 C0

004:004:001:STREAM             1431360044.736810
 06 00 00 00 40

004:004:001:STREAM             1431360044.756854
 06 00 00 00 00

004:004:001:STREAM             1431360044.800871
 06 00 00 00 80

004:004:001:STREAM             1431360044.840821
 06 00 00 00 C0

004:004:001:STREAM             1431360044.864822
 06 00 00 00 40

004:004:001:STREAM             1431360044.872833
 06 00 00 00 00

004:004:001:STREAM             1431360044.956809
 06 00 00 00 80

004:004:001:STREAM             1431360044.984963
 06 00 00 00 C0

004:004:001:STREAM             1431360045.004820
 06 00 00 00 40

004:004:001:STREAM             1431360045.016860
 06 00 00 00 00

004:004:001:STREAM             1431360045.056863
 06 00 00 00 80

004:004:001:STREAM             1431360045.076818
 06 00 00 00 C0

004:004:001:STREAM             1431360045.105803
 06 00 00 00 40

004:004:001:STREAM             1431360045.112904
 06 00 00 00 00

004:004:001:STREAM             1431360045.145007
 06 00 00 00 80

004:004:001:STREAM             1431360045.156877
 06 00 00 00 C0

004:004:001:STREAM             1431360045.169103
 06 00 00 00 00

004:004:001:STREAM             1431360045.200862
 06 00 00 00 80

004:004:001:STREAM             1431360045.213357
 06 00 00 00 C0

004:004:001:STREAM             1431360045.224847
 06 00 00 00 40

004:004:001:STREAM             1431360045.236853
 06 00 00 00 00

004:004:001:STREAM             1431360045.264847
 06 00 00 00 80

004:004:001:STREAM             1431360045.272847
 06 00 00 00 C0

004:004:001:STREAM             1431360045.296818
 06 00 00 00 40

004:004:001:STREAM             1431360045.304977
 06 00 00 00 00

004:004:001:STREAM             1431360045.344831
 06 00 00 00 80

004:004:001:STREAM             1431360045.357022
 06 00 00 00 C0

004:004:001:STREAM             1431360045.376840
 06 00 00 00 40

004:004:001:STREAM             1431360045.384871
 06 00 00 00 00

004:004:001:STREAM             1431360045.416813
 06 00 00 00 80

004:004:001:STREAM             1431360045.430562
 06 00 00 00 C0

004:004:001:STREAM             1431360045.460860
 06 00 00 00 40

004:004:001:STREAM             1431360045.472823
 06 00 00 00 00

004:004:001:STREAM             1431360045.512832
 06 00 00 00 80

004:004:001:STREAM             1431360045.524842
 06 00 00 00 C0

004:004:001:STREAM             1431360045.556811
 06 00 00 00 40

004:004:001:STREAM             1431360045.568828
 06 00 00 00 00

004:004:001:STREAM             1431360045.612817
 06 00 00 00 80

004:004:001:STREAM             1431360045.636814
 06 00 00 00 C0

004:004:001:STREAM             1431360045.668836
 06 00 00 00 40

004:004:001:STREAM             1431360045.764813
 06 00 00 00 00

004:004:001:STREAM             1431360045.844827
 06 00 00 00 80

004:004:001:STREAM             1431360045.856858
 06 00 00 00 C0

004:004:001:STREAM             1431360045.876865
 06 00 00 00 00

004:004:001:STREAM             1431360045.908817
 06 00 00 00 80

004:004:001:STREAM             1431360045.920865
 06 00 00 00 C0

004:004:001:STREAM             1431360045.940863
 06 00 00 00 00

004:004:001:STREAM             1431360045.980862
 06 00 00 00 80

004:004:001:STREAM             1431360046.004863
 06 00 00 00 C0

004:004:001:STREAM             1431360046.032856
 06 00 00 00 00

004:004:001:STREAM             1431360046.056879
 06 00 00 00 80

004:004:001:STREAM             1431360046.068868
 06 00 00 00 40

004:004:001:STREAM             1431360046.076852
 06 00 00 00 00

004:004:001:STREAM             1431360046.096882
 06 00 00 00 80

004:004:001:STREAM             1431360046.112888
 06 00 00 00 C0

004:004:001:STREAM             1431360046.132949
 06 00 00 00 40

004:004:001:STREAM             1431360046.156959
 06 00 00 00 00

004:004:001:STREAM             1431360046.192889
 06 00 00 00 80

004:004:001:STREAM             1431360046.200859
 06 00 00 00 C0

004:004:001:STREAM             1431360046.220881
 06 00 00 00 40

004:004:001:STREAM             1431360046.232859
 06 00 00 00 00

004:004:001:STREAM             1431360046.260843
 06 00 00 00 80

004:004:001:STREAM             1431360046.268868
 06 00 00 00 C0

004:004:001:STREAM             1431360046.277215
 06 00 00 00 40

004:004:001:STREAM             1431360046.296863
 06 00 00 00 00

004:004:001:STREAM             1431360046.328836
 06 00 00 00 80

004:004:001:STREAM             1431360046.336851
 06 00 00 00 C0

004:004:001:STREAM             1431360046.356842
 06 00 00 00 40

004:004:001:STREAM             1431360046.364819
 06 00 00 00 00

004:004:001:STREAM             1431360046.400813
 06 00 00 00 80

004:004:001:STREAM             1431360046.420815
 06 00 00 00 C0

004:004:001:STREAM             1431360046.444824
 06 00 00 00 40

004:004:001:STREAM             1431360046.456867
 06 00 00 00 00

004:004:001:STREAM             1431360046.612822
 06 00 00 00 80

004:004:001:STREAM             1431360046.644881
 06 00 00 00 C0

004:004:001:STREAM             1431360046.664820
 06 00 00 00 40

004:004:001:STREAM             1431360046.684830
 06 00 00 00 00

004:004:001:STREAM             1431360046.804822
 06 00 00 00 80

004:004:001:STREAM             1431360046.828843
 06 00 00 00 C0

004:004:001:STREAM             1431360046.836869
 06 00 00 00 40

004:004:001:STREAM             1431360046.852860
 06 00 00 00 00

004:004:001:STREAM             1431360046.896880
 06 00 00 00 80

004:004:001:STREAM             1431360046.920819
 06 00 00 00 C0

004:004:001:STREAM             1431360046.972819
 06 00 00 00 40

004:004:001:STREAM             1431360046.984844
 06 00 00 00 00

004:004:001:STREAM             1431360047.088819
 06 00 00 00 80

004:004:001:STREAM             1431360047.228823
 06 00 00 00 C0

004:004:001:STREAM             1431360047.396822
 06 00 00 00 40

004:004:001:STREAM             1431360047.408978
 06 00 00 00 00

004:004:001:STREAM             1431360047.480821
 06 00 00 00 80

004:004:001:STREAM             1431360047.492855
 06 00 00 00 C0

004:004:001:STREAM             1431360047.512845
 06 00 00 00 00

004:004:001:STREAM             1431360047.540821
 06 00 00 00 80

004:004:001:STREAM             1431360047.552863
 06 00 00 00 C0

004:004:001:STREAM             1431360047.572822
 06 00 00 00 40

004:004:001:STREAM             1431360047.585370
 06 00 00 00 00

004:004:001:STREAM             1431360047.621304
 06 00 00 00 80

004:004:001:STREAM             1431360047.640979
 06 00 00 00 C0

004:004:001:STREAM             1431360047.652845
 06 00 00 00 40

004:004:001:STREAM             1431360047.672824
 06 00 00 00 00

004:004:001:STREAM             1431360047.708850
 06 00 00 00 80

004:004:001:STREAM             1431360047.728849
 06 00 00 00 C0

004:004:001:STREAM             1431360047.740852
 06 00 00 00 40

004:004:001:STREAM             1431360047.748811
 06 00 00 00 00

004:004:001:STREAM             1431360047.788837
 06 00 00 00 80

004:004:001:STREAM             1431360047.796830
 06 00 00 00 C0

004:004:001:STREAM             1431360047.816899
 06 00 00 00 40

004:004:001:STREAM             1431360047.828859
 06 00 00 00 00

004:004:001:STREAM             1431360048.076812
 06 00 00 00 80

004:004:001:STREAM             1431360048.124813
 06 00 00 00 C0

004:004:001:STREAM             1431360048.144891
 06 00 00 00 40

004:004:001:STREAM             1431360048.152862
 06 00 00 00 00

004:004:001:STREAM             1431360048.192976
 06 00 00 00 80

004:004:001:STREAM             1431360048.212858
 06 00 00 00 C0

004:004:001:STREAM             1431360048.244825
 06 00 00 00 40

004:004:001:STREAM             1431360048.272834
 06 00 00 00 00

004:004:001:STREAM             1431360048.448824
 06 00 00 00 80

004:004:001:STREAM             1431360048.460831
 06 00 00 00 C0

004:004:001:STREAM             1431360048.477110
 06 00 00 00 40

004:004:001:STREAM             1431360048.488837
 06 00 00 00 00

004:004:001:STREAM             1431360048.508815
 06 00 00 00 80

004:004:001:STREAM             1431360048.520845
 06 00 00 00 C0

004:004:001:STREAM             1431360048.540854
 06 00 00 00 40

004:004:001:STREAM             1431360048.553348
 06 00 00 00 00

004:004:001:STREAM             1431360048.572838
 06 00 00 00 80

004:004:001:STREAM             1431360048.584879
 06 00 00 00 C0

004:004:001:STREAM             1431360048.596900
 06 00 00 00 40

004:004:001:STREAM             1431360048.612962
 06 00 00 00 00

004:004:001:STREAM             1431360048.652814
 06 00 00 00 80

004:004:001:STREAM             1431360048.664845
 06 00 00 00 C0

004:004:001:STREAM             1431360048.676863
 06 00 00 00 40

004:004:001:STREAM             1431360048.688816
 06 00 00 00 00

004:004:001:STREAM             1431360048.728833
 06 00 00 00 80

004:004:001:STREAM             1431360048.752867
 06 00 00 00 C0

004:004:001:STREAM             1431360048.760827
 06 00 00 00 40

004:004:001:STREAM             1431360048.768844
 06 00 00 00 00

004:004:001:STREAM             1431360048.808819
 06 00 00 00 80

004:004:001:STREAM             1431360048.820857
 06 00 00 00 C0

004:004:001:STREAM             1431360048.840826
 06 00 00 00 40

004:004:001:STREAM             1431360048.848815
 06 00 00 00 00

004:004:001:STREAM             1431360048.876898
 06 00 00 00 80

004:004:001:STREAM             1431360048.885075
 06 00 00 00 C0

004:004:001:STREAM             1431360048.908839
 06 00 00 00 40

004:004:001:STREAM             1431360048.948824
 06 00 00 00 00

004:004:001:STREAM             1431360048.984823
 06 00 00 00 80

004:004:001:STREAM             1431360049.008862
 06 00 00 00 C0

004:004:001:STREAM             1431360049.036855
 06 00 00 00 40

004:004:001:STREAM             1431360049.064840
 06 00 00 00 00

004:004:001:STREAM             1431360049.936825
 06 00 00 00 40

004:004:001:STREAM             1431360049.964857
 06 00 00 00 C0

004:004:001:STREAM             1431360050.016868
 06 00 00 00 80

004:004:001:STREAM             1431360050.036902
 06 00 00 00 00

004:004:001:STREAM             1431360050.420835
 06 00 00 00 40

004:004:001:STREAM             1431360050.440832
 06 00 00 00 C0

004:004:001:STREAM             1431360050.468820
 06 00 00 00 80

004:004:001:STREAM             1431360050.792815
 06 00 00 00 00

004:004:001:STREAM             1431360050.968819
 06 00 00 00 40

004:004:001:STREAM             1431360050.996822
 06 00 00 00 C0

004:004:001:STREAM             1431360051.024883
 06 00 00 00 80

004:004:001:STREAM             1431360051.044821
 06 00 00 00 00

004:004:001:STREAM             1431360051.112820
 06 00 00 00 40

004:004:001:STREAM             1431360051.120870
 06 00 00 00 C0

004:004:001:STREAM             1431360051.164826
 06 00 00 00 80

004:004:001:STREAM             1431360051.224822
 06 00 00 00 00

004:004:001:STREAM             1431360051.308896
 06 00 00 00 40

004:004:001:STREAM             1431360051.352829
 06 00 00 00 C0

004:004:001:STREAM             1431360051.640823
 06 00 00 00 40

004:004:001:STREAM             1431360051.708818
 06 00 00 00 C0

004:004:001:STREAM             1431360051.728874
 06 00 00 00 80

004:004:001:STREAM             1431360051.736867
 06 00 00 00 00

004:004:001:STREAM             1431360051.768897
 06 00 00 00 40

004:004:001:STREAM             1431360051.780895
 06 00 00 00 C0

004:004:001:STREAM             1431360051.804871
 06 00 00 00 80

004:004:001:STREAM             1431360051.813276
 06 00 00 00 00

004:004:001:STREAM             1431360051.848855
 06 00 00 00 40

004:004:001:STREAM             1431360051.873241
 06 00 00 00 C0

004:004:001:STREAM             1431360051.892889
 06 00 00 00 80

004:004:001:STREAM             1431360051.912862
 06 00 00 00 00

004:004:001:STREAM             1431360051.944904
 06 00 00 00 40

004:004:001:STREAM             1431360051.960838
 06 00 00 00 C0

004:004:001:STREAM             1431360051.984845
 06 00 00 00 80

004:004:001:STREAM             1431360051.996899
 06 00 00 00 00

004:004:001:STREAM             1431360052.028826
 06 00 00 00 40

004:004:001:STREAM             1431360052.040853
 06 00 00 00 C0

004:004:001:STREAM             1431360052.056827
 06 00 00 00 80

004:004:001:STREAM             1431360052.068893
 06 00 00 00 00

004:004:001:STREAM             1431360052.088821
 06 00 00 00 40

004:004:001:STREAM             1431360052.108869
 06 00 00 00 C0

004:004:001:STREAM             1431360052.141424
 06 00 00 00 80

004:004:001:STREAM             1431360052.148814
 06 00 00 00 00

004:004:001:STREAM             1431360052.188893
 06 00 00 00 40

004:004:001:STREAM             1431360052.200882
 06 00 00 00 C0

004:004:001:STREAM             1431360052.220884
 06 00 00 00 80

004:004:001:STREAM             1431360052.232862
 06 00 00 00 00

004:004:001:STREAM             1431360052.265027
 06 00 00 00 40

004:004:001:STREAM             1431360052.276817
 06 00 00 00 C0

004:004:001:STREAM             1431360052.292858
 06 00 00 00 80

004:004:001:STREAM             1431360052.300841
 06 00 00 00 00

004:004:001:STREAM             1431360052.328860
 06 00 00 00 40

004:004:001:STREAM             1431360052.348841
 06 00 00 00 C0

004:004:001:STREAM             1431360052.360857
 06 00 00 00 80

004:004:001:STREAM             1431360052.380900
 06 00 00 00 00

004:004:001:STREAM             1431360052.420967
 06 00 00 00 40

004:004:001:STREAM             1431360052.432897
 06 00 00 00 C0

004:004:001:STREAM             1431360052.440875
 06 00 00 00 80

004:004:001:STREAM             1431360052.460880
 06 00 00 00 00

004:004:001:STREAM             1431360052.488841
 06 00 00 00 40

004:004:001:STREAM             1431360052.501623
 06 00 00 00 C0

004:004:001:STREAM             1431360052.520820
 06 00 00 00 80

004:004:001:STREAM             1431360052.528835
 06 00 00 00 00

004:004:001:STREAM             1431360052.560845
 06 00 00 00 40

004:004:001:STREAM             1431360052.568811
 06 00 00 00 C0

004:004:001:STREAM             1431360052.580843
 06 00 00 00 80

004:004:001:STREAM             1431360052.592834
 06 00 00 00 00

004:004:001:STREAM             1431360052.616850
 06 00 00 00 40

004:004:001:STREAM             1431360052.637009
 06 00 00 00 C0

004:004:001:STREAM             1431360052.656834
 06 00 00 00 80

004:004:001:STREAM             1431360052.664835
 06 00 00 00 00

004:004:001:STREAM             1431360052.696863
 06 00 00 00 40

004:004:001:STREAM             1431360052.700860
 06 00 00 00 C0

004:004:001:STREAM             1431360052.724866
 06 00 00 00 80

004:004:001:STREAM             1431360052.733213
 06 00 00 00 00

004:004:001:STREAM             1431360052.764867
 06 00 00 00 40

004:004:001:STREAM             1431360052.780847
 06 00 00 00 C0

004:004:001:STREAM             1431360052.792863
 06 00 00 00 80

004:004:001:STREAM             1431360052.812899
 06 00 00 00 00

004:004:001:STREAM             1431360052.840880
 06 00 00 00 40

004:004:001:STREAM             1431360052.860870
 06 00 00 00 C0

004:004:001:STREAM             1431360052.880823
 06 00 00 00 80

004:004:001:STREAM             1431360052.888840
 06 00 00 00 00

004:004:001:STREAM             1431360052.928897
 06 00 00 00 40

004:004:001:STREAM             1431360052.940843
 06 00 00 00 C0

004:004:001:STREAM             1431360052.960857
 06 00 00 00 80

004:004:001:STREAM             1431360052.968874
 06 00 00 00 00

004:004:001:STREAM             1431360052.996836
 06 00 00 00 40

004:004:001:STREAM             1431360053.008886
 06 00 00 00 C0

004:004:001:STREAM             1431360053.028899
 06 00 00 00 80

004:004:001:STREAM             1431360053.044829
 06 00 00 00 00

004:004:001:STREAM             1431360053.080835
 06 00 00 00 40

004:004:001:STREAM             1431360053.088998
 06 00 00 00 C0

004:004:001:STREAM             1431360053.108859
 06 00 00 00 80

004:004:001:STREAM             1431360053.116847
 06 00 00 00 00

004:004:001:STREAM             1431360053.160826
 06 00 00 00 C0

004:004:001:STREAM             1431360053.176851
 06 00 00 00 80

004:004:001:STREAM             1431360053.196818
 06 00 00 00 00

004:004:001:STREAM             1431360053.224834
 06 00 00 00 40

004:004:001:STREAM             1431360053.245925
 06 00 00 00 C0

004:004:001:STREAM             1431360053.264866
 06 00 00 00 80

004:004:001:STREAM             1431360053.272874
 06 00 00 00 00

004:004:001:STREAM             1431360053.301299
 06 00 00 00 40

004:004:001:STREAM             1431360053.312862
 06 00 00 00 C0

004:004:001:STREAM             1431360053.321319
 06 00 00 00 80

004:004:001:STREAM             1431360053.332857
 06 00 00 00 00

004:004:001:STREAM             1431360053.364890
 06 00 00 00 40

004:004:001:STREAM             1431360053.372857
 06 00 00 00 C0

004:004:001:STREAM             1431360053.392871
 06 00 00 00 80

004:004:001:STREAM             1431360053.404832
 06 00 00 00 00

004:004:001:STREAM             1431360053.424857
 06 00 00 00 40

004:004:001:STREAM             1431360053.436826
 06 00 00 00 C0

004:004:001:STREAM             1431360053.456962
 06 00 00 00 80

004:004:001:STREAM             1431360053.468825
 06 00 00 00 00

004:004:001:STREAM             1431360053.504889
 06 00 00 00 40

004:004:001:STREAM             1431360053.512838
 06 00 00 00 C0

004:004:001:STREAM             1431360053.532825
 06 00 00 00 80

004:004:001:STREAM             1431360053.552881
 06 00 00 00 00

004:004:001:STREAM             1431360053.596873
 06 00 00 00 40

004:004:001:STREAM             1431360053.624840
 06 00 00 00 C0

004:004:001:STREAM             1431360053.644860
 06 00 00 00 80

004:004:001:STREAM             1431360053.656852
 06 00 00 00 00

004:004:001:STREAM             1431360053.708823
 06 00 00 00 40

004:004:001:STREAM             1431360053.728864
 06 00 00 00 C0

004:004:001:STREAM             1431360053.740871
 06 00 00 00 80

004:004:001:STREAM             1431360053.748900
 06 00 00 00 00

004:004:001:STREAM             1431360053.768828
 06 00 00 00 40

004:004:001:STREAM             1431360053.780879
 06 00 00 00 C0

004:004:001:STREAM             1431360053.800884
 06 00 00 00 80

004:004:001:STREAM             1431360053.808882
 06 00 00 00 00

004:004:001:STREAM             1431360053.836850
 06 00 00 00 40

004:004:001:STREAM             1431360053.856873
 06 00 00 00 C0

004:004:001:STREAM             1431360053.868900
 06 00 00 00 80

004:004:001:STREAM             1431360053.876960
 06 00 00 00 00

004:004:001:STREAM             1431360053.912867
 06 00 00 00 40

004:004:001:STREAM             1431360053.924954
 06 00 00 00 C0

004:004:001:STREAM             1431360053.949080
 06 00 00 00 00

004:004:001:STREAM             1431360053.980853
 06 00 00 00 40

004:004:001:STREAM             1431360053.989181
 06 00 00 00 C0

004:004:001:STREAM             1431360054.009089
 06 00 00 00 80

004:004:001:STREAM             1431360054.028853
 06 00 00 00 00

004:004:001:STREAM             1431360054.060847
 06 00 00 00 40

004:004:001:STREAM             1431360054.072845
 06 00 00 00 C0

004:004:001:STREAM             1431360054.080837
 06 00 00 00 00

004:004:001:STREAM             1431360054.124850
 06 00 00 00 40

004:004:001:STREAM             1431360054.148820
 06 00 00 00 C0

004:004:001:STREAM             1431360054.156830
 06 00 00 00 80

004:004:001:STREAM             1431360054.164899
 06 00 00 00 00

004:004:001:STREAM             1431360054.192873
 06 00 00 00 40

004:004:001:STREAM             1431360054.212816
 06 00 00 00 C0

004:004:001:STREAM             1431360054.220844
 06 00 00 00 80

004:004:001:STREAM             1431360054.232863
 06 00 00 00 00

004:004:001:STREAM             1431360054.272820
 06 00 00 00 40

004:004:001:STREAM             1431360054.376815
 06 00 00 00 C0

004:004:001:STREAM             1431360054.420825
 06 00 00 00 80

004:004:001:STREAM             1431360054.448858
 06 00 00 00 00

004:004:001:STREAM             1431360054.512835
 06 00 00 00 40

004:004:001:STREAM             1431360054.524857
 06 00 00 00 C0

004:004:001:STREAM             1431360054.540839
 06 00 00 00 80

004:004:001:STREAM             1431360054.564861
 06 00 00 00 00

004:004:001:STREAM             1431360054.585143
 06 00 00 00 40

004:004:001:STREAM             1431360054.596825
 06 00 00 00 C0

004:004:001:STREAM             1431360054.617653
 06 00 00 00 80

004:004:001:STREAM             1431360054.628837
 06 00 00 00 00

004:004:001:STREAM             1431360054.656815
 06 00 00 00 40

004:004:001:STREAM             1431360054.672889
 06 00 00 00 C0

004:004:001:STREAM             1431360054.748825
 06 00 00 00 80

004:004:001:STREAM             1431360054.760858
 06 00 00 00 00

004:004:001:STREAM             1431360055.120825
 06 00 00 00 80

004:004:001:STREAM             1431360055.132842
 06 00 00 00 C0

004:004:001:STREAM             1431360055.140834
 06 00 00 00 40

004:004:001:STREAM             1431360055.149104
 06 00 00 00 00

004:004:001:STREAM             1431360055.252830
 06 00 00 00 80

004:004:001:STREAM             1431360055.272835
 06 00 00 00 C0

004:004:001:STREAM             1431360055.282235
 06 00 00 00 40

004:004:001:STREAM             1431360055.300825
 06 00 00 00 00

004:004:001:STREAM             1431360055.340835
 06 00 00 00 80

004:004:001:STREAM             1431360055.352839
 06 00 00 00 C0

004:004:001:STREAM             1431360055.368834
 06 00 00 00 40

004:004:001:STREAM             1431360055.380846
 06 00 00 00 00

004:004:001:STREAM             1431360055.420871
 06 00 00 00 80

004:004:001:STREAM             1431360055.432825
 06 00 00 00 C0

004:004:001:STREAM             1431360055.449855
 06 00 00 00 40

004:004:001:STREAM             1431360055.456861
 06 00 00 00 00

004:004:001:STREAM             1431360055.488838
 06 00 00 00 80

004:004:001:STREAM             1431360055.509093
 06 00 00 00 C0

004:004:001:STREAM             1431360055.520818
 06 00 00 00 40

004:004:001:STREAM             1431360055.528834
 06 00 00 00 00

004:004:001:STREAM             1431360055.560848
 06 00 00 00 80

004:004:001:STREAM             1431360055.572870
 06 00 00 00 C0

004:004:001:STREAM             1431360055.600892
 06 00 00 00 40

004:004:001:STREAM             1431360055.620894
 06 00 00 00 00

004:004:001:STREAM             1431360055.640848
 06 00 00 00 80

004:004:001:STREAM             1431360055.660863
 06 00 00 00 C0

004:004:001:STREAM             1431360055.668874
 06 00 00 00 40

004:004:001:STREAM             1431360055.688885
 06 00 00 00 00

004:004:001:STREAM             1431360055.736823
 06 00 00 00 80

004:004:001:STREAM             1431360055.756860
 06 00 00 00 C0

004:004:001:STREAM             1431360055.768864
 06 00 00 00 40

004:004:001:STREAM             1431360055.788838
 06 00 00 00 00

004:004:001:STREAM             1431360055.820950
 06 00 00 00 80

004:004:001:STREAM             1431360055.832872
 06 00 00 00 C0

004:004:001:STREAM             1431360055.844865
 06 00 00 00 40

004:004:001:STREAM             1431360055.864962
 06 00 00 00 00

004:004:001:STREAM             1431360055.912833
 06 00 00 00 80

004:004:001:STREAM             1431360055.928899
 06 00 00 00 C0

004:004:001:STREAM             1431360055.940822
 06 00 00 00 40

004:004:001:STREAM             1431360055.952889
 06 00 00 00 00

004:004:001:STREAM             1431360055.984879
 06 00 00 00 80

004:004:001:STREAM             1431360055.996836
 06 00 00 00 C0

004:004:001:STREAM             1431360056.012848
 06 00 00 00 40

004:004:001:STREAM             1431360056.024866
 06 00 00 00 00

004:004:001:STREAM             1431360056.076826
 06 00 00 00 80

004:004:001:STREAM             1431360056.092859
 06 00 00 00 C0

004:004:001:STREAM             1431360056.112876
 06 00 00 00 00

004:004:001:STREAM             1431360056.132857
 06 00 00 00 80

004:004:001:STREAM             1431360056.152866
 06 00 00 00 C0

004:004:001:STREAM             1431360056.164876
 06 00 00 00 40

004:004:001:STREAM             1431360056.184858
 06 00 00 00 00

004:004:001:STREAM             1431360056.228871
 06 00 00 00 80

004:004:001:STREAM             1431360056.236857
 06 00 00 00 C0

004:004:001:STREAM             1431360056.248853
 06 00 00 00 40

004:004:001:STREAM             1431360056.260853
 06 00 00 00 00

004:004:001:STREAM             1431360056.292830
 06 00 00 00 80

004:004:001:STREAM             1431360056.304852
 06 00 00 00 C0

004:004:001:STREAM             1431360056.324858
 06 00 00 00 40

004:004:001:STREAM             1431360056.336855
 06 00 00 00 00

004:004:001:STREAM             1431360056.368885
 06 00 00 00 80

004:004:001:STREAM             1431360056.380836
 06 00 00 00 C0

004:004:001:STREAM             1431360056.412850
 06 00 00 00 40

004:004:001:STREAM             1431360056.420838
 06 00 00 00 00

004:004:001:STREAM             1431360056.452866
 06 00 00 00 80

004:004:001:STREAM             1431360056.460868
 06 00 00 00 C0

004:004:001:STREAM             1431360056.468822
 06 00 00 00 40

004:004:001:STREAM             1431360056.488849
 06 00 00 00 00

004:004:001:STREAM             1431360056.520853
 06 00 00 00 80

004:004:001:STREAM             1431360056.536829
 06 00 00 00 C0

004:004:001:STREAM             1431360056.548890
 06 00 00 00 40

004:004:001:STREAM             1431360056.556816
 06 00 00 00 00

004:004:001:STREAM             1431360056.578533
 06 00 00 00 80

004:004:001:STREAM             1431360056.596849
 06 00 00 00 C0

004:004:001:STREAM             1431360056.610516
 06 00 00 00 00

004:004:001:STREAM             1431360056.636867
 06 00 00 00 80

004:004:001:STREAM             1431360056.656832
 06 00 00 00 C0

004:004:001:STREAM             1431360056.668857
 06 00 00 00 40

004:004:001:STREAM             1431360056.680822
 06 00 00 00 00

004:004:001:STREAM             1431360056.708821
 06 00 00 00 C0

004:004:001:STREAM             1431360056.728863
 06 00 00 00 40

004:004:001:STREAM             1431360056.740838
 06 00 00 00 00

004:004:001:STREAM             1431360056.772828
 06 00 00 00 C0

004:004:001:STREAM             1431360056.788874
 06 00 00 00 40

004:004:001:STREAM             1431360056.800832
 06 00 00 00 00

004:004:001:STREAM             1431360056.832844
 06 00 00 00 80

004:004:001:STREAM             1431360056.840868
 06 00 00 00 C0

004:004:001:STREAM             1431360056.860853
 06 00 00 00 40

004:004:001:STREAM             1431360056.872863
 06 00 00 00 00

004:004:001:STREAM             1431360056.892828
 06 00 00 00 80

004:004:001:STREAM             1431360056.904849
 06 00 00 00 C0

004:004:001:STREAM             1431360056.912846
 06 00 00 00 40

004:004:001:STREAM             1431360056.928830
 06 00 00 00 00

004:004:001:STREAM             1431360056.948872
 06 00 00 00 80

004:004:001:STREAM             1431360056.960885
 06 00 00 00 C0

004:004:001:STREAM             1431360056.982904
 06 00 00 00 40

004:004:001:STREAM             1431360057.001028
 06 00 00 00 00

004:004:001:STREAM             1431360057.032983
 06 00 00 00 80

004:004:001:STREAM             1431360057.048857
 06 00 00 00 C0

004:004:001:STREAM             1431360057.060883
 06 00 00 00 40

004:004:001:STREAM             1431360057.072847
 06 00 00 00 00

004:004:001:STREAM             1431360057.112842
 06 00 00 00 80

004:004:001:STREAM             1431360057.129007
 06 00 00 00 C0

004:004:001:STREAM             1431360057.136848
 06 00 00 00 40

004:004:001:STREAM             1431360057.144816
 06 00 00 00 00

004:004:001:STREAM             1431360057.180894
 06 00 00 00 80

004:004:001:STREAM             1431360057.192893
 06 00 00 00 C0

004:004:001:STREAM             1431360057.212843
 06 00 00 00 40

004:004:001:STREAM             1431360057.220868
 06 00 00 00 00

004:004:001:STREAM             1431360057.256949
 06 00 00 00 80

004:004:001:STREAM             1431360057.276869
 06 00 00 00 C0

004:004:001:STREAM             1431360057.289289
 06 00 00 00 40

004:004:001:STREAM             1431360057.304856
 06 00 00 00 00

004:004:001:STREAM             1431360057.336881
 06 00 00 00 80

004:004:001:STREAM             1431360057.348846
 06 00 00 00 C0

004:004:001:STREAM             1431360057.360829
 06 00 00 00 00

004:004:001:STREAM             1431360057.385753
 06 00 00 00 80

004:004:001:STREAM             1431360057.396849
 06 00 00 00 C0

004:004:001:STREAM             1431360057.408896
 06 00 00 00 40

004:004:001:STREAM             1431360057.416843
 06 00 00 00 00

004:004:001:STREAM             1431360057.448834
 06 00 00 00 C0

004:004:001:STREAM             1431360057.472840
 06 00 00 00 40

004:004:001:STREAM             1431360057.480824
 06 00 00 00 00

004:004:001:STREAM             1431360057.512823
 06 00 00 00 80

004:004:001:STREAM             1431360057.524858
 06 00 00 00 C0

004:004:001:STREAM             1431360057.532867
 06 00 00 00 40

004:004:001:STREAM             1431360057.552828
 06 00 00 00 00

004:004:001:STREAM             1431360057.576852
 06 00 00 00 80

004:004:001:STREAM             1431360057.588853
 06 00 00 00 C0

004:004:001:STREAM             1431360057.600849
 06 00 00 00 40

004:004:001:STREAM             1431360057.608955
 06 00 00 00 00

004:004:001:STREAM             1431360057.636815
 06 00 00 00 80

004:004:001:STREAM             1431360057.648871
 06 00 00 00 C0

004:004:001:STREAM             1431360057.656859
 06 00 00 00 00

004:004:001:STREAM             1431360057.696817
 06 00 00 00 80

004:004:001:STREAM             1431360057.717120
 06 00 00 00 C0

004:004:001:STREAM             1431360057.724831
 06 00 00 00 40

004:004:001:STREAM             1431360057.736852
 06 00 00 00 00

004:004:001:STREAM             1431360057.764887
 06 00 00 00 80

004:004:001:STREAM             1431360057.776874
 06 00 00 00 C0

004:004:001:STREAM             1431360057.784851
 06 00 00 00 40

004:004:001:STREAM             1431360057.800859
 06 00 00 00 00

004:004:001:STREAM             1431360057.828850
 06 00 00 00 80

004:004:001:STREAM             1431360057.840861
 06 00 00 00 C0

004:004:001:STREAM             1431360057.848816
 06 00 00 00 40

004:004:001:STREAM             1431360057.856880
 06 00 00 00 00

004:004:001:STREAM             1431360057.876827
 06 00 00 00 80

004:004:001:STREAM             1431360057.896851
 06 00 00 00 C0

004:004:001:STREAM             1431360057.904833
 06 00 00 00 40

004:004:001:STREAM             1431360057.912855
 06 00 00 00 00

004:004:001:STREAM             1431360057.940834
 06 00 00 00 80

004:004:001:STREAM             1431360057.952943
 06 00 00 00 C0

004:004:001:STREAM             1431360057.972843
 06 00 00 00 40

004:004:001:STREAM             1431360057.980954
 06 00 00 00 00

004:004:001:STREAM             1431360058.012885
 06 00 00 00 80

004:004:001:STREAM             1431360058.021008
 06 00 00 00 C0

004:004:001:STREAM             1431360058.028854
 06 00 00 00 40

004:004:001:STREAM             1431360058.040869
 06 00 00 00 00

004:004:001:STREAM             1431360058.100825
 06 00 00 00 80

004:004:001:STREAM             1431360058.109125
 06 00 00 00 C0

004:004:001:STREAM             1431360058.128880
 06 00 00 00 40

004:004:001:STREAM             1431360058.140844
 06 00 00 00 00

004:004:001:STREAM             1431360058.164835
 06 00 00 00 80

004:004:001:STREAM             1431360058.184858
 06 00 00 00 C0

004:004:001:STREAM             1431360058.196974
 06 00 00 00 40

004:004:001:STREAM             1431360058.204944
 06 00 00 00 00

004:004:001:STREAM             1431360058.224877
 06 00 00 00 80

004:004:001:STREAM             1431360058.236849
 06 00 00 00 C0

004:004:001:STREAM             1431360058.252865
 06 00 00 00 40

004:004:001:STREAM             1431360058.261393
 06 00 00 00 00

004:004:001:STREAM             1431360058.292899
 06 00 00 00 80

004:004:001:STREAM             1431360058.312864
 06 00 00 00 C0

004:004:001:STREAM             1431360058.328842
 06 00 00 00 40

004:004:001:STREAM             1431360058.344873
 06 00 00 00 00

004:004:001:STREAM             1431360058.372827
 06 00 00 00 80

004:004:001:STREAM             1431360058.392826
 06 00 00 00 C0

004:004:001:STREAM             1431360058.404857
 06 00 00 00 40

004:004:001:STREAM             1431360058.412849
 06 00 00 00 00

004:004:001:STREAM             1431360058.444902
 06 00 00 00 80

004:004:001:STREAM             1431360058.452827
 06 00 00 00 C0

004:004:001:STREAM             1431360058.464832
 06 00 00 00 40

004:004:001:STREAM             1431360058.472869
 06 00 00 00 00

004:004:001:STREAM             1431360058.516819
 06 00 00 00 80

004:004:001:STREAM             1431360058.524825
 06 00 00 00 C0

004:004:001:STREAM             1431360058.544836
 06 00 00 00 00

004:004:001:STREAM             1431360058.576819
 06 00 00 00 C0

004:004:001:STREAM             1431360058.579881
 06 00 00 00 40

004:004:001:STREAM             1431360058.592869
 06 00 00 00 00

004:004:001:STREAM             1431360058.612891
 06 00 00 00 80

004:004:001:STREAM             1431360058.620842
 06 00 00 00 C0

004:004:001:STREAM             1431360058.640828
 06 00 00 00 40

004:004:001:STREAM             1431360058.660846
 06 00 00 00 00

004:004:001:STREAM             1431360058.684890
 06 00 00 00 80

004:004:001:STREAM             1431360058.708862
 06 00 00 00 C0

004:004:001:STREAM             1431360058.720882
 06 00 00 00 40

004:004:001:STREAM             1431360058.728822
 06 00 00 00 00

004:004:001:STREAM             1431360058.760826
 06 00 00 00 80

004:004:001:STREAM             1431360058.780857
 06 00 00 00 C0

004:004:001:STREAM             1431360058.792846
 06 00 00 00 40

004:004:001:STREAM             1431360058.804853
 06 00 00 00 00

004:004:001:STREAM             1431360058.844963
 06 00 00 00 80

004:004:001:STREAM             1431360058.856960
 06 00 00 00 C0

004:004:001:STREAM             1431360058.869079
 06 00 00 00 40

004:004:001:STREAM             1431360058.888867
 06 00 00 00 00

004:004:001:STREAM             1431360058.908862
 06 00 00 00 80

004:004:001:STREAM             1431360058.916855
 06 00 00 00 C0

004:004:001:STREAM             1431360058.932849
 06 00 00 00 40

004:004:001:STREAM             1431360058.944830
 06 00 00 00 00

004:004:001:STREAM             1431360058.968894
 06 00 00 00 80

004:004:001:STREAM             1431360058.976884
 06 00 00 00 C0

004:004:001:STREAM             1431360058.996952
 06 00 00 00 40

004:004:001:STREAM             1431360059.008853
 06 00 00 00 00

004:004:001:STREAM             1431360059.036876
 06 00 00 00 80

004:004:001:STREAM             1431360059.052857
 06 00 00 00 C0

004:004:001:STREAM             1431360059.076859
 06 00 00 00 40

004:004:001:STREAM             1431360059.092953
 06 00 00 00 00

004:004:001:STREAM             1431360059.120861
 06 00 00 00 80

004:004:001:STREAM             1431360059.128858
 06 00 00 00 C0

004:004:001:STREAM             1431360059.140890
 06 00 00 00 00

