004:004:001:STREAM             1431360171.984897
 06 01 00 00 00

004:004:001:STREAM             1431360172.248889
 06 00 00 00 00

004:004:001:STREAM             1431360173.524891
 06 02 00 00 00

004:004:001:STREAM             1431360173.776896
 06 00 00 00 00

004:004:001:STREAM             1431360175.156892
 06 04 00 00 00

004:004:001:STREAM             1431360175.492883
 06 00 00 00 00

004:004:001:STREAM             1431360177.812900
 06 08 00 00 00

004:004:001:STREAM             1431360178.184984
 06 00 00 00 00

004:004:001:STREAM             1431360179.700883
 06 10 00 00 00

004:004:001:STREAM             1431360180.060888
 06 00 00 00 00

004:004:001:STREAM             1431360181.388881
 06 20 00 00 00

004:004:001:STREAM             1431360181.712900
 06 00 00 00 00

004:004:001:STREAM             1431360185.624897
 06 01 00 00 00

004:004:001:STREAM             1431360186.016903
 06 00 00 00 00

004:004:001:STREAM             1431360187.228898
 06 02 00 00 00

004:004:001:STREAM             1431360187.616897
 06 00 00 00 00

004:004:001:STREAM             1431360188.868932
 06 04 00 00 00

004:004:001:STREAM             1431360189.264900
 06 00 00 00 00

004:004:001:STREAM             1431360190.816904
 06 08 00 00 00

004:004:001:STREAM             1431360191.248905
 06 00 00 00 00

004:004:001:STREAM             1431360192.644992
 06 10 00 00 00

004:004:001:STREAM             1431360192.992935
 06 00 00 00 00

004:004:001:STREAM             1431360194.336933
 06 20 00 00 00

004:004:001:STREAM             1431360194.600931
 06 00 00 00 00

004:004:001:STREAM             1431360197.748931
 06 01 00 00 00

004:004:001:STREAM             1431360198.052904
 06 00 00 00 00

004:004:001:STREAM             1431360199.328928
 06 02 00 00 00

004:004:001:STREAM             1431360199.601010
 06 00 00 00 00

004:004:001:STREAM             1431360200.844944
 06 04 00 00 00

004:004:001:STREAM             1431360201.092904
 06 00 00 00 00

004:004:001:STREAM             1431360202.392936
 06 08 00 00 00

004:004:001:STREAM             1431360202.636946
 06 00 00 00 00

004:004:001:STREAM             1431360203.988931
 06 10 00 00 00

004:004:001:STREAM             1431360204.204939
 06 00 00 00 00

004:004:001:STREAM             1431360205.456935
 06 20 00 00 00

004:004:001:STREAM             1431360205.684951
 06 00 00 00 00

004:004:001:STREAM             1431360208.204943
 06 01 00 00 00

004:004:001:STREAM             1431360208.392947
 06 00 00 00 00

004:004:001:STREAM             1431360209.748939
 06 02 00 00 00

004:004:001:STREAM             1431360209.924944
 06 00 00 00 00

004:004:001:STREAM             1431360211.532940
 06 04 00 00 00

004:004:001:STREAM             1431360211.716928
 06 00 00 00 00

004:004:001:STREAM             1431360213.164943
 06 08 00 00 00

004:004:001:STREAM             1431360213.332987
 06 00 00 00 00

004:004:001:STREAM             1431360214.908972
 06 10 00 00 00

004:004:001:STREAM             1431360215.080946
 06 00 00 00 00

004:004:001:STREAM             1431360216.708954
 06 20 00 00 00

004:004:001:STREAM             1431360216.888940
 06 00 00 00 00

