005:008:001:STREAM             1526468082.667270
 03 00 05 00 00 00 00 00

005:008:001:STREAM             1526468084.521294
 03 00 00 00 00 00 00 00

005:008:001:STREAM             1526468086.675317
 03 00 2C 00 00 00 00 00

005:008:001:STREAM             1526468088.737320
 03 00 00 00 00 00 00 00

005:008:001:STREAM             1526468089.915293
 03 00 08 00 00 00 00 00

005:008:001:STREAM             1526468091.623305
 03 00 00 00 00 00 00 00

005:008:001:STREAM             1526468092.573354
 03 00 0C 00 00 00 00 00

005:008:001:STREAM             1526468094.645320
 03 00 00 00 00 00 00 00

005:008:001:STREAM             1526468095.713328
 03 05 1D 00 00 00 00 00

005:008:001:STREAM             1526468097.785331
 03 00 00 00 00 00 00 00

005:008:001:STREAM             1526468098.579390
 03 01 16 00 00 00 00 00

005:008:001:STREAM             1526468100.295330
 03 00 00 00 00 00 00 00

