005:008:001:STREAM             1526467803.841229
 03 01 2D 00 00 00 00 00

005:008:001:STREAM             1526467803.843158
 03 00 00 00 00 00 00 00

005:008:001:STREAM             1526467804.035197
 03 01 2E 00 00 00 00 00

005:008:001:STREAM             1526467804.037124
 03 00 00 00 00 00 00 00

005:008:001:STREAM             1526467804.247211
 03 01 2E 00 00 00 00 00

005:008:001:STREAM             1526467804.249170
 03 00 00 00 00 00 00 00

005:008:001:STREAM             1526467804.405186
 03 01 2E 00 00 00 00 00

005:008:001:STREAM             1526467804.407148
 03 00 00 00 00 00 00 00

005:008:001:STREAM             1526467804.617215
 03 01 2E 00 00 00 00 00

005:008:001:STREAM             1526467804.619173
 03 00 00 00 00 00 00 00

005:008:001:STREAM             1526467804.703151
 03 01 2E 00 00 00 00 00

005:008:001:STREAM             1526467804.705129
 03 00 00 00 00 00 00 00

005:008:001:STREAM             1526467804.971184
 03 01 2E 00 00 00 00 00

005:008:001:STREAM             1526467804.973156
 03 00 00 00 00 00 00 00

005:008:001:STREAM             1526467805.019186
 03 01 2E 00 00 00 00 00

005:008:001:STREAM             1526467805.021148
 03 00 00 00 00 00 00 00

005:008:001:STREAM             1526467805.433189
 03 01 2E 00 00 00 00 00

005:008:001:STREAM             1526467805.435152
 03 00 00 00 00 00 00 00

005:008:001:STREAM             1526467805.537229
 03 01 2E 00 00 00 00 00

005:008:001:STREAM             1526467805.539178
 03 00 00 00 00 00 00 00

005:008:001:STREAM             1526467805.623183
 03 01 2E 00 00 00 00 00

005:008:001:STREAM             1526467805.625157
 03 00 00 00 00 00 00 00

005:008:001:STREAM             1526467805.699188
 03 01 2E 00 00 00 00 00

005:008:001:STREAM             1526467805.701155
 03 00 00 00 00 00 00 00

005:008:001:STREAM             1526467805.775188
 03 01 2E 00 00 00 00 00

005:008:001:STREAM             1526467805.777159
 03 00 00 00 00 00 00 00

005:008:001:STREAM             1526467805.833188
 03 01 2E 00 00 00 00 00

005:008:001:STREAM             1526467805.835157
 03 00 00 00 00 00 00 00

005:008:001:STREAM             1526467805.919189
 03 01 2E 00 00 00 00 00

005:008:001:STREAM             1526467805.921155
 03 00 00 00 00 00 00 00

005:008:001:STREAM             1526467805.977188
 03 01 2E 00 00 00 00 00

005:008:001:STREAM             1526467805.979159
 03 00 00 00 00 00 00 00

005:008:001:STREAM             1526467806.053195
 03 01 2E 00 00 00 00 00

005:008:001:STREAM             1526467806.055156
 03 00 00 00 00 00 00 00

005:008:001:STREAM             1526467806.119191
 03 01 2E 00 00 00 00 00

005:008:001:STREAM             1526467806.121156
 03 00 00 00 00 00 00 00

005:008:001:STREAM             1526467806.231231
 03 01 2E 00 00 00 00 00

005:008:001:STREAM             1526467806.233173
 03 00 00 00 00 00 00 00

005:008:001:STREAM             1526467806.271177
 03 01 2E 00 00 00 00 00

005:008:001:STREAM             1526467806.273151
 03 00 00 00 00 00 00 00

005:008:001:STREAM             1526467806.337234
 03 01 2E 00 00 00 00 00

005:008:001:STREAM             1526467806.339183
 03 00 00 00 00 00 00 00

005:008:001:STREAM             1526467806.367234
 03 01 2E 00 00 00 00 00

005:008:001:STREAM             1526467806.369188
 03 00 00 00 00 00 00 00

005:008:001:STREAM             1526467806.425196
 03 01 2E 00 00 00 00 00

005:008:001:STREAM             1526467806.427204
 03 00 00 00 00 00 00 00

005:008:001:STREAM             1526467806.465223
 03 01 2E 00 00 00 00 00

005:008:001:STREAM             1526467806.467192
 03 00 00 00 00 00 00 00

005:008:001:STREAM             1526467806.523197
 03 01 2E 00 00 00 00 00

005:008:001:STREAM             1526467806.525161
 03 00 00 00 00 00 00 00

005:008:001:STREAM             1526467806.553181
 03 01 2E 00 00 00 00 00

005:008:001:STREAM             1526467806.555151
 03 00 00 00 00 00 00 00

005:008:001:STREAM             1526467806.629197
 03 01 2E 00 00 00 00 00

005:008:001:STREAM             1526467806.631183
 03 00 00 00 00 00 00 00

005:008:001:STREAM             1526467806.677208
 03 01 2E 00 00 00 00 00

005:008:001:STREAM             1526467806.679164
 03 00 00 00 00 00 00 00

005:008:001:STREAM             1526467806.725193
 03 01 2E 00 00 00 00 00

005:008:001:STREAM             1526467806.727165
 03 00 00 00 00 00 00 00

005:008:001:STREAM             1526467806.755200
 03 01 2E 00 00 00 00 00

005:008:001:STREAM             1526467806.757164
 03 00 00 00 00 00 00 00

005:008:001:STREAM             1526467806.803179
 03 01 2E 00 00 00 00 00

005:008:001:STREAM             1526467806.805145
 03 00 00 00 00 00 00 00

005:008:001:STREAM             1526467806.851188
 03 01 2E 00 00 00 00 00

005:008:001:STREAM             1526467806.853193
 03 00 00 00 00 00 00 00

005:008:001:STREAM             1526467806.937197
 03 01 2E 00 00 00 00 00

005:008:001:STREAM             1526467806.939180
 03 00 00 00 00 00 00 00

005:008:001:STREAM             1526467806.967205
 03 01 2E 00 00 00 00 00

005:008:001:STREAM             1526467806.969143
 03 00 00 00 00 00 00 00

005:008:001:STREAM             1526467807.053905
 03 01 2E 00 00 00 00 00

005:008:001:STREAM             1526467807.055181
 03 00 00 00 00 00 00 00

005:008:001:STREAM             1526467807.093201
 03 01 2E 00 00 00 00 00

005:008:001:STREAM             1526467807.095174
 03 00 00 00 00 00 00 00

005:008:001:STREAM             1526467807.159245
 03 01 2E 00 00 00 00 00

005:008:001:STREAM             1526467807.161195
 03 00 00 00 00 00 00 00

005:008:001:STREAM             1526467807.199184
 03 01 2E 00 00 00 00 00

005:008:001:STREAM             1526467807.201138
 03 00 00 00 00 00 00 00

005:008:001:STREAM             1526467807.303201
 03 01 2E 00 00 00 00 00

005:008:001:STREAM             1526467807.305145
 03 00 00 00 00 00 00 00

005:008:001:STREAM             1526467807.415244
 03 01 2E 00 00 00 00 00

005:008:001:STREAM             1526467807.417193
 03 00 00 00 00 00 00 00

005:008:001:STREAM             1526467807.811207
 03 01 2E 00 00 00 00 00

005:008:001:STREAM             1526467807.813153
 03 00 00 00 00 00 00 00

005:008:001:STREAM             1526467807.905187
 03 01 2E 00 00 00 00 00

005:008:001:STREAM             1526467807.907164
 03 00 00 00 00 00 00 00

005:008:001:STREAM             1526467808.127252
 03 01 2E 00 00 00 00 00

005:008:001:STREAM             1526467808.129204
 03 00 00 00 00 00 00 00

005:008:001:STREAM             1526467808.267248
 03 01 2E 00 00 00 00 00

005:008:001:STREAM             1526467808.269179
 03 00 00 00 00 00 00 00

005:008:001:STREAM             1526467808.353196
 03 01 2E 00 00 00 00 00

005:008:001:STREAM             1526467808.355208
 03 00 00 00 00 00 00 00

005:008:001:STREAM             1526467808.565257
 03 01 2D 00 00 00 00 00

005:008:001:STREAM             1526467808.567190
 03 00 00 00 00 00 00 00

005:008:001:STREAM             1526467808.859256
 03 01 2D 00 00 00 00 00

005:008:001:STREAM             1526467808.861216
 03 00 00 00 00 00 00 00

005:008:001:STREAM             1526467808.907222
 03 01 2D 00 00 00 00 00

005:008:001:STREAM             1526467808.909183
 03 00 00 00 00 00 00 00

005:008:001:STREAM             1526467809.093187
 03 01 2D 00 00 00 00 00

005:008:001:STREAM             1526467809.095169
 03 00 00 00 00 00 00 00

005:008:001:STREAM             1526467809.159224
 03 01 2D 00 00 00 00 00

005:008:001:STREAM             1526467809.161184
 03 00 00 00 00 00 00 00

005:008:001:STREAM             1526467809.245237
 03 01 2D 00 00 00 00 00

005:008:001:STREAM             1526467809.247171
 03 00 00 00 00 00 00 00

005:008:001:STREAM             1526467809.321230
 03 01 2D 00 00 00 00 00

005:008:001:STREAM             1526467809.323192
 03 00 00 00 00 00 00 00

005:008:001:STREAM             1526467809.433229
 03 01 2D 00 00 00 00 00

005:008:001:STREAM             1526467809.435192
 03 00 00 00 00 00 00 00

005:008:001:STREAM             1526467809.481241
 03 01 2D 00 00 00 00 00

005:008:001:STREAM             1526467809.483188
 03 00 00 00 00 00 00 00

005:008:001:STREAM             1526467809.547268
 03 01 2D 00 00 00 00 00

005:008:001:STREAM             1526467809.549219
 03 00 00 00 00 00 00 00

005:008:001:STREAM             1526467809.587190
 03 01 2D 00 00 00 00 00

005:008:001:STREAM             1526467809.589219
 03 00 00 00 00 00 00 00

005:008:001:STREAM             1526467809.699191
 03 01 2D 00 00 00 00 00

005:008:001:STREAM             1526467809.701200
 03 00 00 00 00 00 00 00

005:008:001:STREAM             1526467809.729259
 03 01 2D 00 00 00 00 00

005:008:001:STREAM             1526467809.731184
 03 00 00 00 00 00 00 00

005:008:001:STREAM             1526467809.777264
 03 01 2D 00 00 00 00 00

005:008:001:STREAM             1526467809.779179
 03 00 00 00 00 00 00 00

005:008:001:STREAM             1526467809.825225
 03 01 2D 00 00 00 00 00

005:008:001:STREAM             1526467809.827193
 03 00 00 00 00 00 00 00

005:008:001:STREAM             1526467809.883267
 03 01 2D 00 00 00 00 00

005:008:001:STREAM             1526467809.885190
 03 00 00 00 00 00 00 00

005:008:001:STREAM             1526467809.905224
 03 01 2D 00 00 00 00 00

005:008:001:STREAM             1526467809.907180
 03 00 00 00 00 00 00 00

005:008:001:STREAM             1526467809.935227
 03 01 2D 00 00 00 00 00

005:008:001:STREAM             1526467809.937192
 03 00 00 00 00 00 00 00

005:008:001:STREAM             1526467809.975218
 03 01 2D 00 00 00 00 00

005:008:001:STREAM             1526467809.977184
 03 00 00 00 00 00 00 00

005:008:001:STREAM             1526467810.061228
 03 01 2D 00 00 00 00 00

005:008:001:STREAM             1526467810.063194
 03 00 00 00 00 00 00 00

005:008:001:STREAM             1526467810.091215
 03 01 2D 00 00 00 00 00

005:008:001:STREAM             1526467810.093184
 03 00 00 00 00 00 00 00

005:008:001:STREAM             1526467810.149221
 03 01 2D 00 00 00 00 00

005:008:001:STREAM             1526467810.151231
 03 00 00 00 00 00 00 00

005:008:001:STREAM             1526467810.197222
 03 01 2D 00 00 00 00 00

005:008:001:STREAM             1526467810.199175
 03 00 00 00 00 00 00 00

005:008:001:STREAM             1526467810.283232
 03 01 2D 00 00 00 00 00

005:008:001:STREAM             1526467810.285196
 03 00 00 00 00 00 00 00

005:008:001:STREAM             1526467810.323205
 03 01 2D 00 00 00 00 00

005:008:001:STREAM             1526467810.325202
 03 00 00 00 00 00 00 00

005:008:001:STREAM             1526467810.399209
 03 01 2D 00 00 00 00 00

005:008:001:STREAM             1526467810.401165
 03 00 00 00 00 00 00 00

005:008:001:STREAM             1526467810.429214
 03 01 2D 00 00 00 00 00

005:008:001:STREAM             1526467810.431181
 03 00 00 00 00 00 00 00

005:008:001:STREAM             1526467810.523232
 03 01 2D 00 00 00 00 00

005:008:001:STREAM             1526467810.525176
 03 00 00 00 00 00 00 00

005:008:001:STREAM             1526467810.553218
 03 01 2D 00 00 00 00 00

005:008:001:STREAM             1526467810.555185
 03 00 00 00 00 00 00 00

005:008:001:STREAM             1526467810.619270
 03 01 2D 00 00 00 00 00

005:008:001:STREAM             1526467810.621227
 03 00 00 00 00 00 00 00

005:008:001:STREAM             1526467810.667233
 03 01 2D 00 00 00 00 00

005:008:001:STREAM             1526467810.669172
 03 00 00 00 00 00 00 00

005:008:001:STREAM             1526467810.753206
 03 01 2D 00 00 00 00 00

005:008:001:STREAM             1526467810.755200
 03 00 00 00 00 00 00 00

005:008:001:STREAM             1526467810.819226
 03 01 2D 00 00 00 00 00

005:008:001:STREAM             1526467810.821225
 03 00 00 00 00 00 00 00

005:008:001:STREAM             1526467810.885281
 03 01 2D 00 00 00 00 00

005:008:001:STREAM             1526467810.887229
 03 00 00 00 00 00 00 00

005:008:001:STREAM             1526467810.925238
 03 01 2D 00 00 00 00 00

005:008:001:STREAM             1526467810.927203
 03 00 00 00 00 00 00 00

005:008:001:STREAM             1526467811.019219
 03 01 2D 00 00 00 00 00

005:008:001:STREAM             1526467811.021193
 03 00 00 00 00 00 00 00

005:008:001:STREAM             1526467811.059555
 03 01 2D 00 00 00 00 00

005:008:001:STREAM             1526467811.061215
 03 00 00 00 00 00 00 00

005:008:001:STREAM             1526467811.117235
 03 01 2D 00 00 00 00 00

005:008:001:STREAM             1526467811.119217
 03 00 00 00 00 00 00 00

005:008:001:STREAM             1526467811.139223
 03 01 2D 00 00 00 00 00

005:008:001:STREAM             1526467811.141190
 03 00 00 00 00 00 00 00

005:008:001:STREAM             1526467811.197277
 03 01 2D 00 00 00 00 00

005:008:001:STREAM             1526467811.199233
 03 00 00 00 00 00 00 00

005:008:001:STREAM             1526467811.237235
 03 01 2D 00 00 00 00 00

005:008:001:STREAM             1526467811.239206
 03 00 00 00 00 00 00 00

005:008:001:STREAM             1526467811.267237
 03 01 2D 00 00 00 00 00

005:008:001:STREAM             1526467811.269204
 03 00 00 00 00 00 00 00

005:008:001:STREAM             1526467811.307241
 03 01 2D 00 00 00 00 00

005:008:001:STREAM             1526467811.309207
 03 00 00 00 00 00 00 00

005:008:001:STREAM             1526467811.383244
 03 01 2D 00 00 00 00 00

005:008:001:STREAM             1526467811.385206
 03 00 00 00 00 00 00 00

005:008:001:STREAM             1526467811.405252
 03 01 2D 00 00 00 00 00

005:008:001:STREAM             1526467811.407201
 03 00 00 00 00 00 00 00

005:008:001:STREAM             1526467811.435274
 03 01 2D 00 00 00 00 00

005:008:001:STREAM             1526467811.437236
 03 00 00 00 00 00 00 00

005:008:001:STREAM             1526467811.465236
 03 01 2D 00 00 00 00 00

005:008:001:STREAM             1526467811.467207
 03 00 00 00 00 00 00 00

005:008:001:STREAM             1526467811.523240
 03 01 2D 00 00 00 00 00

005:008:001:STREAM             1526467811.525209
 03 00 00 00 00 00 00 00

005:008:001:STREAM             1526467811.563237
 03 01 2D 00 00 00 00 00

005:008:001:STREAM             1526467811.565193
 03 00 00 00 00 00 00 00

005:008:001:STREAM             1526467811.629271
 03 01 2D 00 00 00 00 00

005:008:001:STREAM             1526467811.631210
 03 00 00 00 00 00 00 00

005:008:001:STREAM             1526467811.669258
 03 01 2D 00 00 00 00 00

005:008:001:STREAM             1526467811.671212
 03 00 00 00 00 00 00 00

005:008:001:STREAM             1526467811.727228
 03 01 2D 00 00 00 00 00

005:008:001:STREAM             1526467811.729197
 03 00 00 00 00 00 00 00

005:008:001:STREAM             1526467811.757247
 03 01 2D 00 00 00 00 00

005:008:001:STREAM             1526467811.759209
 03 00 00 00 00 00 00 00

005:008:001:STREAM             1526467811.805244
 03 01 2D 00 00 00 00 00

005:008:001:STREAM             1526467811.807210
 03 00 00 00 00 00 00 00

005:008:001:STREAM             1526467811.835243
 03 01 2D 00 00 00 00 00

005:008:001:STREAM             1526467811.837209
 03 00 00 00 00 00 00 00

005:008:001:STREAM             1526467811.883245
 03 01 2D 00 00 00 00 00

005:008:001:STREAM             1526467811.885195
 03 00 00 00 00 00 00 00

005:008:001:STREAM             1526467811.923255
 03 01 2D 00 00 00 00 00

005:008:001:STREAM             1526467811.925195
 03 00 00 00 00 00 00 00

005:008:001:STREAM             1526467811.971212
 03 01 2D 00 00 00 00 00

005:008:001:STREAM             1526467811.973205
 03 00 00 00 00 00 00 00

005:008:001:STREAM             1526467812.001273
 03 01 2D 00 00 00 00 00

005:008:001:STREAM             1526467812.003245
 03 00 00 00 00 00 00 00

005:008:001:STREAM             1526467812.059247
 03 01 2D 00 00 00 00 00

005:008:001:STREAM             1526467812.061204
 03 00 00 00 00 00 00 00

005:008:001:STREAM             1526467812.099247
 03 01 2D 00 00 00 00 00

005:008:001:STREAM             1526467812.101215
 03 00 00 00 00 00 00 00

005:008:001:STREAM             1526467812.129197
 03 01 2D 00 00 00 00 00

005:008:001:STREAM             1526467812.131218
 03 00 00 00 00 00 00 00

005:008:001:STREAM             1526467812.151213
 03 01 2D 00 00 00 00 00

005:008:001:STREAM             1526467812.153575
 03 00 00 00 00 00 00 00

005:008:001:STREAM             1526467812.191236
 03 01 2D 00 00 00 00 00

005:008:001:STREAM             1526467812.193190
 03 00 00 00 00 00 00 00

005:008:001:STREAM             1526467812.213238
 03 01 2D 00 00 00 00 00

005:008:001:STREAM             1526467812.215205
 03 00 00 00 00 00 00 00

005:008:001:STREAM             1526467812.253251
 03 01 2D 00 00 00 00 00

005:008:001:STREAM             1526467812.255193
 03 00 00 00 00 00 00 00

005:008:001:STREAM             1526467812.275216
 03 01 2D 00 00 00 00 00

005:008:001:STREAM             1526467812.277221
 03 00 00 00 00 00 00 00

005:008:001:STREAM             1526467812.323247
 03 01 2D 00 00 00 00 00

005:008:001:STREAM             1526467812.325213
 03 00 00 00 00 00 00 00

005:008:001:STREAM             1526467812.335230
 03 01 2D 00 00 00 00 00

005:008:001:STREAM             1526467812.337222
 03 00 00 00 00 00 00 00

005:008:001:STREAM             1526467812.375267
 03 01 2D 00 00 00 00 00

005:008:001:STREAM             1526467812.377199
 03 00 00 00 00 00 00 00

005:008:001:STREAM             1526467812.397198
 03 01 2D 00 00 00 00 00

005:008:001:STREAM             1526467812.399204
 03 00 00 00 00 00 00 00

005:008:001:STREAM             1526467812.473291
 03 01 2D 00 00 00 00 00

005:008:001:STREAM             1526467812.475222
 03 00 00 00 00 00 00 00

005:008:001:STREAM             1526467812.503210
 03 01 2D 00 00 00 00 00

005:008:001:STREAM             1526467812.505202
 03 00 00 00 00 00 00 00

005:008:001:STREAM             1526467812.633292
 03 01 2D 00 00 00 00 00

005:008:001:STREAM             1526467812.635265
 03 00 00 00 00 00 00 00

005:008:001:STREAM             1526467812.699241
 03 01 2D 00 00 00 00 00

005:008:001:STREAM             1526467812.701206
 03 00 00 00 00 00 00 00

005:008:001:STREAM             1526467812.785253
 03 01 2D 00 00 00 00 00

005:008:001:STREAM             1526467812.787228
 03 00 00 00 00 00 00 00

005:008:001:STREAM             1526467812.815227
 03 01 2D 00 00 00 00 00

005:008:001:STREAM             1526467812.817222
 03 00 00 00 00 00 00 00

005:008:001:STREAM             1526467812.855244
 03 01 2D 00 00 00 00 00

005:008:001:STREAM             1526467812.857183
 03 00 00 00 00 00 00 00

005:008:001:STREAM             1526467812.903254
 03 01 2D 00 00 00 00 00

005:008:001:STREAM             1526467812.905220
 03 00 00 00 00 00 00 00

005:008:001:STREAM             1526467812.989262
 03 01 2D 00 00 00 00 00

005:008:001:STREAM             1526467812.991247
 03 00 00 00 00 00 00 00

005:008:001:STREAM             1526467813.037258
 03 01 2D 00 00 00 00 00

005:008:001:STREAM             1526467813.039222
 03 00 00 00 00 00 00 00

005:008:001:STREAM             1526467813.103256
 03 01 2D 00 00 00 00 00

005:008:001:STREAM             1526467813.105225
 03 00 00 00 00 00 00 00

005:008:001:STREAM             1526467813.143250
 03 01 2D 00 00 00 00 00

005:008:001:STREAM             1526467813.145205
 03 00 00 00 00 00 00 00

005:008:001:STREAM             1526467813.209243
 03 01 2D 00 00 00 00 00

005:008:001:STREAM             1526467813.211210
 03 00 00 00 00 00 00 00

005:008:001:STREAM             1526467813.249260
 03 01 2D 00 00 00 00 00

005:008:001:STREAM             1526467813.251224
 03 00 00 00 00 00 00 00

005:008:001:STREAM             1526467813.307255
 03 01 2D 00 00 00 00 00

005:008:001:STREAM             1526467813.309220
 03 00 00 00 00 00 00 00

005:008:001:STREAM             1526467813.337222
 03 01 2D 00 00 00 00 00

005:008:001:STREAM             1526467813.339211
 03 00 00 00 00 00 00 00

005:008:001:STREAM             1526467813.395260
 03 01 2D 00 00 00 00 00

005:008:001:STREAM             1526467813.397223
 03 00 00 00 00 00 00 00

005:008:001:STREAM             1526467813.425291
 03 01 2D 00 00 00 00 00

005:008:001:STREAM             1526467813.427221
 03 00 00 00 00 00 00 00

005:008:001:STREAM             1526467813.455271
 03 01 2D 00 00 00 00 00

005:008:001:STREAM             1526467813.457229
 03 00 00 00 00 00 00 00

005:008:001:STREAM             1526467813.467227
 03 01 2D 00 00 00 00 00

005:008:001:STREAM             1526467813.469207
 03 00 00 00 00 00 00 00

005:008:001:STREAM             1526467813.525261
 03 01 2D 00 00 00 00 00

005:008:001:STREAM             1526467813.527211
 03 00 00 00 00 00 00 00

005:008:001:STREAM             1526467813.565269
 03 01 2D 00 00 00 00 00

005:008:001:STREAM             1526467813.567230
 03 00 00 00 00 00 00 00

005:008:001:STREAM             1526467813.605234
 03 01 2D 00 00 00 00 00

005:008:001:STREAM             1526467813.607223
 03 00 00 00 00 00 00 00

005:008:001:STREAM             1526467813.645260
 03 01 2D 00 00 00 00 00

005:008:001:STREAM             1526467813.647222
 03 00 00 00 00 00 00 00

005:008:001:STREAM             1526467813.693269
 03 01 2D 00 00 00 00 00

005:008:001:STREAM             1526467813.695231
 03 00 00 00 00 00 00 00

005:008:001:STREAM             1526467813.723245
 03 01 2D 00 00 00 00 00

005:008:001:STREAM             1526467813.725213
 03 00 00 00 00 00 00 00

