005:008:001:STREAM             1526468042.845064
 03 01 2E 00 00 00 00 00

005:008:001:STREAM             1526468042.846988
 03 00 00 00 00 00 00 00

005:008:001:STREAM             1526468042.949009
 03 01 2E 00 00 00 00 00

005:008:001:STREAM             1526468042.950970
 03 00 00 00 00 00 00 00

005:008:001:STREAM             1526468043.071053
 03 01 2E 00 00 00 00 00

005:008:001:STREAM             1526468043.072981
 03 00 00 00 00 00 00 00

005:008:001:STREAM             1526468043.157051
 03 01 2E 00 00 00 00 00

005:008:001:STREAM             1526468043.159011
 03 00 00 00 00 00 00 00

005:008:001:STREAM             1526468043.297018
 03 01 2E 00 00 00 00 00

005:008:001:STREAM             1526468043.298981
 03 00 00 00 00 00 00 00

005:008:001:STREAM             1526468043.409015
 03 01 2E 00 00 00 00 00

005:008:001:STREAM             1526468043.410981
 03 00 00 00 00 00 00 00

005:008:001:STREAM             1526468043.521025
 03 01 2E 00 00 00 00 00

005:008:001:STREAM             1526468043.523012
 03 00 00 00 00 00 00 00

005:008:001:STREAM             1526468043.607004
 03 01 2E 00 00 00 00 00

005:008:001:STREAM             1526468043.608984
 03 00 00 00 00 00 00 00

005:008:001:STREAM             1526468043.683016
 03 01 2E 00 00 00 00 00

005:008:001:STREAM             1526468043.684989
 03 00 00 00 00 00 00 00

005:008:001:STREAM             1526468043.813021
 03 01 2E 00 00 00 00 00

005:008:001:STREAM             1526468043.814986
 03 00 00 00 00 00 00 00

005:008:001:STREAM             1526468043.943057
 03 01 2E 00 00 00 00 00

005:008:001:STREAM             1526468043.945011
 03 00 00 00 00 00 00 00

005:008:001:STREAM             1526468043.983019
 03 01 2E 00 00 00 00 00

005:008:001:STREAM             1526468043.984954
 03 00 00 00 00 00 00 00

005:008:001:STREAM             1526468044.123001
 03 01 2E 00 00 00 00 00

005:008:001:STREAM             1526468044.124970
 03 00 00 00 00 00 00 00

005:008:001:STREAM             1526468044.153004
 03 01 2E 00 00 00 00 00

005:008:001:STREAM             1526468044.154959
 03 00 00 00 00 00 00 00

005:008:001:STREAM             1526468044.265056
 03 01 2E 00 00 00 00 00

005:008:001:STREAM             1526468044.266981
 03 00 00 00 00 00 00 00

005:008:001:STREAM             1526468044.313026
 03 01 2E 00 00 00 00 00

005:008:001:STREAM             1526468044.314990
 03 00 00 00 00 00 00 00

005:008:001:STREAM             1526468044.407021
 03 01 2E 00 00 00 00 00

005:008:001:STREAM             1526468044.408986
 03 00 00 00 00 00 00 00

005:008:001:STREAM             1526468044.473023
 03 01 2E 00 00 00 00 00

005:008:001:STREAM             1526468044.474992
 03 00 00 00 00 00 00 00

005:008:001:STREAM             1526468044.585023
 03 01 2E 00 00 00 00 00

005:008:001:STREAM             1526468044.587025
 03 00 00 00 00 00 00 00

005:008:001:STREAM             1526468044.661023
 03 01 2E 00 00 00 00 00

005:008:001:STREAM             1526468044.662964
 03 00 00 00 00 00 00 00

005:008:001:STREAM             1526468044.737034
 03 01 2E 00 00 00 00 00

005:008:001:STREAM             1526468044.739018
 03 00 00 00 00 00 00 00

005:008:001:STREAM             1526468044.785013
 03 01 2E 00 00 00 00 00

005:008:001:STREAM             1526468044.786969
 03 00 00 00 00 00 00 00

005:008:001:STREAM             1526468044.851073
 03 01 2E 00 00 00 00 00

005:008:001:STREAM             1526468044.853010
 03 00 00 00 00 00 00 00

005:008:001:STREAM             1526468044.891051
 03 01 2E 00 00 00 00 00

005:008:001:STREAM             1526468044.893024
 03 00 00 00 00 00 00 00

005:008:001:STREAM             1526468044.939007
 03 01 2E 00 00 00 00 00

005:008:001:STREAM             1526468044.940965
 03 00 00 00 00 00 00 00

005:008:001:STREAM             1526468044.969058
 03 01 2E 00 00 00 00 00

005:008:001:STREAM             1526468044.970993
 03 00 00 00 00 00 00 00

005:008:001:STREAM             1526468045.035025
 03 01 2E 00 00 00 00 00

005:008:001:STREAM             1526468045.036989
 03 00 00 00 00 00 00 00

005:008:001:STREAM             1526468045.065027
 03 01 2E 00 00 00 00 00

005:008:001:STREAM             1526468045.066990
 03 00 00 00 00 00 00 00

005:008:001:STREAM             1526468045.123027
 03 01 2E 00 00 00 00 00

005:008:001:STREAM             1526468045.124975
 03 00 00 00 00 00 00 00

005:008:001:STREAM             1526468045.171009
 03 01 2E 00 00 00 00 00

005:008:001:STREAM             1526468045.172981
 03 00 00 00 00 00 00 00

005:008:001:STREAM             1526468045.357057
 03 01 2E 00 00 00 00 00

005:008:001:STREAM             1526468045.359026
 03 00 00 00 00 00 00 00

005:008:001:STREAM             1526468045.451064
 03 01 2E 00 00 00 00 00

005:008:001:STREAM             1526468045.453019
 03 00 00 00 00 00 00 00

005:008:001:STREAM             1526468045.491057
 03 01 2E 00 00 00 00 00

005:008:001:STREAM             1526468045.493025
 03 00 00 00 00 00 00 00

005:008:001:STREAM             1526468045.531002
 03 01 2E 00 00 00 00 00

005:008:001:STREAM             1526468045.532979
 03 00 00 00 00 00 00 00

005:008:001:STREAM             1526468045.617032
 03 01 2E 00 00 00 00 00

005:008:001:STREAM             1526468045.618999
 03 00 00 00 00 00 00 00

005:008:001:STREAM             1526468045.647028
 03 01 2E 00 00 00 00 00

005:008:001:STREAM             1526468045.648994
 03 00 00 00 00 00 00 00

005:008:001:STREAM             1526468045.713029
 03 01 2E 00 00 00 00 00

005:008:001:STREAM             1526468045.714993
 03 00 00 00 00 00 00 00

005:008:001:STREAM             1526468045.735002
 03 01 2E 00 00 00 00 00

005:008:001:STREAM             1526468045.736994
 03 00 00 00 00 00 00 00

005:008:001:STREAM             1526468045.801031
 03 01 2E 00 00 00 00 00

005:008:001:STREAM             1526468045.802993
 03 00 00 00 00 00 00 00

005:008:001:STREAM             1526468045.859007
 03 01 2E 00 00 00 00 00

005:008:001:STREAM             1526468045.860990
 03 00 00 00 00 00 00 00

005:008:001:STREAM             1526468045.953062
 03 01 2E 00 00 00 00 00

005:008:001:STREAM             1526468045.955024
 03 00 00 00 00 00 00 00

005:008:001:STREAM             1526468046.011069
 03 01 2E 00 00 00 00 00

005:008:001:STREAM             1526468046.013024
 03 00 00 00 00 00 00 00

005:008:001:STREAM             1526468046.497071
 03 01 2D 00 00 00 00 00

005:008:001:STREAM             1526468046.499031
 03 00 00 00 00 00 00 00

005:008:001:STREAM             1526468046.537032
 03 01 2D 00 00 00 00 00

005:008:001:STREAM             1526468046.539001
 03 00 00 00 00 00 00 00

005:008:001:STREAM             1526468046.603031
 03 01 2D 00 00 00 00 00

005:008:001:STREAM             1526468046.605003
 03 00 00 00 00 00 00 00

005:008:001:STREAM             1526468046.625037
 03 01 2D 00 00 00 00 00

005:008:001:STREAM             1526468046.627006
 03 00 00 00 00 00 00 00

005:008:001:STREAM             1526468046.755029
 03 01 2D 00 00 00 00 00

005:008:001:STREAM             1526468046.757031
 03 00 00 00 00 00 00 00

005:008:001:STREAM             1526468046.785035
 03 01 2D 00 00 00 00 00

005:008:001:STREAM             1526468046.787001
 03 00 00 00 00 00 00 00

005:008:001:STREAM             1526468046.935054
 03 01 2D 00 00 00 00 00

005:008:001:STREAM             1526468046.937021
 03 00 00 00 00 00 00 00

005:008:001:STREAM             1526468046.983026
 03 01 2D 00 00 00 00 00

005:008:001:STREAM             1526468046.984972
 03 00 00 00 00 00 00 00

005:008:001:STREAM             1526468047.113037
 03 01 2D 00 00 00 00 00

005:008:001:STREAM             1526468047.115007
 03 00 00 00 00 00 00 00

005:008:001:STREAM             1526468047.161066
 03 01 2D 00 00 00 00 00

005:008:001:STREAM             1526468047.163005
 03 00 00 00 00 00 00 00

005:008:001:STREAM             1526468047.247024
 03 01 2D 00 00 00 00 00

005:008:001:STREAM             1526468047.249009
 03 00 00 00 00 00 00 00

005:008:001:STREAM             1526468047.287018
 03 01 2D 00 00 00 00 00

005:008:001:STREAM             1526468047.289008
 03 00 00 00 00 00 00 00

005:008:001:STREAM             1526468047.409076
 03 01 2D 00 00 00 00 00

005:008:001:STREAM             1526468047.411033
 03 00 00 00 00 00 00 00

005:008:001:STREAM             1526468047.457073
 03 01 2D 00 00 00 00 00

005:008:001:STREAM             1526468047.459029
 03 00 00 00 00 00 00 00

005:008:001:STREAM             1526468047.561085
 03 01 2D 00 00 00 00 00

005:008:001:STREAM             1526468047.563033
 03 00 00 00 00 00 00 00

005:008:001:STREAM             1526468047.619076
 03 01 2D 00 00 00 00 00

005:008:001:STREAM             1526468047.621037
 03 00 00 00 00 00 00 00

005:008:001:STREAM             1526468047.759082
 03 01 2D 00 00 00 00 00

005:008:001:STREAM             1526468047.761032
 03 00 00 00 00 00 00 00

005:008:001:STREAM             1526468047.817040
 03 01 2D 00 00 00 00 00

005:008:001:STREAM             1526468047.819008
 03 00 00 00 00 00 00 00

005:008:001:STREAM             1526468047.903081
 03 01 2D 00 00 00 00 00

005:008:001:STREAM             1526468047.905036
 03 00 00 00 00 00 00 00

005:008:001:STREAM             1526468047.933041
 03 01 2D 00 00 00 00 00

005:008:001:STREAM             1526468047.935013
 03 00 00 00 00 00 00 00

005:008:001:STREAM             1526468048.265034
 03 01 2D 00 00 00 00 00

005:008:001:STREAM             1526468048.267048
 03 00 00 00 00 00 00 00

005:008:001:STREAM             1526468048.287048
 03 01 2D 00 00 00 00 00

005:008:001:STREAM             1526468048.289010
 03 00 00 00 00 00 00 00

005:008:001:STREAM             1526468048.353032
 03 01 2D 00 00 00 00 00

005:008:001:STREAM             1526468048.354993
 03 00 00 00 00 00 00 00

005:008:001:STREAM             1526468048.383044
 03 01 2D 00 00 00 00 00

005:008:001:STREAM             1526468048.385012
 03 00 00 00 00 00 00 00

005:008:001:STREAM             1526468048.469047
 03 01 2D 00 00 00 00 00

005:008:001:STREAM             1526468048.471003
 03 00 00 00 00 00 00 00

005:008:001:STREAM             1526468048.499046
 03 01 2D 00 00 00 00 00

005:008:001:STREAM             1526468048.501010
 03 00 00 00 00 00 00 00

005:008:001:STREAM             1526468048.565050
 03 01 2D 00 00 00 00 00

005:008:001:STREAM             1526468048.567013
 03 00 00 00 00 00 00 00

005:008:001:STREAM             1526468048.595030
 03 01 2D 00 00 00 00 00

005:008:001:STREAM             1526468048.597014
 03 00 00 00 00 00 00 00

005:008:001:STREAM             1526468048.681088
 03 01 2D 00 00 00 00 00

005:008:001:STREAM             1526468048.683042
 03 00 00 00 00 00 00 00

005:008:001:STREAM             1526468048.729046
 03 01 2D 00 00 00 00 00

005:008:001:STREAM             1526468048.731011
 03 00 00 00 00 00 00 00

005:008:001:STREAM             1526468049.279051
 03 01 2E 00 00 00 00 00

005:008:001:STREAM             1526468049.281042
 03 00 00 00 00 00 00 00

005:008:001:STREAM             1526468049.365074
 03 01 2E 00 00 00 00 00

005:008:001:STREAM             1526468049.367049
 03 00 00 00 00 00 00 00

005:008:001:STREAM             1526468049.495057
 03 01 2E 00 00 00 00 00

005:008:001:STREAM             1526468049.497011
 03 00 00 00 00 00 00 00

005:008:001:STREAM             1526468049.561027
 03 01 2E 00 00 00 00 00

005:008:001:STREAM             1526468049.563021
 03 00 00 00 00 00 00 00

005:008:001:STREAM             1526468049.647041
 03 01 2E 00 00 00 00 00

005:008:001:STREAM             1526468049.649000
 03 00 00 00 00 00 00 00

005:008:001:STREAM             1526468049.687047
 03 01 2E 00 00 00 00 00

005:008:001:STREAM             1526468049.689016
 03 00 00 00 00 00 00 00

005:008:001:STREAM             1526468049.753087
 03 01 2E 00 00 00 00 00

005:008:001:STREAM             1526468049.755054
 03 00 00 00 00 00 00 00

005:008:001:STREAM             1526468049.783075
 03 01 2E 00 00 00 00 00

005:008:001:STREAM             1526468049.785029
 03 00 00 00 00 00 00 00

005:008:001:STREAM             1526468049.841092
 03 01 2E 00 00 00 00 00

005:008:001:STREAM             1526468049.843050
 03 00 00 00 00 00 00 00

005:008:001:STREAM             1526468049.881045
 03 01 2E 00 00 00 00 00

005:008:001:STREAM             1526468049.883006
 03 00 00 00 00 00 00 00

005:008:001:STREAM             1526468049.985074
 03 01 2E 00 00 00 00 00

005:008:001:STREAM             1526468049.987043
 03 00 00 00 00 00 00 00

005:008:001:STREAM             1526468050.043059
 03 01 2E 00 00 00 00 00

005:008:001:STREAM             1526468050.045022
 03 00 00 00 00 00 00 00

005:008:001:STREAM             1526468050.129033
 03 01 2E 00 00 00 00 00

005:008:001:STREAM             1526468050.131007
 03 00 00 00 00 00 00 00

005:008:001:STREAM             1526468050.195031
 03 01 2E 00 00 00 00 00

005:008:001:STREAM             1526468050.197017
 03 00 00 00 00 00 00 00

005:008:001:STREAM             1526468050.271024
 03 01 2E 00 00 00 00 00

005:008:001:STREAM             1526468050.273017
 03 00 00 00 00 00 00 00

005:008:001:STREAM             1526468050.329092
 03 01 2E 00 00 00 00 00

005:008:001:STREAM             1526468050.331059
 03 00 00 00 00 00 00 00

005:008:001:STREAM             1526468050.415098
 03 01 2E 00 00 00 00 00

005:008:001:STREAM             1526468050.417045
 03 00 00 00 00 00 00 00

005:008:001:STREAM             1526468050.481044
 03 01 2E 00 00 00 00 00

005:008:001:STREAM             1526468050.483026
 03 00 00 00 00 00 00 00

005:008:001:STREAM             1526468050.557056
 03 01 2E 00 00 00 00 00

005:008:001:STREAM             1526468050.559019
 03 00 00 00 00 00 00 00

005:008:001:STREAM             1526468050.633096
 03 01 2E 00 00 00 00 00

005:008:001:STREAM             1526468050.635046
 03 00 00 00 00 00 00 00

005:008:001:STREAM             1526468050.719095
 03 01 2E 00 00 00 00 00

005:008:001:STREAM             1526468050.721051
 03 00 00 00 00 00 00 00

005:008:001:STREAM             1526468050.759096
 03 01 2E 00 00 00 00 00

005:008:001:STREAM             1526468050.761052
 03 00 00 00 00 00 00 00

005:008:001:STREAM             1526468050.853099
 03 01 2E 00 00 00 00 00

005:008:001:STREAM             1526468050.855052
 03 00 00 00 00 00 00 00

005:008:001:STREAM             1526468050.883058
 03 01 2E 00 00 00 00 00

005:008:001:STREAM             1526468050.885022
 03 00 00 00 00 00 00 00

005:008:001:STREAM             1526468050.959089
 03 01 2E 00 00 00 00 00

005:008:001:STREAM             1526468050.961059
 03 00 00 00 00 00 00 00

005:008:001:STREAM             1526468051.025085
 03 01 2E 00 00 00 00 00

005:008:001:STREAM             1526468051.027002
 03 00 00 00 00 00 00 00

005:008:001:STREAM             1526468051.165102
 03 01 2E 00 00 00 00 00

005:008:001:STREAM             1526468051.167043
 03 00 00 00 00 00 00 00

005:008:001:STREAM             1526468051.213032
 03 01 2E 00 00 00 00 00

005:008:001:STREAM             1526468051.215046
 03 00 00 00 00 00 00 00

005:008:001:STREAM             1526468051.289056
 03 01 2E 00 00 00 00 00

005:008:001:STREAM             1526468051.291075
 03 00 00 00 00 00 00 00

005:008:001:STREAM             1526468051.319059
 03 01 2E 00 00 00 00 00

005:008:001:STREAM             1526468051.321026
 03 00 00 00 00 00 00 00

005:008:001:STREAM             1526468051.377063
 03 01 2E 00 00 00 00 00

005:008:001:STREAM             1526468051.379054
 03 00 00 00 00 00 00 00

005:008:001:STREAM             1526468051.417068
 03 01 2E 00 00 00 00 00

005:008:001:STREAM             1526468051.419033
 03 00 00 00 00 00 00 00

005:008:001:STREAM             1526468051.511084
 03 01 2E 00 00 00 00 00

005:008:001:STREAM             1526468051.513056
 03 00 00 00 00 00 00 00

005:008:001:STREAM             1526468051.559110
 03 01 2E 00 00 00 00 00

005:008:001:STREAM             1526468051.561056
 03 00 00 00 00 00 00 00

005:008:001:STREAM             1526468052.063109
 03 01 2D 00 00 00 00 00

005:008:001:STREAM             1526468052.065067
 03 00 00 00 00 00 00 00

005:008:001:STREAM             1526468052.103051
 03 01 2D 00 00 00 00 00

005:008:001:STREAM             1526468052.105022
 03 00 00 00 00 00 00 00

005:008:001:STREAM             1526468052.289077
 03 01 2D 00 00 00 00 00

005:008:001:STREAM             1526468052.291078
 03 00 00 00 00 00 00 00

005:008:001:STREAM             1526468052.355068
 03 01 2D 00 00 00 00 00

005:008:001:STREAM             1526468052.357013
 03 00 00 00 00 00 00 00

005:008:001:STREAM             1526468052.449111
 03 01 2D 00 00 00 00 00

005:008:001:STREAM             1526468052.451064
 03 00 00 00 00 00 00 00

005:008:001:STREAM             1526468052.479061
 03 01 2D 00 00 00 00 00

005:008:001:STREAM             1526468052.481016
 03 00 00 00 00 00 00 00

005:008:001:STREAM             1526468052.591107
 03 01 2D 00 00 00 00 00

005:008:001:STREAM             1526468052.593066
 03 00 00 00 00 00 00 00

005:008:001:STREAM             1526468052.649107
 03 01 2D 00 00 00 00 00

005:008:001:STREAM             1526468052.651067
 03 00 00 00 00 00 00 00

005:008:001:STREAM             1526468052.734996
 03 01 2D 00 00 00 00 00

005:008:001:STREAM             1526468052.736041
 03 00 00 00 00 00 00 00

005:008:001:STREAM             1526468052.765075
 03 01 2D 00 00 00 00 00

005:008:001:STREAM             1526468052.767038
 03 00 00 00 00 00 00 00

005:008:001:STREAM             1526468052.823100
 03 01 2D 00 00 00 00 00

005:008:001:STREAM             1526468052.825062
 03 00 00 00 00 00 00 00

005:008:001:STREAM             1526468052.863071
 03 01 2D 00 00 00 00 00

005:008:001:STREAM             1526468052.865043
 03 00 00 00 00 00 00 00

005:008:001:STREAM             1526468052.967113
 03 01 2D 00 00 00 00 00

005:008:001:STREAM             1526468052.969071
 03 00 00 00 00 00 00 00

005:008:001:STREAM             1526468053.007058
 03 01 2D 00 00 00 00 00

005:008:001:STREAM             1526468053.009042
 03 00 00 00 00 00 00 00

005:008:001:STREAM             1526468053.055074
 03 01 2D 00 00 00 00 00

005:008:001:STREAM             1526468053.057042
 03 00 00 00 00 00 00 00

005:008:001:STREAM             1526468053.085072
 03 01 2D 00 00 00 00 00

005:008:001:STREAM             1526468053.087038
 03 00 00 00 00 00 00 00

005:008:001:STREAM             1526468053.151058
 03 01 2D 00 00 00 00 00

005:008:001:STREAM             1526468053.153028
 03 00 00 00 00 00 00 00

005:008:001:STREAM             1526468053.181074
 03 01 2D 00 00 00 00 00

005:008:001:STREAM             1526468053.183011
 03 00 00 00 00 00 00 00

005:008:001:STREAM             1526468053.239069
 03 01 2D 00 00 00 00 00

005:008:001:STREAM             1526468053.241037
 03 00 00 00 00 00 00 00

005:008:001:STREAM             1526468053.269050
 03 01 2D 00 00 00 00 00

005:008:001:STREAM             1526468053.271018
 03 00 00 00 00 00 00 00

005:008:001:STREAM             1526468053.363079
 03 01 2D 00 00 00 00 00

005:008:001:STREAM             1526468053.365043
 03 00 00 00 00 00 00 00

005:008:001:STREAM             1526468053.403095
 03 01 2D 00 00 00 00 00

005:008:001:STREAM             1526468053.405069
 03 00 00 00 00 00 00 00

005:008:001:STREAM             1526468053.497063
 03 01 2D 00 00 00 00 00

005:008:001:STREAM             1526468053.499025
 03 00 00 00 00 00 00 00

005:008:001:STREAM             1526468053.537055
 03 01 2D 00 00 00 00 00

005:008:001:STREAM             1526468053.539047
 03 00 00 00 00 00 00 00

005:008:001:STREAM             1526468053.631075
 03 01 2D 00 00 00 00 00

005:008:001:STREAM             1526468053.633049
 03 00 00 00 00 00 00 00

005:008:001:STREAM             1526468053.661075
 03 01 2D 00 00 00 00 00

005:008:001:STREAM             1526468053.663035
 03 00 00 00 00 00 00 00

005:008:001:STREAM             1526468053.719074
 03 01 2D 00 00 00 00 00

005:008:001:STREAM             1526468053.721042
 03 00 00 00 00 00 00 00

005:008:001:STREAM             1526468053.767076
 03 01 2D 00 00 00 00 00

005:008:001:STREAM             1526468053.769026
 03 00 00 00 00 00 00 00

005:008:001:STREAM             1526468053.825046
 03 01 2D 00 00 00 00 00

005:008:001:STREAM             1526468053.827025
 03 00 00 00 00 00 00 00

005:008:001:STREAM             1526468053.865084
 03 01 2D 00 00 00 00 00

005:008:001:STREAM             1526468053.867024
 03 00 00 00 00 00 00 00

005:008:001:STREAM             1526468053.905117
 03 01 2D 00 00 00 00 00

005:008:001:STREAM             1526468053.907074
 03 00 00 00 00 00 00 00

005:008:001:STREAM             1526468053.935076
 03 01 2D 00 00 00 00 00

005:008:001:STREAM             1526468053.937053
 03 00 00 00 00 00 00 00

005:008:001:STREAM             1526468053.993115
 03 01 2D 00 00 00 00 00

005:008:001:STREAM             1526468053.995915
 03 00 00 00 00 00 00 00

005:008:001:STREAM             1526468054.041119
 03 01 2D 00 00 00 00 00

005:008:001:STREAM             1526468054.043070
 03 00 00 00 00 00 00 00

005:008:001:STREAM             1526468054.135070
 03 01 2D 00 00 00 00 00

005:008:001:STREAM             1526468054.137030
 03 00 00 00 00 00 00 00

005:008:001:STREAM             1526468054.385083
 03 01 2E 00 00 00 00 00

005:008:001:STREAM             1526468054.387048
 03 00 00 00 00 00 00 00

005:008:001:STREAM             1526468054.443080
 03 01 2E 00 00 00 00 00

005:008:001:STREAM             1526468054.445047
 03 00 00 00 00 00 00 00

005:008:001:STREAM             1526468054.483076
 03 01 2E 00 00 00 00 00

005:008:001:STREAM             1526468054.484992
 03 00 00 00 00 00 00 00

005:008:001:STREAM             1526468054.541083
 03 01 2E 00 00 00 00 00

005:008:001:STREAM             1526468054.543056
 03 00 00 00 00 00 00 00

005:008:001:STREAM             1526468054.571121
 03 01 2E 00 00 00 00 00

005:008:001:STREAM             1526468054.573079
 03 00 00 00 00 00 00 00

005:008:001:STREAM             1526468054.601925
 03 01 2E 00 00 00 00 00

005:008:001:STREAM             1526468054.604082
 03 00 00 00 00 00 00 00

005:008:001:STREAM             1526468054.625054
 03 01 2E 00 00 00 00 00

005:008:001:STREAM             1526468054.627035
 03 00 00 00 00 00 00 00

005:008:001:STREAM             1526468054.655085
 03 01 2E 00 00 00 00 00

005:008:001:STREAM             1526468054.657046
 03 00 00 00 00 00 00 00

005:008:001:STREAM             1526468054.677071
 03 01 2E 00 00 00 00 00

005:008:001:STREAM             1526468054.679039
 03 00 00 00 00 00 00 00

005:008:001:STREAM             1526468054.707068
 03 01 2E 00 00 00 00 00

005:008:001:STREAM             1526468054.709052
 03 00 00 00 00 00 00 00

005:008:001:STREAM             1526468054.737070
 03 01 2E 00 00 00 00 00

005:008:001:STREAM             1526468054.739077
 03 00 00 00 00 00 00 00

005:008:001:STREAM             1526468055.205125
 03 01 2E 00 00 00 00 00

005:008:001:STREAM             1526468055.207059
 03 00 00 00 00 00 00 00

005:008:001:STREAM             1526468055.235041
 03 01 2E 00 00 00 00 00

005:008:001:STREAM             1526468055.237039
 03 00 00 00 00 00 00 00

005:008:001:STREAM             1526468055.301099
 03 01 2E 00 00 00 00 00

005:008:001:STREAM             1526468055.303058
 03 00 00 00 00 00 00 00

005:008:001:STREAM             1526468055.341146
 03 01 2E 00 00 00 00 00

005:008:001:STREAM             1526468055.343061
 03 00 00 00 00 00 00 00

005:008:001:STREAM             1526468055.389127
 03 01 2E 00 00 00 00 00

005:008:001:STREAM             1526468055.391043
 03 00 00 00 00 00 00 00

005:008:001:STREAM             1526468055.411070
 03 01 2E 00 00 00 00 00

005:008:001:STREAM             1526468055.413047
 03 00 00 00 00 00 00 00

005:008:001:STREAM             1526468055.451072
 03 01 2E 00 00 00 00 00

005:008:001:STREAM             1526468055.453024
 03 00 00 00 00 00 00 00

005:008:001:STREAM             1526468055.481060
 03 01 2E 00 00 00 00 00

005:008:001:STREAM             1526468055.483043
 03 00 00 00 00 00 00 00

005:008:001:STREAM             1526468055.547209
 03 01 2E 00 00 00 00 00

005:008:001:STREAM             1526468055.549082
 03 00 00 00 00 00 00 00

005:008:001:STREAM             1526468055.577062
 03 01 2E 00 00 00 00 00

005:008:001:STREAM             1526468055.579062
 03 00 00 00 00 00 00 00

005:008:001:STREAM             1526468055.635067
 03 01 2E 00 00 00 00 00

005:008:001:STREAM             1526468055.637044
 03 00 00 00 00 00 00 00

005:008:001:STREAM             1526468055.665078
 03 01 2E 00 00 00 00 00

005:008:001:STREAM             1526468055.667043
 03 00 00 00 00 00 00 00

005:008:001:STREAM             1526468055.751125
 03 01 2E 00 00 00 00 00

005:008:001:STREAM             1526468055.753079
 03 00 00 00 00 00 00 00

005:008:001:STREAM             1526468055.781091
 03 01 2E 00 00 00 00 00

005:008:001:STREAM             1526468055.783056
 03 00 00 00 00 00 00 00

005:008:001:STREAM             1526468055.793079
 03 01 2E 00 00 00 00 00

005:008:001:STREAM             1526468055.795057
 03 00 00 00 00 00 00 00

005:008:001:STREAM             1526468055.823073
 03 01 2E 00 00 00 00 00

005:008:001:STREAM             1526468055.825056
 03 00 00 00 00 00 00 00

005:008:001:STREAM             1526468055.909089
 03 01 2E 00 00 00 00 00

005:008:001:STREAM             1526468055.911042
 03 00 00 00 00 00 00 00

005:008:001:STREAM             1526468055.939087
 03 01 2E 00 00 00 00 00

005:008:001:STREAM             1526468055.941062
 03 00 00 00 00 00 00 00

005:008:001:STREAM             1526468056.061134
 03 01 2E 00 00 00 00 00

005:008:001:STREAM             1526468056.063075
 03 00 00 00 00 00 00 00

005:008:001:STREAM             1526468056.109117
 03 01 2E 00 00 00 00 00

005:008:001:STREAM             1526468056.111037
 03 00 00 00 00 00 00 00

005:008:001:STREAM             1526468056.203096
 03 01 2E 00 00 00 00 00

005:008:001:STREAM             1526468056.205061
 03 00 00 00 00 00 00 00

005:008:001:STREAM             1526468056.261097
 03 01 2E 00 00 00 00 00

005:008:001:STREAM             1526468056.263111
 03 00 00 00 00 00 00 00

005:008:001:STREAM             1526468056.319096
 03 01 2E 00 00 00 00 00

005:008:001:STREAM             1526468056.321058
 03 00 00 00 00 00 00 00

005:008:001:STREAM             1526468056.377090
 03 01 2E 00 00 00 00 00

005:008:001:STREAM             1526468056.379060
 03 00 00 00 00 00 00 00

005:008:001:STREAM             1526468056.471342
 03 01 2E 00 00 00 00 00

005:008:001:STREAM             1526468056.473047
 03 00 00 00 00 00 00 00

005:008:001:STREAM             1526468056.519074
 03 01 2E 00 00 00 00 00

005:008:001:STREAM             1526468056.521064
 03 00 00 00 00 00 00 00

005:008:001:STREAM             1526468056.585140
 03 01 2E 00 00 00 00 00

005:008:001:STREAM             1526468056.587086
 03 00 00 00 00 00 00 00

005:008:001:STREAM             1526468056.651096
 03 01 2E 00 00 00 00 00

005:008:001:STREAM             1526468056.653062
 03 00 00 00 00 00 00 00

005:008:001:STREAM             1526468056.799088
 03 01 2E 00 00 00 00 00

005:008:001:STREAM             1526468056.801100
 03 00 00 00 00 00 00 00

005:008:001:STREAM             1526468056.857094
 03 01 2E 00 00 00 00 00

005:008:001:STREAM             1526468056.859062
 03 00 00 00 00 00 00 00

005:008:001:STREAM             1526468056.905105
 03 01 2E 00 00 00 00 00

005:008:001:STREAM             1526468056.907063
 03 00 00 00 00 00 00 00

005:008:001:STREAM             1526468057.063136
 03 01 2D 00 00 00 00 00

005:008:001:STREAM             1526468057.065080
 03 00 00 00 00 00 00 00

005:008:001:STREAM             1526468057.149098
 03 01 2D 00 00 00 00 00

005:008:001:STREAM             1526468057.151066
 03 00 00 00 00 00 00 00

005:008:001:STREAM             1526468057.179119
 03 01 2D 00 00 00 00 00

005:008:001:STREAM             1526468057.181045
 03 00 00 00 00 00 00 00

005:008:001:STREAM             1526468057.227081
 03 01 2D 00 00 00 00 00

005:008:001:STREAM             1526468057.229069
 03 00 00 00 00 00 00 00

005:008:001:STREAM             1526468057.267121
 03 01 2D 00 00 00 00 00

005:008:001:STREAM             1526468057.269055
 03 00 00 00 00 00 00 00

005:008:001:STREAM             1526468057.343139
 03 01 2D 00 00 00 00 00

005:008:001:STREAM             1526468057.345093
 03 00 00 00 00 00 00 00

005:008:001:STREAM             1526468057.383112
 03 01 2D 00 00 00 00 00

005:008:001:STREAM             1526468057.385041
 03 00 00 00 00 00 00 00

005:008:001:STREAM             1526468057.487136
 03 01 2D 00 00 00 00 00

005:008:001:STREAM             1526468057.489094
 03 00 00 00 00 00 00 00

005:008:001:STREAM             1526468057.545102
 03 01 2D 00 00 00 00 00

005:008:001:STREAM             1526468057.547070
 03 00 00 00 00 00 00 00

005:008:001:STREAM             1526468057.621103
 03 01 2D 00 00 00 00 00

005:008:001:STREAM             1526468057.623067
 03 00 00 00 00 00 00 00

005:008:001:STREAM             1526468057.661086
 03 01 2D 00 00 00 00 00

005:008:001:STREAM             1526468057.663050
 03 00 00 00 00 00 00 00

005:008:001:STREAM             1526468057.737095
 03 01 2D 00 00 00 00 00

005:008:001:STREAM             1526468057.739072
 03 00 00 00 00 00 00 00

005:008:001:STREAM             1526468057.795145
 03 01 2D 00 00 00 00 00

005:008:001:STREAM             1526468057.797093
 03 00 00 00 00 00 00 00

005:008:001:STREAM             1526468057.881143
 03 01 2D 00 00 00 00 00

005:008:001:STREAM             1526468057.883092
 03 00 00 00 00 00 00 00

005:008:001:STREAM             1526468057.939110
 03 01 2D 00 00 00 00 00

005:008:001:STREAM             1526468057.941038
 03 00 00 00 00 00 00 00

005:008:001:STREAM             1526468058.389129
 03 01 2D 00 00 00 00 00

005:008:001:STREAM             1526468058.391120
 03 00 00 00 00 00 00 00

005:008:001:STREAM             1526468058.411107
 03 01 2D 00 00 00 00 00

005:008:001:STREAM             1526468058.413066
 03 00 00 00 00 00 00 00

005:008:001:STREAM             1526468058.423103
 03 01 2D 00 00 00 00 00

005:008:001:STREAM             1526468058.425053
 03 00 00 00 00 00 00 00

005:008:001:STREAM             1526468058.445069
 03 01 2D 00 00 00 00 00

005:008:001:STREAM             1526468058.447071
 03 00 00 00 00 00 00 00

005:008:001:STREAM             1526468058.503067
 03 01 2D 00 00 00 00 00

005:008:001:STREAM             1526468058.505062
 03 01 2D 00 00 00 00 00

005:008:001:STREAM             1526468058.506056
 03 00 00 00 00 00 00 00

005:008:001:STREAM             1526468058.517109
 03 01 2D 00 00 00 00 00

005:008:001:STREAM             1526468058.519080
 03 00 00 00 00 00 00 00

005:008:001:STREAM             1526468058.529082
 03 01 2D 00 00 00 00 00

005:008:001:STREAM             1526468058.531047
 03 00 00 00 00 00 00 00

005:008:001:STREAM             1526468058.623107
 03 01 2D 00 00 00 00 00

005:008:001:STREAM             1526468058.625069
 03 00 00 00 00 00 00 00

