001:043:000:STREAM             1611138654.040260
 08 E0 01 01 01 00 00 00 00 00 00 00

001:043:000:STREAM             1611138654.166350
 08 E0 01 01 00 00 00 00 00 00 00 00

001:043:000:STREAM             1611138654.614328
 08 E0 01 01 02 00 00 00 00 00 00 00

001:043:000:STREAM             1611138654.740358
 08 E0 01 01 00 00 00 00 00 00 00 00

001:043:000:STREAM             1611138655.144370
 08 E0 01 01 04 00 00 00 00 00 00 00

001:043:000:STREAM             1611138655.260364
 08 E0 01 01 00 00 00 00 00 00 00 00

001:043:000:STREAM             1611138655.620389
 08 E0 01 01 08 00 00 00 00 00 00 00

001:043:000:STREAM             1611138655.740387
 08 E0 01 01 00 00 00 00 00 00 00 00

001:043:000:STREAM             1611138656.112389
 08 E0 01 01 10 00 00 00 00 00 00 00

001:043:000:STREAM             1611138656.188396
 08 E0 01 01 00 00 00 00 00 00 00 00

001:043:000:STREAM             1611138656.746412
 08 E0 01 01 20 00 00 00 00 00 00 00

001:043:000:STREAM             1611138656.910422
 08 E0 01 01 00 00 00 00 00 00 00 00

001:043:000:STREAM             1611138657.698432
 08 E0 01 01 40 00 00 00 00 00 00 00

001:043:000:STREAM             1611138657.790439
 08 E0 01 01 00 00 00 00 00 00 00 00

001:043:000:STREAM             1611138658.212449
 08 E0 01 01 80 00 00 00 00 00 00 00

001:043:000:STREAM             1611138658.294451
 08 E0 01 01 00 00 00 00 00 00 00 00

001:043:000:STREAM             1611138658.702466
 08 E0 01 01 00 01 00 00 00 00 00 00

001:043:000:STREAM             1611138658.796472
 08 E0 01 01 00 00 00 00 00 00 00 00

001:043:000:STREAM             1611138659.162472
 08 E0 01 01 00 02 00 00 00 00 00 00

001:043:000:STREAM             1611138659.272482
 08 E0 01 01 00 00 00 00 00 00 00 00

001:043:000:STREAM             1611138659.654493
 08 E0 01 01 00 04 00 00 00 00 00 00

001:043:000:STREAM             1611138659.746489
 08 E0 01 01 00 00 00 00 00 00 00 00

