001:043:000:STREAM             1611138755.741102
 08 F0 01 01 00 09 00 00 00 00 00 00

001:043:000:STREAM             1611138755.979060
 08 F0 01 01 00 0A 00 00 00 00 00 00

001:043:000:STREAM             1611138756.059096
 08 F0 01 01 00 0B 00 00 00 00 00 00

001:043:000:STREAM             1611138756.099100
 08 F0 01 01 00 0C 00 00 00 00 00 00

001:043:000:STREAM             1611138756.177111
 08 F0 01 01 00 01 00 00 00 00 00 00

001:043:000:STREAM             1611138756.297110
 08 F0 01 01 00 02 00 00 00 00 00 00

001:043:000:STREAM             1611138756.375108
 08 F0 01 01 00 03 00 00 00 00 00 00

001:043:000:STREAM             1611138756.495120
 08 F0 01 01 00 04 00 00 00 00 00 00

001:043:000:STREAM             1611138756.653128
 08 F0 01 01 00 05 00 00 00 00 00 00

001:043:000:STREAM             1611138756.693122
 08 F0 01 01 00 06 00 00 00 00 00 00

001:043:000:STREAM             1611138756.813097
 08 F0 01 01 00 07 00 00 00 00 00 00

001:043:000:STREAM             1611138756.891136
 08 F0 01 01 00 08 00 00 00 00 00 00

001:043:000:STREAM             1611138757.011187
 08 F0 01 01 00 09 00 00 00 00 00 00

001:043:000:STREAM             1611138757.169129
 08 F0 01 01 00 0A 00 00 00 00 00 00

001:043:000:STREAM             1611138757.209123
 08 F0 01 01 00 0B 00 00 00 00 00 00

001:043:000:STREAM             1611138757.287126
 08 F0 01 01 00 01 00 00 00 00 00 00

001:043:000:STREAM             1611138757.327126
 08 F0 01 01 00 02 00 00 00 00 00 00

001:043:000:STREAM             1611138757.487140
 08 F0 01 01 00 03 00 00 00 00 00 00

001:043:000:STREAM             1611138757.565151
 08 F0 01 01 00 04 00 00 00 00 00 00

001:043:000:STREAM             1611138757.645136
 08 F0 01 01 00 05 00 00 00 00 00 00

001:043:000:STREAM             1611138757.803154
 08 F0 01 01 00 06 00 00 00 00 00 00

001:043:000:STREAM             1611138757.843143
 08 F0 01 01 00 07 00 00 00 00 00 00

001:043:000:STREAM             1611138757.923156
 08 F0 01 01 00 08 00 00 00 00 00 00

001:043:000:STREAM             1611138758.041112
 08 F0 01 01 00 09 00 00 00 00 00 00

001:043:000:STREAM             1611138758.081157
 08 F0 01 01 00 0A 00 00 00 00 00 00

001:043:000:STREAM             1611138758.239159
 08 F0 01 01 00 00 00 00 00 00 00 00

