 05 01 09 02 A1 01 85 01 09 01 A1 00 05 09 19 01
 29 03 15 00 25 01 75 01 95 03 81 02 75 05 95 01
 81 01 05 01 09 30 15 00 26 F4 0A 35 00 46 FF 7F
 75 10 95 01 81 02 09 31 26 F7 07 81 02 81 01 C0
 C0 05 0D 09 01 A1 01 85 02 09 20 A1 00 05 01 15
 00 26 E0 2E 09 30 09 31 75 10 95 02 81 02 05 0D
 09 32 09 37 09 42 09 44 09 46 15 00 25 01 75 01
 95 05 81 02 75 03 95 01 81 01 09 30 15 00 26 FF
 01 75 10 95 01 81 12 09 3F 09 40 15 00 26 FF 00
 75 08 95 02 B1 02 C0 85 03 09 21 A1 00 05 01 09
 30 09 31 15 00 26 E0 2E 75 10 95 02 81 02 05 0D
 09 32 09 37 15 00 25 01 75 01 95 02 81 02 05 09
 19 01 29 03 15 00 25 01 75 01 95 03 81 02 75 03
 95 01 81 01 C0 85 06 05 0D 09 39 A1 00 05 09 19
 01 29 10 15 00 25 01 75 01 95 10 81 02 C0 85 04
 05 0D 09 20 A1 00 09 32 09 37 09 42 09 44 09 46
 15 00 25 01 75 01 95 05 81 02 75 03 95 01 81 01
 05 01 09 91 09 90 09 93 09 92 15 00 25 01 75 01
 95 04 81 02 75 04 95 01 81 01 09 39 15 00 26 80
 00 75 08 95 01 81 02 05 0D 09 30 15 00 26 00 04
 75 10 95 01 81 12 C0 C0

