005:003:000:STREAM             1333485877.053787
 07 02 01 01 00 00 00 00

005:003:000:STREAM             1333485877.197759
 12 00 00 00 00 00 00 00

005:003:000:STREAM             1333485878.341760
 12 00 00 00 FF 00 00 00

005:003:000:STREAM             1333485878.429759
 12 00 00 00 FF 00 00 00

005:003:000:STREAM             1333485878.525765
 12 00 00 00 FF 00 00 00

005:003:000:STREAM             1333485878.613762
 12 00 00 00 FF 00 00 00

005:003:000:STREAM             1333485878.717762
 12 00 00 00 FF 00 00 00

005:003:000:STREAM             1333485878.821764
 12 00 00 00 FF 00 00 00

005:003:000:STREAM             1333485878.925761
 12 00 00 00 FF 00 00 00

005:003:000:STREAM             1333485879.013763
 12 00 00 00 FF 00 00 00

005:003:000:STREAM             1333485879.125756
 12 00 00 00 FF 00 00 00

005:003:000:STREAM             1333485879.277757
 12 00 00 00 FF 00 00 00

005:003:000:STREAM             1333485880.133763
 12 00 00 00 FF 00 00 00

005:003:000:STREAM             1333485880.197762
 12 00 00 00 FF 00 00 00

005:003:000:STREAM             1333485880.309759
 12 00 00 00 FF 00 00 00

005:003:000:STREAM             1333485880.397760
 12 00 00 00 FF 00 00 00

005:003:000:STREAM             1333485880.469764
 12 00 00 00 FF 00 00 00

005:003:000:STREAM             1333485880.557762
 12 00 00 00 FF 00 00 00

005:003:000:STREAM             1333485880.645764
 12 00 00 00 FF 00 00 00

005:003:000:STREAM             1333485880.701756
 12 00 00 00 FF 00 00 00

005:003:000:STREAM             1333485880.757764
 12 00 00 00 FF 00 00 00

005:003:000:STREAM             1333485880.845758
 12 00 00 00 FF 00 00 00

005:003:000:STREAM             1333485880.925756
 12 00 00 00 FF 00 00 00

005:003:000:STREAM             1333485881.637758
 12 00 00 00 FF 00 00 00

005:003:000:STREAM             1333485881.813766
 12 00 00 00 FF 00 00 00

005:003:000:STREAM             1333485881.901767
 12 00 00 00 FF 00 00 00

005:003:000:STREAM             1333485881.973766
 12 00 00 00 FF 00 00 00

005:003:000:STREAM             1333485882.053761
 12 00 00 00 FF 00 00 00

005:003:000:STREAM             1333485882.149759
 12 00 00 00 FF 00 00 00

005:003:000:STREAM             1333485882.245757
 12 00 00 00 FF 00 00 00

005:003:000:STREAM             1333485882.317759
 12 00 00 00 FF 00 00 00

005:003:000:STREAM             1333485882.389764
 12 00 00 00 FF 00 00 00

005:003:000:STREAM             1333485883.173764
 12 00 00 00 01 00 00 00

005:003:000:STREAM             1333485883.253763
 12 00 00 00 01 00 00 00

005:003:000:STREAM             1333485883.325762
 12 00 00 00 01 00 00 00

005:003:000:STREAM             1333485883.381762
 12 00 00 00 01 00 00 00

005:003:000:STREAM             1333485883.477760
 12 00 00 00 01 00 00 00

005:003:000:STREAM             1333485883.557756
 12 00 00 00 01 00 00 00

005:003:000:STREAM             1333485883.629763
 12 00 00 00 01 00 00 00

005:003:000:STREAM             1333485883.693763
 12 00 00 00 01 00 00 00

005:003:000:STREAM             1333485883.765763
 12 00 00 00 01 00 00 00

005:003:000:STREAM             1333485884.573761
 12 00 00 00 01 00 00 00

005:003:000:STREAM             1333485884.685765
 12 00 00 00 01 00 00 00

005:003:000:STREAM             1333485884.741768
 12 00 00 00 01 00 00 00

005:003:000:STREAM             1333485884.805760
 12 00 00 00 01 00 00 00

005:003:000:STREAM             1333485884.877765
 12 00 00 00 01 00 00 00

005:003:000:STREAM             1333485884.941762
 12 00 00 00 01 00 00 00

005:003:000:STREAM             1333485885.021758
 12 00 00 00 01 00 00 00

005:003:000:STREAM             1333485885.085764
 12 00 00 00 01 00 00 00

005:003:000:STREAM             1333485885.149766
 12 00 00 00 01 00 00 00

005:003:000:STREAM             1333485885.229762
 12 00 00 00 01 00 00 00

005:003:000:STREAM             1333485885.317759
 12 00 00 00 01 00 00 00

005:003:000:STREAM             1333485885.397738
 12 00 00 00 01 00 00 00

005:003:000:STREAM             1333485886.213759
 12 00 00 00 01 00 00 00

005:003:000:STREAM             1333485886.293761
 12 00 00 00 01 00 00 00

005:003:000:STREAM             1333485886.349762
 12 00 00 00 01 00 00 00

005:003:000:STREAM             1333485886.421768
 12 00 00 00 01 00 00 00

005:003:000:STREAM             1333485886.517763
 12 00 00 00 01 00 00 00

005:003:000:STREAM             1333485886.597768
 12 00 00 00 01 00 00 00

005:003:000:STREAM             1333485886.661761
 12 00 00 00 01 00 00 00

005:003:000:STREAM             1333485886.733767
 12 00 00 00 01 00 00 00

005:003:000:STREAM             1333485886.805761
 12 00 00 00 01 00 00 00

005:003:000:STREAM             1333485888.293765
 07 02 01 02 00 00 00 00

005:003:000:STREAM             1333485888.477760
 12 00 00 00 00 00 00 00

005:003:000:STREAM             1333485889.325758
 12 00 00 00 FF 00 00 00

005:003:000:STREAM             1333485889.405739
 12 00 00 00 FF 00 00 00

005:003:000:STREAM             1333485889.477767
 12 00 00 00 FF 00 00 00

005:003:000:STREAM             1333485889.557764
 12 00 00 00 FF 00 00 00

005:003:000:STREAM             1333485889.645760
 12 00 00 00 FF 00 00 00

005:003:000:STREAM             1333485889.725758
 12 00 00 00 FF 00 00 00

005:003:000:STREAM             1333485889.805765
 12 00 00 00 FF 00 00 00

005:003:000:STREAM             1333485889.877766
 12 00 00 00 FF 00 00 00

005:003:000:STREAM             1333485889.957760
 12 00 00 00 FF 00 00 00

005:003:000:STREAM             1333485890.045762
 12 00 00 00 FF 00 00 00

005:003:000:STREAM             1333485890.757755
 12 00 00 00 FF 00 00 00

005:003:000:STREAM             1333485890.845761
 12 00 00 00 FF 00 00 00

005:003:000:STREAM             1333485890.941758
 12 00 00 00 FF 00 00 00

005:003:000:STREAM             1333485891.045766
 12 00 00 00 FF 00 00 00

005:003:000:STREAM             1333485891.133763
 12 00 00 00 FF 00 00 00

005:003:000:STREAM             1333485891.237763
 12 00 00 00 FF 00 00 00

005:003:000:STREAM             1333485891.317767
 12 00 00 00 FF 00 00 00

005:003:000:STREAM             1333485891.381763
 12 00 00 00 FF 00 00 00

005:003:000:STREAM             1333485891.469764
 12 00 00 00 FF 00 00 00

005:003:000:STREAM             1333485892.181756
 12 00 00 00 FF 00 00 00

005:003:000:STREAM             1333485892.285764
 12 00 00 00 FF 00 00 00

005:003:000:STREAM             1333485892.365767
 12 00 00 00 FF 00 00 00

005:003:000:STREAM             1333485892.453767
 12 00 00 00 FF 00 00 00

005:003:000:STREAM             1333485892.541766
 12 00 00 00 FF 00 00 00

005:003:000:STREAM             1333485892.629763
 12 00 00 00 FF 00 00 00

005:003:000:STREAM             1333485892.709759
 12 00 00 00 FF 00 00 00

005:003:000:STREAM             1333485892.773766
 12 00 00 00 FF 00 00 00

005:003:000:STREAM             1333485892.829770
 12 00 00 00 FF 00 00 00

005:003:000:STREAM             1333485892.893758
 12 00 00 00 FF 00 00 00

005:003:000:STREAM             1333485893.861758
 12 00 00 00 01 00 00 00

005:003:000:STREAM             1333485893.933760
 12 00 00 00 01 00 00 00

005:003:000:STREAM             1333485893.989768
 12 00 00 00 01 00 00 00

005:003:000:STREAM             1333485894.053763
 12 00 00 00 01 00 00 00

005:003:000:STREAM             1333485894.125761
 12 00 00 00 01 00 00 00

005:003:000:STREAM             1333485894.189770
 12 00 00 00 01 00 00 00

005:003:000:STREAM             1333485894.261766
 12 00 00 00 01 00 00 00

005:003:000:STREAM             1333485894.325767
 12 00 00 00 01 00 00 00

005:003:000:STREAM             1333485894.397767
 12 00 00 00 01 00 00 00

005:003:000:STREAM             1333485894.461767
 12 00 00 00 01 00 00 00

005:003:000:STREAM             1333485894.525759
 12 00 00 00 01 00 00 00

005:003:000:STREAM             1333485895.269763
 12 00 00 00 01 00 00 00

005:003:000:STREAM             1333485895.357762
 12 00 00 00 01 00 00 00

005:003:000:STREAM             1333485895.413741
 12 00 00 00 01 00 00 00

005:003:000:STREAM             1333485895.477762
 12 00 00 00 01 00 00 00

005:003:000:STREAM             1333485895.549762
 12 00 00 00 01 00 00 00

005:003:000:STREAM             1333485895.605772
 12 00 00 00 01 00 00 00

005:003:000:STREAM             1333485895.653761
 12 00 00 00 01 00 00 00

005:003:000:STREAM             1333485895.709763
 12 00 00 00 01 00 00 00

005:003:000:STREAM             1333485895.773768
 12 00 00 00 01 00 00 00

005:003:000:STREAM             1333485895.837766
 12 00 00 00 01 00 00 00

005:003:000:STREAM             1333485895.917765
 12 00 00 00 01 00 00 00

005:003:000:STREAM             1333485896.597764
 12 00 00 00 01 00 00 00

005:003:000:STREAM             1333485896.693760
 12 00 00 00 01 00 00 00

005:003:000:STREAM             1333485896.765767
 12 00 00 00 01 00 00 00

005:003:000:STREAM             1333485896.829770
 12 00 00 00 01 00 00 00

005:003:000:STREAM             1333485896.893760
 12 00 00 00 01 00 00 00

005:003:000:STREAM             1333485896.973764
 12 00 00 00 01 00 00 00

005:003:000:STREAM             1333485897.029769
 12 00 00 00 01 00 00 00

005:003:000:STREAM             1333485897.101765
 12 00 00 00 01 00 00 00

005:003:000:STREAM             1333485897.157771
 12 00 00 00 01 00 00 00

005:003:000:STREAM             1333485897.229765
 12 00 00 00 01 00 00 00

005:003:000:STREAM             1333485897.285761
 12 00 00 00 01 00 00 00

005:003:000:STREAM             1333485898.485764
 07 02 01 03 00 00 00 00

005:003:000:STREAM             1333485898.493744
 12 00 00 00 00 00 00 00

005:003:000:STREAM             1333485898.517766
 07 02 01 03 00 00 00 00

005:003:000:STREAM             1333485898.565768
 12 00 00 00 00 00 00 00

005:003:000:STREAM             1333485899.541760
 12 00 00 00 FF 00 00 00

005:003:000:STREAM             1333485899.629771
 12 00 00 00 FF 00 00 00

005:003:000:STREAM             1333485899.693766
 12 00 00 00 FF 00 00 00

005:003:000:STREAM             1333485899.765761
 12 00 00 00 FF 00 00 00

005:003:000:STREAM             1333485899.829768
 12 00 00 00 FF 00 00 00

005:003:000:STREAM             1333485899.901769
 12 00 00 00 FF 00 00 00

005:003:000:STREAM             1333485899.957764
 12 00 00 00 FF 00 00 00

005:003:000:STREAM             1333485900.701760
 12 00 00 00 FF 00 00 00

005:003:000:STREAM             1333485900.829769
 12 00 00 00 FF 00 00 00

005:003:000:STREAM             1333485900.965764
 12 00 00 00 FF 00 00 00

005:003:000:STREAM             1333485901.045766
 12 00 00 00 FF 00 00 00

005:003:000:STREAM             1333485901.141773
 12 00 00 00 FF 00 00 00

005:003:000:STREAM             1333485901.213771
 12 00 00 00 FF 00 00 00

005:003:000:STREAM             1333485901.293762
 12 00 00 00 FF 00 00 00

005:003:000:STREAM             1333485901.381759
 12 00 00 00 FF 00 00 00

005:003:000:STREAM             1333485901.437765
 12 00 00 00 FF 00 00 00

005:003:000:STREAM             1333485902.349764
 12 00 00 00 FF 00 00 00

005:003:000:STREAM             1333485902.421766
 12 00 00 00 FF 00 00 00

005:003:000:STREAM             1333485902.485769
 12 00 00 00 FF 00 00 00

005:003:000:STREAM             1333485902.549767
 12 00 00 00 FF 00 00 00

005:003:000:STREAM             1333485902.629765
 12 00 00 00 FF 00 00 00

005:003:000:STREAM             1333485902.725764
 12 00 00 00 FF 00 00 00

005:003:000:STREAM             1333485902.789769
 12 00 00 00 FF 00 00 00

005:003:000:STREAM             1333485902.845771
 12 00 00 00 FF 00 00 00

005:003:000:STREAM             1333485902.901763
 12 00 00 00 FF 00 00 00

005:003:000:STREAM             1333485902.965765
 12 00 00 00 FF 00 00 00

005:003:000:STREAM             1333485903.069764
 12 00 00 00 FF 00 00 00

005:003:000:STREAM             1333485903.701762
 12 00 00 00 01 00 00 00

005:003:000:STREAM             1333485903.805773
 12 00 00 00 01 00 00 00

005:003:000:STREAM             1333485903.869764
 12 00 00 00 01 00 00 00

005:003:000:STREAM             1333485903.925774
 12 00 00 00 01 00 00 00

005:003:000:STREAM             1333485903.989763
 12 00 00 00 01 00 00 00

005:003:000:STREAM             1333485904.061762
 12 00 00 00 01 00 00 00

005:003:000:STREAM             1333485904.141763
 12 00 00 00 01 00 00 00

005:003:000:STREAM             1333485904.213772
 12 00 00 00 01 00 00 00

005:003:000:STREAM             1333485904.269772
 12 00 00 00 01 00 00 00

005:003:000:STREAM             1333485904.373765
 12 00 00 00 01 00 00 00

005:003:000:STREAM             1333485904.453738
 12 00 00 00 01 00 00 00

005:003:000:STREAM             1333485904.517766
 12 00 00 00 01 00 00 00

005:003:000:STREAM             1333485905.365763
 12 00 00 00 01 00 00 00

005:003:000:STREAM             1333485905.485764
 12 00 00 00 01 00 00 00

005:003:000:STREAM             1333485905.581762
 12 00 00 00 01 00 00 00

005:003:000:STREAM             1333485905.669767
 12 00 00 00 01 00 00 00

005:003:000:STREAM             1333485905.741770
 12 00 00 00 01 00 00 00

005:003:000:STREAM             1333485905.805763
 12 00 00 00 01 00 00 00

005:003:000:STREAM             1333485905.901760
 12 00 00 00 01 00 00 00

005:003:000:STREAM             1333485905.965770
 12 00 00 00 01 00 00 00

005:003:000:STREAM             1333485906.029768
 12 00 00 00 01 00 00 00

005:003:000:STREAM             1333485906.125762
 12 00 00 00 01 00 00 00

005:003:000:STREAM             1333485906.197762
 12 00 00 00 01 00 00 00

005:003:000:STREAM             1333485906.261772
 12 00 00 00 01 00 00 00

005:003:000:STREAM             1333485907.093763
 12 00 00 00 01 00 00 00

005:003:000:STREAM             1333485907.189772
 12 00 00 00 01 00 00 00

005:003:000:STREAM             1333485907.261768
 12 00 00 00 01 00 00 00

005:003:000:STREAM             1333485907.325766
 12 00 00 00 01 00 00 00

005:003:000:STREAM             1333485907.397768
 12 00 00 00 01 00 00 00

005:003:000:STREAM             1333485907.485772
 12 00 00 00 01 00 00 00

005:003:000:STREAM             1333485907.557767
 12 00 00 00 01 00 00 00

005:003:000:STREAM             1333485907.621764
 12 00 00 00 01 00 00 00

005:003:000:STREAM             1333485907.677772
 12 00 00 00 01 00 00 00

005:003:000:STREAM             1333485907.741764
 12 00 00 00 01 00 00 00

005:003:000:STREAM             1333485907.805770
 12 00 00 00 01 00 00 00

005:003:000:STREAM             1333485907.901765
 12 00 00 00 01 00 00 00

005:003:000:STREAM             1333485908.677763
 12 00 00 00 01 00 00 00

005:003:000:STREAM             1333485908.773772
 12 00 00 00 01 00 00 00

005:003:000:STREAM             1333485908.853762
 12 00 00 00 01 00 00 00

005:003:000:STREAM             1333485908.925769
 12 00 00 00 01 00 00 00

005:003:000:STREAM             1333485909.021767
 12 00 00 00 01 00 00 00

005:003:000:STREAM             1333485909.093765
 12 00 00 00 01 00 00 00

005:003:000:STREAM             1333485909.165762
 12 00 00 00 01 00 00 00

005:003:000:STREAM             1333485909.261773
 12 00 00 00 01 00 00 00

005:003:000:STREAM             1333485910.701765
 07 02 01 04 00 00 00 00

005:003:000:STREAM             1333485910.709747
 12 00 00 00 00 00 00 00

005:003:000:STREAM             1333485911.805769
 12 00 00 00 FF 00 00 00

005:003:000:STREAM             1333485911.885771
 12 00 00 00 FF 00 00 00

005:003:000:STREAM             1333485911.949765
 12 00 00 00 FF 00 00 00

005:003:000:STREAM             1333485912.021768
 12 00 00 00 FF 00 00 00

005:003:000:STREAM             1333485912.093769
 12 00 00 00 FF 00 00 00

005:003:000:STREAM             1333485912.173766
 12 00 00 00 FF 00 00 00

005:003:000:STREAM             1333485912.277764
 12 00 00 00 FF 00 00 00

005:003:000:STREAM             1333485912.357764
 12 00 00 00 FF 00 00 00

005:003:000:STREAM             1333485912.421770
 12 00 00 00 FF 00 00 00

005:003:000:STREAM             1333485912.477774
 12 00 00 00 FF 00 00 00

005:003:000:STREAM             1333485912.565767
 12 00 00 00 FF 00 00 00

005:003:000:STREAM             1333485913.365762
 12 00 00 00 FF 00 00 00

005:003:000:STREAM             1333485913.453763
 12 00 00 00 FF 00 00 00

005:003:000:STREAM             1333485913.525770
 12 00 00 00 FF 00 00 00

005:003:000:STREAM             1333485913.597764
 12 00 00 00 FF 00 00 00

005:003:000:STREAM             1333485913.669764
 12 00 00 00 FF 00 00 00

005:003:000:STREAM             1333485913.741768
 12 00 00 00 FF 00 00 00

005:003:000:STREAM             1333485913.821768
 12 00 00 00 FF 00 00 00

005:003:000:STREAM             1333485913.909766
 12 00 00 00 FF 00 00 00

005:003:000:STREAM             1333485913.981768
 12 00 00 00 FF 00 00 00

005:003:000:STREAM             1333485914.085762
 12 00 00 00 FF 00 00 00

005:003:000:STREAM             1333485914.885764
 12 00 00 00 FF 00 00 00

005:003:000:STREAM             1333485915.021764
 12 00 00 00 FF 00 00 00

005:003:000:STREAM             1333485915.093770
 12 00 00 00 FF 00 00 00

005:003:000:STREAM             1333485915.149777
 12 00 00 00 FF 00 00 00

005:003:000:STREAM             1333485915.221766
 12 00 00 00 FF 00 00 00

005:003:000:STREAM             1333485915.309761
 12 00 00 00 FF 00 00 00

005:003:000:STREAM             1333485915.397759
 12 00 00 00 FF 00 00 00

005:003:000:STREAM             1333485915.485768
 12 00 00 00 FF 00 00 00

005:003:000:STREAM             1333485915.557767
 12 00 00 00 FF 00 00 00

005:003:000:STREAM             1333485915.637770
 12 00 00 00 FF 00 00 00

005:003:000:STREAM             1333485915.749766
 12 00 00 00 FF 00 00 00

005:003:000:STREAM             1333485915.845760
 12 00 00 00 FF 00 00 00

005:003:000:STREAM             1333485916.341763
 12 00 00 00 01 00 00 00

005:003:000:STREAM             1333485916.429775
 12 00 00 00 01 00 00 00

005:003:000:STREAM             1333485916.501768
 12 00 00 00 01 00 00 00

005:003:000:STREAM             1333485916.565768
 12 00 00 00 01 00 00 00

005:003:000:STREAM             1333485916.637775
 12 00 00 00 01 00 00 00

005:003:000:STREAM             1333485916.717768
 12 00 00 00 01 00 00 00

005:003:000:STREAM             1333485916.805768
 12 00 00 00 01 00 00 00

005:003:000:STREAM             1333485916.877765
 12 00 00 00 01 00 00 00

005:003:000:STREAM             1333485916.957768
 12 00 00 00 01 00 00 00

005:003:000:STREAM             1333485917.029768
 12 00 00 00 01 00 00 00

005:003:000:STREAM             1333485917.125772
 12 00 00 00 01 00 00 00

005:003:000:STREAM             1333485917.197777
 12 00 00 00 01 00 00 00

005:003:000:STREAM             1333485918.133763
 12 00 00 00 01 00 00 00

005:003:000:STREAM             1333485918.205765
 12 00 00 00 01 00 00 00

005:003:000:STREAM             1333485918.277764
 12 00 00 00 01 00 00 00

005:003:000:STREAM             1333485918.357768
 12 00 00 00 01 00 00 00

005:003:000:STREAM             1333485918.429770
 12 00 00 00 01 00 00 00

005:003:000:STREAM             1333485918.501764
 12 00 00 00 01 00 00 00

005:003:000:STREAM             1333485918.589766
 12 00 00 00 01 00 00 00

005:003:000:STREAM             1333485918.661774
 12 00 00 00 01 00 00 00

005:003:000:STREAM             1333485918.725775
 12 00 00 00 01 00 00 00

005:003:000:STREAM             1333485918.789764
 12 00 00 00 01 00 00 00

005:003:000:STREAM             1333485918.845777
 12 00 00 00 01 00 00 00

005:003:000:STREAM             1333485918.917772
 12 00 00 00 01 00 00 00

005:003:000:STREAM             1333485919.717759
 12 00 00 00 01 00 00 00

005:003:000:STREAM             1333485919.781768
 12 00 00 00 01 00 00 00

005:003:000:STREAM             1333485919.845771
 12 00 00 00 01 00 00 00

005:003:000:STREAM             1333485919.909772
 12 00 00 00 01 00 00 00

005:003:000:STREAM             1333485919.981772
 12 00 00 00 01 00 00 00

005:003:000:STREAM             1333485920.053767
 12 00 00 00 01 00 00 00

005:003:000:STREAM             1333485920.109774
 12 00 00 00 01 00 00 00

005:003:000:STREAM             1333485920.229764
 12 00 00 00 01 00 00 00

005:003:000:STREAM             1333485920.309767
 12 00 00 00 01 00 00 00

005:003:000:STREAM             1333485920.373773
 12 00 00 00 01 00 00 00

005:003:000:STREAM             1333485920.437772
 12 00 00 00 01 00 00 00

005:003:000:STREAM             1333485920.501775
 12 00 00 00 01 00 00 00

005:003:000:STREAM             1333485920.637773
 12 00 00 00 01 00 00 00

005:003:000:STREAM             1333485921.429767
 12 00 00 00 01 00 00 00

005:003:000:STREAM             1333485921.517774
 12 00 00 00 01 00 00 00

005:003:000:STREAM             1333485921.597767
 12 00 00 00 01 00 00 00

005:003:000:STREAM             1333485921.677766
 12 00 00 00 01 00 00 00

005:003:000:STREAM             1333485921.757771
 12 00 00 00 01 00 00 00

005:003:000:STREAM             1333485921.837770
 12 00 00 00 01 00 00 00

005:003:000:STREAM             1333485921.917771
 12 00 00 00 01 00 00 00

005:003:000:STREAM             1333485921.981769
 12 00 00 00 01 00 00 00

005:003:000:STREAM             1333485922.045771
 12 00 00 00 01 00 00 00

005:003:000:STREAM             1333485922.101780
 12 00 00 00 01 00 00 00

005:003:000:STREAM             1333485922.149773
 12 00 00 00 01 00 00 00

005:003:000:STREAM             1333485922.253770
 12 00 00 00 01 00 00 00

