005:003:000:STREAM             1333485822.013767
 07 02 01 01 00 00 00 00

005:003:000:STREAM             1333485822.221755
 12 00 00 00 00 00 00 00

005:003:000:STREAM             1333485823.933746
 12 00 00 00 FF 00 00 00

005:003:000:STREAM             1333485824.061752
 12 00 00 00 FF 00 00 00

005:003:000:STREAM             1333485824.165752
 12 00 00 00 FF 00 00 00

005:003:000:STREAM             1333485824.269754
 12 00 00 00 FF 00 00 00

005:003:000:STREAM             1333485824.349749
 12 00 00 00 FF 00 00 00

005:003:000:STREAM             1333485824.445749
 12 00 00 00 FF 00 00 00

005:003:000:STREAM             1333485824.549752
 12 00 00 00 FF 00 00 00

005:003:000:STREAM             1333485824.645747
 12 00 00 00 FF 00 00 00

005:003:000:STREAM             1333485824.757752
 12 00 00 00 FF 00 00 00

005:003:000:STREAM             1333485825.701748
 12 00 00 00 FF 00 00 00

005:003:000:STREAM             1333485825.805757
 12 00 00 00 FF 00 00 00

005:003:000:STREAM             1333485825.901752
 12 00 00 00 FF 00 00 00

005:003:000:STREAM             1333485825.981752
 12 00 00 00 FF 00 00 00

005:003:000:STREAM             1333485826.045748
 12 00 00 00 FF 00 00 00

005:003:000:STREAM             1333485826.093755
 12 00 00 00 FF 00 00 00

005:003:000:STREAM             1333485826.157748
 12 00 00 00 FF 00 00 00

005:003:000:STREAM             1333485826.229746
 12 00 00 00 FF 00 00 00

005:003:000:STREAM             1333485827.085748
 12 00 00 00 FF 00 00 00

005:003:000:STREAM             1333485827.149747
 12 00 00 00 FF 00 00 00

005:003:000:STREAM             1333485827.213753
 12 00 00 00 FF 00 00 00

005:003:000:STREAM             1333485827.285749
 12 00 00 00 FF 00 00 00

005:003:000:STREAM             1333485827.381747
 12 00 00 00 FF 00 00 00

005:003:000:STREAM             1333485827.437752
 12 00 00 00 FF 00 00 00

005:003:000:STREAM             1333485827.501749
 12 00 00 00 FF 00 00 00

005:003:000:STREAM             1333485827.581745
 12 00 00 00 FF 00 00 00

005:003:000:STREAM             1333485827.661747
 12 00 00 00 FF 00 00 00

005:003:000:STREAM             1333485827.757747
 12 00 00 00 FF 00 00 00

005:003:000:STREAM             1333485827.917749
 12 00 00 00 FF 00 00 00

005:003:000:STREAM             1333485828.637746
 12 00 00 00 FF 00 00 00

005:003:000:STREAM             1333485828.717750
 12 00 00 00 FF 00 00 00

005:003:000:STREAM             1333485828.813746
 12 00 00 00 FF 00 00 00

005:003:000:STREAM             1333485828.909746
 12 00 00 00 FF 00 00 00

005:003:000:STREAM             1333485828.989747
 12 00 00 00 FF 00 00 00

005:003:000:STREAM             1333485829.061753
 12 00 00 00 FF 00 00 00

005:003:000:STREAM             1333485829.133756
 12 00 00 00 FF 00 00 00

005:003:000:STREAM             1333485829.197752
 12 00 00 00 FF 00 00 00

005:003:000:STREAM             1333485829.509744
 12 00 00 00 01 00 00 00

005:003:000:STREAM             1333485829.581752
 12 00 00 00 01 00 00 00

005:003:000:STREAM             1333485829.645754
 12 00 00 00 01 00 00 00

005:003:000:STREAM             1333485829.733748
 12 00 00 00 01 00 00 00

005:003:000:STREAM             1333485829.797750
 12 00 00 00 01 00 00 00

005:003:000:STREAM             1333485829.853759
 12 00 00 00 01 00 00 00

005:003:000:STREAM             1333485829.909746
 12 00 00 00 01 00 00 00

005:003:000:STREAM             1333485829.957756
 12 00 00 00 01 00 00 00

005:003:000:STREAM             1333485830.013747
 12 00 00 00 01 00 00 00

005:003:000:STREAM             1333485830.677749
 12 00 00 00 01 00 00 00

005:003:000:STREAM             1333485830.781757
 12 00 00 00 01 00 00 00

005:003:000:STREAM             1333485830.861750
 12 00 00 00 01 00 00 00

005:003:000:STREAM             1333485830.925755
 12 00 00 00 01 00 00 00

005:003:000:STREAM             1333485831.013753
 12 00 00 00 01 00 00 00

005:003:000:STREAM             1333485831.069757
 12 00 00 00 01 00 00 00

005:003:000:STREAM             1333485831.125754
 12 00 00 00 01 00 00 00

005:003:000:STREAM             1333485831.181755
 12 00 00 00 01 00 00 00

005:003:000:STREAM             1333485831.245747
 12 00 00 00 01 00 00 00

005:003:000:STREAM             1333485832.021745
 12 00 00 00 01 00 00 00

005:003:000:STREAM             1333485832.133753
 12 00 00 00 01 00 00 00

005:003:000:STREAM             1333485832.189752
 12 00 00 00 01 00 00 00

005:003:000:STREAM             1333485832.261749
 12 00 00 00 01 00 00 00

005:003:000:STREAM             1333485832.333752
 12 00 00 00 01 00 00 00

005:003:000:STREAM             1333485832.397749
 12 00 00 00 01 00 00 00

005:003:000:STREAM             1333485832.469744
 12 00 00 00 01 00 00 00

005:003:000:STREAM             1333485832.533757
 12 00 00 00 01 00 00 00

005:003:000:STREAM             1333485832.589755
 12 00 00 00 01 00 00 00

005:003:000:STREAM             1333485832.645756
 12 00 00 00 01 00 00 00

005:003:000:STREAM             1333485832.701755
 12 00 00 00 01 00 00 00

005:003:000:STREAM             1333485833.533751
 07 02 01 02 00 00 00 00

005:003:000:STREAM             1333485833.661753
 12 00 00 00 00 00 00 00

005:003:000:STREAM             1333485834.621745
 12 00 00 00 FF 00 00 00

005:003:000:STREAM             1333485834.733750
 12 00 00 00 FF 00 00 00

005:003:000:STREAM             1333485834.813754
 12 00 00 00 FF 00 00 00

005:003:000:STREAM             1333485834.885755
 12 00 00 00 FF 00 00 00

005:003:000:STREAM             1333485834.989751
 12 00 00 00 FF 00 00 00

005:003:000:STREAM             1333485835.077752
 12 00 00 00 FF 00 00 00

005:003:000:STREAM             1333485835.157752
 12 00 00 00 FF 00 00 00

005:003:000:STREAM             1333485835.237746
 12 00 00 00 FF 00 00 00

005:003:000:STREAM             1333485835.309754
 12 00 00 00 FF 00 00 00

005:003:000:STREAM             1333485835.365757
 12 00 00 00 FF 00 00 00

005:003:000:STREAM             1333485835.453750
 12 00 00 00 FF 00 00 00

005:003:000:STREAM             1333485836.213756
 12 00 00 00 FF 00 00 00

005:003:000:STREAM             1333485836.317750
 12 00 00 00 FF 00 00 00

005:003:000:STREAM             1333485836.405750
 12 00 00 00 FF 00 00 00

005:003:000:STREAM             1333485836.461752
 12 00 00 00 FF 00 00 00

005:003:000:STREAM             1333485836.533757
 12 00 00 00 FF 00 00 00

005:003:000:STREAM             1333485836.629752
 12 00 00 00 FF 00 00 00

005:003:000:STREAM             1333485836.709751
 12 00 00 00 FF 00 00 00

005:003:000:STREAM             1333485836.773755
 12 00 00 00 FF 00 00 00

005:003:000:STREAM             1333485836.845754
 12 00 00 00 FF 00 00 00

005:003:000:STREAM             1333485836.925752
 12 00 00 00 FF 00 00 00

005:003:000:STREAM             1333485837.621752
 12 00 00 00 FF 00 00 00

005:003:000:STREAM             1333485837.757750
 12 00 00 00 FF 00 00 00

005:003:000:STREAM             1333485837.829752
 12 00 00 00 FF 00 00 00

005:003:000:STREAM             1333485837.933751
 12 00 00 00 FF 00 00 00

005:003:000:STREAM             1333485838.013757
 12 00 00 00 FF 00 00 00

005:003:000:STREAM             1333485838.085755
 12 00 00 00 FF 00 00 00

005:003:000:STREAM             1333485838.149755
 12 00 00 00 FF 00 00 00

005:003:000:STREAM             1333485838.229757
 12 00 00 00 FF 00 00 00

005:003:000:STREAM             1333485838.293755
 12 00 00 00 FF 00 00 00

005:003:000:STREAM             1333485838.381752
 12 00 00 00 FF 00 00 00

005:003:000:STREAM             1333485839.013750
 12 00 00 00 01 00 00 00

005:003:000:STREAM             1333485839.101753
 12 00 00 00 01 00 00 00

005:003:000:STREAM             1333485839.165748
 12 00 00 00 01 00 00 00

005:003:000:STREAM             1333485839.229758
 12 00 00 00 01 00 00 00

005:003:000:STREAM             1333485839.293757
 12 00 00 00 01 00 00 00

005:003:000:STREAM             1333485839.389754
 12 00 00 00 01 00 00 00

005:003:000:STREAM             1333485839.461753
 12 00 00 00 01 00 00 00

005:003:000:STREAM             1333485839.525757
 12 00 00 00 01 00 00 00

005:003:000:STREAM             1333485839.581758
 12 00 00 00 01 00 00 00

005:003:000:STREAM             1333485839.637747
 12 00 00 00 01 00 00 00

005:003:000:STREAM             1333485839.693763
 12 00 00 00 01 00 00 00

005:003:000:STREAM             1333485840.501749
 12 00 00 00 01 00 00 00

005:003:000:STREAM             1333485840.589754
 12 00 00 00 01 00 00 00

005:003:000:STREAM             1333485840.653751
 12 00 00 00 01 00 00 00

005:003:000:STREAM             1333485840.709758
 12 00 00 00 01 00 00 00

005:003:000:STREAM             1333485840.773756
 12 00 00 00 01 00 00 00

005:003:000:STREAM             1333485840.861749
 12 00 00 00 01 00 00 00

005:003:000:STREAM             1333485840.925757
 12 00 00 00 01 00 00 00

005:003:000:STREAM             1333485840.997754
 12 00 00 00 01 00 00 00

005:003:000:STREAM             1333485841.053752
 12 00 00 00 01 00 00 00

005:003:000:STREAM             1333485841.117727
 12 00 00 00 01 00 00 00

005:003:000:STREAM             1333485841.173748
 12 00 00 00 01 00 00 00

005:003:000:STREAM             1333485841.237756
 12 00 00 00 01 00 00 00

005:003:000:STREAM             1333485842.133750
 12 00 00 00 01 00 00 00

005:003:000:STREAM             1333485842.189755
 12 00 00 00 01 00 00 00

005:003:000:STREAM             1333485842.245757
 12 00 00 00 01 00 00 00

005:003:000:STREAM             1333485842.293758
 12 00 00 00 01 00 00 00

005:003:000:STREAM             1333485842.381753
 12 00 00 00 01 00 00 00

005:003:000:STREAM             1333485842.445753
 12 00 00 00 01 00 00 00

005:003:000:STREAM             1333485842.509750
 12 00 00 00 01 00 00 00

005:003:000:STREAM             1333485842.565758
 12 00 00 00 01 00 00 00

005:003:000:STREAM             1333485842.629759
 12 00 00 00 01 00 00 00

005:003:000:STREAM             1333485842.685762
 12 00 00 00 01 00 00 00

005:003:000:STREAM             1333485842.741753
 12 00 00 00 01 00 00 00

005:003:000:STREAM             1333485842.813752
 12 00 00 00 01 00 00 00

005:003:000:STREAM             1333485843.765755
 07 02 01 03 00 00 00 00

005:003:000:STREAM             1333485843.853750
 12 00 00 00 00 00 00 00

005:003:000:STREAM             1333485844.861753
 12 00 00 00 FF 00 00 00

005:003:000:STREAM             1333485844.981751
 12 00 00 00 FF 00 00 00

005:003:000:STREAM             1333485845.093753
 12 00 00 00 FF 00 00 00

005:003:000:STREAM             1333485845.197756
 12 00 00 00 FF 00 00 00

005:003:000:STREAM             1333485845.349754
 12 00 00 00 FF 00 00 00

005:003:000:STREAM             1333485845.469725
 12 00 00 00 FF 00 00 00

005:003:000:STREAM             1333485845.581750
 12 00 00 00 FF 00 00 00

005:003:000:STREAM             1333485845.693750
 12 00 00 00 FF 00 00 00

005:003:000:STREAM             1333485846.517751
 12 00 00 00 FF 00 00 00

005:003:000:STREAM             1333485846.693751
 12 00 00 00 FF 00 00 00

005:003:000:STREAM             1333485846.797761
 12 00 00 00 FF 00 00 00

005:003:000:STREAM             1333485846.901757
 12 00 00 00 FF 00 00 00

005:003:000:STREAM             1333485846.989754
 12 00 00 00 FF 00 00 00

005:003:000:STREAM             1333485847.101751
 12 00 00 00 FF 00 00 00

005:003:000:STREAM             1333485847.221752
 12 00 00 00 FF 00 00 00

005:003:000:STREAM             1333485847.301759
 12 00 00 00 FF 00 00 00

005:003:000:STREAM             1333485848.061749
 12 00 00 00 FF 00 00 00

005:003:000:STREAM             1333485848.221755
 12 00 00 00 FF 00 00 00

005:003:000:STREAM             1333485848.325756
 12 00 00 00 FF 00 00 00

005:003:000:STREAM             1333485848.421755
 12 00 00 00 FF 00 00 00

005:003:000:STREAM             1333485848.501756
 12 00 00 00 FF 00 00 00

005:003:000:STREAM             1333485848.629752
 12 00 00 00 FF 00 00 00

005:003:000:STREAM             1333485848.733758
 12 00 00 00 FF 00 00 00

005:003:000:STREAM             1333485848.805760
 12 00 00 00 FF 00 00 00

005:003:000:STREAM             1333485849.613749
 12 00 00 00 01 00 00 00

005:003:000:STREAM             1333485849.685752
 12 00 00 00 01 00 00 00

005:003:000:STREAM             1333485849.741762
 12 00 00 00 01 00 00 00

005:003:000:STREAM             1333485849.805751
 12 00 00 00 01 00 00 00

005:003:000:STREAM             1333485849.877752
 12 00 00 00 01 00 00 00

005:003:000:STREAM             1333485849.957756
 12 00 00 00 01 00 00 00

005:003:000:STREAM             1333485850.053754
 12 00 00 00 01 00 00 00

005:003:000:STREAM             1333485850.125755
 12 00 00 00 01 00 00 00

005:003:000:STREAM             1333485850.189756
 12 00 00 00 01 00 00 00

005:003:000:STREAM             1333485850.261759
 12 00 00 00 01 00 00 00

005:003:000:STREAM             1333485850.333753
 12 00 00 00 01 00 00 00

005:003:000:STREAM             1333485851.221751
 12 00 00 00 01 00 00 00

005:003:000:STREAM             1333485851.341752
 12 00 00 00 01 00 00 00

005:003:000:STREAM             1333485851.421752
 12 00 00 00 01 00 00 00

005:003:000:STREAM             1333485851.485758
 12 00 00 00 01 00 00 00

005:003:000:STREAM             1333485851.565752
 12 00 00 00 01 00 00 00

005:003:000:STREAM             1333485851.629755
 12 00 00 00 01 00 00 00

005:003:000:STREAM             1333485851.709754
 12 00 00 00 01 00 00 00

005:003:000:STREAM             1333485851.789761
 12 00 00 00 01 00 00 00

005:003:000:STREAM             1333485851.861756
 12 00 00 00 01 00 00 00

005:003:000:STREAM             1333485851.925752
 12 00 00 00 01 00 00 00

005:003:000:STREAM             1333485851.989755
 12 00 00 00 01 00 00 00

005:003:000:STREAM             1333485852.077751
 12 00 00 00 01 00 00 00

005:003:000:STREAM             1333485852.933754
 12 00 00 00 01 00 00 00

005:003:000:STREAM             1333485853.013757
 12 00 00 00 01 00 00 00

005:003:000:STREAM             1333485853.085752
 12 00 00 00 01 00 00 00

005:003:000:STREAM             1333485853.157754
 12 00 00 00 01 00 00 00

005:003:000:STREAM             1333485853.221756
 12 00 00 00 01 00 00 00

005:003:000:STREAM             1333485853.301751
 12 00 00 00 01 00 00 00

005:003:000:STREAM             1333485853.373754
 12 00 00 00 01 00 00 00

005:003:000:STREAM             1333485853.461755
 12 00 00 00 01 00 00 00

005:003:000:STREAM             1333485853.533757
 12 00 00 00 01 00 00 00

005:003:000:STREAM             1333485853.605758
 12 00 00 00 01 00 00 00

005:003:000:STREAM             1333485853.669753
 12 00 00 00 01 00 00 00

005:003:000:STREAM             1333485853.749759
 12 00 00 00 01 00 00 00

005:003:000:STREAM             1333485853.925752
 12 00 00 00 01 00 00 00

005:003:000:STREAM             1333485857.197755
 07 02 01 04 00 00 00 00

005:003:000:STREAM             1333485857.405733
 12 00 00 00 00 00 00 00

005:003:000:STREAM             1333485858.293752
 12 00 00 00 FF 00 00 00

005:003:000:STREAM             1333485858.405750
 12 00 00 00 FF 00 00 00

005:003:000:STREAM             1333485858.493755
 12 00 00 00 FF 00 00 00

005:003:000:STREAM             1333485858.573758
 12 00 00 00 FF 00 00 00

005:003:000:STREAM             1333485858.653758
 12 00 00 00 FF 00 00 00

005:003:000:STREAM             1333485858.717760
 12 00 00 00 FF 00 00 00

005:003:000:STREAM             1333485858.813753
 12 00 00 00 FF 00 00 00

005:003:000:STREAM             1333485858.901759
 12 00 00 00 FF 00 00 00

005:003:000:STREAM             1333485859.029754
 12 00 00 00 FF 00 00 00

005:003:000:STREAM             1333485859.941758
 12 00 00 00 FF 00 00 00

005:003:000:STREAM             1333485860.149750
 12 00 00 00 FF 00 00 00

005:003:000:STREAM             1333485860.261752
 12 00 00 00 FF 00 00 00

005:003:000:STREAM             1333485860.341754
 12 00 00 00 FF 00 00 00

005:003:000:STREAM             1333485860.445758
 12 00 00 00 FF 00 00 00

005:003:000:STREAM             1333485860.533754
 12 00 00 00 FF 00 00 00

005:003:000:STREAM             1333485860.637761
 12 00 00 00 FF 00 00 00

005:003:000:STREAM             1333485860.733752
 12 00 00 00 FF 00 00 00

005:003:000:STREAM             1333485860.821759
 12 00 00 00 FF 00 00 00

005:003:000:STREAM             1333485860.917757
 12 00 00 00 FF 00 00 00

005:003:000:STREAM             1333485861.733749
 12 00 00 00 FF 00 00 00

005:003:000:STREAM             1333485861.813761
 12 00 00 00 FF 00 00 00

005:003:000:STREAM             1333485861.877758
 12 00 00 00 FF 00 00 00

005:003:000:STREAM             1333485861.957762
 12 00 00 00 FF 00 00 00

005:003:000:STREAM             1333485862.077754
 12 00 00 00 FF 00 00 00

005:003:000:STREAM             1333485862.157757
 12 00 00 00 FF 00 00 00

005:003:000:STREAM             1333485862.261756
 12 00 00 00 FF 00 00 00

005:003:000:STREAM             1333485862.349760
 12 00 00 00 FF 00 00 00

005:003:000:STREAM             1333485862.429761
 12 00 00 00 FF 00 00 00

005:003:000:STREAM             1333485862.525754
 12 00 00 00 FF 00 00 00

005:003:000:STREAM             1333485863.301756
 12 00 00 00 01 00 00 00

005:003:000:STREAM             1333485863.381762
 12 00 00 00 01 00 00 00

005:003:000:STREAM             1333485863.453754
 12 00 00 00 01 00 00 00

005:003:000:STREAM             1333485863.525756
 12 00 00 00 01 00 00 00

005:003:000:STREAM             1333485863.581764
 12 00 00 00 01 00 00 00

005:003:000:STREAM             1333485863.685755
 12 00 00 00 01 00 00 00

005:003:000:STREAM             1333485863.781763
 12 00 00 00 01 00 00 00

005:003:000:STREAM             1333485863.837762
 12 00 00 00 01 00 00 00

005:003:000:STREAM             1333485863.909755
 12 00 00 00 01 00 00 00

005:003:000:STREAM             1333485863.973757
 12 00 00 00 01 00 00 00

005:003:000:STREAM             1333485864.045756
 12 00 00 00 01 00 00 00

005:003:000:STREAM             1333485864.885751
 12 00 00 00 01 00 00 00

005:003:000:STREAM             1333485864.981754
 12 00 00 00 01 00 00 00

005:003:000:STREAM             1333485865.053755
 12 00 00 00 01 00 00 00

005:003:000:STREAM             1333485865.125763
 12 00 00 00 01 00 00 00

005:003:000:STREAM             1333485865.189762
 12 00 00 00 01 00 00 00

005:003:000:STREAM             1333485865.261757
 12 00 00 00 01 00 00 00

005:003:000:STREAM             1333485865.341754
 12 00 00 00 01 00 00 00

005:003:000:STREAM             1333485865.405735
 12 00 00 00 01 00 00 00

005:003:000:STREAM             1333485865.461753
 12 00 00 00 01 00 00 00

005:003:000:STREAM             1333485865.517758
 12 00 00 00 01 00 00 00

005:003:000:STREAM             1333485865.589761
 12 00 00 00 01 00 00 00

005:003:000:STREAM             1333485866.549754
 12 00 00 00 01 00 00 00

005:003:000:STREAM             1333485866.669751
 12 00 00 00 01 00 00 00

005:003:000:STREAM             1333485866.733757
 12 00 00 00 01 00 00 00

005:003:000:STREAM             1333485866.797758
 12 00 00 00 01 00 00 00

005:003:000:STREAM             1333485866.869764
 12 00 00 00 01 00 00 00

005:003:000:STREAM             1333485866.941756
 12 00 00 00 01 00 00 00

005:003:000:STREAM             1333485867.005760
 12 00 00 00 01 00 00 00

005:003:000:STREAM             1333485867.053763
 12 00 00 00 01 00 00 00

005:003:000:STREAM             1333485867.125763
 12 00 00 00 01 00 00 00

005:003:000:STREAM             1333485867.181752
 12 00 00 00 01 00 00 00

005:003:000:STREAM             1333485867.245764
 12 00 00 00 01 00 00 00

005:003:000:STREAM             1333485867.301767
 12 00 00 00 01 00 00 00

005:003:000:STREAM             1333485867.381761
 12 00 00 00 01 00 00 00

