005:003:000:STREAM             1333486128.805834
 12 01 00 00 00 00 00 00

005:003:000:STREAM             1333486129.213813
 12 00 00 00 00 00 00 00

005:003:000:STREAM             1333486130.141804
 12 02 00 00 00 00 00 00

005:003:000:STREAM             1333486130.517810
 12 00 00 00 00 00 00 00

005:003:000:STREAM             1333486131.533809
 12 04 00 00 00 00 00 00

005:003:000:STREAM             1333486131.917805
 12 00 00 00 00 00 00 00

005:003:000:STREAM             1333486132.773817
 12 08 00 00 00 00 00 00

005:003:000:STREAM             1333486133.181808
 12 00 00 00 00 00 00 00

