005:003:000:STREAM             1333486111.749827
 12 01 00 00 00 00 00 00

005:003:000:STREAM             1333486112.037800
 12 00 00 00 00 00 00 00

005:003:000:STREAM             1333486113.157805
 12 02 00 00 00 00 00 00

005:003:000:STREAM             1333486113.629803
 12 00 00 00 00 00 00 00

005:003:000:STREAM             1333486114.597798
 12 04 00 00 00 00 00 00

005:003:000:STREAM             1333486114.997798
 12 00 00 00 00 00 00 00

005:003:000:STREAM             1333486115.733801
 12 08 00 00 00 00 00 00

005:003:000:STREAM             1333486116.245802
 12 00 00 00 00 00 00 00

