005:003:000:STREAM             1333485932.645765
 07 02 01 01 00 00 00 00

005:003:000:STREAM             1333485932.805780
 12 00 00 00 00 00 00 00

005:003:000:STREAM             1333485934.701771
 12 00 00 00 FF 00 00 00

005:003:000:STREAM             1333485934.837782
 12 00 00 00 FF 00 00 00

005:003:000:STREAM             1333485934.917777
 12 00 00 00 FF 00 00 00

005:003:000:STREAM             1333485935.005769
 12 00 00 00 FF 00 00 00

005:003:000:STREAM             1333485935.069773
 12 00 00 00 FF 00 00 00

005:003:000:STREAM             1333485935.157774
 12 00 00 00 FF 00 00 00

005:003:000:STREAM             1333485935.253776
 12 00 00 00 FF 00 00 00

005:003:000:STREAM             1333485935.365772
 12 00 00 00 FF 00 00 00

005:003:000:STREAM             1333485935.453775
 12 00 00 00 FF 00 00 00

005:003:000:STREAM             1333485936.165767
 12 00 00 00 FF 00 00 00

005:003:000:STREAM             1333485936.261770
 12 00 00 00 FF 00 00 00

005:003:000:STREAM             1333485936.341773
 12 00 00 00 FF 00 00 00

005:003:000:STREAM             1333485936.429771
 12 00 00 00 FF 00 00 00

005:003:000:STREAM             1333485936.501775
 12 00 00 00 FF 00 00 00

005:003:000:STREAM             1333485936.581776
 12 00 00 00 FF 00 00 00

005:003:000:STREAM             1333485936.661776
 12 00 00 00 FF 00 00 00

005:003:000:STREAM             1333485936.741778
 12 00 00 00 FF 00 00 00

005:003:000:STREAM             1333485936.813765
 12 00 00 00 FF 00 00 00

005:003:000:STREAM             1333485937.557766
 12 00 00 00 FF 00 00 00

005:003:000:STREAM             1333485937.709770
 12 00 00 00 FF 00 00 00

005:003:000:STREAM             1333485937.797776
 12 00 00 00 FF 00 00 00

005:003:000:STREAM             1333485937.885769
 12 00 00 00 FF 00 00 00

005:003:000:STREAM             1333485937.981771
 12 00 00 00 FF 00 00 00

005:003:000:STREAM             1333485938.069768
 12 00 00 00 FF 00 00 00

005:003:000:STREAM             1333485938.157768
 12 00 00 00 FF 00 00 00

005:003:000:STREAM             1333485938.237772
 12 00 00 00 FF 00 00 00

005:003:000:STREAM             1333485938.349769
 12 00 00 00 FF 00 00 00

005:003:000:STREAM             1333485939.197773
 12 00 00 00 01 00 00 00

005:003:000:STREAM             1333485939.269770
 12 00 00 00 01 00 00 00

005:003:000:STREAM             1333485939.341772
 12 00 00 00 01 00 00 00

005:003:000:STREAM             1333485939.413750
 12 00 00 00 01 00 00 00

005:003:000:STREAM             1333485939.485772
 12 00 00 00 01 00 00 00

005:003:000:STREAM             1333485939.573775
 12 00 00 00 01 00 00 00

005:003:000:STREAM             1333485939.637774
 12 00 00 00 01 00 00 00

005:003:000:STREAM             1333485939.709776
 12 00 00 00 01 00 00 00

005:003:000:STREAM             1333485939.797769
 12 00 00 00 01 00 00 00

005:003:000:STREAM             1333485939.885767
 12 00 00 00 01 00 00 00

005:003:000:STREAM             1333485939.957777
 12 00 00 00 01 00 00 00

005:003:000:STREAM             1333485940.765772
 12 00 00 00 01 00 00 00

005:003:000:STREAM             1333485940.845768
 12 00 00 00 01 00 00 00

005:003:000:STREAM             1333485940.909774
 12 00 00 00 01 00 00 00

005:003:000:STREAM             1333485940.989777
 12 00 00 00 01 00 00 00

005:003:000:STREAM             1333485941.069776
 12 00 00 00 01 00 00 00

005:003:000:STREAM             1333485941.149776
 12 00 00 00 01 00 00 00

005:003:000:STREAM             1333485941.237769
 12 00 00 00 01 00 00 00

005:003:000:STREAM             1333485941.309776
 12 00 00 00 01 00 00 00

005:003:000:STREAM             1333485941.397744
 12 00 00 00 01 00 00 00

005:003:000:STREAM             1333485941.477777
 12 00 00 00 01 00 00 00

005:003:000:STREAM             1333485941.549772
 12 00 00 00 01 00 00 00

005:003:000:STREAM             1333485942.373767
 12 00 00 00 01 00 00 00

005:003:000:STREAM             1333485942.437777
 12 00 00 00 01 00 00 00

005:003:000:STREAM             1333485942.501776
 12 00 00 00 01 00 00 00

005:003:000:STREAM             1333485942.589769
 12 00 00 00 01 00 00 00

005:003:000:STREAM             1333485942.653769
 12 00 00 00 01 00 00 00

005:003:000:STREAM             1333485942.733776
 12 00 00 00 01 00 00 00

005:003:000:STREAM             1333485942.797771
 12 00 00 00 01 00 00 00

005:003:000:STREAM             1333485942.861772
 12 00 00 00 01 00 00 00

005:003:000:STREAM             1333485942.949778
 12 00 00 00 01 00 00 00

005:003:000:STREAM             1333485943.029773
 12 00 00 00 01 00 00 00

005:003:000:STREAM             1333485943.109771
 12 00 00 00 01 00 00 00

005:003:000:STREAM             1333485944.261776
 07 02 01 02 00 00 00 00

005:003:000:STREAM             1333485944.413771
 12 00 00 00 00 00 00 00

005:003:000:STREAM             1333485945.117773
 12 00 00 00 FF 00 00 00

005:003:000:STREAM             1333485945.205781
 12 00 00 00 FF 00 00 00

005:003:000:STREAM             1333485945.277775
 12 00 00 00 FF 00 00 00

005:003:000:STREAM             1333485945.341774
 12 00 00 00 FF 00 00 00

005:003:000:STREAM             1333485945.437770
 12 00 00 00 FF 00 00 00

005:003:000:STREAM             1333485945.517768
 12 00 00 00 FF 00 00 00

005:003:000:STREAM             1333485945.597778
 12 00 00 00 FF 00 00 00

005:003:000:STREAM             1333485945.653781
 12 00 00 00 FF 00 00 00

005:003:000:STREAM             1333485945.717775
 12 00 00 00 FF 00 00 00

005:003:000:STREAM             1333485945.805771
 12 00 00 00 FF 00 00 00

005:003:000:STREAM             1333485946.525777
 12 00 00 00 FF 00 00 00

005:003:000:STREAM             1333485946.613776
 12 00 00 00 FF 00 00 00

005:003:000:STREAM             1333485946.693775
 12 00 00 00 FF 00 00 00

005:003:000:STREAM             1333485946.765773
 12 00 00 00 FF 00 00 00

005:003:000:STREAM             1333485946.845774
 12 00 00 00 FF 00 00 00

005:003:000:STREAM             1333485946.933778
 12 00 00 00 FF 00 00 00

005:003:000:STREAM             1333485947.029775
 12 00 00 00 FF 00 00 00

005:003:000:STREAM             1333485947.101774
 12 00 00 00 FF 00 00 00

005:003:000:STREAM             1333485947.173770
 12 00 00 00 FF 00 00 00

005:003:000:STREAM             1333485947.901775
 12 00 00 00 FF 00 00 00

005:003:000:STREAM             1333485948.005770
 12 00 00 00 FF 00 00 00

005:003:000:STREAM             1333485948.077766
 12 00 00 00 FF 00 00 00

005:003:000:STREAM             1333485948.165780
 12 00 00 00 FF 00 00 00

005:003:000:STREAM             1333485948.253775
 12 00 00 00 FF 00 00 00

005:003:000:STREAM             1333485948.317775
 12 00 00 00 FF 00 00 00

005:003:000:STREAM             1333485948.413768
 12 00 00 00 FF 00 00 00

005:003:000:STREAM             1333485948.493770
 12 00 00 00 FF 00 00 00

005:003:000:STREAM             1333485948.557777
 12 00 00 00 FF 00 00 00

005:003:000:STREAM             1333485948.637775
 12 00 00 00 FF 00 00 00

005:003:000:STREAM             1333485949.517776
 12 00 00 00 01 00 00 00

005:003:000:STREAM             1333485949.605778
 12 00 00 00 01 00 00 00

005:003:000:STREAM             1333485949.677780
 12 00 00 00 01 00 00 00

005:003:000:STREAM             1333485949.757773
 12 00 00 00 01 00 00 00

005:003:000:STREAM             1333485949.845776
 12 00 00 00 01 00 00 00

005:003:000:STREAM             1333485949.925772
 12 00 00 00 01 00 00 00

005:003:000:STREAM             1333485950.005776
 12 00 00 00 01 00 00 00

005:003:000:STREAM             1333485950.069776
 12 00 00 00 01 00 00 00

005:003:000:STREAM             1333485950.141773
 12 00 00 00 01 00 00 00

005:003:000:STREAM             1333485950.221778
 12 00 00 00 01 00 00 00

005:003:000:STREAM             1333485950.293775
 12 00 00 00 01 00 00 00

005:003:000:STREAM             1333485951.221778
 12 00 00 00 01 00 00 00

005:003:000:STREAM             1333485951.309774
 12 00 00 00 01 00 00 00

005:003:000:STREAM             1333485951.381773
 12 00 00 00 01 00 00 00

005:003:000:STREAM             1333485951.477773
 12 00 00 00 01 00 00 00

005:003:000:STREAM             1333485951.557734
 12 00 00 00 01 00 00 00

005:003:000:STREAM             1333485951.629781
 12 00 00 00 01 00 00 00

005:003:000:STREAM             1333485951.701780
 12 00 00 00 01 00 00 00

005:003:000:STREAM             1333485951.749785
 12 00 00 00 01 00 00 00

005:003:000:STREAM             1333485951.805776
 12 00 00 00 01 00 00 00

005:003:000:STREAM             1333485951.885778
 12 00 00 00 01 00 00 00

005:003:000:STREAM             1333485951.981770
 12 00 00 00 01 00 00 00

005:003:000:STREAM             1333485952.853775
 12 00 00 00 01 00 00 00

005:003:000:STREAM             1333485952.989775
 12 00 00 00 01 00 00 00

005:003:000:STREAM             1333485953.077777
 12 00 00 00 01 00 00 00

005:003:000:STREAM             1333485953.133782
 12 00 00 00 01 00 00 00

005:003:000:STREAM             1333485953.213781
 12 00 00 00 01 00 00 00

005:003:000:STREAM             1333485953.293776
 12 00 00 00 01 00 00 00

005:003:000:STREAM             1333485953.389779
 12 00 00 00 01 00 00 00

005:003:000:STREAM             1333485953.453775
 12 00 00 00 01 00 00 00

005:003:000:STREAM             1333485953.525771
 12 00 00 00 01 00 00 00

005:003:000:STREAM             1333485953.581783
 12 00 00 00 01 00 00 00

005:003:000:STREAM             1333485953.653777
 12 00 00 00 01 00 00 00

005:003:000:STREAM             1333485954.781776
 07 02 01 03 00 00 00 00

005:003:000:STREAM             1333485954.925777
 12 00 00 00 00 00 00 00

005:003:000:STREAM             1333485955.837778
 12 00 00 00 FF 00 00 00

005:003:000:STREAM             1333485955.941778
 12 00 00 00 FF 00 00 00

005:003:000:STREAM             1333485956.037780
 12 00 00 00 FF 00 00 00

005:003:000:STREAM             1333485956.133780
 12 00 00 00 FF 00 00 00

005:003:000:STREAM             1333485956.221774
 12 00 00 00 FF 00 00 00

005:003:000:STREAM             1333485956.301779
 12 00 00 00 FF 00 00 00

005:003:000:STREAM             1333485956.389776
 12 00 00 00 FF 00 00 00

005:003:000:STREAM             1333485957.197769
 12 00 00 00 FF 00 00 00

005:003:000:STREAM             1333485957.381779
 12 00 00 00 FF 00 00 00

005:003:000:STREAM             1333485957.461773
 12 00 00 00 FF 00 00 00

005:003:000:STREAM             1333485957.565777
 12 00 00 00 FF 00 00 00

005:003:000:STREAM             1333485957.701780
 12 00 00 00 FF 00 00 00

005:003:000:STREAM             1333485957.829772
 12 00 00 00 FF 00 00 00

005:003:000:STREAM             1333485957.925782
 12 00 00 00 FF 00 00 00

005:003:000:STREAM             1333485958.021773
 12 00 00 00 FF 00 00 00

005:003:000:STREAM             1333485959.245772
 12 00 00 00 FF 00 00 00

005:003:000:STREAM             1333485959.357772
 12 00 00 00 FF 00 00 00

005:003:000:STREAM             1333485959.453769
 12 00 00 00 FF 00 00 00

005:003:000:STREAM             1333485959.581775
 12 00 00 00 FF 00 00 00

005:003:000:STREAM             1333485959.685770
 12 00 00 00 FF 00 00 00

005:003:000:STREAM             1333485959.757773
 12 00 00 00 FF 00 00 00

005:003:000:STREAM             1333485959.829776
 12 00 00 00 FF 00 00 00

005:003:000:STREAM             1333485959.933780
 12 00 00 00 FF 00 00 00

005:003:000:STREAM             1333485960.037775
 12 00 00 00 FF 00 00 00

005:003:000:STREAM             1333485960.629776
 12 00 00 00 01 00 00 00

005:003:000:STREAM             1333485960.725774
 12 00 00 00 01 00 00 00

005:003:000:STREAM             1333485960.805773
 12 00 00 00 01 00 00 00

005:003:000:STREAM             1333485960.909775
 12 00 00 00 01 00 00 00

005:003:000:STREAM             1333485961.013770
 12 00 00 00 01 00 00 00

005:003:000:STREAM             1333485961.093771
 12 00 00 00 01 00 00 00

005:003:000:STREAM             1333485961.157780
 12 00 00 00 01 00 00 00

005:003:000:STREAM             1333485961.269779
 12 00 00 00 01 00 00 00

005:003:000:STREAM             1333485961.389769
 12 00 00 00 01 00 00 00

005:003:000:STREAM             1333485961.493772
 12 00 00 00 01 00 00 00

005:003:000:STREAM             1333485961.581780
 12 00 00 00 01 00 00 00

005:003:000:STREAM             1333485961.685780
 12 00 00 00 01 00 00 00

005:003:000:STREAM             1333485962.629777
 12 00 00 00 01 00 00 00

005:003:000:STREAM             1333485962.749776
 12 00 00 00 01 00 00 00

005:003:000:STREAM             1333485962.821799
 12 00 00 00 01 00 00 00

005:003:000:STREAM             1333485962.901777
 12 00 00 00 01 00 00 00

005:003:000:STREAM             1333485962.989777
 12 00 00 00 01 00 00 00

005:003:000:STREAM             1333485963.045781
 12 00 00 00 01 00 00 00

005:003:000:STREAM             1333485963.149772
 12 00 00 00 01 00 00 00

005:003:000:STREAM             1333485963.237773
 12 00 00 00 01 00 00 00

005:003:000:STREAM             1333485963.317779
 12 00 00 00 01 00 00 00

005:003:000:STREAM             1333485963.397778
 12 00 00 00 01 00 00 00

005:003:000:STREAM             1333485963.485778
 12 00 00 00 01 00 00 00

005:003:000:STREAM             1333485963.605778
 12 00 00 00 01 00 00 00

005:003:000:STREAM             1333485964.429782
 12 00 00 00 01 00 00 00

005:003:000:STREAM             1333485964.565774
 12 00 00 00 01 00 00 00

005:003:000:STREAM             1333485964.653776
 12 00 00 00 01 00 00 00

005:003:000:STREAM             1333485964.717778
 12 00 00 00 01 00 00 00

005:003:000:STREAM             1333485964.829773
 12 00 00 00 01 00 00 00

005:003:000:STREAM             1333485964.957774
 12 00 00 00 01 00 00 00

005:003:000:STREAM             1333485965.021779
 12 00 00 00 01 00 00 00

005:003:000:STREAM             1333485965.085773
 12 00 00 00 01 00 00 00

005:003:000:STREAM             1333485965.157775
 12 00 00 00 01 00 00 00

005:003:000:STREAM             1333485965.237780
 12 00 00 00 01 00 00 00

005:003:000:STREAM             1333485965.317771
 12 00 00 00 01 00 00 00

005:003:000:STREAM             1333485968.053773
 07 02 01 04 00 00 00 00

005:003:000:STREAM             1333485968.357774
 12 00 00 00 00 00 00 00

005:003:000:STREAM             1333485969.437775
 12 00 00 00 FF 00 00 00

005:003:000:STREAM             1333485969.533779
 12 00 00 00 FF 00 00 00

005:003:000:STREAM             1333485969.621772
 12 00 00 00 FF 00 00 00

005:003:000:STREAM             1333485969.709778
 12 00 00 00 FF 00 00 00

005:003:000:STREAM             1333485969.813777
 12 00 00 00 FF 00 00 00

005:003:000:STREAM             1333485969.909780
 12 00 00 00 FF 00 00 00

005:003:000:STREAM             1333485970.005776
 12 00 00 00 FF 00 00 00

005:003:000:STREAM             1333485970.109772
 12 00 00 00 FF 00 00 00

005:003:000:STREAM             1333485970.189785
 12 00 00 00 FF 00 00 00

005:003:000:STREAM             1333485971.053777
 12 00 00 00 FF 00 00 00

005:003:000:STREAM             1333485971.165773
 12 00 00 00 FF 00 00 00

005:003:000:STREAM             1333485971.269775
 12 00 00 00 FF 00 00 00

005:003:000:STREAM             1333485971.349774
 12 00 00 00 FF 00 00 00

005:003:000:STREAM             1333485971.493777
 12 00 00 00 FF 00 00 00

005:003:000:STREAM             1333485971.613775
 12 00 00 00 FF 00 00 00

005:003:000:STREAM             1333485971.709783
 12 00 00 00 FF 00 00 00

005:003:000:STREAM             1333485971.813783
 12 00 00 00 FF 00 00 00

005:003:000:STREAM             1333485971.901782
 12 00 00 00 FF 00 00 00

005:003:000:STREAM             1333485972.005784
 12 00 00 00 FF 00 00 00

005:003:000:STREAM             1333485972.877771
 12 00 00 00 FF 00 00 00

005:003:000:STREAM             1333485972.973775
 12 00 00 00 FF 00 00 00

005:003:000:STREAM             1333485973.085772
 12 00 00 00 FF 00 00 00

005:003:000:STREAM             1333485973.197785
 12 00 00 00 FF 00 00 00

005:003:000:STREAM             1333485973.381775
 12 00 00 00 FF 00 00 00

005:003:000:STREAM             1333485973.517780
 12 00 00 00 FF 00 00 00

005:003:000:STREAM             1333485973.629776
 12 00 00 00 FF 00 00 00

005:003:000:STREAM             1333485973.725781
 12 00 00 00 FF 00 00 00

005:003:000:STREAM             1333485973.821779
 12 00 00 00 FF 00 00 00

005:003:000:STREAM             1333485974.581774
 12 00 00 00 01 00 00 00

005:003:000:STREAM             1333485974.669781
 12 00 00 00 01 00 00 00

005:003:000:STREAM             1333485974.749779
 12 00 00 00 01 00 00 00

005:003:000:STREAM             1333485974.829773
 12 00 00 00 01 00 00 00

005:003:000:STREAM             1333485974.925774
 12 00 00 00 01 00 00 00

005:003:000:STREAM             1333485975.037777
 12 00 00 00 01 00 00 00

005:003:000:STREAM             1333485975.141771
 12 00 00 00 01 00 00 00

005:003:000:STREAM             1333485975.221778
 12 00 00 00 01 00 00 00

005:003:000:STREAM             1333485975.325773
 12 00 00 00 01 00 00 00

005:003:000:STREAM             1333485975.437773
 12 00 00 00 01 00 00 00

005:003:000:STREAM             1333485975.533774
 12 00 00 00 01 00 00 00

005:003:000:STREAM             1333485975.661775
 12 00 00 00 01 00 00 00

005:003:000:STREAM             1333485976.613775
 12 00 00 00 01 00 00 00

005:003:000:STREAM             1333485976.701780
 12 00 00 00 01 00 00 00

005:003:000:STREAM             1333485976.781788
 12 00 00 00 01 00 00 00

005:003:000:STREAM             1333485976.861777
 12 00 00 00 01 00 00 00

005:003:000:STREAM             1333485976.965781
 12 00 00 00 01 00 00 00

005:003:000:STREAM             1333485977.077775
 12 00 00 00 01 00 00 00

005:003:000:STREAM             1333485977.165775
 12 00 00 00 01 00 00 00

005:003:000:STREAM             1333485977.245783
 12 00 00 00 01 00 00 00

005:003:000:STREAM             1333485977.325778
 12 00 00 00 01 00 00 00

005:003:000:STREAM             1333485977.405756
 12 00 00 00 01 00 00 00

005:003:000:STREAM             1333485977.549774
 12 00 00 00 01 00 00 00

005:003:000:STREAM             1333485978.365776
 12 00 00 00 01 00 00 00

005:003:000:STREAM             1333485978.445781
 12 00 00 00 01 00 00 00

005:003:000:STREAM             1333485978.525779
 12 00 00 00 01 00 00 00

005:003:000:STREAM             1333485978.613777
 12 00 00 00 01 00 00 00

005:003:000:STREAM             1333485978.709778
 12 00 00 00 01 00 00 00

005:003:000:STREAM             1333485978.829780
 12 00 00 00 01 00 00 00

005:003:000:STREAM             1333485978.901774
 12 00 00 00 01 00 00 00

005:003:000:STREAM             1333485978.981783
 12 00 00 00 01 00 00 00

005:003:000:STREAM             1333485979.053781
 12 00 00 00 01 00 00 00

005:003:000:STREAM             1333485979.117775
 12 00 00 00 01 00 00 00

