005:003:000:STREAM             1333485994.941802
 07 02 01 01 00 00 00 00

005:003:000:STREAM             1333485995.173778
 12 00 00 00 00 00 00 00

005:003:000:STREAM             1333485996.605785
 12 00 00 00 FF 00 00 00

005:003:000:STREAM             1333485996.709787
 12 00 00 00 FF 00 00 00

005:003:000:STREAM             1333485996.829780
 12 00 00 00 FF 00 00 00

005:003:000:STREAM             1333485996.957778
 12 00 00 00 FF 00 00 00

005:003:000:STREAM             1333485997.053784
 12 00 00 00 FF 00 00 00

005:003:000:STREAM             1333485997.173776
 12 00 00 00 FF 00 00 00

005:003:000:STREAM             1333485997.293779
 12 00 00 00 FF 00 00 00

005:003:000:STREAM             1333485997.405760
 12 00 00 00 FF 00 00 00

005:003:000:STREAM             1333485997.685775
 12 00 00 00 FF 00 00 00

005:003:000:STREAM             1333485998.309778
 12 00 00 00 FF 00 00 00

005:003:000:STREAM             1333485998.405778
 12 00 00 00 FF 00 00 00

005:003:000:STREAM             1333485998.533784
 12 00 00 00 FF 00 00 00

005:003:000:STREAM             1333485998.637785
 12 00 00 00 FF 00 00 00

005:003:000:STREAM             1333485998.717784
 12 00 00 00 FF 00 00 00

005:003:000:STREAM             1333485998.869776
 12 00 00 00 FF 00 00 00

005:003:000:STREAM             1333485998.981779
 12 00 00 00 FF 00 00 00

005:003:000:STREAM             1333485999.061785
 12 00 00 00 FF 00 00 00

005:003:000:STREAM             1333485999.141783
 12 00 00 00 FF 00 00 00

005:003:000:STREAM             1333485999.541783
 12 00 00 00 FF 00 00 00

005:003:000:STREAM             1333486000.085782
 12 00 00 00 FF 00 00 00

005:003:000:STREAM             1333486000.173784
 12 00 00 00 FF 00 00 00

005:003:000:STREAM             1333486000.237783
 12 00 00 00 FF 00 00 00

005:003:000:STREAM             1333486000.357779
 12 00 00 00 FF 00 00 00

005:003:000:STREAM             1333486000.453782
 12 00 00 00 FF 00 00 00

005:003:000:STREAM             1333486000.533783
 12 00 00 00 FF 00 00 00

005:003:000:STREAM             1333486000.621777
 12 00 00 00 FF 00 00 00

005:003:000:STREAM             1333486000.709785
 12 00 00 00 FF 00 00 00

005:003:000:STREAM             1333486000.805792
 12 00 00 00 FF 00 00 00

005:003:000:STREAM             1333486000.893783
 12 00 00 00 FF 00 00 00

005:003:000:STREAM             1333486001.597785
 12 00 00 00 FF 00 00 00

005:003:000:STREAM             1333486001.685785
 12 00 00 00 FF 00 00 00

005:003:000:STREAM             1333486001.773790
 12 00 00 00 FF 00 00 00

005:003:000:STREAM             1333486001.901788
 12 00 00 00 FF 00 00 00

005:003:000:STREAM             1333486001.997784
 12 00 00 00 FF 00 00 00

005:003:000:STREAM             1333486002.093780
 12 00 00 00 FF 00 00 00

005:003:000:STREAM             1333486002.189789
 12 00 00 00 FF 00 00 00

005:003:000:STREAM             1333486002.253781
 12 00 00 00 FF 00 00 00

005:003:000:STREAM             1333486002.317787
 12 00 00 00 FF 00 00 00

005:003:000:STREAM             1333486003.213789
 12 00 00 00 01 00 00 00

005:003:000:STREAM             1333486003.293782
 12 00 00 00 01 00 00 00

005:003:000:STREAM             1333486003.373783
 12 00 00 00 01 00 00 00

005:003:000:STREAM             1333486003.453780
 12 00 00 00 01 00 00 00

005:003:000:STREAM             1333486003.533788
 12 00 00 00 01 00 00 00

005:003:000:STREAM             1333486003.653781
 12 00 00 00 01 00 00 00

005:003:000:STREAM             1333486003.725788
 12 00 00 00 01 00 00 00

005:003:000:STREAM             1333486003.805785
 12 00 00 00 01 00 00 00

005:003:000:STREAM             1333486003.885787
 12 00 00 00 01 00 00 00

005:003:000:STREAM             1333486003.965784
 12 00 00 00 01 00 00 00

005:003:000:STREAM             1333486004.805783
 12 00 00 00 01 00 00 00

005:003:000:STREAM             1333486004.901764
 12 00 00 00 01 00 00 00

005:003:000:STREAM             1333486004.989778
 12 00 00 00 01 00 00 00

005:003:000:STREAM             1333486005.077780
 12 00 00 00 01 00 00 00

005:003:000:STREAM             1333486005.173781
 12 00 00 00 01 00 00 00

005:003:000:STREAM             1333486005.277783
 12 00 00 00 01 00 00 00

005:003:000:STREAM             1333486005.341778
 12 00 00 00 01 00 00 00

005:003:000:STREAM             1333486005.413761
 12 00 00 00 01 00 00 00

005:003:000:STREAM             1333486005.477786
 12 00 00 00 01 00 00 00

005:003:000:STREAM             1333486005.533783
 12 00 00 00 01 00 00 00

005:003:000:STREAM             1333486005.621782
 12 00 00 00 01 00 00 00

005:003:000:STREAM             1333486006.381778
 12 00 00 00 01 00 00 00

005:003:000:STREAM             1333486006.477786
 12 00 00 00 01 00 00 00

005:003:000:STREAM             1333486006.557786
 12 00 00 00 01 00 00 00

005:003:000:STREAM             1333486006.645788
 12 00 00 00 01 00 00 00

005:003:000:STREAM             1333486006.765785
 12 00 00 00 01 00 00 00

005:003:000:STREAM             1333486006.877782
 12 00 00 00 01 00 00 00

005:003:000:STREAM             1333486006.941784
 12 00 00 00 01 00 00 00

005:003:000:STREAM             1333486007.013785
 12 00 00 00 01 00 00 00

005:003:000:STREAM             1333486007.077780
 12 00 00 00 01 00 00 00

005:003:000:STREAM             1333486007.149786
 12 00 00 00 01 00 00 00

005:003:000:STREAM             1333486007.213791
 12 00 00 00 01 00 00 00

005:003:000:STREAM             1333486008.069780
 07 02 01 02 00 00 00 00

005:003:000:STREAM             1333486008.237787
 12 00 00 00 00 00 00 00

005:003:000:STREAM             1333486009.053786
 12 00 00 00 FF 00 00 00

005:003:000:STREAM             1333486009.141784
 12 00 00 00 FF 00 00 00

005:003:000:STREAM             1333486009.205790
 12 00 00 00 FF 00 00 00

005:003:000:STREAM             1333486009.285791
 12 00 00 00 FF 00 00 00

005:003:000:STREAM             1333486009.389789
 12 00 00 00 FF 00 00 00

005:003:000:STREAM             1333486009.517785
 12 00 00 00 FF 00 00 00

005:003:000:STREAM             1333486009.613790
 12 00 00 00 FF 00 00 00

005:003:000:STREAM             1333486009.677787
 12 00 00 00 FF 00 00 00

005:003:000:STREAM             1333486009.741785
 12 00 00 00 FF 00 00 00

005:003:000:STREAM             1333486010.413781
 12 00 00 00 FF 00 00 00

005:003:000:STREAM             1333486010.533785
 12 00 00 00 FF 00 00 00

005:003:000:STREAM             1333486010.629789
 12 00 00 00 FF 00 00 00

005:003:000:STREAM             1333486010.693787
 12 00 00 00 FF 00 00 00

005:003:000:STREAM             1333486010.805785
 12 00 00 00 FF 00 00 00

005:003:000:STREAM             1333486010.909783
 12 00 00 00 FF 00 00 00

005:003:000:STREAM             1333486011.021786
 12 00 00 00 FF 00 00 00

005:003:000:STREAM             1333486011.109788
 12 00 00 00 FF 00 00 00

005:003:000:STREAM             1333486011.181782
 12 00 00 00 FF 00 00 00

005:003:000:STREAM             1333486011.269781
 12 00 00 00 FF 00 00 00

005:003:000:STREAM             1333486011.933784
 12 00 00 00 FF 00 00 00

005:003:000:STREAM             1333486012.021778
 12 00 00 00 FF 00 00 00

005:003:000:STREAM             1333486012.117782
 12 00 00 00 FF 00 00 00

005:003:000:STREAM             1333486012.213788
 12 00 00 00 FF 00 00 00

005:003:000:STREAM             1333486012.333779
 12 00 00 00 FF 00 00 00

005:003:000:STREAM             1333486012.469785
 12 00 00 00 FF 00 00 00

005:003:000:STREAM             1333486012.565788
 12 00 00 00 FF 00 00 00

005:003:000:STREAM             1333486012.629789
 12 00 00 00 FF 00 00 00

005:003:000:STREAM             1333486013.269777
 12 00 00 00 01 00 00 00

005:003:000:STREAM             1333486013.357745
 12 00 00 00 01 00 00 00

005:003:000:STREAM             1333486013.429783
 12 00 00 00 01 00 00 00

005:003:000:STREAM             1333486013.509787
 12 00 00 00 01 00 00 00

005:003:000:STREAM             1333486013.589785
 12 00 00 00 01 00 00 00

005:003:000:STREAM             1333486013.669758
 12 00 00 00 01 00 00 00

005:003:000:STREAM             1333486013.765762
 12 00 00 00 01 00 00 00

005:003:000:STREAM             1333486013.853755
 12 00 00 00 01 00 00 00

005:003:000:STREAM             1333486013.933779
 12 00 00 00 01 00 00 00

005:003:000:STREAM             1333486014.029767
 12 00 00 00 01 00 00 00

005:003:000:STREAM             1333486014.101794
 12 00 00 00 01 00 00 00

005:003:000:STREAM             1333486014.781773
 12 00 00 00 01 00 00 00

005:003:000:STREAM             1333486014.877782
 12 00 00 00 01 00 00 00

005:003:000:STREAM             1333486014.965782
 12 00 00 00 01 00 00 00

005:003:000:STREAM             1333486015.045787
 12 00 00 00 01 00 00 00

005:003:000:STREAM             1333486015.125790
 12 00 00 00 01 00 00 00

005:003:000:STREAM             1333486015.197794
 12 00 00 00 01 00 00 00

005:003:000:STREAM             1333486015.277784
 12 00 00 00 01 00 00 00

005:003:000:STREAM             1333486015.349789
 12 00 00 00 01 00 00 00

005:003:000:STREAM             1333486015.413760
 12 00 00 00 01 00 00 00

005:003:000:STREAM             1333486015.477790
 12 00 00 00 01 00 00 00

005:003:000:STREAM             1333486015.565783
 12 00 00 00 01 00 00 00

005:003:000:STREAM             1333486015.629767
 12 00 00 00 01 00 00 00

005:003:000:STREAM             1333486016.301791
 12 00 00 00 01 00 00 00

005:003:000:STREAM             1333486016.437790
 12 00 00 00 01 00 00 00

005:003:000:STREAM             1333486016.509764
 12 00 00 00 01 00 00 00

005:003:000:STREAM             1333486016.573841
 12 00 00 00 01 00 00 00

005:003:000:STREAM             1333486016.637771
 12 00 00 00 01 00 00 00

005:003:000:STREAM             1333486016.717787
 12 00 00 00 01 00 00 00

005:003:000:STREAM             1333486016.805750
 12 00 00 00 01 00 00 00

005:003:000:STREAM             1333486016.877762
 12 00 00 00 01 00 00 00

005:003:000:STREAM             1333486016.933782
 12 00 00 00 01 00 00 00

005:003:000:STREAM             1333486017.005776
 12 00 00 00 01 00 00 00

005:003:000:STREAM             1333486017.069765
 12 00 00 00 01 00 00 00

005:003:000:STREAM             1333486017.125763
 12 00 00 00 01 00 00 00

005:003:000:STREAM             1333486017.253749
 12 00 00 00 01 00 00 00

005:003:000:STREAM             1333486018.133751
 07 02 01 03 00 00 00 00

005:003:000:STREAM             1333486018.269755
 12 00 00 00 00 00 00 00

005:003:000:STREAM             1333486018.957780
 12 00 00 00 FF 00 00 00

005:003:000:STREAM             1333486019.061790
 12 00 00 00 FF 00 00 00

005:003:000:STREAM             1333486019.149788
 12 00 00 00 FF 00 00 00

005:003:000:STREAM             1333486019.237786
 12 00 00 00 FF 00 00 00

005:003:000:STREAM             1333486019.317788
 12 00 00 00 FF 00 00 00

005:003:000:STREAM             1333486019.381791
 12 00 00 00 FF 00 00 00

005:003:000:STREAM             1333486019.453785
 12 00 00 00 FF 00 00 00

005:003:000:STREAM             1333486019.549789
 12 00 00 00 FF 00 00 00

005:003:000:STREAM             1333486019.605794
 12 00 00 00 FF 00 00 00

005:003:000:STREAM             1333486020.413786
 12 00 00 00 FF 00 00 00

005:003:000:STREAM             1333486020.541797
 12 00 00 00 FF 00 00 00

005:003:000:STREAM             1333486020.629789
 12 00 00 00 FF 00 00 00

005:003:000:STREAM             1333486020.709783
 12 00 00 00 FF 00 00 00

005:003:000:STREAM             1333486020.773795
 12 00 00 00 FF 00 00 00

005:003:000:STREAM             1333486020.845792
 12 00 00 00 FF 00 00 00

005:003:000:STREAM             1333486020.925789
 12 00 00 00 FF 00 00 00

005:003:000:STREAM             1333486021.021790
 12 00 00 00 FF 00 00 00

005:003:000:STREAM             1333486021.117789
 12 00 00 00 FF 00 00 00

005:003:000:STREAM             1333486021.189793
 12 00 00 00 FF 00 00 00

005:003:000:STREAM             1333486021.261793
 12 00 00 00 FF 00 00 00

005:003:000:STREAM             1333486021.349788
 12 00 00 00 FF 00 00 00

005:003:000:STREAM             1333486022.133783
 12 00 00 00 FF 00 00 00

005:003:000:STREAM             1333486022.205789
 12 00 00 00 FF 00 00 00

005:003:000:STREAM             1333486022.277791
 12 00 00 00 FF 00 00 00

005:003:000:STREAM             1333486022.349786
 12 00 00 00 FF 00 00 00

005:003:000:STREAM             1333486022.413789
 12 00 00 00 FF 00 00 00

005:003:000:STREAM             1333486022.493793
 12 00 00 00 FF 00 00 00

005:003:000:STREAM             1333486022.573788
 12 00 00 00 FF 00 00 00

005:003:000:STREAM             1333486022.661795
 12 00 00 00 FF 00 00 00

005:003:000:STREAM             1333486022.725791
 12 00 00 00 FF 00 00 00

005:003:000:STREAM             1333486022.797792
 12 00 00 00 FF 00 00 00

005:003:000:STREAM             1333486022.869787
 12 00 00 00 FF 00 00 00

005:003:000:STREAM             1333486022.933784
 12 00 00 00 FF 00 00 00

005:003:000:STREAM             1333486023.845793
 12 00 00 00 01 00 00 00

005:003:000:STREAM             1333486023.925784
 12 00 00 00 01 00 00 00

005:003:000:STREAM             1333486023.981796
 12 00 00 00 01 00 00 00

005:003:000:STREAM             1333486024.053794
 12 00 00 00 01 00 00 00

005:003:000:STREAM             1333486024.157788
 12 00 00 00 01 00 00 00

005:003:000:STREAM             1333486024.221792
 12 00 00 00 01 00 00 00

005:003:000:STREAM             1333486024.293793
 12 00 00 00 01 00 00 00

005:003:000:STREAM             1333486024.357792
 12 00 00 00 01 00 00 00

005:003:000:STREAM             1333486024.413797
 12 00 00 00 01 00 00 00

005:003:000:STREAM             1333486024.477786
 12 00 00 00 01 00 00 00

005:003:000:STREAM             1333486024.549791
 12 00 00 00 01 00 00 00

005:003:000:STREAM             1333486025.357789
 12 00 00 00 01 00 00 00

005:003:000:STREAM             1333486025.437782
 12 00 00 00 01 00 00 00

005:003:000:STREAM             1333486025.509787
 12 00 00 00 01 00 00 00

005:003:000:STREAM             1333486025.565796
 12 00 00 00 01 00 00 00

005:003:000:STREAM             1333486025.645786
 12 00 00 00 01 00 00 00

005:003:000:STREAM             1333486025.709787
 12 00 00 00 01 00 00 00

005:003:000:STREAM             1333486025.781800
 12 00 00 00 01 00 00 00

005:003:000:STREAM             1333486025.837794
 12 00 00 00 01 00 00 00

005:003:000:STREAM             1333486025.901784
 12 00 00 00 01 00 00 00

005:003:000:STREAM             1333486025.949794
 12 00 00 00 01 00 00 00

005:003:000:STREAM             1333486026.005790
 12 00 00 00 01 00 00 00

005:003:000:STREAM             1333486026.053797
 12 00 00 00 01 00 00 00

005:003:000:STREAM             1333486026.133783
 12 00 00 00 01 00 00 00

005:003:000:STREAM             1333486026.909785
 12 00 00 00 01 00 00 00

005:003:000:STREAM             1333486027.005792
 12 00 00 00 01 00 00 00

005:003:000:STREAM             1333486027.069792
 12 00 00 00 01 00 00 00

005:003:000:STREAM             1333486027.133785
 12 00 00 00 01 00 00 00

005:003:000:STREAM             1333486027.221795
 12 00 00 00 01 00 00 00

005:003:000:STREAM             1333486027.277793
 12 00 00 00 01 00 00 00

005:003:000:STREAM             1333486027.357784
 12 00 00 00 01 00 00 00

005:003:000:STREAM             1333486027.445787
 12 00 00 00 01 00 00 00

005:003:000:STREAM             1333486027.501797
 12 00 00 00 01 00 00 00

005:003:000:STREAM             1333486027.557789
 12 00 00 00 01 00 00 00

005:003:000:STREAM             1333486027.605798
 12 00 00 00 01 00 00 00

005:003:000:STREAM             1333486027.661785
 12 00 00 00 01 00 00 00

005:003:000:STREAM             1333486028.413784
 12 00 00 00 01 00 00 00

005:003:000:STREAM             1333486028.517794
 12 00 00 00 01 00 00 00

005:003:000:STREAM             1333486028.581788
 12 00 00 00 01 00 00 00

005:003:000:STREAM             1333486028.645791
 12 00 00 00 01 00 00 00

005:003:000:STREAM             1333486028.717792
 12 00 00 00 01 00 00 00

005:003:000:STREAM             1333486028.813788
 12 00 00 00 01 00 00 00

005:003:000:STREAM             1333486028.869797
 12 00 00 00 01 00 00 00

005:003:000:STREAM             1333486028.941791
 12 00 00 00 01 00 00 00

005:003:000:STREAM             1333486029.013789
 12 00 00 00 01 00 00 00

005:003:000:STREAM             1333486029.077783
 12 00 00 00 01 00 00 00

005:003:000:STREAM             1333486029.133787
 12 00 00 00 01 00 00 00

005:003:000:STREAM             1333486029.189792
 12 00 00 00 01 00 00 00

005:003:000:STREAM             1333486029.245796
 12 00 00 00 01 00 00 00

005:003:000:STREAM             1333486031.061787
 07 02 01 04 00 00 00 00

005:003:000:STREAM             1333486031.213791
 12 00 00 00 00 00 00 00

005:003:000:STREAM             1333486031.957785
 12 00 00 00 FF 00 00 00

005:003:000:STREAM             1333486032.045784
 12 00 00 00 FF 00 00 00

005:003:000:STREAM             1333486032.117788
 12 00 00 00 FF 00 00 00

005:003:000:STREAM             1333486032.189794
 12 00 00 00 FF 00 00 00

005:003:000:STREAM             1333486032.245798
 12 00 00 00 FF 00 00 00

005:003:000:STREAM             1333486032.333796
 12 00 00 00 FF 00 00 00

005:003:000:STREAM             1333486032.429793
 12 00 00 00 FF 00 00 00

005:003:000:STREAM             1333486032.501794
 12 00 00 00 FF 00 00 00

005:003:000:STREAM             1333486032.565788
 12 00 00 00 FF 00 00 00

005:003:000:STREAM             1333486032.645794
 12 00 00 00 FF 00 00 00

005:003:000:STREAM             1333486033.549778
 12 00 00 00 FF 00 00 00

005:003:000:STREAM             1333486033.693789
 12 00 00 00 FF 00 00 00

005:003:000:STREAM             1333486033.781798
 12 00 00 00 FF 00 00 00

005:003:000:STREAM             1333486033.861791
 12 00 00 00 FF 00 00 00

005:003:000:STREAM             1333486033.933790
 12 00 00 00 FF 00 00 00

005:003:000:STREAM             1333486034.005795
 12 00 00 00 FF 00 00 00

005:003:000:STREAM             1333486034.077789
 12 00 00 00 FF 00 00 00

005:003:000:STREAM             1333486034.141791
 12 00 00 00 FF 00 00 00

005:003:000:STREAM             1333486034.221790
 12 00 00 00 FF 00 00 00

005:003:000:STREAM             1333486034.309786
 12 00 00 00 FF 00 00 00

005:003:000:STREAM             1333486034.373789
 12 00 00 00 FF 00 00 00

005:003:000:STREAM             1333486034.437791
 12 00 00 00 FF 00 00 00

005:003:000:STREAM             1333486035.261789
 12 00 00 00 FF 00 00 00

005:003:000:STREAM             1333486035.357790
 12 00 00 00 FF 00 00 00

005:003:000:STREAM             1333486035.421784
 12 00 00 00 FF 00 00 00

005:003:000:STREAM             1333486035.485791
 12 00 00 00 FF 00 00 00

005:003:000:STREAM             1333486035.565788
 12 00 00 00 FF 00 00 00

005:003:000:STREAM             1333486035.645796
 12 00 00 00 FF 00 00 00

005:003:000:STREAM             1333486035.733789
 12 00 00 00 FF 00 00 00

005:003:000:STREAM             1333486035.805792
 12 00 00 00 FF 00 00 00

005:003:000:STREAM             1333486035.877790
 12 00 00 00 FF 00 00 00

005:003:000:STREAM             1333486035.965795
 12 00 00 00 FF 00 00 00

005:003:000:STREAM             1333486036.037794
 12 00 00 00 FF 00 00 00

005:003:000:STREAM             1333486036.117791
 12 00 00 00 FF 00 00 00

005:003:000:STREAM             1333486037.013792
 12 00 00 00 01 00 00 00

005:003:000:STREAM             1333486037.101791
 12 00 00 00 01 00 00 00

005:003:000:STREAM             1333486037.165788
 12 00 00 00 01 00 00 00

005:003:000:STREAM             1333486037.237794
 12 00 00 00 01 00 00 00

005:003:000:STREAM             1333486037.333789
 12 00 00 00 01 00 00 00

005:003:000:STREAM             1333486037.413793
 12 00 00 00 01 00 00 00

005:003:000:STREAM             1333486037.525791
 12 00 00 00 01 00 00 00

005:003:000:STREAM             1333486037.605789
 12 00 00 00 01 00 00 00

005:003:000:STREAM             1333486037.669795
 12 00 00 00 01 00 00 00

005:003:000:STREAM             1333486037.741793
 12 00 00 00 01 00 00 00

005:003:000:STREAM             1333486038.605788
 12 00 00 00 01 00 00 00

005:003:000:STREAM             1333486038.701785
 12 00 00 00 01 00 00 00

005:003:000:STREAM             1333486038.765795
 12 00 00 00 01 00 00 00

005:003:000:STREAM             1333486038.813798
 12 00 00 00 01 00 00 00

005:003:000:STREAM             1333486038.893795
 12 00 00 00 01 00 00 00

005:003:000:STREAM             1333486038.989796
 12 00 00 00 01 00 00 00

005:003:000:STREAM             1333486039.053787
 12 00 00 00 01 00 00 00

005:003:000:STREAM             1333486039.117793
 12 00 00 00 01 00 00 00

005:003:000:STREAM             1333486039.189797
 12 00 00 00 01 00 00 00

005:003:000:STREAM             1333486039.245797
 12 00 00 00 01 00 00 00

005:003:000:STREAM             1333486039.301789
 12 00 00 00 01 00 00 00

005:003:000:STREAM             1333486039.357800
 12 00 00 00 01 00 00 00

005:003:000:STREAM             1333486040.173788
 12 00 00 00 01 00 00 00

005:003:000:STREAM             1333486040.245790
 12 00 00 00 01 00 00 00

005:003:000:STREAM             1333486040.301792
 12 00 00 00 01 00 00 00

005:003:000:STREAM             1333486040.365794
 12 00 00 00 01 00 00 00

005:003:000:STREAM             1333486040.421796
 12 00 00 00 01 00 00 00

005:003:000:STREAM             1333486040.485788
 12 00 00 00 01 00 00 00

005:003:000:STREAM             1333486040.565792
 12 00 00 00 01 00 00 00

005:003:000:STREAM             1333486040.629791
 12 00 00 00 01 00 00 00

005:003:000:STREAM             1333486040.677798
 12 00 00 00 01 00 00 00

005:003:000:STREAM             1333486040.725792
 12 00 00 00 01 00 00 00

005:003:000:STREAM             1333486040.773798
 12 00 00 00 01 00 00 00

005:003:000:STREAM             1333486041.533790
 12 00 00 00 01 00 00 00

005:003:000:STREAM             1333486041.629790
 12 00 00 00 01 00 00 00

005:003:000:STREAM             1333486041.693791
 12 00 00 00 01 00 00 00

005:003:000:STREAM             1333486041.757798
 12 00 00 00 01 00 00 00

005:003:000:STREAM             1333486041.837796
 12 00 00 00 01 00 00 00

005:003:000:STREAM             1333486041.909795
 12 00 00 00 01 00 00 00

005:003:000:STREAM             1333486041.989789
 12 00 00 00 01 00 00 00

005:003:000:STREAM             1333486042.069791
 12 00 00 00 01 00 00 00

005:003:000:STREAM             1333486042.141792
 12 00 00 00 01 00 00 00

005:003:000:STREAM             1333486042.205791
 12 00 00 00 01 00 00 00

005:003:000:STREAM             1333486042.253796
 12 00 00 00 01 00 00 00

005:003:000:STREAM             1333486042.317791
 12 00 00 00 01 00 00 00

005:003:000:STREAM             1333486042.429799
 12 00 00 00 01 00 00 00

