005:003:000:STREAM             1333486170.725837
 12 01 00 00 00 00 00 00

005:003:000:STREAM             1333486171.005813
 12 00 00 00 00 00 00 00

005:003:000:STREAM             1333486171.925795
 12 02 00 00 00 00 00 00

005:003:000:STREAM             1333486172.301815
 12 00 00 00 00 00 00 00

005:003:000:STREAM             1333486173.317815
 12 04 00 00 00 00 00 00

005:003:000:STREAM             1333486173.661822
 12 00 00 00 00 00 00 00

005:003:000:STREAM             1333486174.645816
 12 08 00 00 00 00 00 00

005:003:000:STREAM             1333486175.013817
 12 00 00 00 00 00 00 00

