005:003:000:STREAM             1333486156.205840
 12 01 00 00 00 00 00 00

005:003:000:STREAM             1333486156.549814
 12 00 00 00 00 00 00 00

005:003:000:STREAM             1333486157.453812
 12 02 00 00 00 00 00 00

005:003:000:STREAM             1333486157.837814
 12 00 00 00 00 00 00 00

005:003:000:STREAM             1333486159.005818
 12 04 00 00 00 00 00 00

005:003:000:STREAM             1333486159.453813
 12 00 00 00 00 00 00 00

005:003:000:STREAM             1333486160.389811
 12 08 00 00 00 00 00 00

005:003:000:STREAM             1333486160.845815
 12 00 00 00 00 00 00 00

