005:003:000:STREAM             1333486142.061829
 12 01 00 00 00 00 00 00

005:003:000:STREAM             1333486142.437810
 12 00 00 00 00 00 00 00

005:003:000:STREAM             1333486143.173811
 12 02 00 00 00 00 00 00

005:003:000:STREAM             1333486143.613812
 12 00 00 00 00 00 00 00

005:003:000:STREAM             1333486144.429824
 12 04 00 00 00 00 00 00

005:003:000:STREAM             1333486144.869804
 12 00 00 00 00 00 00 00

005:003:000:STREAM             1333486145.613786
 12 08 00 00 00 00 00 00

005:003:000:STREAM             1333486146.133816
 12 00 00 00 00 00 00 00

