005:003:000:STREAM             1333485764.749758
 07 02 01 01 00 00 00 00

005:003:000:STREAM             1333485764.941716
 12 00 00 00 00 00 00 00

005:003:000:STREAM             1333485765.741733
 12 00 00 00 FF 00 00 00

005:003:000:STREAM             1333485765.869740
 12 00 00 00 FF 00 00 00

005:003:000:STREAM             1333485765.981740
 12 00 00 00 FF 00 00 00

005:003:000:STREAM             1333485766.117735
 12 00 00 00 FF 00 00 00

005:003:000:STREAM             1333485766.229735
 12 00 00 00 FF 00 00 00

005:003:000:STREAM             1333485766.357738
 12 00 00 00 FF 00 00 00

005:003:000:STREAM             1333485766.453736
 12 00 00 00 FF 00 00 00

005:003:000:STREAM             1333485766.573736
 12 00 00 00 FF 00 00 00

005:003:000:STREAM             1333485766.709739
 12 00 00 00 FF 00 00 00

005:003:000:STREAM             1333485767.485734
 12 00 00 00 FF 00 00 00

005:003:000:STREAM             1333485767.629737
 12 00 00 00 FF 00 00 00

005:003:000:STREAM             1333485767.733742
 12 00 00 00 FF 00 00 00

005:003:000:STREAM             1333485767.837738
 12 00 00 00 FF 00 00 00

005:003:000:STREAM             1333485767.933744
 12 00 00 00 FF 00 00 00

005:003:000:STREAM             1333485768.029738
 12 00 00 00 FF 00 00 00

005:003:000:STREAM             1333485768.117742
 12 00 00 00 FF 00 00 00

005:003:000:STREAM             1333485768.189744
 12 00 00 00 FF 00 00 00

005:003:000:STREAM             1333485768.261733
 12 00 00 00 FF 00 00 00

005:003:000:STREAM             1333485768.341734
 12 00 00 00 FF 00 00 00

005:003:000:STREAM             1333485768.965742
 12 00 00 00 01 00 00 00

005:003:000:STREAM             1333485769.045738
 12 00 00 00 01 00 00 00

005:003:000:STREAM             1333485769.133737
 12 00 00 00 01 00 00 00

005:003:000:STREAM             1333485769.237742
 12 00 00 00 01 00 00 00

005:003:000:STREAM             1333485769.317736
 12 00 00 00 01 00 00 00

005:003:000:STREAM             1333485769.405714
 12 00 00 00 01 00 00 00

005:003:000:STREAM             1333485769.501735
 12 00 00 00 01 00 00 00

005:003:000:STREAM             1333485769.581740
 12 00 00 00 01 00 00 00

005:003:000:STREAM             1333485769.669741
 12 00 00 00 01 00 00 00

005:003:000:STREAM             1333485769.741737
 12 00 00 00 01 00 00 00

005:003:000:STREAM             1333485769.821738
 12 00 00 00 01 00 00 00

005:003:000:STREAM             1333485770.645738
 12 00 00 00 01 00 00 00

005:003:000:STREAM             1333485770.741732
 12 00 00 00 01 00 00 00

005:003:000:STREAM             1333485770.829722
 12 00 00 00 01 00 00 00

005:003:000:STREAM             1333485770.909742
 12 00 00 00 01 00 00 00

005:003:000:STREAM             1333485770.973738
 12 00 00 00 01 00 00 00

005:003:000:STREAM             1333485771.045734
 12 00 00 00 01 00 00 00

005:003:000:STREAM             1333485771.125742
 12 00 00 00 01 00 00 00

005:003:000:STREAM             1333485771.205747
 12 00 00 00 01 00 00 00

005:003:000:STREAM             1333485771.277740
 12 00 00 00 01 00 00 00

005:003:000:STREAM             1333485771.373735
 12 00 00 00 01 00 00 00

005:003:000:STREAM             1333485772.117734
 12 00 00 00 01 00 00 00

005:003:000:STREAM             1333485772.197750
 12 00 00 00 01 00 00 00

005:003:000:STREAM             1333485772.269737
 12 00 00 00 01 00 00 00

005:003:000:STREAM             1333485772.357735
 12 00 00 00 01 00 00 00

005:003:000:STREAM             1333485772.445743
 12 00 00 00 01 00 00 00

005:003:000:STREAM             1333485772.509739
 12 00 00 00 01 00 00 00

005:003:000:STREAM             1333485772.589738
 12 00 00 00 01 00 00 00

005:003:000:STREAM             1333485774.005740
 07 02 01 02 00 00 00 00

005:003:000:STREAM             1333485774.133736
 12 00 00 00 00 00 00 00

005:003:000:STREAM             1333485774.941737
 12 00 00 00 FF 00 00 00

005:003:000:STREAM             1333485775.053741
 12 00 00 00 FF 00 00 00

005:003:000:STREAM             1333485775.165736
 12 00 00 00 FF 00 00 00

005:003:000:STREAM             1333485775.261738
 12 00 00 00 FF 00 00 00

005:003:000:STREAM             1333485775.373736
 12 00 00 00 FF 00 00 00

005:003:000:STREAM             1333485775.501737
 12 00 00 00 FF 00 00 00

005:003:000:STREAM             1333485775.605739
 12 00 00 00 FF 00 00 00

005:003:000:STREAM             1333485775.685740
 12 00 00 00 FF 00 00 00

005:003:000:STREAM             1333485775.773747
 12 00 00 00 FF 00 00 00

005:003:000:STREAM             1333485775.941733
 12 00 00 00 FF 00 00 00

005:003:000:STREAM             1333485776.701738
 12 00 00 00 FF 00 00 00

005:003:000:STREAM             1333485776.789747
 12 00 00 00 FF 00 00 00

005:003:000:STREAM             1333485776.885735
 12 00 00 00 FF 00 00 00

005:003:000:STREAM             1333485777.005738
 12 00 00 00 FF 00 00 00

005:003:000:STREAM             1333485777.109741
 12 00 00 00 FF 00 00 00

005:003:000:STREAM             1333485777.189742
 12 00 00 00 FF 00 00 00

005:003:000:STREAM             1333485777.277734
 12 00 00 00 FF 00 00 00

005:003:000:STREAM             1333485777.365745
 12 00 00 00 FF 00 00 00

005:003:000:STREAM             1333485777.469737
 12 00 00 00 FF 00 00 00

005:003:000:STREAM             1333485777.573744
 12 00 00 00 FF 00 00 00

005:003:000:STREAM             1333485778.293741
 12 00 00 00 FF 00 00 00

005:003:000:STREAM             1333485778.389717
 12 00 00 00 FF 00 00 00

005:003:000:STREAM             1333485778.469744
 12 00 00 00 FF 00 00 00

005:003:000:STREAM             1333485778.565741
 12 00 00 00 FF 00 00 00

005:003:000:STREAM             1333485778.661738
 12 00 00 00 FF 00 00 00

005:003:000:STREAM             1333485778.741738
 12 00 00 00 FF 00 00 00

005:003:000:STREAM             1333485778.821736
 12 00 00 00 FF 00 00 00

005:003:000:STREAM             1333485778.909734
 12 00 00 00 FF 00 00 00

005:003:000:STREAM             1333485779.413716
 12 00 00 00 01 00 00 00

005:003:000:STREAM             1333485779.525736
 12 00 00 00 01 00 00 00

005:003:000:STREAM             1333485779.613745
 12 00 00 00 01 00 00 00

005:003:000:STREAM             1333485779.693740
 12 00 00 00 01 00 00 00

005:003:000:STREAM             1333485779.765738
 12 00 00 00 01 00 00 00

005:003:000:STREAM             1333485779.837739
 12 00 00 00 01 00 00 00

005:003:000:STREAM             1333485779.909742
 12 00 00 00 01 00 00 00

005:003:000:STREAM             1333485779.981741
 12 00 00 00 01 00 00 00

005:003:000:STREAM             1333485780.053738
 12 00 00 00 01 00 00 00

005:003:000:STREAM             1333485780.117741
 12 00 00 00 01 00 00 00

005:003:000:STREAM             1333485780.237748
 12 00 00 00 01 00 00 00

005:003:000:STREAM             1333485780.909736
 12 00 00 00 01 00 00 00

005:003:000:STREAM             1333485780.981739
 12 00 00 00 01 00 00 00

005:003:000:STREAM             1333485781.053741
 12 00 00 00 01 00 00 00

005:003:000:STREAM             1333485781.109749
 12 00 00 00 01 00 00 00

005:003:000:STREAM             1333485781.173736
 12 00 00 00 01 00 00 00

005:003:000:STREAM             1333485781.253743
 12 00 00 00 01 00 00 00

005:003:000:STREAM             1333485781.317744
 12 00 00 00 01 00 00 00

005:003:000:STREAM             1333485781.381735
 12 00 00 00 01 00 00 00

005:003:000:STREAM             1333485782.029739
 12 00 00 00 01 00 00 00

005:003:000:STREAM             1333485782.125737
 12 00 00 00 01 00 00 00

005:003:000:STREAM             1333485782.205748
 12 00 00 00 01 00 00 00

005:003:000:STREAM             1333485782.293739
 12 00 00 00 01 00 00 00

005:003:000:STREAM             1333485782.365746
 12 00 00 00 01 00 00 00

005:003:000:STREAM             1333485782.445743
 12 00 00 00 01 00 00 00

005:003:000:STREAM             1333485782.509738
 12 00 00 00 01 00 00 00

005:003:000:STREAM             1333485782.581741
 12 00 00 00 01 00 00 00

005:003:000:STREAM             1333485782.645743
 12 00 00 00 01 00 00 00

005:003:000:STREAM             1333485783.501739
 07 02 01 03 00 00 00 00

005:003:000:STREAM             1333485783.613738
 12 00 00 00 00 00 00 00

005:003:000:STREAM             1333485784.453744
 12 00 00 00 FF 00 00 00

005:003:000:STREAM             1333485784.533722
 12 00 00 00 FF 00 00 00

005:003:000:STREAM             1333485784.629737
 12 00 00 00 FF 00 00 00

005:003:000:STREAM             1333485784.717746
 12 00 00 00 FF 00 00 00

005:003:000:STREAM             1333485784.789742
 12 00 00 00 FF 00 00 00

005:003:000:STREAM             1333485784.909735
 12 00 00 00 FF 00 00 00

005:003:000:STREAM             1333485784.981738
 12 00 00 00 FF 00 00 00

005:003:000:STREAM             1333485785.061738
 12 00 00 00 FF 00 00 00

005:003:000:STREAM             1333485785.141742
 12 00 00 00 FF 00 00 00

005:003:000:STREAM             1333485785.237744
 12 00 00 00 FF 00 00 00

005:003:000:STREAM             1333485786.069742
 12 00 00 00 FF 00 00 00

005:003:000:STREAM             1333485786.165742
 12 00 00 00 FF 00 00 00

005:003:000:STREAM             1333485786.261742
 12 00 00 00 FF 00 00 00

005:003:000:STREAM             1333485786.365742
 12 00 00 00 FF 00 00 00

005:003:000:STREAM             1333485786.477746
 12 00 00 00 FF 00 00 00

005:003:000:STREAM             1333485786.565747
 12 00 00 00 FF 00 00 00

005:003:000:STREAM             1333485786.653743
 12 00 00 00 FF 00 00 00

005:003:000:STREAM             1333485786.741740
 12 00 00 00 FF 00 00 00

005:003:000:STREAM             1333485786.845738
 12 00 00 00 FF 00 00 00

005:003:000:STREAM             1333485786.949741
 12 00 00 00 FF 00 00 00

005:003:000:STREAM             1333485787.037742
 12 00 00 00 FF 00 00 00

005:003:000:STREAM             1333485787.941734
 12 00 00 00 FF 00 00 00

005:003:000:STREAM             1333485788.037742
 12 00 00 00 FF 00 00 00

005:003:000:STREAM             1333485788.117747
 12 00 00 00 FF 00 00 00

005:003:000:STREAM             1333485788.205750
 12 00 00 00 FF 00 00 00

005:003:000:STREAM             1333485788.309742
 12 00 00 00 FF 00 00 00

005:003:000:STREAM             1333485788.405735
 12 00 00 00 FF 00 00 00

005:003:000:STREAM             1333485788.477744
 12 00 00 00 FF 00 00 00

005:003:000:STREAM             1333485788.549742
 12 00 00 00 FF 00 00 00

005:003:000:STREAM             1333485788.637740
 12 00 00 00 FF 00 00 00

005:003:000:STREAM             1333485788.709746
 12 00 00 00 FF 00 00 00

005:003:000:STREAM             1333485788.797745
 12 00 00 00 FF 00 00 00

005:003:000:STREAM             1333485789.669740
 12 00 00 00 01 00 00 00

005:003:000:STREAM             1333485789.765740
 12 00 00 00 01 00 00 00

005:003:000:STREAM             1333485789.845742
 12 00 00 00 01 00 00 00

005:003:000:STREAM             1333485789.909743
 12 00 00 00 01 00 00 00

005:003:000:STREAM             1333485789.973741
 12 00 00 00 01 00 00 00

005:003:000:STREAM             1333485790.061740
 12 00 00 00 01 00 00 00

005:003:000:STREAM             1333485790.149742
 12 00 00 00 01 00 00 00

005:003:000:STREAM             1333485790.229745
 12 00 00 00 01 00 00 00

005:003:000:STREAM             1333485790.309735
 12 00 00 00 01 00 00 00

005:003:000:STREAM             1333485790.373742
 12 00 00 00 01 00 00 00

005:003:000:STREAM             1333485790.517739
 12 00 00 00 01 00 00 00

005:003:000:STREAM             1333485791.205739
 12 00 00 00 01 00 00 00

005:003:000:STREAM             1333485791.301737
 12 00 00 00 01 00 00 00

005:003:000:STREAM             1333485791.389747
 12 00 00 00 01 00 00 00

005:003:000:STREAM             1333485791.485743
 12 00 00 00 01 00 00 00

005:003:000:STREAM             1333485791.549742
 12 00 00 00 01 00 00 00

005:003:000:STREAM             1333485791.621739
 12 00 00 00 01 00 00 00

005:003:000:STREAM             1333485791.693744
 12 00 00 00 01 00 00 00

005:003:000:STREAM             1333485791.757741
 12 00 00 00 01 00 00 00

005:003:000:STREAM             1333485791.821740
 12 00 00 00 01 00 00 00

005:003:000:STREAM             1333485792.501739
 12 00 00 00 01 00 00 00

005:003:000:STREAM             1333485792.613744
 12 00 00 00 01 00 00 00

005:003:000:STREAM             1333485792.709743
 12 00 00 00 01 00 00 00

005:003:000:STREAM             1333485792.805745
 12 00 00 00 01 00 00 00

005:003:000:STREAM             1333485792.909742
 12 00 00 00 01 00 00 00

005:003:000:STREAM             1333485792.981745
 12 00 00 00 01 00 00 00

005:003:000:STREAM             1333485793.085739
 12 00 00 00 01 00 00 00

005:003:000:STREAM             1333485793.165741
 12 00 00 00 01 00 00 00

005:003:000:STREAM             1333485793.245720
 12 00 00 00 01 00 00 00

005:003:000:STREAM             1333485793.325746
 12 00 00 00 01 00 00 00

005:003:000:STREAM             1333485795.445738
 07 02 01 04 00 00 00 00

005:003:000:STREAM             1333485795.453724
 12 00 00 00 00 00 00 00

005:003:000:STREAM             1333485795.477739
 07 02 01 04 00 00 00 00

005:003:000:STREAM             1333485795.573748
 12 00 00 00 00 00 00 00

005:003:000:STREAM             1333485796.549738
 12 00 00 00 FF 00 00 00

005:003:000:STREAM             1333485796.661738
 12 00 00 00 FF 00 00 00

005:003:000:STREAM             1333485796.749740
 12 00 00 00 FF 00 00 00

005:003:000:STREAM             1333485796.821744
 12 00 00 00 FF 00 00 00

005:003:000:STREAM             1333485796.933739
 12 00 00 00 FF 00 00 00

005:003:000:STREAM             1333485797.029739
 12 00 00 00 FF 00 00 00

005:003:000:STREAM             1333485797.109746
 12 00 00 00 FF 00 00 00

005:003:000:STREAM             1333485797.197748
 12 00 00 00 FF 00 00 00

005:003:000:STREAM             1333485797.285739
 12 00 00 00 FF 00 00 00

005:003:000:STREAM             1333485797.397718
 12 00 00 00 FF 00 00 00

005:003:000:STREAM             1333485798.309742
 12 00 00 00 FF 00 00 00

005:003:000:STREAM             1333485798.413740
 12 00 00 00 FF 00 00 00

005:003:000:STREAM             1333485798.501740
 12 00 00 00 FF 00 00 00

005:003:000:STREAM             1333485798.597740
 12 00 00 00 FF 00 00 00

005:003:000:STREAM             1333485798.709739
 12 00 00 00 FF 00 00 00

005:003:000:STREAM             1333485798.773749
 12 00 00 00 FF 00 00 00

005:003:000:STREAM             1333485798.837747
 12 00 00 00 FF 00 00 00

005:003:000:STREAM             1333485798.925743
 12 00 00 00 FF 00 00 00

005:003:000:STREAM             1333485799.005740
 12 00 00 00 FF 00 00 00

005:003:000:STREAM             1333485799.077745
 12 00 00 00 FF 00 00 00

005:003:000:STREAM             1333485799.149745
 12 00 00 00 FF 00 00 00

005:003:000:STREAM             1333485800.053741
 12 00 00 00 FF 00 00 00

005:003:000:STREAM             1333485800.181743
 12 00 00 00 FF 00 00 00

005:003:000:STREAM             1333485800.269744
 12 00 00 00 FF 00 00 00

005:003:000:STREAM             1333485800.341741
 12 00 00 00 FF 00 00 00

005:003:000:STREAM             1333485800.421743
 12 00 00 00 FF 00 00 00

005:003:000:STREAM             1333485800.509746
 12 00 00 00 FF 00 00 00

005:003:000:STREAM             1333485800.573744
 12 00 00 00 FF 00 00 00

005:003:000:STREAM             1333485800.645742
 12 00 00 00 FF 00 00 00

005:003:000:STREAM             1333485800.717750
 12 00 00 00 FF 00 00 00

005:003:000:STREAM             1333485800.797745
 12 00 00 00 FF 00 00 00

005:003:000:STREAM             1333485800.853749
 12 00 00 00 FF 00 00 00

005:003:000:STREAM             1333485801.981741
 12 00 00 00 01 00 00 00

005:003:000:STREAM             1333485802.053737
 12 00 00 00 01 00 00 00

005:003:000:STREAM             1333485802.133747
 12 00 00 00 01 00 00 00

005:003:000:STREAM             1333485802.221743
 12 00 00 00 01 00 00 00

005:003:000:STREAM             1333485802.309740
 12 00 00 00 01 00 00 00

005:003:000:STREAM             1333485802.389742
 12 00 00 00 01 00 00 00

005:003:000:STREAM             1333485802.445751
 12 00 00 00 01 00 00 00

005:003:000:STREAM             1333485802.509743
 12 00 00 00 01 00 00 00

005:003:000:STREAM             1333485802.581743
 12 00 00 00 01 00 00 00

005:003:000:STREAM             1333485802.653747
 12 00 00 00 01 00 00 00

005:003:000:STREAM             1333485803.389742
 12 00 00 00 01 00 00 00

005:003:000:STREAM             1333485803.501738
 12 00 00 00 01 00 00 00

005:003:000:STREAM             1333485803.573748
 12 00 00 00 01 00 00 00

005:003:000:STREAM             1333485803.645746
 12 00 00 00 01 00 00 00

005:003:000:STREAM             1333485803.725742
 12 00 00 00 01 00 00 00

005:003:000:STREAM             1333485803.813738
 12 00 00 00 01 00 00 00

005:003:000:STREAM             1333485803.877748
 12 00 00 00 01 00 00 00

005:003:000:STREAM             1333485803.941745
 12 00 00 00 01 00 00 00

005:003:000:STREAM             1333485804.013746
 12 00 00 00 01 00 00 00

005:003:000:STREAM             1333485804.085746
 12 00 00 00 01 00 00 00

005:003:000:STREAM             1333485804.149744
 12 00 00 00 01 00 00 00

005:003:000:STREAM             1333485804.901740
 12 00 00 00 01 00 00 00

005:003:000:STREAM             1333485805.005750
 12 00 00 00 01 00 00 00

005:003:000:STREAM             1333485805.085744
 12 00 00 00 01 00 00 00

005:003:000:STREAM             1333485805.165744
 12 00 00 00 01 00 00 00

005:003:000:STREAM             1333485805.253741
 12 00 00 00 01 00 00 00

005:003:000:STREAM             1333485805.349742
 12 00 00 00 01 00 00 00

005:003:000:STREAM             1333485805.413717
 12 00 00 00 01 00 00 00

005:003:000:STREAM             1333485805.493749
 12 00 00 00 01 00 00 00

005:003:000:STREAM             1333485805.557748
 12 00 00 00 01 00 00 00

005:003:000:STREAM             1333485805.629748
 12 00 00 00 01 00 00 00

005:003:000:STREAM             1333485805.701747
 12 00 00 00 01 00 00 00

005:003:000:STREAM             1333485805.797764
 12 00 00 00 01 00 00 00

