005:003:000:STREAM             1333485253.765656
 09 80 F3 19 31 15 00 00

005:003:000:STREAM             1333485253.773618
 09 80 F3 19 31 15 00 00

005:003:000:STREAM             1333485253.781631
 09 80 F3 19 31 15 00 00

005:003:000:STREAM             1333485253.789632
 09 80 F3 19 31 15 00 00

005:003:000:STREAM             1333485253.797691
 09 80 F3 19 31 15 00 00

005:003:000:STREAM             1333485253.805601
 09 80 F3 19 32 15 00 00

005:003:000:STREAM             1333485253.813607
 09 80 F3 19 33 15 00 00

005:003:000:STREAM             1333485253.821603
 09 80 F3 19 34 15 00 00

005:003:000:STREAM             1333485253.829616
 09 80 F3 19 35 15 00 00

005:003:000:STREAM             1333485253.837594
 09 80 F3 19 3A 15 00 00

005:003:000:STREAM             1333485253.845603
 09 80 F3 19 39 15 00 00

005:003:000:STREAM             1333485253.853592
 09 80 F3 19 38 15 00 00

005:003:000:STREAM             1333485253.861603
 09 80 F3 19 37 15 00 00

005:003:000:STREAM             1333485253.869617
 09 80 F3 19 33 15 00 00

005:003:000:STREAM             1333485253.877623
 09 80 F2 19 33 15 00 00

005:003:000:STREAM             1333485253.885613
 09 80 ED 19 33 15 00 00

005:003:000:STREAM             1333485253.893641
 09 80 ED 19 33 15 00 00

005:003:000:STREAM             1333485253.901614
 09 80 ED 19 33 15 00 00

005:003:000:STREAM             1333485253.909626
 09 80 ED 19 33 15 00 00

005:003:000:STREAM             1333485253.917612
 09 80 ED 19 33 15 00 00

005:003:000:STREAM             1333485253.925644
 09 80 ED 19 33 15 00 00

005:003:000:STREAM             1333485253.933613
 09 80 F6 19 33 15 00 00

005:003:000:STREAM             1333485253.941622
 09 80 F9 19 27 15 00 00

005:003:000:STREAM             1333485253.949626
 09 80 FA 19 27 15 00 00

005:003:000:STREAM             1333485253.957640
 09 80 FF 19 27 15 00 00

005:003:000:STREAM             1333485253.965626
 09 80 00 1A 27 15 00 00

005:003:000:STREAM             1333485253.973614
 09 80 01 1A 27 15 00 00

005:003:000:STREAM             1333485253.981606
 09 80 02 1A 27 15 00 00

005:003:000:STREAM             1333485253.989630
 09 80 03 1A 27 15 00 00

005:003:000:STREAM             1333485253.997630
 09 80 05 1A 27 15 00 00

005:003:000:STREAM             1333485254.005625
 09 80 05 1A 28 15 00 00

005:003:000:STREAM             1333485254.013619
 09 80 05 1A 29 15 00 00

005:003:000:STREAM             1333485254.021628
 09 80 05 1A 2A 15 00 00

005:003:000:STREAM             1333485254.029626
 09 80 05 1A 2D 15 00 00

005:003:000:STREAM             1333485254.037614
 09 80 0B 1A 2D 15 00 00

005:003:000:STREAM             1333485254.045620
 09 80 0B 1A 34 15 00 00

005:003:000:STREAM             1333485254.053626
 09 80 16 1A 37 15 00 00

005:003:000:STREAM             1333485254.061627
 09 80 16 1A 37 15 00 00

005:003:000:STREAM             1333485254.069615
 09 80 17 1A 37 15 00 00

005:003:000:STREAM             1333485254.077629
 09 80 18 1A 37 15 00 00

005:003:000:STREAM             1333485254.085625
 09 80 19 1A 37 15 00 00

005:003:000:STREAM             1333485254.093626
 09 80 1E 1A 37 15 00 00

005:003:000:STREAM             1333485254.101615
 09 80 1D 1A 37 15 00 00

005:003:000:STREAM             1333485254.109640
 09 80 17 1A 37 15 00 00

005:003:000:STREAM             1333485254.117616
 09 80 11 1A 37 15 00 00

005:003:000:STREAM             1333485254.125624
 09 80 11 1A 38 15 00 00

005:003:000:STREAM             1333485254.133612
 09 80 11 1A 40 15 00 00

005:003:000:STREAM             1333485254.141638
 09 80 11 1A 41 15 00 00

005:003:000:STREAM             1333485254.149616
 09 80 11 1A 49 15 00 00

005:003:000:STREAM             1333485254.157621
 09 80 11 1A 4A 15 00 00

005:003:000:STREAM             1333485254.165628
 09 80 11 1A 4B 15 00 00

005:003:000:STREAM             1333485254.173640
 09 80 11 1A 4C 15 00 00

005:003:000:STREAM             1333485254.181628
 09 80 11 1A 50 15 00 00

005:003:000:STREAM             1333485254.189614
 09 80 0E 1A 3F 15 00 00

005:003:000:STREAM             1333485254.197618
 09 80 07 1A 31 15 00 00

005:003:000:STREAM             1333485254.205625
 09 80 04 1A 20 15 00 00

005:003:000:STREAM             1333485254.213630
 09 80 01 1A 0E 15 00 00

005:003:000:STREAM             1333485254.221616
 09 80 FA 19 FD 14 00 00

005:003:000:STREAM             1333485254.229625
 09 80 F7 19 EF 14 00 00

005:003:000:STREAM             1333485254.237628
 09 80 F4 19 E5 14 00 00

005:003:000:STREAM             1333485254.245623
 09 80 F4 19 E5 14 00 00

005:003:000:STREAM             1333485254.253616
 09 80 F4 19 E4 14 00 00

005:003:000:STREAM             1333485254.261621
 09 80 F4 19 DD 14 00 00

005:003:000:STREAM             1333485254.269627
 09 80 00 1A E0 14 00 00

005:003:000:STREAM             1333485254.277627
 09 80 00 1A E0 14 00 00

005:003:000:STREAM             1333485254.285615
 09 80 0A 1A E1 14 00 00

005:003:000:STREAM             1333485254.293629
 09 80 0A 1A E8 14 00 00

005:003:000:STREAM             1333485254.301626
 09 80 0D 1A F6 14 00 00

005:003:000:STREAM             1333485254.309623
 09 80 0D 1A F7 14 00 00

005:003:000:STREAM             1333485254.317616
 09 80 0D 1A FC 14 00 00

005:003:000:STREAM             1333485254.325639
 09 80 10 1A 06 15 00 00

005:003:000:STREAM             1333485254.333615
 09 80 10 1A 06 15 00 00

005:003:000:STREAM             1333485254.341624
 09 80 10 1A 06 15 00 00

005:003:000:STREAM             1333485254.349614
 09 80 10 1A 07 15 00 00

005:003:000:STREAM             1333485254.357642
 09 80 10 1A 0C 15 00 00

005:003:000:STREAM             1333485254.365614
 09 80 10 1A 18 15 00 00

005:003:000:STREAM             1333485254.373624
 09 80 10 1A 19 15 00 00

005:003:000:STREAM             1333485254.381625
 09 80 10 1A 1E 15 00 00

005:003:000:STREAM             1333485254.389638
 09 80 11 1A 1F 15 00 00

005:003:000:STREAM             1333485254.397629
 09 80 12 1A 20 15 00 00

005:003:000:STREAM             1333485254.405615
 09 80 13 1A 21 15 00 00

005:003:000:STREAM             1333485254.413610
 09 80 14 1A 22 15 00 00

005:003:000:STREAM             1333485254.421633
 09 80 15 1A 23 15 00 00

005:003:000:STREAM             1333485254.429627
 09 80 16 1A 24 15 00 00

005:003:000:STREAM             1333485254.437614
 09 80 17 1A 25 15 00 00

005:003:000:STREAM             1333485254.445628
 09 80 16 1A 26 15 00 00

005:003:000:STREAM             1333485254.453632
 09 80 16 1A 25 15 00 00

005:003:000:STREAM             1333485254.461626
 09 80 1C 1A 25 15 00 00

005:003:000:STREAM             1333485254.469614
 09 80 1C 1A 26 15 00 00

005:003:000:STREAM             1333485254.477619
 09 80 1C 1A 2C 15 00 00

005:003:000:STREAM             1333485254.485628
 09 80 1C 1A 2D 15 00 00

005:003:000:STREAM             1333485254.493629
 09 80 1C 1A 32 15 00 00

005:003:000:STREAM             1333485254.501614
 09 80 1D 1A 33 15 00 00

005:003:000:STREAM             1333485254.509628
 09 80 1E 1A 34 15 00 00

005:003:000:STREAM             1333485254.517622
 09 80 23 1A 39 15 00 00

005:003:000:STREAM             1333485254.525624
 09 80 24 1A 39 15 00 00

005:003:000:STREAM             1333485254.533614
 09 80 25 1A 39 15 00 00

005:003:000:STREAM             1333485254.541641
 09 80 26 1A 39 15 00 00

005:003:000:STREAM             1333485254.549616
 09 80 27 1A 39 15 00 00

005:003:000:STREAM             1333485254.557622
 09 80 28 1A 39 15 00 00

005:003:000:STREAM             1333485254.565614
 09 80 29 1A 39 15 00 00

005:003:000:STREAM             1333485254.573637
 09 80 2A 1A 39 15 00 00

005:003:000:STREAM             1333485254.581619
 09 80 2B 1A 39 15 00 00

005:003:000:STREAM             1333485254.589622
 09 80 2C 1A 39 15 00 00

005:003:000:STREAM             1333485254.597631
 09 80 2D 1A 39 15 00 00

005:003:000:STREAM             1333485254.605643
 09 80 2C 1A 39 15 00 00

005:003:000:STREAM             1333485254.613629
 09 80 2C 1A 39 15 00 00

005:003:000:STREAM             1333485254.621617
 09 80 2C 1A 39 15 00 00

005:003:000:STREAM             1333485254.629613
 09 80 2C 1A 39 15 00 00

005:003:000:STREAM             1333485254.637630
 09 80 2D 1A 39 15 00 00

005:003:000:STREAM             1333485254.645624
 09 80 2E 1A 39 15 00 00

005:003:000:STREAM             1333485254.653616
 09 80 2F 1A 39 15 00 00

005:003:000:STREAM             1333485254.661624
 09 80 30 1A 39 15 00 00

005:003:000:STREAM             1333485254.669630
 09 80 31 1A 39 15 00 00

005:003:000:STREAM             1333485254.677626
 09 80 32 1A 39 15 00 00

005:003:000:STREAM             1333485254.685613
 09 80 33 1A 39 15 00 00

005:003:000:STREAM             1333485254.693620
 09 80 34 1A 39 15 00 00

005:003:000:STREAM             1333485254.701630
 09 80 35 1A 39 15 00 00

005:003:000:STREAM             1333485254.709627
 09 80 38 1A 39 15 00 00

005:003:000:STREAM             1333485254.717613
 09 80 39 1A 39 15 00 00

005:003:000:STREAM             1333485254.725627
 09 80 3A 1A 39 15 00 00

005:003:000:STREAM             1333485254.733622
 09 80 3B 1A 39 15 00 00

005:003:000:STREAM             1333485254.741624
 09 80 3E 1A 39 15 00 00

005:003:000:STREAM             1333485254.749614
 09 80 3F 1A 39 15 00 00

005:003:000:STREAM             1333485254.757642
 09 80 40 1A 39 15 00 00

005:003:000:STREAM             1333485254.765615
 09 80 41 1A 39 15 00 00

005:003:000:STREAM             1333485254.773624
 09 80 42 1A 39 15 00 00

005:003:000:STREAM             1333485254.781613
 09 80 43 1A 39 15 00 00

005:003:000:STREAM             1333485254.789640
 09 80 44 1A 39 15 00 00

005:003:000:STREAM             1333485254.797616
 09 80 44 1A 39 15 00 00

005:003:000:STREAM             1333485254.805622
 09 80 43 1A 38 15 00 00

005:003:000:STREAM             1333485254.813628
 09 80 42 1A 37 15 00 00

005:003:000:STREAM             1333485254.821639
 09 80 41 1A 36 15 00 00

005:003:000:STREAM             1333485254.829622
 09 80 40 1A 35 15 00 00

005:003:000:STREAM             1333485254.837615
 09 80 3F 1A 34 15 00 00

005:003:000:STREAM             1333485254.845621
 09 80 3D 1A 31 15 00 00

005:003:000:STREAM             1333485254.853631
 09 80 3E 1A 32 15 00 00

005:003:000:STREAM             1333485254.861627
 09 80 43 1A 3A 15 00 00

005:003:000:STREAM             1333485254.869614
 09 80 43 1A 3B 15 00 00

005:003:000:STREAM             1333485254.877628
 09 80 43 1A 41 15 00 00

005:003:000:STREAM             1333485254.885625
 09 80 44 1A 41 15 00 00

005:003:000:STREAM             1333485254.893625
 09 80 45 1A 41 15 00 00

005:003:000:STREAM             1333485254.901616
 09 80 46 1A 41 15 00 00

005:003:000:STREAM             1333485254.909620
 09 80 47 1A 41 15 00 00

005:003:000:STREAM             1333485254.917630
 09 80 49 1A 41 15 00 00

005:003:000:STREAM             1333485254.925625
 09 80 48 1A 36 15 00 00

005:003:000:STREAM             1333485254.933616
 09 80 42 1A 36 15 00 00

005:003:000:STREAM             1333485254.941629
 09 80 41 1A 35 15 00 00

005:003:000:STREAM             1333485254.949624
 09 80 40 1A 34 15 00 00

005:003:000:STREAM             1333485254.957622
 09 80 3A 1A 2F 15 00 00

005:003:000:STREAM             1333485254.965614
 09 80 39 1A 2E 15 00 00

005:003:000:STREAM             1333485254.973643
 09 80 38 1A 2D 15 00 00

005:003:000:STREAM             1333485254.981618
 09 80 37 1A 2C 15 00 00

005:003:000:STREAM             1333485254.989620
 09 80 32 1A 28 15 00 00

005:003:000:STREAM             1333485254.997614
 09 80 32 1A 27 15 00 00

005:003:000:STREAM             1333485255.005641
 09 80 32 1A 26 15 00 00

005:003:000:STREAM             1333485255.013615
 09 80 32 1A 22 15 00 00

005:003:000:STREAM             1333485255.021622
 09 80 32 1A 21 15 00 00

005:003:000:STREAM             1333485255.029630
 09 80 32 1A 1A 15 00 00

005:003:000:STREAM             1333485255.037643
 09 80 31 1A 1A 15 00 00

005:003:000:STREAM             1333485255.045629
 09 80 2C 1A 1A 15 00 00

005:003:000:STREAM             1333485255.053614
 09 80 2C 1A 1A 15 00 00

005:003:000:STREAM             1333485255.061624
 09 80 2C 1A 1A 15 00 00

005:003:000:STREAM             1333485255.069634
 09 80 2C 1A 1A 15 00 00

005:003:000:STREAM             1333485255.077626
 09 80 2C 1A 1A 15 00 00

005:003:000:STREAM             1333485255.085613
 09 80 2C 1A 1A 15 00 00

005:003:000:STREAM             1333485255.093624
 09 80 2C 1A 1A 15 00 00

005:003:000:STREAM             1333485255.101626
 09 80 2C 1A 1A 15 00 00

005:003:000:STREAM             1333485255.109624
 09 80 2C 1A 1A 15 00 00

005:003:000:STREAM             1333485255.117614
 09 80 2C 1A 1A 15 00 00

005:003:000:STREAM             1333485255.125611
 09 80 2C 1A 1A 15 00 00

005:003:000:STREAM             1333485255.133626
 09 80 2C 1A 1A 15 00 00

005:003:000:STREAM             1333485255.141629
 09 80 2C 1A 1A 15 00 00

005:003:000:STREAM             1333485255.149613
 09 80 2C 1A 1B 15 00 00

005:003:000:STREAM             1333485255.157629
 09 80 2C 1A 1C 15 00 00

005:003:000:STREAM             1333485255.165626
 09 80 2C 1A 1D 15 00 00

005:003:000:STREAM             1333485255.173623
 09 80 2C 1A 1E 15 00 00

005:003:000:STREAM             1333485255.181616
 09 80 2C 1A 20 15 00 00

005:003:000:STREAM             1333485255.189642
 09 80 2C 1A 21 15 00 00

005:003:000:STREAM             1333485255.197619
 09 80 2C 1A 22 15 00 00

005:003:000:STREAM             1333485255.205622
 09 80 2C 1A 26 15 00 00

005:003:000:STREAM             1333485255.213615
 09 80 2C 1A 27 15 00 00

005:003:000:STREAM             1333485255.221640
 09 80 2C 1A 28 15 00 00

005:003:000:STREAM             1333485255.229612
 09 80 2C 1A 29 15 00 00

005:003:000:STREAM             1333485255.237622
 09 80 2C 1A 2A 15 00 00

005:003:000:STREAM             1333485255.245626
 09 80 2C 1A 2B 15 00 00

005:003:000:STREAM             1333485255.253639
 09 80 2C 1A 2C 15 00 00

005:003:000:STREAM             1333485255.261627
 09 80 2C 1A 2D 15 00 00

005:003:000:STREAM             1333485255.269615
 09 80 2C 1A 2E 15 00 00

005:003:000:STREAM             1333485255.277615
 09 80 2C 1A 2F 15 00 00

005:003:000:STREAM             1333485255.285631
 09 80 2C 1A 2E 15 00 00

005:003:000:STREAM             1333485255.293625
 09 80 2C 1A 2E 15 00 00

005:003:000:STREAM             1333485255.301614
 09 80 2C 1A 2E 15 00 00

005:003:000:STREAM             1333485255.309626
 09 80 2C 1A 2E 15 00 00

005:003:000:STREAM             1333485255.325629
 09 80 2C 1A 2E 15 00 00

005:003:000:STREAM             1333485255.333617
 09 80 2C 1A 2E 15 00 00

005:003:000:STREAM             1333485255.341620
 09 80 2C 1A 2E 15 00 00

005:003:000:STREAM             1333485255.349629
 09 82 2C 1A 2D 15 00 00

005:003:000:STREAM             1333485255.357625
 09 82 2C 1A 2C 15 00 00

005:003:000:STREAM             1333485255.365616
 09 82 2C 1A 2B 15 00 00

005:003:000:STREAM             1333485255.373625
 09 82 2C 1A 2A 15 00 00

005:003:000:STREAM             1333485255.381623
 09 82 2C 1A 29 15 00 00

005:003:000:STREAM             1333485255.389623
 09 82 2C 1A 28 15 00 00

005:003:000:STREAM             1333485255.397617
 09 82 2C 1A 27 15 00 00

005:003:000:STREAM             1333485255.413615
 09 82 2C 1A 28 15 00 00

005:003:000:STREAM             1333485255.421625
 09 82 2C 1A 29 15 00 00

005:003:000:STREAM             1333485255.429614
 09 82 2C 1A 2E 15 00 00

005:003:000:STREAM             1333485255.437643
 09 82 2C 1A 2F 15 00 00

005:003:000:STREAM             1333485255.445617
 09 82 2C 1A 30 15 00 00

005:003:000:STREAM             1333485255.453622
 09 82 2C 1A 35 15 00 00

005:003:000:STREAM             1333485255.461626
 09 82 2C 1A 36 15 00 00

005:003:000:STREAM             1333485255.469643
 09 82 2C 1A 3C 15 00 00

005:003:000:STREAM             1333485255.477626
 09 82 2C 1A 3D 15 00 00

005:003:000:STREAM             1333485255.485615
 09 82 2C 1A 3E 15 00 00

005:003:000:STREAM             1333485255.493618
 09 82 2C 1A 3F 15 00 00

005:003:000:STREAM             1333485255.501629
 09 82 2C 1A 40 15 00 00

005:003:000:STREAM             1333485255.509623
 09 82 2C 1A 41 15 00 00

005:003:000:STREAM             1333485255.517615
 09 82 2C 1A 42 15 00 00

005:003:000:STREAM             1333485255.525624
 09 82 2C 1A 43 15 00 00

005:003:000:STREAM             1333485255.533627
 09 82 2C 1A 42 15 00 00

005:003:000:STREAM             1333485255.549624
 09 82 2C 1A 42 15 00 00

005:003:000:STREAM             1333485255.557621
 09 82 2C 1A 43 15 00 00

005:003:000:STREAM             1333485255.565638
 09 82 2C 1A 48 15 00 00

005:003:000:STREAM             1333485255.573626
 09 82 2C 1A 49 15 00 00

005:003:000:STREAM             1333485255.581615
 09 82 2C 1A 4A 15 00 00

005:003:000:STREAM             1333485255.589634
 09 82 2C 1A 4F 15 00 00

005:003:000:STREAM             1333485255.597625
 09 82 2C 1A 50 15 00 00

005:003:000:STREAM             1333485255.605629
 09 82 2C 1A 51 15 00 00

005:003:000:STREAM             1333485255.613616
 09 82 2C 1A 52 15 00 00

005:003:000:STREAM             1333485255.621639
 09 82 2C 1A 53 15 00 00

005:003:000:STREAM             1333485255.629616
 09 82 2C 1A 54 15 00 00

005:003:000:STREAM             1333485255.637622
 09 82 2C 1A 55 15 00 00

005:003:000:STREAM             1333485255.645615
 09 82 2C 1A 55 15 00 00

005:003:000:STREAM             1333485255.653640
 09 82 2D 1A 55 15 00 00

005:003:000:STREAM             1333485255.661614
 09 82 33 1A 55 15 00 00

005:003:000:STREAM             1333485255.669622
 09 82 33 1A 56 15 00 00

005:003:000:STREAM             1333485255.685645
 09 82 33 1A 5B 15 00 00

005:003:000:STREAM             1333485255.693630
 09 82 33 1A 5C 15 00 00

005:003:000:STREAM             1333485255.701615
 09 82 33 1A 5D 15 00 00

005:003:000:STREAM             1333485255.709624
 09 82 33 1A 61 15 00 00

005:003:000:STREAM             1333485255.717631
 09 82 33 1A 67 15 00 00

005:003:000:STREAM             1333485255.725623
 09 82 34 1A 67 15 00 00

005:003:000:STREAM             1333485255.733615
 09 82 35 1A 67 15 00 00

005:003:000:STREAM             1333485255.741626
 09 82 3A 1A 67 15 00 00

005:003:000:STREAM             1333485255.749628
 09 80 3B 1A 67 15 00 00

005:003:000:STREAM             1333485255.757625
 09 80 41 1A 67 15 00 00

005:003:000:STREAM             1333485255.765614
 09 80 4B 1A 64 15 00 00

005:003:000:STREAM             1333485255.773625
 09 80 4B 1A 64 15 00 00

005:003:000:STREAM             1333485255.781625
 09 80 57 1A 67 15 00 00

005:003:000:STREAM             1333485255.789627
 09 80 57 1A 67 15 00 00

005:003:000:STREAM             1333485255.797616
 09 80 64 1A 6A 15 00 00

005:003:000:STREAM             1333485255.805625
 09 80 64 1A 6A 15 00 00

005:003:000:STREAM             1333485255.813624
 09 80 6F 1A 67 15 00 00

005:003:000:STREAM             1333485255.821625
 09 80 6F 1A 67 15 00 00

005:003:000:STREAM             1333485255.829614
 09 80 6F 1A 67 15 00 00

005:003:000:STREAM             1333485255.837640
 09 80 6F 1A 61 15 00 00

005:003:000:STREAM             1333485255.845620
 09 80 70 1A 61 15 00 00

005:003:000:STREAM             1333485255.853619
 09 80 71 1A 61 15 00 00

005:003:000:STREAM             1333485255.861616
 09 80 75 1A 61 15 00 00

005:003:000:STREAM             1333485255.869640
 09 80 76 1A 61 15 00 00

005:003:000:STREAM             1333485255.877616
 09 80 77 1A 61 15 00 00

005:003:000:STREAM             1333485255.885623
 09 80 78 1A 61 15 00 00

005:003:000:STREAM             1333485255.893627
 09 80 79 1A 61 15 00 00

005:003:000:STREAM             1333485255.901641
 09 80 7A 1A 61 15 00 00

005:003:000:STREAM             1333485255.909624
 09 80 7B 1A 61 15 00 00

005:003:000:STREAM             1333485255.917617
 09 80 7C 1A 61 15 00 00

005:003:000:STREAM             1333485255.925640
 09 80 7B 1A 61 15 00 00

005:003:000:STREAM             1333485255.933639
 09 80 7B 1A 61 15 00 00

005:003:000:STREAM             1333485255.941629
 09 80 7B 1A 61 15 00 00

005:003:000:STREAM             1333485255.949617
 09 80 7B 1A 61 15 00 00

005:003:000:STREAM             1333485255.957622
 09 80 7B 1A 61 15 00 00

005:003:000:STREAM             1333485255.965626
 09 80 7E 1A 56 15 00 00

005:003:000:STREAM             1333485255.973627
 09 80 7E 1A 56 15 00 00

005:003:000:STREAM             1333485255.981614
 09 80 7E 1A 55 15 00 00

005:003:000:STREAM             1333485255.989619
 09 80 7E 1A 54 15 00 00

005:003:000:STREAM             1333485255.997627
 09 80 7E 1A 4D 15 00 00

005:003:000:STREAM             1333485256.005631
 09 80 7E 1A 4C 15 00 00

005:003:000:STREAM             1333485256.013613
 09 80 7E 1A 4B 15 00 00

005:003:000:STREAM             1333485256.021626
 09 80 7E 1A 4A 15 00 00

005:003:000:STREAM             1333485256.029623
 09 80 7E 1A 47 15 00 00

005:003:000:STREAM             1333485256.037623
 09 80 77 1A 50 15 00 00

005:003:000:STREAM             1333485256.045615
 09 80 77 1A 56 15 00 00

005:003:000:STREAM             1333485256.053638
 09 80 77 1A 5E 15 00 00

005:003:000:STREAM             1333485256.061616
 09 80 77 1A 5F 15 00 00

005:003:000:STREAM             1333485256.069624
 09 80 77 1A 60 15 00 00

005:003:000:STREAM             1333485256.077614
 09 80 77 1A 61 15 00 00

005:003:000:STREAM             1333485256.085640
 09 80 77 1A 62 15 00 00

005:003:000:STREAM             1333485256.093619
 09 80 77 1A 63 15 00 00

005:003:000:STREAM             1333485256.101623
 09 80 77 1A 64 15 00 00

005:003:000:STREAM             1333485256.109631
 09 80 77 1A 63 15 00 00

005:003:000:STREAM             1333485256.117636
 09 80 77 1A 62 15 00 00

005:003:000:STREAM             1333485256.125626
 09 80 77 1A 61 15 00 00

005:003:000:STREAM             1333485256.133614
 09 80 77 1A 60 15 00 00

005:003:000:STREAM             1333485256.141611
 09 80 77 1A 5F 15 00 00

005:003:000:STREAM             1333485256.149628
 09 80 77 1A 5E 15 00 00

005:003:000:STREAM             1333485256.157628
 09 80 77 1A 5D 15 00 00

005:003:000:STREAM             1333485256.165614
 09 80 77 1A 5E 15 00 00

005:003:000:STREAM             1333485256.173624
 09 80 77 1A 5F 15 00 00

005:003:000:STREAM             1333485256.181628
 09 80 77 1A 60 15 00 00

005:003:000:STREAM             1333485256.189628
 09 80 77 1A 66 15 00 00

005:003:000:STREAM             1333485256.197615
 09 80 77 1A 67 15 00 00

005:003:000:STREAM             1333485256.205621
 09 80 77 1A 68 15 00 00

005:003:000:STREAM             1333485256.213626
 09 80 77 1A 69 15 00 00

005:003:000:STREAM             1333485256.221626
 09 80 77 1A 6A 15 00 00

005:003:000:STREAM             1333485256.229616
 09 80 77 1A 6B 15 00 00

005:003:000:STREAM             1333485256.237629
 09 80 77 1A 6C 15 00 00

005:003:000:STREAM             1333485256.245624
 09 80 77 1A 6D 15 00 00

005:003:000:STREAM             1333485256.253624
 09 80 77 1A 6C 15 00 00

005:003:000:STREAM             1333485256.261616
 09 80 77 1A 6C 15 00 00

005:003:000:STREAM             1333485256.269638
 09 80 77 1A 6C 15 00 00

005:003:000:STREAM             1333485256.277618
 09 80 77 1A 6C 15 00 00

005:003:000:STREAM             1333485256.285624
 09 80 77 1A 6C 15 00 00

005:003:000:STREAM             1333485256.293614
 09 80 77 1A 6C 15 00 00

005:003:000:STREAM             1333485256.301641
 09 80 77 1A 6C 15 00 00

005:003:000:STREAM             1333485256.309614
 09 80 77 1A 6C 15 00 00

005:003:000:STREAM             1333485256.317623
 09 80 77 1A 6C 15 00 00

005:003:000:STREAM             1333485256.325627
 09 80 77 1A 6C 15 00 00

005:003:000:STREAM             1333485256.333641
 09 80 78 1A 6C 15 00 00

005:003:000:STREAM             1333485256.341627
 09 80 79 1A 6C 15 00 00

005:003:000:STREAM             1333485256.349615
 09 80 7A 1A 6C 15 00 00

005:003:000:STREAM             1333485256.357623
 09 80 7B 1A 6C 15 00 00

005:003:000:STREAM             1333485256.365627
 09 80 7D 1A 6C 15 00 00

005:003:000:STREAM             1333485256.373628
 09 80 7D 1A 6D 15 00 00

005:003:000:STREAM             1333485256.381616
 09 80 7D 1A 6E 15 00 00

005:003:000:STREAM             1333485256.389627
 09 80 7D 1A 6F 15 00 00

005:003:000:STREAM             1333485256.397625
 09 80 7D 1A 70 15 00 00

005:003:000:STREAM             1333485256.405636
 09 80 7D 1A 71 15 00 00

005:003:000:STREAM             1333485256.413615
 09 80 7D 1A 72 15 00 00

005:003:000:STREAM             1333485256.421621
 09 80 7D 1A 73 15 00 00

005:003:000:STREAM             1333485256.429626
 09 80 7D 1A 72 15 00 00

005:003:000:STREAM             1333485256.437628
 09 80 7D 1A 72 15 00 00

005:003:000:STREAM             1333485256.445616
 09 80 7D 1A 72 15 00 00

005:003:000:STREAM             1333485256.453624
 09 80 7E 1A 72 15 00 00

005:003:000:STREAM             1333485256.461621
 09 80 7F 1A 72 15 00 00

005:003:000:STREAM             1333485256.469626
 09 80 80 1A 72 15 00 00

005:003:000:STREAM             1333485256.477616
 09 80 81 1A 72 15 00 00

005:003:000:STREAM             1333485256.485641
 09 80 82 1A 72 15 00 00

005:003:000:STREAM             1333485256.493618
 09 80 83 1A 72 15 00 00

005:003:000:STREAM             1333485256.501623
 09 80 84 1A 72 15 00 00

005:003:000:STREAM             1333485256.509613
 09 80 85 1A 72 15 00 00

005:003:000:STREAM             1333485256.517645
 09 80 84 1A 72 15 00 00

005:003:000:STREAM             1333485256.525616
 09 80 84 1A 72 15 00 00

005:003:000:STREAM             1333485256.533623
 09 80 84 1A 72 15 00 00

005:003:000:STREAM             1333485256.541629
 09 80 84 1A 72 15 00 00

005:003:000:STREAM             1333485256.549640
 09 80 84 1A 72 15 00 00

005:003:000:STREAM             1333485256.557630
 09 80 84 1A 72 15 00 00

005:003:000:STREAM             1333485256.565616
 09 80 84 1A 72 15 00 00

005:003:000:STREAM             1333485256.573609
 09 80 84 1A 72 15 00 00

005:003:000:STREAM             1333485256.581634
 09 80 84 1A 72 15 00 00

005:003:000:STREAM             1333485256.589634
 09 80 84 1A 72 15 00 00

005:003:000:STREAM             1333485256.597616
 09 80 84 1A 72 15 00 00

005:003:000:STREAM             1333485256.605627
 09 80 84 1A 72 15 00 00

005:003:000:STREAM             1333485256.613624
 09 80 84 1A 72 15 00 00

005:003:000:STREAM             1333485256.621623
 09 80 84 1A 72 15 00 00

005:003:000:STREAM             1333485256.629616
 09 80 84 1A 72 15 00 00

005:003:000:STREAM             1333485256.637622
 09 80 84 1A 72 15 00 00

005:003:000:STREAM             1333485256.645627
 09 80 84 1A 72 15 00 00

005:003:000:STREAM             1333485256.653631
 09 80 84 1A 72 15 00 00

005:003:000:STREAM             1333485256.661618
 09 80 84 1A 72 15 00 00

005:003:000:STREAM             1333485256.669627
 09 80 84 1A 71 15 00 00

005:003:000:STREAM             1333485256.677628
 09 80 84 1A 70 15 00 00

005:003:000:STREAM             1333485256.685626
 09 80 84 1A 6A 15 00 00

005:003:000:STREAM             1333485256.693614
 09 80 84 1A 69 15 00 00

005:003:000:STREAM             1333485256.701641
 09 80 84 1A 68 15 00 00

005:003:000:STREAM             1333485256.709614
 09 80 84 1A 67 15 00 00

005:003:000:STREAM             1333485256.717624
 09 80 84 1A 66 15 00 00

005:003:000:STREAM             1333485256.725614
 09 80 84 1A 64 15 00 00

005:003:000:STREAM             1333485256.733642
 09 80 84 1A 63 15 00 00

005:003:000:STREAM             1333485256.741615
 09 80 84 1A 62 15 00 00

005:003:000:STREAM             1333485256.749624
 09 80 84 1A 5E 15 00 00

005:003:000:STREAM             1333485256.757627
 09 80 84 1A 5D 15 00 00

005:003:000:STREAM             1333485256.765632
 09 80 84 1A 5C 15 00 00

005:003:000:STREAM             1333485256.773628
 09 80 84 1A 58 15 00 00

005:003:000:STREAM             1333485256.781614
 09 80 84 1A 57 15 00 00

005:003:000:STREAM             1333485256.789618
 09 80 84 1A 56 15 00 00

005:003:000:STREAM             1333485256.797632
 09 80 84 1A 55 15 00 00

005:003:000:STREAM             1333485256.805626
 09 80 84 1A 52 15 00 00

005:003:000:STREAM             1333485256.813615
 09 80 7E 1A 52 15 00 00

005:003:000:STREAM             1333485256.821626
 09 80 7E 1A 51 15 00 00

005:003:000:STREAM             1333485256.829628
 09 80 7E 1A 50 15 00 00

005:003:000:STREAM             1333485256.837625
 09 80 7E 1A 4C 15 00 00

005:003:000:STREAM             1333485256.845616
 09 80 7D 1A 4C 15 00 00

005:003:000:STREAM             1333485256.853622
 09 80 77 1A 4C 15 00 00

005:003:000:STREAM             1333485256.869631
 09 80 77 1A 4C 15 00 00

005:003:000:STREAM             1333485256.877617
 09 80 77 1A 4C 15 00 00

005:003:000:STREAM             1333485256.893642
 09 80 77 1A 4C 15 00 00

005:003:000:STREAM             1333485256.901625
 09 80 77 1A 4C 15 00 00

005:003:000:STREAM             1333485256.909613
 09 84 77 1A 4C 15 00 00

005:003:000:STREAM             1333485256.917641
 09 84 77 1A 4C 15 00 00

005:003:000:STREAM             1333485256.925616
 09 84 6C 1A 49 15 00 00

005:003:000:STREAM             1333485256.933625
 09 84 6C 1A 49 15 00 00

005:003:000:STREAM             1333485256.941612
 09 84 60 1A 49 15 00 00

005:003:000:STREAM             1333485256.957642
 09 84 60 1A 49 15 00 00

005:003:000:STREAM             1333485256.965622
 09 84 60 1A 49 15 00 00

005:003:000:STREAM             1333485256.973626
 09 84 5F 1A 49 15 00 00

005:003:000:STREAM             1333485256.981642
 09 84 58 1A 49 15 00 00

005:003:000:STREAM             1333485256.989625
 09 84 58 1A 49 15 00 00

005:003:000:STREAM             1333485256.997616
 09 84 58 1A 49 15 00 00

005:003:000:STREAM             1333485257.013642
 09 84 58 1A 48 15 00 00

005:003:000:STREAM             1333485257.021624
 09 84 58 1A 47 15 00 00

005:003:000:STREAM             1333485257.029616
 09 84 58 1A 46 15 00 00

005:003:000:STREAM             1333485257.037629
 09 84 58 1A 43 15 00 00

005:003:000:STREAM             1333485257.045630
 09 84 57 1A 43 15 00 00

005:003:000:STREAM             1333485257.053626
 09 84 52 1A 43 15 00 00

005:003:000:STREAM             1333485257.069621
 09 84 52 1A 43 15 00 00

005:003:000:STREAM             1333485257.077627
 09 84 52 1A 43 15 00 00

005:003:000:STREAM             1333485257.085630
 09 84 52 1A 43 15 00 00

005:003:000:STREAM             1333485257.093616
 09 84 52 1A 43 15 00 00

005:003:000:STREAM             1333485257.101622
 09 84 51 1A 43 15 00 00

005:003:000:STREAM             1333485257.109621
 09 84 4C 1A 43 15 00 00

005:003:000:STREAM             1333485257.125627
 09 84 4C 1A 43 15 00 00

005:003:000:STREAM             1333485257.133641
 09 84 4C 1A 43 15 00 00

005:003:000:STREAM             1333485257.141617
 09 84 4C 1A 43 15 00 00

005:003:000:STREAM             1333485257.149626
 09 84 4C 1A 43 15 00 00

005:003:000:STREAM             1333485257.157616
 09 84 4C 1A 43 15 00 00

005:003:000:STREAM             1333485257.165642
 09 84 4C 1A 43 15 00 00

005:003:000:STREAM             1333485257.181627
 09 84 49 1A 39 15 00 00

005:003:000:STREAM             1333485257.189626
 09 84 49 1A 39 15 00 00

005:003:000:STREAM             1333485257.197641
 09 84 49 1A 39 15 00 00

005:003:000:STREAM             1333485257.205626
 09 84 49 1A 38 15 00 00

005:003:000:STREAM             1333485257.213616
 09 84 49 1A 37 15 00 00

005:003:000:STREAM             1333485257.221620
 09 84 49 1A 36 15 00 00

005:003:000:STREAM             1333485257.237634
 09 84 49 1A 35 15 00 00

005:003:000:STREAM             1333485257.245616
 09 84 49 1A 34 15 00 00

005:003:000:STREAM             1333485257.253629
 09 84 49 1A 33 15 00 00

005:003:000:STREAM             1333485257.261625
 09 84 48 1A 33 15 00 00

005:003:000:STREAM             1333485257.269624
 09 84 40 1A 33 15 00 00

005:003:000:STREAM             1333485257.277614
 09 84 40 1A 33 15 00 00

005:003:000:STREAM             1333485257.285621
 09 84 40 1A 33 15 00 00

005:003:000:STREAM             1333485257.301636
 09 84 3F 1A 33 15 00 00

005:003:000:STREAM             1333485257.309619
 09 84 3A 1A 33 15 00 00

005:003:000:STREAM             1333485257.317627
 09 84 3A 1A 33 15 00 00

005:003:000:STREAM             1333485257.325623
 09 84 3A 1A 33 15 00 00

005:003:000:STREAM             1333485257.333624
 09 84 3A 1A 33 15 00 00

005:003:000:STREAM             1333485257.341614
 09 84 3A 1A 33 15 00 00

005:003:000:STREAM             1333485257.357637
 09 84 3A 1A 33 15 00 00

005:003:000:STREAM             1333485257.365623
 09 84 3A 1A 33 15 00 00

005:003:000:STREAM             1333485257.373612
 09 84 3A 1A 33 15 00 00

005:003:000:STREAM             1333485257.381637
 09 84 3A 1A 33 15 00 00

005:003:000:STREAM             1333485257.389618
 09 80 3B 1A 33 15 00 00

005:003:000:STREAM             1333485257.397628
 09 80 43 1A 33 15 00 00

005:003:000:STREAM             1333485257.405626
 09 80 50 1A 36 15 00 00

005:003:000:STREAM             1333485257.413619
 09 80 57 1A 40 15 00 00

005:003:000:STREAM             1333485257.421631
 09 80 5F 1A 40 15 00 00

005:003:000:STREAM             1333485257.429617
 09 80 67 1A 4F 15 00 00

005:003:000:STREAM             1333485257.437613
 09 80 6D 1A 4F 15 00 00

005:003:000:STREAM             1333485257.445643
 09 80 70 1A 5A 15 00 00

005:003:000:STREAM             1333485257.453634
 09 80 71 1A 5A 15 00 00

005:003:000:STREAM             1333485257.461616
 09 80 72 1A 5A 15 00 00

005:003:000:STREAM             1333485257.469628
 09 80 73 1A 5A 15 00 00

005:003:000:STREAM             1333485257.477628
 09 80 74 1A 5A 15 00 00

005:003:000:STREAM             1333485257.485625
 09 80 75 1A 5A 15 00 00

005:003:000:STREAM             1333485257.493614
 09 80 76 1A 5A 15 00 00

005:003:000:STREAM             1333485257.501620
 09 80 6C 1A 50 15 00 00

005:003:000:STREAM             1333485257.509627
 09 80 6C 1A 50 15 00 00

005:003:000:STREAM             1333485257.517629
 09 80 6C 1A 4F 15 00 00

005:003:000:STREAM             1333485257.525615
 09 80 6C 1A 4A 15 00 00

005:003:000:STREAM             1333485257.533627
 09 80 6B 1A 4A 15 00 00

005:003:000:STREAM             1333485257.541626
 09 80 66 1A 4A 15 00 00

005:003:000:STREAM             1333485257.549622
 09 80 66 1A 4B 15 00 00

005:003:000:STREAM             1333485257.557617
 09 80 66 1A 53 15 00 00

005:003:000:STREAM             1333485257.565620
 09 80 66 1A 54 15 00 00

005:003:000:STREAM             1333485257.573620
 09 80 66 1A 55 15 00 00

005:003:000:STREAM             1333485257.581626
 09 80 66 1A 5B 15 00 00

005:003:000:STREAM             1333485257.589616
 09 80 67 1A 5B 15 00 00

005:003:000:STREAM             1333485257.597639
 09 80 68 1A 5B 15 00 00

005:003:000:STREAM             1333485257.605614
 09 80 69 1A 5B 15 00 00

005:003:000:STREAM             1333485257.613624
 09 80 6A 1A 5B 15 00 00

005:003:000:STREAM             1333485257.621625
 09 80 6B 1A 5B 15 00 00

005:003:000:STREAM             1333485257.629643
 09 80 6C 1A 5B 15 00 00

005:003:000:STREAM             1333485257.637626
 09 80 6D 1A 5B 15 00 00

005:003:000:STREAM             1333485257.645613
 09 80 6C 1A 5B 15 00 00

005:003:000:STREAM             1333485257.653607
 09 80 6C 1A 5C 15 00 00

005:003:000:STREAM             1333485257.661630
 09 80 6C 1A 61 15 00 00

005:003:000:STREAM             1333485257.669628
 09 80 6C 1A 62 15 00 00

005:003:000:STREAM             1333485257.677614
 09 80 6C 1A 63 15 00 00

005:003:000:STREAM             1333485257.685620
 09 80 6C 1A 64 15 00 00

005:003:000:STREAM             1333485257.693626
 09 80 6C 1A 65 15 00 00

005:003:000:STREAM             1333485257.701625
 09 80 6C 1A 66 15 00 00

005:003:000:STREAM             1333485257.709616
 09 80 6C 1A 67 15 00 00

005:003:000:STREAM             1333485257.717622
 09 80 6C 1A 68 15 00 00

005:003:000:STREAM             1333485257.725627
 09 80 6C 1A 69 15 00 00

005:003:000:STREAM             1333485257.733628
 09 80 6C 1A 6A 15 00 00

005:003:000:STREAM             1333485257.741616
 09 80 6C 1A 69 15 00 00

005:003:000:STREAM             1333485257.749630
 09 80 6B 1A 69 15 00 00

005:003:000:STREAM             1333485257.757623
 09 80 65 1A 69 15 00 00

005:003:000:STREAM             1333485257.765625
 09 80 65 1A 69 15 00 00

005:003:000:STREAM             1333485257.773616
 09 80 65 1A 69 15 00 00

005:003:000:STREAM             1333485257.781642
 09 80 65 1A 69 15 00 00

005:003:000:STREAM             1333485257.789617
 09 80 65 1A 69 15 00 00

005:003:000:STREAM             1333485257.797627
 09 80 65 1A 69 15 00 00

005:003:000:STREAM             1333485257.805614
 09 80 65 1A 69 15 00 00

005:003:000:STREAM             1333485257.813641
 09 80 65 1A 69 15 00 00

005:003:000:STREAM             1333485257.821613
 09 80 65 1A 69 15 00 00

005:003:000:STREAM             1333485257.829623
 09 80 66 1A 69 15 00 00

005:003:000:STREAM             1333485257.837629
 09 80 67 1A 69 15 00 00

005:003:000:STREAM             1333485257.845643
 09 80 68 1A 69 15 00 00

005:003:000:STREAM             1333485257.853627
 09 80 69 1A 69 15 00 00

005:003:000:STREAM             1333485257.861615
 09 80 6A 1A 69 15 00 00

005:003:000:STREAM             1333485257.869617
 09 80 6B 1A 69 15 00 00

005:003:000:STREAM             1333485257.877632
 09 80 6C 1A 69 15 00 00

005:003:000:STREAM             1333485257.885632
 09 80 6D 1A 69 15 00 00

005:003:000:STREAM             1333485257.893616
 09 80 6C 1A 69 15 00 00

005:003:000:STREAM             1333485257.901624
 09 80 6B 1A 69 15 00 00

005:003:000:STREAM             1333485257.909628
 09 80 64 1A 69 15 00 00

005:003:000:STREAM             1333485257.917630
 09 80 64 1A 69 15 00 00

005:003:000:STREAM             1333485257.925618
 09 80 63 1A 69 15 00 00

005:003:000:STREAM             1333485257.933624
 09 80 5E 1A 69 15 00 00

005:003:000:STREAM             1333485257.941629
 09 80 5E 1A 69 15 00 00

005:003:000:STREAM             1333485257.949631
 09 80 5E 1A 69 15 00 00

005:003:000:STREAM             1333485257.957616
 09 80 5E 1A 69 15 00 00

005:003:000:STREAM             1333485257.965622
 09 80 5E 1A 6A 15 00 00

005:003:000:STREAM             1333485257.973625
 09 80 5E 1A 70 15 00 00

005:003:000:STREAM             1333485257.981626
 09 80 5E 1A 7A 15 00 00

005:003:000:STREAM             1333485257.989616
 09 80 5E 1A 7A 15 00 00

005:003:000:STREAM             1333485257.997640
 09 80 5E 1A 7B 15 00 00

005:003:000:STREAM             1333485258.005618
 09 80 5E 1A 81 15 00 00

005:003:000:STREAM             1333485258.013624
 09 80 5D 1A 81 15 00 00

005:003:000:STREAM             1333485258.021615
 09 80 57 1A 81 15 00 00

005:003:000:STREAM             1333485258.029640
 09 80 56 1A 81 15 00 00

005:003:000:STREAM             1333485258.037615
 09 80 50 1A 81 15 00 00

005:003:000:STREAM             1333485258.045624
 09 80 45 1A 84 15 00 00

005:003:000:STREAM             1333485258.053630
 09 80 45 1A 84 15 00 00

005:003:000:STREAM             1333485258.061639
 09 80 3B 1A 84 15 00 00

005:003:000:STREAM             1333485258.069628
 09 80 3B 1A 84 15 00 00

005:003:000:STREAM             1333485258.077616
 09 80 3B 1A 84 15 00 00

005:003:000:STREAM             1333485258.101637
 09 00 41 1A 8B 15 00 00

