005:003:000:STREAM             1333484161.733438
 09 80 C2 25 00 14 00 00

005:003:000:STREAM             1333484161.741405
 09 80 C2 25 00 14 00 00

005:003:000:STREAM             1333484161.749413
 09 80 C2 25 00 14 00 00

005:003:000:STREAM             1333484161.757412
 09 80 C2 25 00 14 00 00

005:003:000:STREAM             1333484161.765482
 09 80 CC 25 FD 13 00 00

005:003:000:STREAM             1333484161.773402
 09 80 CC 25 F7 13 00 00

005:003:000:STREAM             1333484161.781378
 09 80 D5 25 ED 13 00 00

005:003:000:STREAM             1333484161.789409
 09 80 D8 25 E1 13 00 00

005:003:000:STREAM             1333484161.797406
 09 80 D5 25 D4 13 00 00

005:003:000:STREAM             1333484161.805414
 09 80 D8 25 C9 13 00 00

005:003:000:STREAM             1333484161.813412
 09 80 D8 25 BE 13 00 00

005:003:000:STREAM             1333484161.821398
 09 80 D8 25 B6 13 00 00

005:003:000:STREAM             1333484161.829407
 09 80 D8 25 AE 13 00 00

005:003:000:STREAM             1333484161.837410
 09 80 D8 25 A7 13 00 00

005:003:000:STREAM             1333484161.845410
 09 80 E2 25 A1 13 00 00

005:003:000:STREAM             1333484161.853404
 09 80 E9 25 9B 13 00 00

005:003:000:STREAM             1333484161.861412
 09 80 F3 25 98 13 00 00

005:003:000:STREAM             1333484161.869405
 09 80 FC 25 98 13 00 00

005:003:000:STREAM             1333484161.877412
 09 80 04 26 91 13 00 00

005:003:000:STREAM             1333484161.885402
 09 80 05 26 91 13 00 00

005:003:000:STREAM             1333484161.893423
 09 80 0B 26 91 13 00 00

005:003:000:STREAM             1333484161.901404
 09 80 0C 26 91 13 00 00

005:003:000:STREAM             1333484161.909407
 09 80 0D 26 91 13 00 00

005:003:000:STREAM             1333484161.917398
 09 80 0E 26 91 13 00 00

005:003:000:STREAM             1333484161.925427
 09 80 0F 26 91 13 00 00

005:003:000:STREAM             1333484161.933409
 09 80 10 26 91 13 00 00

005:003:000:STREAM             1333484161.941407
 09 80 11 26 91 13 00 00

005:003:000:STREAM             1333484161.949412
 09 80 12 26 91 13 00 00

005:003:000:STREAM             1333484161.957424
 09 80 14 26 91 13 00 00

005:003:000:STREAM             1333484161.965411
 09 80 14 26 92 13 00 00

005:003:000:STREAM             1333484161.973399
 09 80 14 26 93 13 00 00

005:003:000:STREAM             1333484161.981405
 09 80 14 26 99 13 00 00

005:003:000:STREAM             1333484161.989412
 09 80 14 26 9A 13 00 00

005:003:000:STREAM             1333484161.997414
 09 80 14 26 9B 13 00 00

005:003:000:STREAM             1333484162.005400
 09 80 14 26 A1 13 00 00

005:003:000:STREAM             1333484162.013413
 09 80 14 26 A2 13 00 00

005:003:000:STREAM             1333484162.021412
 09 80 14 26 A9 13 00 00

005:003:000:STREAM             1333484162.029417
 09 80 0E 26 A9 13 00 00

005:003:000:STREAM             1333484162.037401
 09 80 0E 26 AA 13 00 00

005:003:000:STREAM             1333484162.045404
 09 80 0E 26 B1 13 00 00

005:003:000:STREAM             1333484162.053413
 09 80 0D 26 B1 13 00 00

005:003:000:STREAM             1333484162.061413
 09 80 07 26 B1 13 00 00

005:003:000:STREAM             1333484162.069399
 09 80 06 26 B2 13 00 00

005:003:000:STREAM             1333484162.077411
 09 80 FE 25 B7 13 00 00

005:003:000:STREAM             1333484162.085407
 09 80 FD 25 B7 13 00 00

005:003:000:STREAM             1333484162.093406
 09 80 F5 25 B7 13 00 00

005:003:000:STREAM             1333484162.101402
 09 80 EB 25 BA 13 00 00

005:003:000:STREAM             1333484162.109424
 09 80 EB 25 BA 13 00 00

005:003:000:STREAM             1333484162.117402
 09 80 EB 25 BA 13 00 00

005:003:000:STREAM             1333484162.125408
 09 80 E5 25 BA 13 00 00

005:003:000:STREAM             1333484162.133404
 09 80 E5 25 B3 13 00 00

005:003:000:STREAM             1333484162.141424
 09 80 E4 25 B3 13 00 00

005:003:000:STREAM             1333484162.149399
 09 80 DE 25 B3 13 00 00

005:003:000:STREAM             1333484162.157407
 09 80 D1 25 B0 13 00 00

005:003:000:STREAM             1333484162.165412
 09 80 D1 25 B0 13 00 00

005:003:000:STREAM             1333484162.173425
 09 80 C3 25 AD 13 00 00

005:003:000:STREAM             1333484162.181408
 09 80 C3 25 AD 13 00 00

005:003:000:STREAM             1333484162.189400
 09 80 C2 25 AD 13 00 00

005:003:000:STREAM             1333484162.197420
 09 80 BA 25 AD 13 00 00

005:003:000:STREAM             1333484162.205426
 09 80 BA 25 AD 13 00 00

005:003:000:STREAM             1333484162.213415
 09 80 B1 25 AD 13 00 00

005:003:000:STREAM             1333484162.221402
 09 80 B1 25 AC 13 00 00

005:003:000:STREAM             1333484162.229411
 09 80 B1 25 A7 13 00 00

005:003:000:STREAM             1333484162.237411
 09 80 AA 25 A7 13 00 00

005:003:000:STREAM             1333484162.245412
 09 80 AA 25 A6 13 00 00

005:003:000:STREAM             1333484162.253402
 09 80 AA 25 A5 13 00 00

005:003:000:STREAM             1333484162.261404
 09 80 AA 25 A4 13 00 00

005:003:000:STREAM             1333484162.269412
 09 80 AA 25 A3 13 00 00

005:003:000:STREAM             1333484162.277411
 09 80 AA 25 A0 13 00 00

005:003:000:STREAM             1333484162.285402
 09 80 AA 25 AB 13 00 00

005:003:000:STREAM             1333484162.293420
 09 80 AA 25 B1 13 00 00

005:003:000:STREAM             1333484162.301408
 09 80 AA 25 B8 13 00 00

005:003:000:STREAM             1333484162.309411
 09 80 B0 25 B8 13 00 00

005:003:000:STREAM             1333484162.317400
 09 80 B3 25 C2 13 00 00

005:003:000:STREAM             1333484162.325424
 09 81 B9 25 C2 13 00 00

005:003:000:STREAM             1333484162.333410
 09 81 B9 25 C3 13 00 00

005:003:000:STREAM             1333484162.341413
 09 81 B9 25 C4 13 00 00

005:003:000:STREAM             1333484162.349399
 09 81 B9 25 C9 13 00 00

005:003:000:STREAM             1333484162.357425
 09 81 B9 25 CA 13 00 00

005:003:000:STREAM             1333484162.365404
 09 81 B9 25 CB 13 00 00

005:003:000:STREAM             1333484162.373406
 09 81 B9 25 CC 13 00 00

005:003:000:STREAM             1333484162.381409
 09 81 B9 25 CD 13 00 00

005:003:000:STREAM             1333484162.389426
 09 81 B9 25 CE 13 00 00

005:003:000:STREAM             1333484162.397401
 09 81 B9 25 CF 13 00 00

005:003:000:STREAM             1333484162.405403
 09 81 BA 25 CF 13 00 00

005:003:000:STREAM             1333484162.413423
 09 81 BB 25 CF 13 00 00

005:003:000:STREAM             1333484162.421424
 09 81 BC 25 CF 13 00 00

005:003:000:STREAM             1333484162.429429
 09 81 BD 25 CF 13 00 00

005:003:000:STREAM             1333484162.437399
 09 81 BE 25 CF 13 00 00

005:003:000:STREAM             1333484162.445411
 09 81 BF 25 CF 13 00 00

005:003:000:STREAM             1333484162.453409
 09 81 C0 25 CF 13 00 00

005:003:000:STREAM             1333484162.461411
 09 81 C1 25 CF 13 00 00

005:003:000:STREAM             1333484162.469403
 09 81 C2 25 CF 13 00 00

005:003:000:STREAM             1333484162.477405
 09 81 C1 25 CF 13 00 00

005:003:000:STREAM             1333484162.485408
 09 81 C1 25 CF 13 00 00

005:003:000:STREAM             1333484162.493412
 09 81 C1 25 CF 13 00 00

005:003:000:STREAM             1333484162.501400
 09 81 C1 25 CF 13 00 00

005:003:000:STREAM             1333484162.509413
 09 81 C1 25 CF 13 00 00

005:003:000:STREAM             1333484162.517408
 09 81 C1 25 CF 13 00 00

005:003:000:STREAM             1333484162.525411
 09 81 C1 25 CF 13 00 00

005:003:000:STREAM             1333484162.533416
 09 81 C1 25 CF 13 00 00

005:003:000:STREAM             1333484162.541421
 09 81 C1 25 CF 13 00 00

005:003:000:STREAM             1333484162.549400
 09 81 C1 25 CF 13 00 00

005:003:000:STREAM             1333484162.557410
 09 81 C1 25 CF 13 00 00

005:003:000:STREAM             1333484162.565395
 09 81 C1 25 CF 13 00 00

005:003:000:STREAM             1333484162.573431
 09 81 C1 25 CF 13 00 00

005:003:000:STREAM             1333484162.581385
 09 81 C1 25 CF 13 00 00

005:003:000:STREAM             1333484162.589405
 09 81 C1 25 CF 13 00 00

005:003:000:STREAM             1333484162.597412
 09 81 C1 25 CF 13 00 00

005:003:000:STREAM             1333484162.605416
 09 81 C1 25 CF 13 00 00

005:003:000:STREAM             1333484162.613415
 09 81 C1 25 CF 13 00 00

005:003:000:STREAM             1333484162.621399
 09 81 C1 25 CF 13 00 00

005:003:000:STREAM             1333484162.629423
 09 81 C1 25 CF 13 00 00

005:003:000:STREAM             1333484162.637425
 09 81 C1 25 CF 13 00 00

005:003:000:STREAM             1333484162.645417
 09 81 C1 25 CF 13 00 00

005:003:000:STREAM             1333484162.653400
 09 81 C1 25 CF 13 00 00

005:003:000:STREAM             1333484162.661410
 09 81 C1 25 CF 13 00 00

005:003:000:STREAM             1333484162.669411
 09 81 C1 25 CF 13 00 00

005:003:000:STREAM             1333484162.677408
 09 81 C1 25 CF 13 00 00

005:003:000:STREAM             1333484162.685399
 09 81 C1 25 CF 13 00 00

005:003:000:STREAM             1333484162.693406
 09 81 C1 25 CF 13 00 00

005:003:000:STREAM             1333484162.701408
 09 81 C1 25 CF 13 00 00

005:003:000:STREAM             1333484162.709421
 09 81 C1 25 CF 13 00 00

005:003:000:STREAM             1333484162.717400
 09 81 C1 25 CF 13 00 00

005:003:000:STREAM             1333484162.725409
 09 81 C1 25 CF 13 00 00

005:003:000:STREAM             1333484162.733413
 09 81 C1 25 CF 13 00 00

005:003:000:STREAM             1333484162.741414
 09 81 C1 25 CF 13 00 00

005:003:000:STREAM             1333484162.749398
 09 81 C1 25 CF 13 00 00

005:003:000:STREAM             1333484162.757423
 09 81 C1 25 CF 13 00 00

005:003:000:STREAM             1333484162.765399
 09 81 C1 25 CF 13 00 00

005:003:000:STREAM             1333484162.781407
 09 81 C2 25 CF 13 00 00

005:003:000:STREAM             1333484162.789426
 09 81 C3 25 CF 13 00 00

005:003:000:STREAM             1333484162.797399
 09 81 C4 25 CF 13 00 00

005:003:000:STREAM             1333484162.805408
 09 81 C5 25 CF 13 00 00

005:003:000:STREAM             1333484162.813410
 09 81 C6 25 CF 13 00 00

005:003:000:STREAM             1333484162.821427
 09 81 C7 25 CF 13 00 00

005:003:000:STREAM             1333484162.829422
 09 81 C8 25 CF 13 00 00

005:003:000:STREAM             1333484162.837400
 09 81 C7 25 CF 13 00 00

005:003:000:STREAM             1333484162.845391
 09 81 C7 25 CF 13 00 00

005:003:000:STREAM             1333484162.853418
 09 81 C7 25 CF 13 00 00

005:003:000:STREAM             1333484162.861409
 09 81 C7 25 CF 13 00 00

005:003:000:STREAM             1333484162.869400
 09 81 C7 25 CF 13 00 00

005:003:000:STREAM             1333484162.877408
 09 81 C7 25 CF 13 00 00

005:003:000:STREAM             1333484162.885413
 09 81 C7 25 CF 13 00 00

005:003:000:STREAM             1333484162.893408
 09 81 C7 25 CF 13 00 00

005:003:000:STREAM             1333484162.901402
 09 81 C7 25 CF 13 00 00

005:003:000:STREAM             1333484162.909406
 09 81 C7 25 CF 13 00 00

005:003:000:STREAM             1333484162.917409
 09 81 C7 25 CF 13 00 00

005:003:000:STREAM             1333484162.925413
 09 81 C7 25 CF 13 00 00

005:003:000:STREAM             1333484162.933409
 09 81 C7 25 CF 13 00 00

005:003:000:STREAM             1333484162.941411
 09 81 C7 25 CF 13 00 00

005:003:000:STREAM             1333484162.949408
 09 81 C7 25 CF 13 00 00

005:003:000:STREAM             1333484162.957411
 09 81 C7 25 CF 13 00 00

005:003:000:STREAM             1333484162.965397
 09 81 C7 25 CF 13 00 00

005:003:000:STREAM             1333484162.973424
 09 81 C7 25 CF 13 00 00

005:003:000:STREAM             1333484162.981401
 09 81 C7 25 CF 13 00 00

005:003:000:STREAM             1333484162.989407
 09 81 C7 25 CF 13 00 00

005:003:000:STREAM             1333484162.997400
 09 81 C7 25 CF 13 00 00

005:003:000:STREAM             1333484163.005423
 09 81 C7 25 D0 13 00 00

005:003:000:STREAM             1333484163.013398
 09 81 C7 25 D1 13 00 00

005:003:000:STREAM             1333484163.021406
 09 81 C7 25 D2 13 00 00

005:003:000:STREAM             1333484163.029416
 09 81 C7 25 D3 13 00 00

005:003:000:STREAM             1333484163.037428
 09 81 C7 25 D4 13 00 00

005:003:000:STREAM             1333484163.053413
 09 81 C7 25 D5 13 00 00

005:003:000:STREAM             1333484163.061420
 09 81 C7 25 D6 13 00 00

005:003:000:STREAM             1333484163.069422
 09 81 C7 25 D7 13 00 00

005:003:000:STREAM             1333484163.077415
 09 81 C7 25 D8 13 00 00

005:003:000:STREAM             1333484163.085402
 09 81 C7 25 D7 13 00 00

005:003:000:STREAM             1333484163.093409
 09 81 C7 25 D7 13 00 00

005:003:000:STREAM             1333484163.101415
 09 81 C7 25 D7 13 00 00

005:003:000:STREAM             1333484163.109409
 09 81 C7 25 D7 13 00 00

005:003:000:STREAM             1333484163.117398
 09 81 C7 25 D7 13 00 00

005:003:000:STREAM             1333484163.125404
 09 81 C7 25 D7 13 00 00

005:003:000:STREAM             1333484163.133418
 09 81 C7 25 D7 13 00 00

005:003:000:STREAM             1333484163.141419
 09 81 C7 25 D7 13 00 00

005:003:000:STREAM             1333484163.149400
 09 81 C7 25 D7 13 00 00

005:003:000:STREAM             1333484163.157408
 09 81 C7 25 D7 13 00 00

005:003:000:STREAM             1333484163.165409
 09 81 C7 25 D7 13 00 00

005:003:000:STREAM             1333484163.173417
 09 81 C7 25 D7 13 00 00

005:003:000:STREAM             1333484163.181401
 09 81 C7 25 D7 13 00 00

005:003:000:STREAM             1333484163.189422
 09 81 C7 25 D7 13 00 00

005:003:000:STREAM             1333484163.197401
 09 81 C7 25 D7 13 00 00

005:003:000:STREAM             1333484163.205405
 09 81 C7 25 D7 13 00 00

005:003:000:STREAM             1333484163.213401
 09 81 C7 25 D7 13 00 00

005:003:000:STREAM             1333484163.221425
 09 81 C7 25 D7 13 00 00

005:003:000:STREAM             1333484163.229407
 09 81 C7 25 D7 13 00 00

005:003:000:STREAM             1333484163.237409
 09 81 C7 25 D7 13 00 00

005:003:000:STREAM             1333484163.245414
 09 81 C7 25 D7 13 00 00

005:003:000:STREAM             1333484163.261429
 09 81 C7 25 D7 13 00 00

005:003:000:STREAM             1333484163.269403
 09 81 C7 25 D7 13 00 00

005:003:000:STREAM             1333484163.277404
 09 81 C7 25 D7 13 00 00

005:003:000:STREAM             1333484163.285412
 09 81 C7 25 D7 13 00 00

005:003:000:STREAM             1333484163.293412
 09 81 C7 25 D7 13 00 00

005:003:000:STREAM             1333484163.301400
 09 81 C7 25 D7 13 00 00

005:003:000:STREAM             1333484163.309408
 09 81 C7 25 D7 13 00 00

005:003:000:STREAM             1333484163.317411
 09 81 C7 25 D7 13 00 00

005:003:000:STREAM             1333484163.325411
 09 81 C7 25 D7 13 00 00

005:003:000:STREAM             1333484163.333407
 09 81 C7 25 D7 13 00 00

005:003:000:STREAM             1333484163.341408
 09 81 C7 25 D7 13 00 00

005:003:000:STREAM             1333484163.349408
 09 81 C7 25 D7 13 00 00

005:003:000:STREAM             1333484163.357412
 09 81 C7 25 D7 13 00 00

005:003:000:STREAM             1333484163.365400
 09 81 C7 25 D7 13 00 00

005:003:000:STREAM             1333484163.373409
 09 81 C7 25 D7 13 00 00

005:003:000:STREAM             1333484163.381407
 09 81 C7 25 D7 13 00 00

005:003:000:STREAM             1333484163.389411
 09 81 C7 25 D7 13 00 00

005:003:000:STREAM             1333484163.397404
 09 81 C7 25 D7 13 00 00

005:003:000:STREAM             1333484163.405397
 09 81 C7 25 D7 13 00 00

005:003:000:STREAM             1333484163.413387
 09 81 C7 25 D7 13 00 00

005:003:000:STREAM             1333484163.421386
 09 81 C7 25 D7 13 00 00

005:003:000:STREAM             1333484163.429406
 09 81 C7 25 D7 13 00 00

005:003:000:STREAM             1333484163.445425
 09 81 C7 25 D7 13 00 00

005:003:000:STREAM             1333484163.453411
 09 81 C7 25 D7 13 00 00

005:003:000:STREAM             1333484163.461410
 09 81 C7 25 D7 13 00 00

005:003:000:STREAM             1333484163.469422
 09 81 C7 25 D7 13 00 00

005:003:000:STREAM             1333484163.477414
 09 81 C7 25 D7 13 00 00

005:003:000:STREAM             1333484163.485401
 09 81 C6 25 D7 13 00 00

005:003:000:STREAM             1333484163.493394
 09 81 BF 25 D7 13 00 00

005:003:000:STREAM             1333484163.501412
 09 81 BF 25 D7 13 00 00

005:003:000:STREAM             1333484163.509412
 09 81 BF 25 D7 13 00 00

005:003:000:STREAM             1333484163.517402
 09 81 BF 25 D7 13 00 00

005:003:000:STREAM             1333484163.525403
 09 81 BF 25 D7 13 00 00

005:003:000:STREAM             1333484163.533419
 09 81 BF 25 D7 13 00 00

005:003:000:STREAM             1333484163.541414
 09 81 BF 25 D7 13 00 00

005:003:000:STREAM             1333484163.549401
 09 81 BF 25 D7 13 00 00

005:003:000:STREAM             1333484163.557405
 09 81 BF 25 D7 13 00 00

005:003:000:STREAM             1333484163.565409
 09 81 BF 25 D7 13 00 00

005:003:000:STREAM             1333484163.573415
 09 81 BF 25 D7 13 00 00

005:003:000:STREAM             1333484163.581403
 09 81 BE 25 D7 13 00 00

005:003:000:STREAM             1333484163.589414
 09 81 B9 25 D7 13 00 00

005:003:000:STREAM             1333484163.597409
 09 81 B9 25 D7 13 00 00

005:003:000:STREAM             1333484163.605408
 09 81 B9 25 D7 13 00 00

005:003:000:STREAM             1333484163.613399
 09 81 B9 25 D7 13 00 00

005:003:000:STREAM             1333484163.629422
 09 81 B9 25 D7 13 00 00

005:003:000:STREAM             1333484163.637411
 09 81 B9 25 D7 13 00 00

005:003:000:STREAM             1333484163.645400
 09 81 B9 25 D7 13 00 00

005:003:000:STREAM             1333484163.653425
 09 81 B9 25 D7 13 00 00

005:003:000:STREAM             1333484163.661400
 09 81 B9 25 D7 13 00 00

005:003:000:STREAM             1333484163.669409
 09 81 B9 25 D7 13 00 00

005:003:000:STREAM             1333484163.677408
 09 81 B9 25 D8 13 00 00

005:003:000:STREAM             1333484163.685424
 09 81 B9 25 D9 13 00 00

005:003:000:STREAM             1333484163.693412
 09 81 B9 25 DA 13 00 00

005:003:000:STREAM             1333484163.701401
 09 81 B9 25 DB 13 00 00

005:003:000:STREAM             1333484163.709400
 09 81 B9 25 DC 13 00 00

005:003:000:STREAM             1333484163.717417
 09 81 B9 25 DD 13 00 00

005:003:000:STREAM             1333484163.725415
 09 81 B9 25 DE 13 00 00

005:003:000:STREAM             1333484163.733408
 09 81 B9 25 DD 13 00 00

005:003:000:STREAM             1333484163.741406
 09 81 B9 25 DD 13 00 00

005:003:000:STREAM             1333484163.749410
 09 81 B9 25 DD 13 00 00

005:003:000:STREAM             1333484163.757408
 09 81 B9 25 DD 13 00 00

005:003:000:STREAM             1333484163.765401
 09 81 B9 25 DD 13 00 00

005:003:000:STREAM             1333484163.773407
 09 81 B9 25 DD 13 00 00

005:003:000:STREAM             1333484163.781412
 09 81 B9 25 DD 13 00 00

005:003:000:STREAM             1333484163.789409
 09 81 B9 25 DD 13 00 00

005:003:000:STREAM             1333484163.797401
 09 81 B9 25 DD 13 00 00

005:003:000:STREAM             1333484163.813431
 09 81 B9 25 DD 13 00 00

005:003:000:STREAM             1333484163.821410
 09 81 B9 25 DD 13 00 00

005:003:000:STREAM             1333484163.829409
 09 81 B9 25 DD 13 00 00

005:003:000:STREAM             1333484163.837428
 09 81 B9 25 DD 13 00 00

005:003:000:STREAM             1333484163.845402
 09 81 B9 25 DD 13 00 00

005:003:000:STREAM             1333484163.853410
 09 81 B9 25 DD 13 00 00

005:003:000:STREAM             1333484163.861398
 09 81 B9 25 DD 13 00 00

005:003:000:STREAM             1333484163.869423
 09 81 B9 25 DD 13 00 00

005:003:000:STREAM             1333484163.877400
 09 81 B9 25 DD 13 00 00

005:003:000:STREAM             1333484163.885407
 09 81 B9 25 DD 13 00 00

005:003:000:STREAM             1333484163.893414
 09 81 B9 25 DD 13 00 00

005:003:000:STREAM             1333484163.901425
 09 81 B8 25 DD 13 00 00

005:003:000:STREAM             1333484163.909410
 09 81 B2 25 DD 13 00 00

005:003:000:STREAM             1333484163.917402
 09 81 B2 25 DD 13 00 00

005:003:000:STREAM             1333484163.925392
 09 81 B2 25 DD 13 00 00

005:003:000:STREAM             1333484163.933420
 09 81 B2 25 DD 13 00 00

005:003:000:STREAM             1333484163.941411
 09 81 B2 25 DD 13 00 00

005:003:000:STREAM             1333484163.949401
 09 81 B2 25 DD 13 00 00

005:003:000:STREAM             1333484163.957411
 09 81 B2 25 DD 13 00 00

005:003:000:STREAM             1333484163.965411
 09 81 B2 25 DD 13 00 00

005:003:000:STREAM             1333484163.973410
 09 81 B2 25 DD 13 00 00

005:003:000:STREAM             1333484163.989406
 09 81 B2 25 DD 13 00 00

005:003:000:STREAM             1333484163.997410
 09 81 B2 25 DD 13 00 00

005:003:000:STREAM             1333484164.005404
 09 81 B2 25 DD 13 00 00

005:003:000:STREAM             1333484164.013406
 09 81 B2 25 DD 13 00 00

005:003:000:STREAM             1333484164.021411
 09 81 B2 25 DD 13 00 00

005:003:000:STREAM             1333484164.029418
 09 81 B2 25 DD 13 00 00

005:003:000:STREAM             1333484164.037404
 09 81 B2 25 DD 13 00 00

005:003:000:STREAM             1333484164.045401
 09 81 B2 25 DD 13 00 00

005:003:000:STREAM             1333484164.053424
 09 81 B2 25 DD 13 00 00

005:003:000:STREAM             1333484164.061399
 09 81 B2 25 DD 13 00 00

005:003:000:STREAM             1333484164.069407
 09 81 B2 25 DD 13 00 00

005:003:000:STREAM             1333484164.077398
 09 81 B2 25 DD 13 00 00

005:003:000:STREAM             1333484164.085423
 09 81 B2 25 DD 13 00 00

005:003:000:STREAM             1333484164.093402
 09 81 B2 25 DD 13 00 00

005:003:000:STREAM             1333484164.101406
 09 81 B2 25 DD 13 00 00

005:003:000:STREAM             1333484164.109414
 09 81 B2 25 DD 13 00 00

005:003:000:STREAM             1333484164.117425
 09 81 B2 25 DD 13 00 00

005:003:000:STREAM             1333484164.125411
 09 81 B2 25 DD 13 00 00

005:003:000:STREAM             1333484164.133411
 09 81 B2 25 DD 13 00 00

005:003:000:STREAM             1333484164.141421
 09 81 B2 25 DD 13 00 00

005:003:000:STREAM             1333484164.149422
 09 81 B2 25 DD 13 00 00

005:003:000:STREAM             1333484164.165414
 09 81 B2 25 DD 13 00 00

005:003:000:STREAM             1333484164.173411
 09 81 B2 25 DD 13 00 00

005:003:000:STREAM             1333484164.181410
 09 81 B2 25 DD 13 00 00

005:003:000:STREAM             1333484164.189410
 09 81 B2 25 DD 13 00 00

005:003:000:STREAM             1333484164.197400
 09 81 B2 25 DD 13 00 00

005:003:000:STREAM             1333484164.205405
 09 81 B2 25 DD 13 00 00

005:003:000:STREAM             1333484164.213411
 09 81 B2 25 DD 13 00 00

005:003:000:STREAM             1333484164.221414
 09 81 B2 25 DD 13 00 00

005:003:000:STREAM             1333484164.229408
 09 81 B2 25 DD 13 00 00

005:003:000:STREAM             1333484164.237409
 09 81 B2 25 DD 13 00 00

005:003:000:STREAM             1333484164.245408
 09 81 B2 25 DD 13 00 00

005:003:000:STREAM             1333484164.253412
 09 81 B2 25 DD 13 00 00

005:003:000:STREAM             1333484164.261399
 09 81 B2 25 DD 13 00 00

005:003:000:STREAM             1333484164.269426
 09 81 B2 25 DD 13 00 00

005:003:000:STREAM             1333484164.277379
 09 81 B2 25 DD 13 00 00

005:003:000:STREAM             1333484164.285409
 09 81 B2 25 DD 13 00 00

005:003:000:STREAM             1333484164.293400
 09 81 B2 25 DD 13 00 00

005:003:000:STREAM             1333484164.301425
 09 81 B2 25 DD 13 00 00

005:003:000:STREAM             1333484164.309399
 09 81 B2 25 DD 13 00 00

005:003:000:STREAM             1333484164.317409
 09 81 B2 25 DD 13 00 00

005:003:000:STREAM             1333484164.325410
 09 81 B2 25 DD 13 00 00

005:003:000:STREAM             1333484164.341429
 09 81 B2 25 DD 13 00 00

005:003:000:STREAM             1333484164.349401
 09 81 B2 25 DD 13 00 00

005:003:000:STREAM             1333484164.357403
 09 81 B2 25 DD 13 00 00

005:003:000:STREAM             1333484164.365414
 09 81 B2 25 DD 13 00 00

005:003:000:STREAM             1333484164.373408
 09 81 B2 25 DD 13 00 00

005:003:000:STREAM             1333484164.381400
 09 81 B2 25 DD 13 00 00

005:003:000:STREAM             1333484164.389409
 09 81 B2 25 DD 13 00 00

005:003:000:STREAM             1333484164.397409
 09 81 B2 25 DD 13 00 00

005:003:000:STREAM             1333484164.405428
 09 81 B2 25 DD 13 00 00

005:003:000:STREAM             1333484164.413404
 09 81 B2 25 DD 13 00 00

005:003:000:STREAM             1333484164.421407
 09 81 B2 25 DD 13 00 00

005:003:000:STREAM             1333484164.429417
 09 81 B2 25 DD 13 00 00

005:003:000:STREAM             1333484164.437414
 09 81 B2 25 DD 13 00 00

005:003:000:STREAM             1333484164.445401
 09 81 B2 25 DD 13 00 00

005:003:000:STREAM             1333484164.453410
 09 81 B2 25 DD 13 00 00

005:003:000:STREAM             1333484164.461409
 09 81 B2 25 DD 13 00 00

005:003:000:STREAM             1333484164.469406
 09 81 B2 25 DD 13 00 00

005:003:000:STREAM             1333484164.477402
 09 81 B2 25 DD 13 00 00

005:003:000:STREAM             1333484164.485423
 09 81 B2 25 DD 13 00 00

005:003:000:STREAM             1333484164.493404
 09 81 B2 25 DD 13 00 00

005:003:000:STREAM             1333484164.501407
 09 81 B2 25 DD 13 00 00

005:003:000:STREAM             1333484164.517425
 09 81 B2 25 DD 13 00 00

005:003:000:STREAM             1333484164.525403
 09 81 B2 25 DD 13 00 00

005:003:000:STREAM             1333484164.533412
 09 81 B2 25 DD 13 00 00

005:003:000:STREAM             1333484164.541397
 09 81 B2 25 DD 13 00 00

005:003:000:STREAM             1333484164.549424
 09 81 B2 25 DD 13 00 00

005:003:000:STREAM             1333484164.557386
 09 81 B2 25 DD 13 00 00

005:003:000:STREAM             1333484164.565403
 09 81 B2 25 DD 13 00 00

005:003:000:STREAM             1333484164.573414
 09 81 B2 25 DD 13 00 00

005:003:000:STREAM             1333484164.581424
 09 81 B2 25 DD 13 00 00

005:003:000:STREAM             1333484164.589411
 09 81 B2 25 DD 13 00 00

005:003:000:STREAM             1333484164.597400
 09 81 B2 25 DD 13 00 00

005:003:000:STREAM             1333484164.605401
 09 81 B2 25 DD 13 00 00

005:003:000:STREAM             1333484164.613418
 09 81 B2 25 DD 13 00 00

005:003:000:STREAM             1333484164.621412
 09 81 B2 25 DD 13 00 00

005:003:000:STREAM             1333484164.629410
 09 81 B2 25 DD 13 00 00

005:003:000:STREAM             1333484164.637409
 09 81 B2 25 DD 13 00 00

005:003:000:STREAM             1333484164.645414
 09 81 B2 25 DD 13 00 00

005:003:000:STREAM             1333484164.653407
 09 81 B2 25 DD 13 00 00

005:003:000:STREAM             1333484164.661404
 09 81 B2 25 DD 13 00 00

005:003:000:STREAM             1333484164.669409
 09 81 B2 25 DD 13 00 00

005:003:000:STREAM             1333484164.677412
 09 81 B2 25 DD 13 00 00

005:003:000:STREAM             1333484164.693414
 09 81 B2 25 DD 13 00 00

005:003:000:STREAM             1333484164.701412
 09 81 B2 25 DD 13 00 00

005:003:000:STREAM             1333484164.709416
 09 81 B2 25 DD 13 00 00

005:003:000:STREAM             1333484164.717411
 09 81 B2 25 DD 13 00 00

005:003:000:STREAM             1333484164.725399
 09 81 B2 25 DD 13 00 00

005:003:000:STREAM             1333484164.733429
 09 81 B2 25 DD 13 00 00

005:003:000:STREAM             1333484164.741399
 09 81 B2 25 DD 13 00 00

005:003:000:STREAM             1333484164.749406
 09 81 B2 25 DD 13 00 00

005:003:000:STREAM             1333484164.757400
 09 81 B2 25 DD 13 00 00

005:003:000:STREAM             1333484164.765422
 09 81 B2 25 DD 13 00 00

005:003:000:STREAM             1333484164.773400
 09 81 B2 25 DD 13 00 00

005:003:000:STREAM             1333484164.781405
 09 81 B2 25 DD 13 00 00

005:003:000:STREAM             1333484164.789411
 09 81 B2 25 DD 13 00 00

005:003:000:STREAM             1333484164.797424
 09 81 B2 25 DD 13 00 00

005:003:000:STREAM             1333484164.805413
 09 81 B2 25 DD 13 00 00

005:003:000:STREAM             1333484164.813404
 09 81 B2 25 DD 13 00 00

005:003:000:STREAM             1333484164.821402
 09 81 B2 25 DD 13 00 00

005:003:000:STREAM             1333484164.829425
 09 81 B2 25 DD 13 00 00

005:003:000:STREAM             1333484164.837413
 09 81 B2 25 DD 13 00 00

005:003:000:STREAM             1333484164.845400
 09 81 B2 25 DD 13 00 00

005:003:000:STREAM             1333484164.853408
 09 81 B2 25 DD 13 00 00

005:003:000:STREAM             1333484164.869415
 09 81 B2 25 DD 13 00 00

005:003:000:STREAM             1333484164.877403
 09 81 B2 25 DD 13 00 00

005:003:000:STREAM             1333484164.885408
 09 81 B2 25 DD 13 00 00

005:003:000:STREAM             1333484164.893408
 09 81 B2 25 DD 13 00 00

005:003:000:STREAM             1333484164.901411
 09 81 B2 25 DD 13 00 00

005:003:000:STREAM             1333484164.909408
 09 81 B2 25 DD 13 00 00

005:003:000:STREAM             1333484164.917411
 09 81 B2 25 DD 13 00 00

005:003:000:STREAM             1333484164.925406
 09 81 B2 25 DD 13 00 00

005:003:000:STREAM             1333484164.933420
 09 81 B2 25 DD 13 00 00

005:003:000:STREAM             1333484164.941402
 09 81 B2 25 DD 13 00 00

005:003:000:STREAM             1333484164.949426
 09 81 B2 25 DD 13 00 00

005:003:000:STREAM             1333484164.957401
 09 81 B2 25 DD 13 00 00

005:003:000:STREAM             1333484164.965408
 09 81 B2 25 DD 13 00 00

005:003:000:STREAM             1333484164.973401
 09 81 B2 25 DD 13 00 00

005:003:000:STREAM             1333484164.981425
 09 81 B2 25 DD 13 00 00

005:003:000:STREAM             1333484164.989401
 09 81 B2 25 DD 13 00 00

005:003:000:STREAM             1333484164.997411
 09 81 B2 25 DD 13 00 00

005:003:000:STREAM             1333484165.005409
 09 81 B2 25 DD 13 00 00

005:003:000:STREAM             1333484165.013428
 09 81 B2 25 DD 13 00 00

005:003:000:STREAM             1333484165.021414
 09 81 B2 25 DD 13 00 00

005:003:000:STREAM             1333484165.029409
 09 81 B2 25 DD 13 00 00

005:003:000:STREAM             1333484165.045424
 09 81 B2 25 DD 13 00 00

005:003:000:STREAM             1333484165.053411
 09 81 B2 25 DD 13 00 00

005:003:000:STREAM             1333484165.061403
 09 81 B2 25 DD 13 00 00

005:003:000:STREAM             1333484165.069415
 09 81 B2 25 DD 13 00 00

005:003:000:STREAM             1333484165.077414
 09 81 B2 25 DD 13 00 00

005:003:000:STREAM             1333484165.085409
 09 81 B2 25 DD 13 00 00

005:003:000:STREAM             1333484165.093402
 09 81 B2 25 DD 13 00 00

005:003:000:STREAM             1333484165.101406
 09 81 B2 25 DD 13 00 00

005:003:000:STREAM             1333484165.109410
 09 81 B2 25 DD 13 00 00

005:003:000:STREAM             1333484165.117412
 09 81 B2 25 DD 13 00 00

005:003:000:STREAM             1333484165.125400
 09 81 B1 25 DD 13 00 00

005:003:000:STREAM             1333484165.133411
 09 81 AC 25 DD 13 00 00

005:003:000:STREAM             1333484165.141408
 09 81 AC 25 DD 13 00 00

005:003:000:STREAM             1333484165.149408
 09 81 AC 25 DD 13 00 00

005:003:000:STREAM             1333484165.157403
 09 81 AC 25 DD 13 00 00

005:003:000:STREAM             1333484165.165422
 09 81 AC 25 DD 13 00 00

005:003:000:STREAM             1333484165.173400
 09 81 AC 25 DD 13 00 00

005:003:000:STREAM             1333484165.181408
 09 81 AC 25 DD 13 00 00

005:003:000:STREAM             1333484165.189398
 09 81 AC 25 DD 13 00 00

005:003:000:STREAM             1333484165.197423
 09 81 AC 25 DD 13 00 00

005:003:000:STREAM             1333484165.205400
 09 81 AC 25 DD 13 00 00

005:003:000:STREAM             1333484165.213407
 09 81 AC 25 DD 13 00 00

005:003:000:STREAM             1333484165.229424
 09 81 AC 25 DD 13 00 00

005:003:000:STREAM             1333484165.237414
 09 81 AC 25 DD 13 00 00

005:003:000:STREAM             1333484165.245398
 09 81 AC 25 DD 13 00 00

005:003:000:STREAM             1333484165.253406
 09 81 AC 25 DD 13 00 00

005:003:000:STREAM             1333484165.261418
 09 81 AC 25 DD 13 00 00

005:003:000:STREAM             1333484165.269409
 09 81 AC 25 DD 13 00 00

005:003:000:STREAM             1333484165.277400
 09 81 AC 25 DD 13 00 00

005:003:000:STREAM             1333484165.285410
 09 81 AC 25 DD 13 00 00

005:003:000:STREAM             1333484165.293414
 09 81 AC 25 DD 13 00 00

005:003:000:STREAM             1333484165.301408
 09 81 AC 25 DD 13 00 00

005:003:000:STREAM             1333484165.309400
 09 81 AC 25 DD 13 00 00

005:003:000:STREAM             1333484165.317405
 09 81 AC 25 DD 13 00 00

005:003:000:STREAM             1333484165.325412
 09 81 AC 25 DD 13 00 00

005:003:000:STREAM             1333484165.333421
 09 81 AC 25 DD 13 00 00

005:003:000:STREAM             1333484165.341402
 09 81 AC 25 DD 13 00 00

005:003:000:STREAM             1333484165.349410
 09 81 AC 25 DD 13 00 00

005:003:000:STREAM             1333484165.357408
 09 81 AC 25 DD 13 00 00

005:003:000:STREAM             1333484165.365409
 09 81 AC 25 DD 13 00 00

005:003:000:STREAM             1333484165.373400
 09 81 AC 25 DD 13 00 00

005:003:000:STREAM             1333484165.381423
 09 81 AC 25 DD 13 00 00

005:003:000:STREAM             1333484165.389401
 09 81 AC 25 DD 13 00 00

005:003:000:STREAM             1333484165.405390
 09 81 AC 25 DD 13 00 00

005:003:000:STREAM             1333484165.413403
 09 81 AC 25 DD 13 00 00

005:003:000:STREAM             1333484165.421398
 09 81 AC 25 DD 13 00 00

005:003:000:STREAM             1333484165.429415
 09 81 AC 25 DD 13 00 00

005:003:000:STREAM             1333484165.437410
 09 81 AC 25 DD 13 00 00

005:003:000:STREAM             1333484165.445428
 09 81 AC 25 DD 13 00 00

005:003:000:STREAM             1333484165.453412
 09 81 AC 25 DD 13 00 00

005:003:000:STREAM             1333484165.461402
 09 81 AC 25 DD 13 00 00

005:003:000:STREAM             1333484165.469390
 09 81 AC 25 DD 13 00 00

005:003:000:STREAM             1333484165.477413
 09 81 AC 25 DD 13 00 00

005:003:000:STREAM             1333484165.485413
 09 81 AC 25 DD 13 00 00

005:003:000:STREAM             1333484165.493399
 09 81 AC 25 DD 13 00 00

005:003:000:STREAM             1333484165.501412
 09 81 AC 25 DD 13 00 00

005:003:000:STREAM             1333484165.509414
 09 81 AC 25 DD 13 00 00

005:003:000:STREAM             1333484165.517409
 09 81 AC 25 DD 13 00 00

005:003:000:STREAM             1333484165.525400
 09 81 AC 25 DD 13 00 00

005:003:000:STREAM             1333484165.533405
 09 81 AC 25 DD 13 00 00

005:003:000:STREAM             1333484165.541410
 09 81 AC 25 DD 13 00 00

005:003:000:STREAM             1333484165.549413
 09 81 AC 25 DD 13 00 00

005:003:000:STREAM             1333484165.557400
 09 81 AC 25 DD 13 00 00

005:003:000:STREAM             1333484165.565411
 09 81 AC 25 DE 13 00 00

005:003:000:STREAM             1333484165.573408
 09 81 AC 25 DF 13 00 00

005:003:000:STREAM             1333484165.581409
 09 81 AC 25 E0 13 00 00

005:003:000:STREAM             1333484165.597425
 09 81 AC 25 E1 13 00 00

005:003:000:STREAM             1333484165.605401
 09 81 AC 25 E2 13 00 00

005:003:000:STREAM             1333484165.613407
 09 81 AC 25 E3 13 00 00

005:003:000:STREAM             1333484165.621399
 09 81 AC 25 E4 13 00 00

005:003:000:STREAM             1333484165.629407
 09 81 AC 25 E3 13 00 00

005:003:000:STREAM             1333484165.637400
 09 81 AC 25 E3 13 00 00

005:003:000:STREAM             1333484165.645406
 09 81 AC 25 E3 13 00 00

005:003:000:STREAM             1333484165.653413
 09 81 AC 25 E3 13 00 00

005:003:000:STREAM             1333484165.661421
 09 81 AC 25 E3 13 00 00

005:003:000:STREAM             1333484165.669412
 09 81 AC 25 E3 13 00 00

005:003:000:STREAM             1333484165.677400
 09 81 AC 25 E3 13 00 00

005:003:000:STREAM             1333484165.685394
 09 81 AC 25 E3 13 00 00

005:003:000:STREAM             1333484165.693403
 09 81 AC 25 E3 13 00 00

005:003:000:STREAM             1333484165.701415
 09 81 AC 25 E3 13 00 00

005:003:000:STREAM             1333484165.709414
 09 81 AC 25 E3 13 00 00

005:003:000:STREAM             1333484165.717407
 09 81 AC 25 E3 13 00 00

005:003:000:STREAM             1333484165.725411
 09 81 AC 25 E3 13 00 00

005:003:000:STREAM             1333484165.733415
 09 81 AC 25 E3 13 00 00

005:003:000:STREAM             1333484165.741402
 09 81 AC 25 E3 13 00 00

005:003:000:STREAM             1333484165.749405
 09 81 AC 25 E3 13 00 00

005:003:000:STREAM             1333484165.757409
 09 81 AC 25 E3 13 00 00

005:003:000:STREAM             1333484165.765414
 09 81 AC 25 E3 13 00 00

005:003:000:STREAM             1333484165.773400
 09 81 AC 25 E3 13 00 00

005:003:000:STREAM             1333484165.781411
 09 81 AC 25 E3 13 00 00

005:003:000:STREAM             1333484165.797417
 09 81 AB 25 E2 13 00 00

005:003:000:STREAM             1333484165.805401
 09 81 AA 25 E1 13 00 00

005:003:000:STREAM             1333484165.813428
 09 81 A9 25 E0 13 00 00

005:003:000:STREAM             1333484165.821401
 09 81 A8 25 DF 13 00 00

005:003:000:STREAM             1333484165.829414
 09 81 A7 25 DE 13 00 00

005:003:000:STREAM             1333484165.837399
 09 81 A6 25 DD 13 00 00

005:003:000:STREAM             1333484165.845425
 09 81 A5 25 DC 13 00 00

005:003:000:STREAM             1333484165.853400
 09 81 A4 25 DD 13 00 00

005:003:000:STREAM             1333484165.861405
 09 81 A5 25 DD 13 00 00

005:003:000:STREAM             1333484165.869410
 09 81 A5 25 DD 13 00 00

005:003:000:STREAM             1333484165.877425
 09 81 A5 25 DD 13 00 00

005:003:000:STREAM             1333484165.885412
 09 81 A5 25 DD 13 00 00

005:003:000:STREAM             1333484165.893401
 09 81 A5 25 DD 13 00 00

005:003:000:STREAM             1333484165.901407
 09 81 A5 25 DD 13 00 00

005:003:000:STREAM             1333484165.909414
 09 81 A5 25 DD 13 00 00

005:003:000:STREAM             1333484165.917415
 09 81 A5 25 DD 13 00 00

005:003:000:STREAM             1333484165.925401
 09 81 A5 25 DD 13 00 00

005:003:000:STREAM             1333484165.933413
 09 81 A5 25 DD 13 00 00

005:003:000:STREAM             1333484165.941409
 09 81 A5 25 DD 13 00 00

005:003:000:STREAM             1333484165.949410
 09 81 A5 25 DD 13 00 00

005:003:000:STREAM             1333484165.957399
 09 81 A6 25 DD 13 00 00

005:003:000:STREAM             1333484165.965407
 09 81 A7 25 DD 13 00 00

005:003:000:STREAM             1333484165.973409
 09 81 A8 25 DD 13 00 00

005:003:000:STREAM             1333484165.981412
 09 81 A9 25 DD 13 00 00

005:003:000:STREAM             1333484165.989401
 09 81 AA 25 DD 13 00 00

005:003:000:STREAM             1333484165.997415
 09 81 AB 25 DD 13 00 00

005:003:000:STREAM             1333484166.005407
 09 81 AB 25 DD 13 00 00

005:003:000:STREAM             1333484166.013408
 09 81 AB 25 DE 13 00 00

005:003:000:STREAM             1333484166.021402
 09 81 AB 25 DF 13 00 00

005:003:000:STREAM             1333484166.037427
 09 81 AB 25 E0 13 00 00

005:003:000:STREAM             1333484166.045409
 09 81 AB 25 E1 13 00 00

005:003:000:STREAM             1333484166.053401
 09 81 AB 25 E2 13 00 00

005:003:000:STREAM             1333484166.061425
 09 81 AB 25 E3 13 00 00

005:003:000:STREAM             1333484166.069400
 09 81 AB 25 E4 13 00 00

005:003:000:STREAM             1333484166.077409
 09 81 AB 25 E5 13 00 00

005:003:000:STREAM             1333484166.085409
 09 81 AB 25 E4 13 00 00

005:003:000:STREAM             1333484166.093426
 09 81 AB 25 E4 13 00 00

005:003:000:STREAM             1333484166.101413
 09 81 AB 25 E4 13 00 00

005:003:000:STREAM             1333484166.109403
 09 81 AB 25 E4 13 00 00

005:003:000:STREAM             1333484166.117405
 09 81 AB 25 E4 13 00 00

005:003:000:STREAM             1333484166.125417
 09 81 AB 25 E4 13 00 00

005:003:000:STREAM             1333484166.133419
 09 81 AB 25 E4 13 00 00

005:003:000:STREAM             1333484166.141401
 09 81 AB 25 E4 13 00 00

005:003:000:STREAM             1333484166.149409
 09 81 A5 25 E4 13 00 00

005:003:000:STREAM             1333484166.157411
 09 81 A5 25 E5 13 00 00

005:003:000:STREAM             1333484166.165408
 09 81 A5 25 E6 13 00 00

005:003:000:STREAM             1333484166.173401
 09 81 A5 25 E7 13 00 00

005:003:000:STREAM             1333484166.181408
 09 81 A5 25 E8 13 00 00

005:003:000:STREAM             1333484166.189407
 09 81 A5 25 E9 13 00 00

005:003:000:STREAM             1333484166.197411
 09 81 A5 25 EA 13 00 00

005:003:000:STREAM             1333484166.205401
 09 81 A5 25 EB 13 00 00

005:003:000:STREAM             1333484166.213410
 09 81 A5 25 EC 13 00 00

005:003:000:STREAM             1333484166.221407
 09 81 A5 25 EB 13 00 00

005:003:000:STREAM             1333484166.229415
 09 81 A6 25 EB 13 00 00

005:003:000:STREAM             1333484166.237400
 09 81 A7 25 EB 13 00 00

005:003:000:STREAM             1333484166.245423
 09 81 A8 25 EB 13 00 00

005:003:000:STREAM             1333484166.253403
 09 81 A9 25 EB 13 00 00

005:003:000:STREAM             1333484166.261407
 09 81 AA 25 EB 13 00 00

005:003:000:STREAM             1333484166.269402
 09 81 AB 25 EB 13 00 00

005:003:000:STREAM             1333484166.277423
 09 81 AC 25 EB 13 00 00

005:003:000:STREAM             1333484166.285403
 09 81 AB 25 EB 13 00 00

005:003:000:STREAM             1333484166.293408
 09 81 AB 25 EB 13 00 00

005:003:000:STREAM             1333484166.301412
 09 81 AB 25 EB 13 00 00

005:003:000:STREAM             1333484166.309425
 09 81 AB 25 EB 13 00 00

005:003:000:STREAM             1333484166.317413
 09 81 AB 25 EB 13 00 00

005:003:000:STREAM             1333484166.325400
 09 81 AB 25 EB 13 00 00

005:003:000:STREAM             1333484166.333398
 09 81 AB 25 EB 13 00 00

005:003:000:STREAM             1333484166.349421
 09 81 AB 25 EB 13 00 00

005:003:000:STREAM             1333484166.357399
 09 81 AB 25 EB 13 00 00

005:003:000:STREAM             1333484166.365412
 09 81 AB 25 EB 13 00 00

005:003:000:STREAM             1333484166.373411
 09 81 AB 25 EB 13 00 00

005:003:000:STREAM             1333484166.381389
 09 81 AB 25 EB 13 00 00

005:003:000:STREAM             1333484166.389402
 09 81 AB 25 EB 13 00 00

005:003:000:STREAM             1333484166.397406
 09 81 AB 25 EB 13 00 00

005:003:000:STREAM             1333484166.405408
 09 81 AB 25 EB 13 00 00

005:003:000:STREAM             1333484166.413416
 09 81 AB 25 EB 13 00 00

005:003:000:STREAM             1333484166.421402
 09 81 AB 25 EB 13 00 00

005:003:000:STREAM             1333484166.429413
 09 81 AB 25 EB 13 00 00

005:003:000:STREAM             1333484166.437407
 09 81 AB 25 EB 13 00 00

005:003:000:STREAM             1333484166.445411
 09 81 AB 25 EB 13 00 00

005:003:000:STREAM             1333484166.453400
 09 81 AB 25 EB 13 00 00

005:003:000:STREAM             1333484166.461424
 09 81 AB 25 EB 13 00 00

005:003:000:STREAM             1333484166.469403
 09 81 AB 25 EB 13 00 00

005:003:000:STREAM             1333484166.477409
 09 81 AB 25 EB 13 00 00

005:003:000:STREAM             1333484166.485399
 09 81 AB 25 EB 13 00 00

005:003:000:STREAM             1333484166.493427
 09 81 AB 25 EB 13 00 00

005:003:000:STREAM             1333484166.501401
 09 81 AB 25 EB 13 00 00

005:003:000:STREAM             1333484166.509408
 09 81 AB 25 EB 13 00 00

005:003:000:STREAM             1333484166.517414
 09 81 AB 25 EB 13 00 00

005:003:000:STREAM             1333484166.525426
 09 81 AB 25 EB 13 00 00

005:003:000:STREAM             1333484166.533417
 09 81 AB 25 EB 13 00 00

005:003:000:STREAM             1333484166.541402
 09 81 AB 25 EB 13 00 00

005:003:000:STREAM             1333484166.549397
 09 81 AB 25 EB 13 00 00

005:003:000:STREAM             1333484166.557416
 09 81 AB 25 EB 13 00 00

005:003:000:STREAM             1333484166.565412
 09 81 AB 25 EB 13 00 00

005:003:000:STREAM             1333484166.573404
 09 81 AB 25 EB 13 00 00

005:003:000:STREAM             1333484166.581407
 09 81 AB 25 EB 13 00 00

005:003:000:STREAM             1333484166.589413
 09 81 AB 25 EB 13 00 00

005:003:000:STREAM             1333484166.597406
 09 81 AB 25 EB 13 00 00

005:003:000:STREAM             1333484166.605402
 09 81 AB 25 EB 13 00 00

005:003:000:STREAM             1333484166.613405
 09 81 AB 25 EB 13 00 00

005:003:000:STREAM             1333484166.621411
 09 81 AB 25 EB 13 00 00

005:003:000:STREAM             1333484166.629415
 09 81 AB 25 EB 13 00 00

005:003:000:STREAM             1333484166.637403
 09 81 AB 25 EB 13 00 00

005:003:000:STREAM             1333484166.645410
 09 81 AB 25 EB 13 00 00

005:003:000:STREAM             1333484166.653410
 09 81 AB 25 EB 13 00 00

005:003:000:STREAM             1333484166.661411
 09 81 AB 25 EB 13 00 00

005:003:000:STREAM             1333484166.669402
 09 81 AB 25 EB 13 00 00

005:003:000:STREAM             1333484166.677424
 09 81 AB 25 EB 13 00 00

005:003:000:STREAM             1333484166.685401
 09 81 AB 25 EB 13 00 00

005:003:000:STREAM             1333484166.693408
 09 81 AB 25 EB 13 00 00

005:003:000:STREAM             1333484166.701400
 09 81 AB 25 EB 13 00 00

005:003:000:STREAM             1333484166.709428
 09 81 AB 25 EB 13 00 00

005:003:000:STREAM             1333484166.717401
 09 81 AB 25 EB 13 00 00

005:003:000:STREAM             1333484166.725404
 09 81 AB 25 EB 13 00 00

005:003:000:STREAM             1333484166.733418
 09 81 AA 25 EC 13 00 00

005:003:000:STREAM             1333484166.741430
 09 80 A5 25 F1 13 00 00

005:003:000:STREAM             1333484166.749414
 09 80 A5 25 FD 13 00 00

005:003:000:STREAM             1333484166.757401
 09 80 A5 25 07 14 00 00

005:003:000:STREAM             1333484166.765401
 09 80 A8 25 11 14 00 00

005:003:000:STREAM             1333484166.773416
 09 80 A8 25 18 14 00 00

005:003:000:STREAM             1333484166.781416
 09 80 A8 25 19 14 00 00

005:003:000:STREAM             1333484166.789402
 09 80 A8 25 1E 14 00 00

005:003:000:STREAM             1333484166.797412
 09 80 A5 25 2A 14 00 00

005:003:000:STREAM             1333484166.805410
 09 80 A5 25 33 14 00 00

005:003:000:STREAM             1333484166.813410
 09 80 9D 25 3E 14 00 00

005:003:000:STREAM             1333484166.821401
 09 80 9A 25 4D 14 00 00

005:003:000:STREAM             1333484166.829407
 09 80 8D 25 5A 14 00 00

005:003:000:STREAM             1333484166.837414
 09 80 87 25 66 14 00 00

005:003:000:STREAM             1333484166.845414
 09 80 7F 25 72 14 00 00

005:003:000:STREAM             1333484166.853403
 09 80 79 25 7B 14 00 00

005:003:000:STREAM             1333484166.861415
 09 80 76 25 86 14 00 00

005:003:000:STREAM             1333484166.869411
 09 80 76 25 87 14 00 00

005:003:000:STREAM             1333484166.877408
 09 80 76 25 8E 14 00 00

005:003:000:STREAM             1333484166.885400
 09 80 76 25 9B 14 00 00

005:003:000:STREAM             1333484166.893425
 09 80 76 25 9B 14 00 00

005:003:000:STREAM             1333484166.917412
 09 00 6A 25 AD 14 00 00

