005:003:000:STREAM             1333485225.765644
 09 80 99 14 23 16 00 00

005:003:000:STREAM             1333485225.773609
 09 80 99 14 23 16 00 00

005:003:000:STREAM             1333485225.781668
 09 80 99 14 23 16 00 00

005:003:000:STREAM             1333485225.789615
 09 80 99 14 23 16 00 00

005:003:000:STREAM             1333485225.797631
 09 80 AA 14 16 16 00 00

005:003:000:STREAM             1333485225.805624
 09 80 B7 14 0B 16 00 00

005:003:000:STREAM             1333485225.813632
 09 80 C7 14 FC 15 00 00

005:003:000:STREAM             1333485225.821624
 09 80 D5 14 EF 15 00 00

005:003:000:STREAM             1333485225.829602
 09 80 E2 14 E1 15 00 00

005:003:000:STREAM             1333485225.837590
 09 80 F1 14 D2 15 00 00

005:003:000:STREAM             1333485225.845583
 09 80 FF 14 C6 15 00 00

005:003:000:STREAM             1333485225.853593
 09 80 0F 15 BC 15 00 00

005:003:000:STREAM             1333485225.861609
 09 80 20 15 B3 15 00 00

005:003:000:STREAM             1333485225.869590
 09 80 30 15 AB 15 00 00

005:003:000:STREAM             1333485225.877596
 09 80 3F 15 A2 15 00 00

005:003:000:STREAM             1333485225.885587
 09 80 4C 15 97 15 00 00

005:003:000:STREAM             1333485225.893611
 09 80 57 15 89 15 00 00

005:003:000:STREAM             1333485225.901577
 09 80 5D 15 78 15 00 00

005:003:000:STREAM             1333485225.909589
 09 80 60 15 65 15 00 00

005:003:000:STREAM             1333485225.917602
 09 80 66 15 52 15 00 00

005:003:000:STREAM             1333485225.925615
 09 80 69 15 42 15 00 00

005:003:000:STREAM             1333485225.933601
 09 80 69 15 34 15 00 00

005:003:000:STREAM             1333485225.941588
 09 80 69 15 27 15 00 00

005:003:000:STREAM             1333485225.949587
 09 80 69 15 1B 15 00 00

005:003:000:STREAM             1333485225.957637
 09 80 66 15 10 15 00 00

005:003:000:STREAM             1333485225.965594
 09 80 63 15 04 15 00 00

005:003:000:STREAM             1333485225.973613
 09 80 5D 15 F7 14 00 00

005:003:000:STREAM             1333485225.981623
 09 80 5A 15 E8 14 00 00

005:003:000:STREAM             1333485225.989635
 09 80 50 15 D8 14 00 00

005:003:000:STREAM             1333485225.997620
 09 80 4D 15 C6 14 00 00

005:003:000:STREAM             1333485226.005610
 09 80 41 15 B4 14 00 00

005:003:000:STREAM             1333485226.013612
 09 80 3E 15 A4 14 00 00

005:003:000:STREAM             1333485226.021626
 09 80 33 15 95 14 00 00

005:003:000:STREAM             1333485226.029623
 09 80 30 15 8A 14 00 00

005:003:000:STREAM             1333485226.037615
 09 80 30 15 89 14 00 00

005:003:000:STREAM             1333485226.045616
 09 80 30 15 83 14 00 00

005:003:000:STREAM             1333485226.053620
 09 80 2F 15 83 14 00 00

005:003:000:STREAM             1333485226.061621
 09 80 2A 15 83 14 00 00

005:003:000:STREAM             1333485226.069609
 09 80 2A 15 83 14 00 00

005:003:000:STREAM             1333485226.077618
 09 80 2A 15 83 14 00 00

005:003:000:STREAM             1333485226.085619
 09 80 2A 15 83 14 00 00

005:003:000:STREAM             1333485226.093619
 09 80 2A 15 84 14 00 00

005:003:000:STREAM             1333485226.101610
 09 80 2A 15 85 14 00 00

005:003:000:STREAM             1333485226.109622
 09 80 2A 15 8B 14 00 00

005:003:000:STREAM             1333485226.117616
 09 80 34 15 92 14 00 00

005:003:000:STREAM             1333485226.125618
 09 80 3B 15 92 14 00 00

005:003:000:STREAM             1333485226.133611
 09 80 44 15 92 14 00 00

005:003:000:STREAM             1333485226.141636
 09 80 4C 15 92 14 00 00

005:003:000:STREAM             1333485226.149610
 09 80 4D 15 92 14 00 00

005:003:000:STREAM             1333485226.157617
 09 80 52 15 92 14 00 00

005:003:000:STREAM             1333485226.165611
 09 80 5C 15 95 14 00 00

005:003:000:STREAM             1333485226.173637
 09 80 5C 15 95 14 00 00

005:003:000:STREAM             1333485226.181609
 09 80 5C 15 95 14 00 00

005:003:000:STREAM             1333485226.189618
 09 80 5D 15 95 14 00 00

005:003:000:STREAM             1333485226.197624
 09 80 63 15 95 14 00 00

005:003:000:STREAM             1333485226.205638
 09 80 63 15 96 14 00 00

005:003:000:STREAM             1333485226.213622
 09 80 63 15 9C 14 00 00

005:003:000:STREAM             1333485226.221611
 09 80 64 15 9C 14 00 00

005:003:000:STREAM             1333485226.229609
 09 80 6C 15 9C 14 00 00

005:003:000:STREAM             1333485226.237624
 09 80 77 15 9D 14 00 00

005:003:000:STREAM             1333485226.245622
 09 80 77 15 A3 14 00 00

005:003:000:STREAM             1333485226.253611
 09 80 83 15 AC 14 00 00

005:003:000:STREAM             1333485226.261622
 09 80 83 15 B2 14 00 00

005:003:000:STREAM             1333485226.269621
 09 80 8B 15 BA 14 00 00

005:003:000:STREAM             1333485226.277617
 09 80 8B 15 C2 14 00 00

005:003:000:STREAM             1333485226.285607
 09 80 8B 15 C8 14 00 00

005:003:000:STREAM             1333485226.293616
 09 80 93 15 CE 14 00 00

005:003:000:STREAM             1333485226.301619
 09 80 93 15 D5 14 00 00

005:003:000:STREAM             1333485226.309622
 09 80 99 15 D5 14 00 00

005:003:000:STREAM             1333485226.317609
 09 80 99 15 DD 14 00 00

005:003:000:STREAM             1333485226.325621
 09 80 9A 15 DD 14 00 00

005:003:000:STREAM             1333485226.333618
 09 80 A1 15 DD 14 00 00

005:003:000:STREAM             1333485226.341619
 09 80 A2 15 DD 14 00 00

005:003:000:STREAM             1333485226.349608
 09 80 A8 15 DD 14 00 00

005:003:000:STREAM             1333485226.357632
 09 80 B1 15 DD 14 00 00

005:003:000:STREAM             1333485226.365611
 09 80 B1 15 DC 14 00 00

005:003:000:STREAM             1333485226.373622
 09 80 B1 15 D6 14 00 00

005:003:000:STREAM             1333485226.381609
 09 80 B1 15 D5 14 00 00

005:003:000:STREAM             1333485226.389636
 09 80 B1 15 D4 14 00 00

005:003:000:STREAM             1333485226.397608
 09 80 B1 15 D3 14 00 00

005:003:000:STREAM             1333485226.405631
 09 80 B1 15 D2 14 00 00

005:003:000:STREAM             1333485226.413621
 09 80 B1 15 D1 14 00 00

005:003:000:STREAM             1333485226.421625
 09 80 B1 15 D0 14 00 00

005:003:000:STREAM             1333485226.429629
 09 80 B1 15 CF 14 00 00

005:003:000:STREAM             1333485226.437611
 09 80 B1 15 D0 14 00 00

005:003:000:STREAM             1333485226.445623
 09 80 B2 15 D0 14 00 00

005:003:000:STREAM             1333485226.453627
 09 80 BA 15 D0 14 00 00

005:003:000:STREAM             1333485226.461621
 09 80 BB 15 D0 14 00 00

005:003:000:STREAM             1333485226.469610
 09 80 C2 15 D0 14 00 00

005:003:000:STREAM             1333485226.477619
 09 80 C3 15 D1 14 00 00

005:003:000:STREAM             1333485226.485620
 09 80 C9 15 D7 14 00 00

005:003:000:STREAM             1333485226.493618
 09 80 C9 15 E0 14 00 00

005:003:000:STREAM             1333485226.501609
 09 80 CF 15 E0 14 00 00

005:003:000:STREAM             1333485226.509615
 09 80 D2 15 EB 14 00 00

005:003:000:STREAM             1333485226.517623
 09 80 D2 15 EB 14 00 00

005:003:000:STREAM             1333485226.525621
 09 80 D2 15 F3 14 00 00

005:003:000:STREAM             1333485226.533607
 09 80 D3 15 F3 14 00 00

005:003:000:STREAM             1333485226.541620
 09 80 D4 15 F3 14 00 00

005:003:000:STREAM             1333485226.549617
 09 80 D8 15 F3 14 00 00

005:003:000:STREAM             1333485226.557612
 09 80 D9 15 F3 14 00 00

005:003:000:STREAM             1333485226.565613
 09 80 DA 15 F3 14 00 00

005:003:000:STREAM             1333485226.573635
 09 80 DB 15 F3 14 00 00

005:003:000:STREAM             1333485226.581614
 09 80 DC 15 F3 14 00 00

005:003:000:STREAM             1333485226.589618
 09 80 DD 15 F3 14 00 00

005:003:000:STREAM             1333485226.597608
 09 80 DE 15 F3 14 00 00

005:003:000:STREAM             1333485226.605631
 09 80 DF 15 F3 14 00 00

005:003:000:STREAM             1333485226.613609
 09 80 E0 15 F3 14 00 00

005:003:000:STREAM             1333485226.621618
 09 80 DF 15 F3 14 00 00

005:003:000:STREAM             1333485226.629624
 09 80 DF 15 F3 14 00 00

005:003:000:STREAM             1333485226.637637
 09 80 DF 15 F3 14 00 00

005:003:000:STREAM             1333485226.645621
 09 80 DF 15 F3 14 00 00

005:003:000:STREAM             1333485226.653610
 09 80 DF 15 F3 14 00 00

005:003:000:STREAM             1333485226.661615
 09 80 DF 15 F3 14 00 00

005:003:000:STREAM             1333485226.669626
 09 80 DF 15 F3 14 00 00

005:003:000:STREAM             1333485226.677623
 09 80 DF 15 F3 14 00 00

005:003:000:STREAM             1333485226.685611
 09 80 E2 15 E9 14 00 00

005:003:000:STREAM             1333485226.693621
 09 80 E2 15 E9 14 00 00

005:003:000:STREAM             1333485226.701618
 09 80 E2 15 E8 14 00 00

005:003:000:STREAM             1333485226.709619
 09 80 E2 15 E7 14 00 00

005:003:000:STREAM             1333485226.717609
 09 80 E2 15 E6 14 00 00

005:003:000:STREAM             1333485226.725616
 09 80 E2 15 E5 14 00 00

005:003:000:STREAM             1333485226.733621
 09 80 E2 15 E4 14 00 00

005:003:000:STREAM             1333485226.741621
 09 80 E2 15 E3 14 00 00

005:003:000:STREAM             1333485226.749608
 09 80 E2 15 E2 14 00 00

005:003:000:STREAM             1333485226.757621
 09 80 E2 15 E1 14 00 00

005:003:000:STREAM             1333485226.765615
 09 80 E2 15 E2 14 00 00

005:003:000:STREAM             1333485226.773617
 09 80 E2 15 E2 14 00 00

005:003:000:STREAM             1333485226.781607
 09 80 E2 15 E2 14 00 00

005:003:000:STREAM             1333485226.789635
 09 80 E2 15 E2 14 00 00

005:003:000:STREAM             1333485226.797614
 09 80 E2 15 E2 14 00 00

005:003:000:STREAM             1333485226.805620
 09 80 E3 15 E2 14 00 00

005:003:000:STREAM             1333485226.813610
 09 80 E4 15 E2 14 00 00

005:003:000:STREAM             1333485226.821633
 09 80 E5 15 E2 14 00 00

005:003:000:STREAM             1333485226.829611
 09 80 E6 15 E2 14 00 00

005:003:000:STREAM             1333485226.837617
 09 80 E7 15 E2 14 00 00

005:003:000:STREAM             1333485226.845619
 09 80 E9 15 E2 14 00 00

005:003:000:STREAM             1333485226.853628
 09 80 EA 15 E2 14 00 00

005:003:000:STREAM             1333485226.861621
 09 80 EB 15 E2 14 00 00

005:003:000:STREAM             1333485226.869611
 09 80 EC 15 E2 14 00 00

005:003:000:STREAM             1333485226.877611
 09 80 EF 15 E2 14 00 00

005:003:000:STREAM             1333485226.885629
 09 80 F0 15 E2 14 00 00

005:003:000:STREAM             1333485226.893626
 09 80 F1 15 E2 14 00 00

005:003:000:STREAM             1333485226.901610
 09 80 F2 15 E2 14 00 00

005:003:000:STREAM             1333485226.909618
 09 80 F5 15 E2 14 00 00

005:003:000:STREAM             1333485226.917617
 09 80 F6 15 E2 14 00 00

005:003:000:STREAM             1333485226.925620
 09 80 FC 15 E2 14 00 00

005:003:000:STREAM             1333485226.933613
 09 80 FD 15 E2 14 00 00

005:003:000:STREAM             1333485226.941614
 09 80 02 16 E2 14 00 00

005:003:000:STREAM             1333485226.949622
 09 80 03 16 E2 14 00 00

005:003:000:STREAM             1333485226.957621
 09 80 0A 16 E2 14 00 00

005:003:000:STREAM             1333485226.965608
 09 80 16 16 E3 14 00 00

005:003:000:STREAM             1333485226.973618
 09 80 16 16 E8 14 00 00

005:003:000:STREAM             1333485226.981620
 09 80 17 16 E8 14 00 00

005:003:000:STREAM             1333485226.989616
 09 80 18 16 E8 14 00 00

005:003:000:STREAM             1333485226.997608
 09 80 19 16 E8 14 00 00

005:003:000:STREAM             1333485227.005637
 09 80 1A 16 E8 14 00 00

005:003:000:STREAM             1333485227.013610
 09 80 1B 16 E8 14 00 00

005:003:000:STREAM             1333485227.021616
 09 80 1C 16 E8 14 00 00

005:003:000:STREAM             1333485227.029608
 09 80 1D 16 E8 14 00 00

005:003:000:STREAM             1333485227.037637
 09 80 1C 16 E8 14 00 00

005:003:000:STREAM             1333485227.045610
 09 80 1C 16 E8 14 00 00

005:003:000:STREAM             1333485227.053618
 09 80 23 16 E8 14 00 00

005:003:000:STREAM             1333485227.061623
 09 80 23 16 E9 14 00 00

005:003:000:STREAM             1333485227.069626
 09 80 23 16 EA 14 00 00

005:003:000:STREAM             1333485227.077622
 09 80 23 16 EB 14 00 00

005:003:000:STREAM             1333485227.085611
 09 80 23 16 EC 14 00 00

005:003:000:STREAM             1333485227.093597
 09 80 23 16 ED 14 00 00

005:003:000:STREAM             1333485227.101623
 09 80 23 16 F1 14 00 00

005:003:000:STREAM             1333485227.109620
 09 80 2B 16 F1 14 00 00

005:003:000:STREAM             1333485227.117608
 09 80 2B 16 F2 14 00 00

005:003:000:STREAM             1333485227.125621
 09 80 2B 16 F3 14 00 00

005:003:000:STREAM             1333485227.133621
 09 80 2B 16 F4 14 00 00

005:003:000:STREAM             1333485227.141618
 09 80 2B 16 F5 14 00 00

005:003:000:STREAM             1333485227.149610
 09 80 2B 16 F6 14 00 00

005:003:000:STREAM             1333485227.157634
 09 80 2B 16 F7 14 00 00

005:003:000:STREAM             1333485227.165625
 09 80 2B 16 F8 14 00 00

005:003:000:STREAM             1333485227.173622
 09 80 2B 16 F7 14 00 00

005:003:000:STREAM             1333485227.181610
 09 80 2B 16 F7 14 00 00

005:003:000:STREAM             1333485227.189619
 09 80 2B 16 F7 14 00 00

005:003:000:STREAM             1333485227.197617
 09 80 2B 16 F7 14 00 00

005:003:000:STREAM             1333485227.205618
 09 80 2B 16 F7 14 00 00

005:003:000:STREAM             1333485227.213606
 09 80 2B 16 F7 14 00 00

005:003:000:STREAM             1333485227.221637
 09 80 2B 16 F7 14 00 00

005:003:000:STREAM             1333485227.229610
 09 80 2B 16 F7 14 00 00

005:003:000:STREAM             1333485227.237618
 09 80 2B 16 F7 14 00 00

005:003:000:STREAM             1333485227.245610
 09 80 2B 16 F7 14 00 00

005:003:000:STREAM             1333485227.253639
 09 80 2B 16 F7 14 00 00

005:003:000:STREAM             1333485227.261609
 09 80 2B 16 F7 14 00 00

005:003:000:STREAM             1333485227.269617
 09 80 2B 16 F7 14 00 00

005:003:000:STREAM             1333485227.277620
 09 80 2B 16 F7 14 00 00

005:003:000:STREAM             1333485227.285637
 09 80 2B 16 F7 14 00 00

005:003:000:STREAM             1333485227.293625
 09 80 2A 16 F7 14 00 00

005:003:000:STREAM             1333485227.301609
 09 80 24 16 F7 14 00 00

005:003:000:STREAM             1333485227.309609
 09 80 24 16 F7 14 00 00

005:003:000:STREAM             1333485227.317624
 09 80 23 16 F7 14 00 00

005:003:000:STREAM             1333485227.325619
 09 80 1E 16 F7 14 00 00

005:003:000:STREAM             1333485227.333609
 09 82 1E 16 F7 14 00 00

005:003:000:STREAM             1333485227.341624
 09 82 1E 16 F7 14 00 00

005:003:000:STREAM             1333485227.349616
 09 82 1E 16 F7 14 00 00

005:003:000:STREAM             1333485227.357617
 09 82 1E 16 F7 14 00 00

005:003:000:STREAM             1333485227.365612
 09 82 1D 16 F7 14 00 00

005:003:000:STREAM             1333485227.373616
 09 82 18 16 F7 14 00 00

005:003:000:STREAM             1333485227.381620
 09 82 18 16 F7 14 00 00

005:003:000:STREAM             1333485227.389624
 09 82 18 16 F6 14 00 00

005:003:000:STREAM             1333485227.397602
 09 82 18 16 F0 14 00 00

005:003:000:STREAM             1333485227.405618
 09 82 17 16 F0 14 00 00

005:003:000:STREAM             1333485227.413607
 09 82 11 16 F0 14 00 00

005:003:000:STREAM             1333485227.421625
 09 82 11 16 F0 14 00 00

005:003:000:STREAM             1333485227.437637
 09 82 11 16 F0 14 00 00

005:003:000:STREAM             1333485227.445611
 09 82 11 16 F0 14 00 00

005:003:000:STREAM             1333485227.453616
 09 82 11 16 F0 14 00 00

005:003:000:STREAM             1333485227.461611
 09 82 11 16 F0 14 00 00

005:003:000:STREAM             1333485227.469635
 09 82 11 16 F0 14 00 00

005:003:000:STREAM             1333485227.477610
 09 82 11 16 F0 14 00 00

005:003:000:STREAM             1333485227.485619
 09 82 11 16 F0 14 00 00

005:003:000:STREAM             1333485227.493620
 09 82 11 16 F0 14 00 00

005:003:000:STREAM             1333485227.501632
 09 82 11 16 F0 14 00 00

005:003:000:STREAM             1333485227.509621
 09 82 11 16 F0 14 00 00

005:003:000:STREAM             1333485227.517611
 09 82 11 16 F0 14 00 00

005:003:000:STREAM             1333485227.525627
 09 82 11 16 F0 14 00 00

005:003:000:STREAM             1333485227.533633
 09 82 11 16 EF 14 00 00

005:003:000:STREAM             1333485227.541624
 09 82 11 16 EE 14 00 00

005:003:000:STREAM             1333485227.549609
 09 82 11 16 ED 14 00 00

005:003:000:STREAM             1333485227.557616
 09 82 11 16 EA 14 00 00

005:003:000:STREAM             1333485227.573625
 09 82 10 16 EA 14 00 00

005:003:000:STREAM             1333485227.581611
 09 82 0B 16 EA 14 00 00

005:003:000:STREAM             1333485227.589616
 09 82 0B 16 EA 14 00 00

005:003:000:STREAM             1333485227.597618
 09 82 0A 16 EA 14 00 00

005:003:000:STREAM             1333485227.605621
 09 82 03 16 EA 14 00 00

005:003:000:STREAM             1333485227.613610
 09 82 03 16 EA 14 00 00

005:003:000:STREAM             1333485227.621623
 09 82 03 16 EA 14 00 00

005:003:000:STREAM             1333485227.629618
 09 82 03 16 EA 14 00 00

005:003:000:STREAM             1333485227.637619
 09 82 03 16 EA 14 00 00

005:003:000:STREAM             1333485227.645610
 09 82 03 16 EA 14 00 00

005:003:000:STREAM             1333485227.653633
 09 82 03 16 EA 14 00 00

005:003:000:STREAM             1333485227.661610
 09 82 03 16 EA 14 00 00

005:003:000:STREAM             1333485227.669621
 09 82 03 16 EA 14 00 00

005:003:000:STREAM             1333485227.677608
 09 82 03 16 EA 14 00 00

005:003:000:STREAM             1333485227.685630
 09 82 03 16 EA 14 00 00

005:003:000:STREAM             1333485227.693611
 09 82 03 16 EA 14 00 00

005:003:000:STREAM             1333485227.709626
 09 82 03 16 EA 14 00 00

005:003:000:STREAM             1333485227.717634
 09 82 03 16 EA 14 00 00

005:003:000:STREAM             1333485227.725621
 09 82 03 16 EA 14 00 00

005:003:000:STREAM             1333485227.733611
 09 82 03 16 EA 14 00 00

005:003:000:STREAM             1333485227.741599
 09 82 03 16 EB 14 00 00

005:003:000:STREAM             1333485227.749624
 09 82 03 16 EC 14 00 00

005:003:000:STREAM             1333485227.757622
 09 82 03 16 F2 14 00 00

005:003:000:STREAM             1333485227.765610
 09 82 03 16 F3 14 00 00

005:003:000:STREAM             1333485227.773620
 09 82 03 16 F4 14 00 00

005:003:000:STREAM             1333485227.781622
 09 82 03 16 F5 14 00 00

005:003:000:STREAM             1333485227.789621
 09 82 03 16 F6 14 00 00

005:003:000:STREAM             1333485227.797611
 09 82 03 16 FA 14 00 00

005:003:000:STREAM             1333485227.805616
 09 82 04 16 FA 14 00 00

005:003:000:STREAM             1333485227.813621
 09 82 0A 16 FA 14 00 00

005:003:000:STREAM             1333485227.821623
 09 82 0B 16 FA 14 00 00

005:003:000:STREAM             1333485227.829609
 09 80 0C 16 FA 14 00 00

005:003:000:STREAM             1333485227.837621
 09 80 10 16 FA 14 00 00

005:003:000:STREAM             1333485227.845618
 09 80 11 16 FB 14 00 00

005:003:000:STREAM             1333485227.853621
 09 80 18 16 00 15 00 00

005:003:000:STREAM             1333485227.861609
 09 80 1F 16 00 15 00 00

005:003:000:STREAM             1333485227.869634
 09 80 1F 16 01 15 00 00

005:003:000:STREAM             1333485227.877613
 09 80 1F 16 06 15 00 00

005:003:000:STREAM             1333485227.885618
 09 80 20 16 07 15 00 00

005:003:000:STREAM             1333485227.893612
 09 80 27 16 0E 15 00 00

005:003:000:STREAM             1333485227.901632
 09 80 28 16 0F 15 00 00

005:003:000:STREAM             1333485227.909608
 09 80 2E 16 15 15 00 00

005:003:000:STREAM             1333485227.917619
 09 80 34 16 15 15 00 00

005:003:000:STREAM             1333485227.925620
 09 80 34 16 1E 15 00 00

005:003:000:STREAM             1333485227.933634
 09 80 3A 16 1E 15 00 00

005:003:000:STREAM             1333485227.941620
 09 80 3A 16 24 15 00 00

005:003:000:STREAM             1333485227.949609
 09 80 3B 16 24 15 00 00

005:003:000:STREAM             1333485227.957601
 09 80 3C 16 24 15 00 00

005:003:000:STREAM             1333485227.965629
 09 80 3D 16 24 15 00 00

005:003:000:STREAM             1333485227.973621
 09 80 42 16 24 15 00 00

005:003:000:STREAM             1333485227.981608
 09 80 42 16 25 15 00 00

005:003:000:STREAM             1333485227.989617
 09 80 42 16 26 15 00 00

005:003:000:STREAM             1333485227.997625
 09 80 42 16 27 15 00 00

005:003:000:STREAM             1333485228.005624
 09 80 42 16 28 15 00 00

005:003:000:STREAM             1333485228.013613
 09 80 42 16 29 15 00 00

005:003:000:STREAM             1333485228.021615
 09 80 42 16 2A 15 00 00

005:003:000:STREAM             1333485228.029620
 09 80 42 16 2B 15 00 00

005:003:000:STREAM             1333485228.037622
 09 80 42 16 2C 15 00 00

005:003:000:STREAM             1333485228.045612
 09 80 42 16 2B 15 00 00

005:003:000:STREAM             1333485228.053623
 09 80 43 16 2B 15 00 00

005:003:000:STREAM             1333485228.061619
 09 80 44 16 2B 15 00 00

005:003:000:STREAM             1333485228.069619
 09 80 48 16 2B 15 00 00

005:003:000:STREAM             1333485228.077609
 09 80 48 16 2A 15 00 00

005:003:000:STREAM             1333485228.085635
 09 80 48 16 29 15 00 00

005:003:000:STREAM             1333485228.093613
 09 80 48 16 23 15 00 00

005:003:000:STREAM             1333485228.101620
 09 80 48 16 22 15 00 00

005:003:000:STREAM             1333485228.109608
 09 80 48 16 21 15 00 00

005:003:000:STREAM             1333485228.117633
 09 80 48 16 20 15 00 00

005:003:000:STREAM             1333485228.125610
 09 80 48 16 1F 15 00 00

005:003:000:STREAM             1333485228.133619
 09 80 48 16 1E 15 00 00

005:003:000:STREAM             1333485228.141621
 09 80 48 16 1D 15 00 00

005:003:000:STREAM             1333485228.149633
 09 80 48 16 1D 15 00 00

005:003:000:STREAM             1333485228.157621
 09 80 49 16 1D 15 00 00

005:003:000:STREAM             1333485228.165610
 09 80 4A 16 1D 15 00 00

005:003:000:STREAM             1333485228.173611
 09 80 4F 16 1D 15 00 00

005:003:000:STREAM             1333485228.181628
 09 80 59 16 20 15 00 00

005:003:000:STREAM             1333485228.189623
 09 80 59 16 20 15 00 00

005:003:000:STREAM             1333485228.197610
 09 80 59 16 20 15 00 00

005:003:000:STREAM             1333485228.205619
 09 80 59 16 20 15 00 00

005:003:000:STREAM             1333485228.213620
 09 80 59 16 20 15 00 00

005:003:000:STREAM             1333485228.221617
 09 80 59 16 20 15 00 00

005:003:000:STREAM             1333485228.229609
 09 80 59 16 20 15 00 00

005:003:000:STREAM             1333485228.237616
 09 80 59 16 20 15 00 00

005:003:000:STREAM             1333485228.245624
 09 80 59 16 20 15 00 00

005:003:000:STREAM             1333485228.253621
 09 80 59 16 20 15 00 00

005:003:000:STREAM             1333485228.261609
 09 80 59 16 20 15 00 00

005:003:000:STREAM             1333485228.269623
 09 80 59 16 20 15 00 00

005:003:000:STREAM             1333485228.277617
 09 80 59 16 20 15 00 00

005:003:000:STREAM             1333485228.285618
 09 80 59 16 20 15 00 00

005:003:000:STREAM             1333485228.293612
 09 80 59 16 20 15 00 00

005:003:000:STREAM             1333485228.301634
 09 80 59 16 20 15 00 00

005:003:000:STREAM             1333485228.309611
 09 80 59 16 20 15 00 00

005:003:000:STREAM             1333485228.317620
 09 80 59 16 20 15 00 00

005:003:000:STREAM             1333485228.325609
 09 80 59 16 20 15 00 00

005:003:000:STREAM             1333485228.333635
 09 80 59 16 20 15 00 00

005:003:000:STREAM             1333485228.341608
 09 80 59 16 20 15 00 00

005:003:000:STREAM             1333485228.349617
 09 80 59 16 20 15 00 00

005:003:000:STREAM             1333485228.357622
 09 80 59 16 20 15 00 00

005:003:000:STREAM             1333485228.365636
 09 80 59 16 20 15 00 00

005:003:000:STREAM             1333485228.373622
 09 80 59 16 20 15 00 00

005:003:000:STREAM             1333485228.381612
 09 80 59 16 20 15 00 00

005:003:000:STREAM             1333485228.389626
 09 80 59 16 20 15 00 00

005:003:000:STREAM             1333485228.397609
 09 80 59 16 20 15 00 00

005:003:000:STREAM             1333485228.405601
 09 80 59 16 20 15 00 00

005:003:000:STREAM             1333485228.413613
 09 80 5A 16 20 15 00 00

005:003:000:STREAM             1333485228.421617
 09 80 5B 16 20 15 00 00

005:003:000:STREAM             1333485228.429625
 09 80 5C 16 20 15 00 00

005:003:000:STREAM             1333485228.437620
 09 80 5D 16 20 15 00 00

005:003:000:STREAM             1333485228.445610
 09 80 5E 16 20 15 00 00

005:003:000:STREAM             1333485228.453618
 09 80 5F 16 20 15 00 00

005:003:000:STREAM             1333485228.461625
 09 80 60 16 20 15 00 00

005:003:000:STREAM             1333485228.469621
 09 80 61 16 20 15 00 00

005:003:000:STREAM             1333485228.477612
 09 80 60 16 20 15 00 00

005:003:000:STREAM             1333485228.485620
 09 80 60 16 21 15 00 00

005:003:000:STREAM             1333485228.493617
 09 80 60 16 22 15 00 00

005:003:000:STREAM             1333485228.501619
 09 80 60 16 23 15 00 00

005:003:000:STREAM             1333485228.509613
 09 80 60 16 24 15 00 00

005:003:000:STREAM             1333485228.517637
 09 80 60 16 25 15 00 00

005:003:000:STREAM             1333485228.525610
 09 80 60 16 26 15 00 00

005:003:000:STREAM             1333485228.533617
 09 80 60 16 27 15 00 00

005:003:000:STREAM             1333485228.541609
 09 80 60 16 27 15 00 00

005:003:000:STREAM             1333485228.549633
 09 80 61 16 27 15 00 00

005:003:000:STREAM             1333485228.557610
 09 80 62 16 27 15 00 00

005:003:000:STREAM             1333485228.565617
 09 80 63 16 27 15 00 00

005:003:000:STREAM             1333485228.573625
 09 80 64 16 27 15 00 00

005:003:000:STREAM             1333485228.581637
 09 80 65 16 27 15 00 00

005:003:000:STREAM             1333485228.589624
 09 80 66 16 27 15 00 00

005:003:000:STREAM             1333485228.597612
 09 80 67 16 27 15 00 00

005:003:000:STREAM             1333485228.605598
 09 80 66 16 27 15 00 00

005:003:000:STREAM             1333485228.613628
 09 80 66 16 27 15 00 00

005:003:000:STREAM             1333485228.621619
 09 80 66 16 26 15 00 00

005:003:000:STREAM             1333485228.629613
 09 80 66 16 25 15 00 00

005:003:000:STREAM             1333485228.637618
 09 80 66 16 24 15 00 00

005:003:000:STREAM             1333485228.645620
 09 80 66 16 23 15 00 00

005:003:000:STREAM             1333485228.653620
 09 80 66 16 22 15 00 00

005:003:000:STREAM             1333485228.661612
 09 80 66 16 21 15 00 00

005:003:000:STREAM             1333485228.669614
 09 80 66 16 20 15 00 00

005:003:000:STREAM             1333485228.677623
 09 80 66 16 21 15 00 00

005:003:000:STREAM             1333485228.685625
 09 80 66 16 21 15 00 00

005:003:000:STREAM             1333485228.693610
 09 80 66 16 22 15 00 00

005:003:000:STREAM             1333485228.701621
 09 80 66 16 23 15 00 00

005:003:000:STREAM             1333485228.725624
 09 00 6B 16 36 15 00 00

005:003:000:STREAM             1333485228.789635
 09 80 6C 16 37 15 00 00

005:003:000:STREAM             1333485228.797614
 09 80 6C 16 37 15 00 00

005:003:000:STREAM             1333485228.805618
 09 84 6C 16 37 15 00 00

005:003:000:STREAM             1333485228.821627
 09 84 6C 16 37 15 00 00

005:003:000:STREAM             1333485228.829620
 09 84 6C 16 37 15 00 00

005:003:000:STREAM             1333485228.837616
 09 84 6C 16 37 15 00 00

005:003:000:STREAM             1333485228.845609
 09 84 6C 16 37 15 00 00

005:003:000:STREAM             1333485228.853619
 09 84 6C 16 37 15 00 00

005:003:000:STREAM             1333485228.861623
 09 84 6C 16 37 15 00 00

005:003:000:STREAM             1333485228.877623
 09 84 6C 16 37 15 00 00

005:003:000:STREAM             1333485228.885616
 09 84 6C 16 37 15 00 00

005:003:000:STREAM             1333485228.893621
 09 84 6C 16 37 15 00 00

005:003:000:STREAM             1333485228.901624
 09 84 6C 16 37 15 00 00

005:003:000:STREAM             1333485228.909609
 09 84 6B 16 37 15 00 00

005:003:000:STREAM             1333485228.917619
 09 84 66 16 37 15 00 00

005:003:000:STREAM             1333485228.933623
 09 84 66 16 37 15 00 00

005:003:000:STREAM             1333485228.941613
 09 84 66 16 37 15 00 00

005:003:000:STREAM             1333485228.949636
 09 84 66 16 37 15 00 00

005:003:000:STREAM             1333485228.957610
 09 84 66 16 38 15 00 00

005:003:000:STREAM             1333485228.965619
 09 84 66 16 39 15 00 00

005:003:000:STREAM             1333485228.973605
 09 84 66 16 3A 15 00 00

005:003:000:STREAM             1333485228.989635
 09 84 66 16 3F 15 00 00

005:003:000:STREAM             1333485228.997618
 09 84 67 16 3F 15 00 00

005:003:000:STREAM             1333485229.005622
 09 84 6D 16 3F 15 00 00

005:003:000:STREAM             1333485229.013629
 09 84 6E 16 3F 15 00 00

005:003:000:STREAM             1333485229.021621
 09 84 73 16 3F 15 00 00

005:003:000:STREAM             1333485229.029612
 09 84 7D 16 40 15 00 00

005:003:000:STREAM             1333485229.037603
 09 84 7D 16 47 15 00 00

005:003:000:STREAM             1333485229.053626
 09 84 7D 16 48 15 00 00

005:003:000:STREAM             1333485229.061610
 09 84 7D 16 49 15 00 00

005:003:000:STREAM             1333485229.069622
 09 84 7D 16 4D 15 00 00

005:003:000:STREAM             1333485229.101622
 09 00 90 16 60 15 00 00

005:003:000:STREAM             1333485229.157635
 09 84 D8 16 95 15 00 00

005:003:000:STREAM             1333485229.165610
 09 84 D8 16 95 15 00 00

005:003:000:STREAM             1333485229.173616
 09 80 D8 16 95 15 00 00

005:003:000:STREAM             1333485229.181626
 09 80 D8 16 95 15 00 00

005:003:000:STREAM             1333485229.189621
 09 80 D8 16 95 15 00 00

005:003:000:STREAM             1333485229.197621
 09 80 D8 16 95 15 00 00

005:003:000:STREAM             1333485229.205624
 09 80 D8 16 95 15 00 00

005:003:000:STREAM             1333485229.213610
 09 80 D8 16 95 15 00 00

005:003:000:STREAM             1333485229.221618
 09 80 D8 16 95 15 00 00

005:003:000:STREAM             1333485229.229620
 09 80 D8 16 95 15 00 00

005:003:000:STREAM             1333485229.237618
 09 80 D8 16 95 15 00 00

005:003:000:STREAM             1333485229.245609
 09 80 D7 16 95 15 00 00

005:003:000:STREAM             1333485229.253615
 09 80 D1 16 95 15 00 00

005:003:000:STREAM             1333485229.261619
 09 80 D1 16 95 15 00 00

005:003:000:STREAM             1333485229.269626
 09 80 D1 16 94 15 00 00

005:003:000:STREAM             1333485229.277609
 09 80 D1 16 8E 15 00 00

005:003:000:STREAM             1333485229.285619
 09 80 D1 16 8D 15 00 00

005:003:000:STREAM             1333485229.293616
 09 80 D1 16 88 15 00 00

005:003:000:STREAM             1333485229.301619
 09 80 D1 16 87 15 00 00

005:003:000:STREAM             1333485229.309610
 09 80 D1 16 86 15 00 00

005:003:000:STREAM             1333485229.317637
 09 80 D1 16 81 15 00 00

005:003:000:STREAM             1333485229.325611
 09 80 D1 16 80 15 00 00

005:003:000:STREAM             1333485229.333615
 09 80 D1 16 7F 15 00 00

005:003:000:STREAM             1333485229.341611
 09 80 D1 16 7A 15 00 00

005:003:000:STREAM             1333485229.349633
 09 80 D1 16 79 15 00 00

005:003:000:STREAM             1333485229.357609
 09 80 D1 16 78 15 00 00

005:003:000:STREAM             1333485229.365618
 09 80 D1 16 74 15 00 00

005:003:000:STREAM             1333485229.373620
 09 80 CA 16 74 15 00 00

005:003:000:STREAM             1333485229.381637
 09 80 CA 16 73 15 00 00

005:003:000:STREAM             1333485229.389624
 09 80 CA 16 6C 15 00 00

005:003:000:STREAM             1333485229.397614
 09 80 C4 16 6C 15 00 00

005:003:000:STREAM             1333485229.405685
 09 80 C4 16 6B 15 00 00

005:003:000:STREAM             1333485229.413605
 09 80 C4 16 6A 15 00 00

005:003:000:STREAM             1333485229.421624
 09 80 C4 16 69 15 00 00

005:003:000:STREAM             1333485229.429614
 09 80 C4 16 68 15 00 00

005:003:000:STREAM             1333485229.437621
 09 80 C4 16 67 15 00 00

005:003:000:STREAM             1333485229.445622
 09 80 C4 16 66 15 00 00

005:003:000:STREAM             1333485229.453620
 09 80 C4 16 65 15 00 00

005:003:000:STREAM             1333485229.461611
 09 80 C4 16 66 15 00 00

005:003:000:STREAM             1333485229.469615
 09 80 C4 16 66 15 00 00

005:003:000:STREAM             1333485229.477620
 09 80 C3 16 66 15 00 00

005:003:000:STREAM             1333485229.485621
 09 80 BE 16 66 15 00 00

005:003:000:STREAM             1333485229.493609
 09 80 BE 16 66 15 00 00

005:003:000:STREAM             1333485229.501621
 09 80 BE 16 66 15 00 00

005:003:000:STREAM             1333485229.509620
 09 80 BE 16 66 15 00 00

005:003:000:STREAM             1333485229.517618
 09 80 BE 16 66 15 00 00

005:003:000:STREAM             1333485229.525610
 09 80 BE 16 66 15 00 00

005:003:000:STREAM             1333485229.533635
 09 80 BE 16 66 15 00 00

005:003:000:STREAM             1333485229.541613
 09 80 BE 16 65 15 00 00

005:003:000:STREAM             1333485229.549620
 09 80 BE 16 64 15 00 00

005:003:000:STREAM             1333485229.557609
 09 80 BE 16 63 15 00 00

005:003:000:STREAM             1333485229.565635
 09 80 BE 16 62 15 00 00

005:003:000:STREAM             1333485229.573611
 09 80 BE 16 61 15 00 00

005:003:000:STREAM             1333485229.581617
 09 80 BE 16 60 15 00 00

005:003:000:STREAM             1333485229.589624
 09 80 BE 16 5F 15 00 00

005:003:000:STREAM             1333485229.597636
 09 80 BE 16 60 15 00 00

005:003:000:STREAM             1333485229.605622
 09 80 BE 16 60 15 00 00

005:003:000:STREAM             1333485229.613614
 09 80 BE 16 60 15 00 00

005:003:000:STREAM             1333485229.621602
 09 80 BE 16 60 15 00 00

005:003:000:STREAM             1333485229.629620
 09 80 B8 16 60 15 00 00

005:003:000:STREAM             1333485229.637622
 09 80 B8 16 5F 15 00 00

005:003:000:STREAM             1333485229.645612
 09 80 B8 16 5E 15 00 00

005:003:000:STREAM             1333485229.653620
 09 80 B8 16 5D 15 00 00

005:003:000:STREAM             1333485229.661624
 09 80 B8 16 5C 15 00 00

005:003:000:STREAM             1333485229.669622
 09 80 B8 16 5B 15 00 00

005:003:000:STREAM             1333485229.677608
 09 80 B8 16 5A 15 00 00

005:003:000:STREAM             1333485229.685618
 09 80 B8 16 59 15 00 00

005:003:000:STREAM             1333485229.693623
 09 80 B8 16 58 15 00 00

005:003:000:STREAM             1333485229.701622
 09 80 B8 16 59 15 00 00

005:003:000:STREAM             1333485229.709609
 09 80 B8 16 59 15 00 00

005:003:000:STREAM             1333485229.717622
 09 80 B8 16 59 15 00 00

005:003:000:STREAM             1333485229.725618
 09 80 B8 16 59 15 00 00

005:003:000:STREAM             1333485229.733618
 09 80 B8 16 59 15 00 00

005:003:000:STREAM             1333485229.741609
 09 80 B8 16 59 15 00 00

005:003:000:STREAM             1333485229.749634
 09 80 B8 16 59 15 00 00

005:003:000:STREAM             1333485229.757613
 09 80 B8 16 59 15 00 00

005:003:000:STREAM             1333485229.765620
 09 80 B7 16 59 15 00 00

005:003:000:STREAM             1333485229.773607
 09 80 B2 16 59 15 00 00

005:003:000:STREAM             1333485229.781638
 09 80 B2 16 59 15 00 00

005:003:000:STREAM             1333485229.789610
 09 80 B1 16 59 15 00 00

005:003:000:STREAM             1333485229.797618
 09 80 AB 16 59 15 00 00

005:003:000:STREAM             1333485229.805623
 09 80 AB 16 59 15 00 00

005:003:000:STREAM             1333485229.813638
 09 80 AB 16 59 15 00 00

005:003:000:STREAM             1333485229.821620
 09 80 AB 16 59 15 00 00

005:003:000:STREAM             1333485229.829609
 09 80 AB 16 59 15 00 00

005:003:000:STREAM             1333485229.837629
 09 80 AB 16 59 15 00 00

005:003:000:STREAM             1333485229.845634
 09 80 AB 16 58 15 00 00

005:003:000:STREAM             1333485229.853626
 09 80 AB 16 57 15 00 00

005:003:000:STREAM             1333485229.861610
 09 80 AB 16 56 15 00 00

005:003:000:STREAM             1333485229.869619
 09 80 AB 16 55 15 00 00

005:003:000:STREAM             1333485229.877624
 09 80 AB 16 54 15 00 00

005:003:000:STREAM             1333485229.885620
 09 80 AB 16 53 15 00 00

005:003:000:STREAM             1333485229.893611
 09 80 AB 16 52 15 00 00

005:003:000:STREAM             1333485229.901616
 09 80 AB 16 53 15 00 00

005:003:000:STREAM             1333485229.909620
 09 80 AB 16 53 15 00 00

005:003:000:STREAM             1333485229.917621
 09 80 AB 16 53 15 00 00

005:003:000:STREAM             1333485229.925610
 09 80 AB 16 53 15 00 00

005:003:000:STREAM             1333485229.933622
 09 80 AB 16 53 15 00 00

005:003:000:STREAM             1333485229.941620
 09 80 AA 16 53 15 00 00

005:003:000:STREAM             1333485229.949622
 09 80 A5 16 53 15 00 00

005:003:000:STREAM             1333485229.957610
 09 80 A5 16 53 15 00 00

005:003:000:STREAM             1333485229.965637
 09 80 A5 16 53 15 00 00

005:003:000:STREAM             1333485229.973610
 09 80 A5 16 53 15 00 00

005:003:000:STREAM             1333485229.981620
 09 80 A5 16 53 15 00 00

005:003:000:STREAM             1333485229.989608
 09 80 A5 16 53 15 00 00

005:003:000:STREAM             1333485229.997636
 09 80 A5 16 53 15 00 00

005:003:000:STREAM             1333485230.005611
 09 80 A5 16 53 15 00 00

005:003:000:STREAM             1333485230.013622
 09 80 A5 16 53 15 00 00

005:003:000:STREAM             1333485230.021622
 09 80 A5 16 53 15 00 00

005:003:000:STREAM             1333485230.029635
 09 80 A5 16 53 15 00 00

005:003:000:STREAM             1333485230.037623
 09 80 A5 16 53 15 00 00

005:003:000:STREAM             1333485230.045610
 09 80 A4 16 53 15 00 00

005:003:000:STREAM             1333485230.053601
 09 80 9F 16 53 15 00 00

005:003:000:STREAM             1333485230.061626
 09 80 9F 16 53 15 00 00

005:003:000:STREAM             1333485230.069621
 09 80 9E 16 53 15 00 00

005:003:000:STREAM             1333485230.077612
 09 80 96 16 53 15 00 00

005:003:000:STREAM             1333485230.085619
 09 80 8C 16 4B 15 00 00

005:003:000:STREAM             1333485230.093620
 09 80 8B 16 4B 15 00 00

005:003:000:STREAM             1333485230.101621
 09 80 85 16 4B 15 00 00

005:003:000:STREAM             1333485230.109612
 09 80 84 16 4B 15 00 00

005:003:000:STREAM             1333485230.117615
 09 80 7F 16 4B 15 00 00

005:003:000:STREAM             1333485230.125622
 09 80 7F 16 4B 15 00 00

005:003:000:STREAM             1333485230.133623
 09 80 7F 16 4B 15 00 00

005:003:000:STREAM             1333485230.141609
 09 80 7F 16 4B 15 00 00

005:003:000:STREAM             1333485230.149621
 09 80 7F 16 4B 15 00 00

005:003:000:STREAM             1333485230.157618
 09 80 6D 16 3B 15 00 00

005:003:000:STREAM             1333485230.181639
 09 00 56 16 19 15 00 00

