005:003:000:STREAM             1333485240.005650
 09 80 5B 19 16 15 00 00

005:003:000:STREAM             1333485240.013616
 09 80 5B 19 16 15 00 00

005:003:000:STREAM             1333485240.021627
 09 80 5B 19 16 15 00 00

005:003:000:STREAM             1333485240.029624
 09 80 5B 19 16 15 00 00

005:003:000:STREAM             1333485240.037686
 09 80 5B 19 16 15 00 00

005:003:000:STREAM             1333485240.045612
 09 80 5B 19 16 15 00 00

005:003:000:STREAM             1333485240.053592
 09 80 5B 19 16 15 00 00

005:003:000:STREAM             1333485240.061601
 09 80 5B 19 16 15 00 00

005:003:000:STREAM             1333485240.069617
 09 80 5B 19 16 15 00 00

005:003:000:STREAM             1333485240.077592
 09 80 5B 19 16 15 00 00

005:003:000:STREAM             1333485240.085601
 09 80 5B 19 16 15 00 00

005:003:000:STREAM             1333485240.093590
 09 80 5A 19 16 15 00 00

005:003:000:STREAM             1333485240.101618
 09 80 55 19 16 15 00 00

005:003:000:STREAM             1333485240.109614
 09 80 4A 19 15 15 00 00

005:003:000:STREAM             1333485240.117621
 09 80 4A 19 10 15 00 00

005:003:000:STREAM             1333485240.125612
 09 80 40 19 0F 15 00 00

005:003:000:STREAM             1333485240.133636
 09 80 40 19 08 15 00 00

005:003:000:STREAM             1333485240.141616
 09 80 36 19 07 15 00 00

005:003:000:STREAM             1333485240.149619
 09 80 36 19 FF 14 00 00

005:003:000:STREAM             1333485240.157614
 09 80 25 19 F9 14 00 00

005:003:000:STREAM             1333485240.165637
 09 80 1D 19 F9 14 00 00

005:003:000:STREAM             1333485240.173616
 09 80 14 19 F9 14 00 00

005:003:000:STREAM             1333485240.181622
 09 80 0B 19 F9 14 00 00

005:003:000:STREAM             1333485240.189627
 09 80 03 19 F9 14 00 00

005:003:000:STREAM             1333485240.197639
 09 80 02 19 F9 14 00 00

005:003:000:STREAM             1333485240.205625
 09 80 FC 18 F9 14 00 00

005:003:000:STREAM             1333485240.213612
 09 80 FB 18 F9 14 00 00

005:003:000:STREAM             1333485240.221604
 09 80 F3 18 F9 14 00 00

005:003:000:STREAM             1333485240.229630
 09 80 F3 18 F9 14 00 00

005:003:000:STREAM             1333485240.237626
 09 80 F3 18 F9 14 00 00

005:003:000:STREAM             1333485240.245611
 09 80 F3 18 F9 14 00 00

005:003:000:STREAM             1333485240.253622
 09 80 F3 18 F9 14 00 00

005:003:000:STREAM             1333485240.261626
 09 80 F3 18 F9 14 00 00

005:003:000:STREAM             1333485240.269622
 09 80 F0 18 06 15 00 00

005:003:000:STREAM             1333485240.277610
 09 80 F0 18 0D 15 00 00

005:003:000:STREAM             1333485240.285617
 09 80 F3 18 17 15 00 00

005:003:000:STREAM             1333485240.293626
 09 80 F6 18 22 15 00 00

005:003:000:STREAM             1333485240.301625
 09 80 FD 18 2F 15 00 00

005:003:000:STREAM             1333485240.309612
 09 80 00 19 3D 15 00 00

005:003:000:STREAM             1333485240.317625
 09 80 03 19 47 15 00 00

005:003:000:STREAM             1333485240.325620
 09 80 04 19 48 15 00 00

005:003:000:STREAM             1333485240.333624
 09 80 05 19 49 15 00 00

005:003:000:STREAM             1333485240.341612
 09 80 06 19 4A 15 00 00

005:003:000:STREAM             1333485240.349636
 09 80 07 19 4B 15 00 00

005:003:000:STREAM             1333485240.357617
 09 80 09 19 4E 15 00 00

005:003:000:STREAM             1333485240.365624
 09 80 09 19 4D 15 00 00

005:003:000:STREAM             1333485240.373611
 09 80 09 19 48 15 00 00

005:003:000:STREAM             1333485240.381636
 09 80 0A 19 48 15 00 00

005:003:000:STREAM             1333485240.389614
 09 80 0B 19 48 15 00 00

005:003:000:STREAM             1333485240.397621
 09 80 0C 19 48 15 00 00

005:003:000:STREAM             1333485240.405625
 09 80 10 19 48 15 00 00

005:003:000:STREAM             1333485240.413635
 09 80 10 19 49 15 00 00

005:003:000:STREAM             1333485240.421613
 09 80 10 19 4F 15 00 00

005:003:000:STREAM             1333485240.429622
 09 80 0F 19 4F 15 00 00

005:003:000:STREAM             1333485240.437633
 09 80 08 19 4F 15 00 00

005:003:000:STREAM             1333485240.445632
 09 80 08 19 4F 15 00 00

005:003:000:STREAM             1333485240.453631
 09 80 08 19 4F 15 00 00

005:003:000:STREAM             1333485240.461615
 09 80 08 19 4F 15 00 00

005:003:000:STREAM             1333485240.469618
 09 80 08 19 4F 15 00 00

005:003:000:STREAM             1333485240.477626
 09 80 08 19 4F 15 00 00

005:003:000:STREAM             1333485240.485625
 09 80 08 19 4F 15 00 00

005:003:000:STREAM             1333485240.493612
 09 80 0E 19 4F 15 00 00

005:003:000:STREAM             1333485240.501624
 09 80 0F 19 4F 15 00 00

005:003:000:STREAM             1333485240.509629
 09 80 14 19 4F 15 00 00

005:003:000:STREAM             1333485240.517641
 09 80 1E 19 4F 15 00 00

005:003:000:STREAM             1333485240.525603
 09 80 1E 19 4F 15 00 00

005:003:000:STREAM             1333485240.533623
 09 80 1E 19 4E 15 00 00

005:003:000:STREAM             1333485240.541624
 09 80 1E 19 49 15 00 00

005:003:000:STREAM             1333485240.549627
 09 80 16 19 3A 15 00 00

005:003:000:STREAM             1333485240.557621
 09 80 0F 19 34 15 00 00

005:003:000:STREAM             1333485240.565638
 09 80 08 19 34 15 00 00

005:003:000:STREAM             1333485240.573616
 09 80 07 19 33 15 00 00

005:003:000:STREAM             1333485240.581624
 09 80 00 19 2B 15 00 00

005:003:000:STREAM             1333485240.589612
 09 80 FA 18 2B 15 00 00

005:003:000:STREAM             1333485240.597638
 09 80 FA 18 34 15 00 00

005:003:000:STREAM             1333485240.605613
 09 80 FA 18 3C 15 00 00

005:003:000:STREAM             1333485240.613620
 09 80 FB 18 3D 15 00 00

005:003:000:STREAM             1333485240.621624
 09 80 01 19 43 15 00 00

005:003:000:STREAM             1333485240.629642
 09 80 02 19 44 15 00 00

005:003:000:STREAM             1333485240.637626
 09 80 03 19 45 15 00 00

005:003:000:STREAM             1333485240.645613
 09 80 04 19 46 15 00 00

005:003:000:STREAM             1333485240.653612
 09 80 0A 19 4C 15 00 00

005:003:000:STREAM             1333485240.661630
 09 80 0A 19 4B 15 00 00

005:003:000:STREAM             1333485240.669626
 09 80 0A 19 46 15 00 00

005:003:000:STREAM             1333485240.677612
 09 80 0A 19 45 15 00 00

005:003:000:STREAM             1333485240.685625
 09 80 0A 19 44 15 00 00

005:003:000:STREAM             1333485240.693629
 09 80 0A 19 43 15 00 00

005:003:000:STREAM             1333485240.701621
 09 80 0A 19 3D 15 00 00

005:003:000:STREAM             1333485240.709614
 09 80 0D 19 48 15 00 00

005:003:000:STREAM             1333485240.717618
 09 80 14 19 50 15 00 00

005:003:000:STREAM             1333485240.725627
 09 80 14 19 57 15 00 00

005:003:000:STREAM             1333485240.733624
 09 80 15 19 58 15 00 00

005:003:000:STREAM             1333485240.741615
 09 80 16 19 59 15 00 00

005:003:000:STREAM             1333485240.749623
 09 80 17 19 5A 15 00 00

005:003:000:STREAM             1333485240.757623
 09 80 18 19 5B 15 00 00

005:003:000:STREAM             1333485240.765623
 09 80 19 19 5C 15 00 00

005:003:000:STREAM             1333485240.773612
 09 80 1A 19 5D 15 00 00

005:003:000:STREAM             1333485240.781636
 09 80 1D 19 5D 15 00 00

005:003:000:STREAM             1333485240.789614
 09 80 1D 19 5C 15 00 00

005:003:000:STREAM             1333485240.797621
 09 80 1D 19 5B 15 00 00

005:003:000:STREAM             1333485240.805613
 09 80 1D 19 5A 15 00 00

005:003:000:STREAM             1333485240.813640
 09 80 1D 19 59 15 00 00

005:003:000:STREAM             1333485240.821613
 09 80 1D 19 58 15 00 00

005:003:000:STREAM             1333485240.829620
 09 80 1D 19 55 15 00 00

005:003:000:STREAM             1333485240.837625
 09 80 1D 19 54 15 00 00

005:003:000:STREAM             1333485240.845639
 09 80 1D 19 53 15 00 00

005:003:000:STREAM             1333485240.853629
 09 80 1D 19 52 15 00 00

005:003:000:STREAM             1333485240.861612
 09 80 1D 19 4F 15 00 00

005:003:000:STREAM             1333485240.869604
 09 80 1E 19 4F 15 00 00

005:003:000:STREAM             1333485240.877630
 09 80 1F 19 4F 15 00 00

005:003:000:STREAM             1333485240.885622
 09 80 25 19 4F 15 00 00

005:003:000:STREAM             1333485240.893612
 09 80 26 19 4F 15 00 00

005:003:000:STREAM             1333485240.901622
 09 80 27 19 4F 15 00 00

005:003:000:STREAM             1333485240.909624
 09 80 28 19 4F 15 00 00

005:003:000:STREAM             1333485240.917604
 09 80 29 19 4F 15 00 00

005:003:000:STREAM             1333485240.925626
 09 80 2A 19 4F 15 00 00

005:003:000:STREAM             1333485240.933621
 09 80 2B 19 4F 15 00 00

005:003:000:STREAM             1333485240.941623
 09 80 2B 19 4F 15 00 00

005:003:000:STREAM             1333485240.949624
 09 80 2A 19 4F 15 00 00

005:003:000:STREAM             1333485240.957612
 09 80 23 19 4F 15 00 00

005:003:000:STREAM             1333485240.965622
 09 80 22 19 4F 15 00 00

005:003:000:STREAM             1333485240.973620
 09 80 1D 19 4F 15 00 00

005:003:000:STREAM             1333485240.981623
 09 80 1D 19 4F 15 00 00

005:003:000:STREAM             1333485240.989613
 09 80 1D 19 4F 15 00 00

005:003:000:STREAM             1333485240.997643
 09 80 1D 19 59 15 00 00

005:003:000:STREAM             1333485241.005615
 09 80 1D 19 59 15 00 00

005:003:000:STREAM             1333485241.013619
 09 80 1D 19 59 15 00 00

005:003:000:STREAM             1333485241.021611
 09 80 1D 19 59 15 00 00

005:003:000:STREAM             1333485241.029637
 09 80 1E 19 59 15 00 00

005:003:000:STREAM             1333485241.037617
 09 80 1F 19 59 15 00 00

005:003:000:STREAM             1333485241.045618
 09 80 23 19 59 15 00 00

005:003:000:STREAM             1333485241.053627
 09 80 23 19 53 15 00 00

005:003:000:STREAM             1333485241.061639
 09 80 22 19 53 15 00 00

005:003:000:STREAM             1333485241.069625
 09 80 1C 19 53 15 00 00

005:003:000:STREAM             1333485241.077613
 09 80 1C 19 53 15 00 00

005:003:000:STREAM             1333485241.085613
 09 80 1C 19 53 15 00 00

005:003:000:STREAM             1333485241.093630
 09 80 1C 19 53 15 00 00

005:003:000:STREAM             1333485241.101623
 09 80 1B 19 53 15 00 00

005:003:000:STREAM             1333485241.109615
 09 80 15 19 53 15 00 00

005:003:000:STREAM             1333485241.117622
 09 80 15 19 53 15 00 00

005:003:000:STREAM             1333485241.125630
 09 80 15 19 53 15 00 00

005:003:000:STREAM             1333485241.133621
 09 80 15 19 53 15 00 00

005:003:000:STREAM             1333485241.141614
 09 80 15 19 53 15 00 00

005:003:000:STREAM             1333485241.149618
 09 80 15 19 53 15 00 00

005:003:000:STREAM             1333485241.157627
 09 80 15 19 53 15 00 00

005:003:000:STREAM             1333485241.165626
 09 80 15 19 4D 15 00 00

005:003:000:STREAM             1333485241.173612
 09 80 16 19 4D 15 00 00

005:003:000:STREAM             1333485241.181623
 09 80 17 19 4D 15 00 00

005:003:000:STREAM             1333485241.189621
 09 80 18 19 4D 15 00 00

005:003:000:STREAM             1333485241.197621
 09 80 19 19 4D 15 00 00

005:003:000:STREAM             1333485241.205614
 09 80 1B 19 4D 15 00 00

005:003:000:STREAM             1333485241.213639
 09 80 1A 19 4D 15 00 00

005:003:000:STREAM             1333485241.221614
 09 80 15 19 4D 15 00 00

005:003:000:STREAM             1333485241.229622
 09 80 15 19 4D 15 00 00

005:003:000:STREAM             1333485241.237611
 09 80 15 19 4D 15 00 00

005:003:000:STREAM             1333485241.245639
 09 80 15 19 4D 15 00 00

005:003:000:STREAM             1333485241.253613
 09 80 15 19 4D 15 00 00

005:003:000:STREAM             1333485241.261621
 09 80 15 19 4D 15 00 00

005:003:000:STREAM             1333485241.269624
 09 80 15 19 4D 15 00 00

005:003:000:STREAM             1333485241.277639
 09 80 15 19 4D 15 00 00

005:003:000:STREAM             1333485241.285621
 09 80 15 19 4D 15 00 00

005:003:000:STREAM             1333485241.293613
 09 80 15 19 4D 15 00 00

005:003:000:STREAM             1333485241.301621
 09 80 15 19 4D 15 00 00

005:003:000:STREAM             1333485241.309634
 09 80 15 19 4D 15 00 00

005:003:000:STREAM             1333485241.317625
 09 80 14 19 4C 15 00 00

005:003:000:STREAM             1333485241.325617
 09 80 0E 19 46 15 00 00

005:003:000:STREAM             1333485241.333620
 09 80 0D 19 45 15 00 00

005:003:000:STREAM             1333485241.341623
 09 80 05 19 3D 15 00 00

005:003:000:STREAM             1333485241.349621
 09 80 FB 18 32 15 00 00

005:003:000:STREAM             1333485241.357612
 09 80 FB 18 32 15 00 00

005:003:000:STREAM             1333485241.365619
 09 80 FB 18 32 15 00 00

005:003:000:STREAM             1333485241.373625
 09 80 FB 18 32 15 00 00

005:003:000:STREAM             1333485241.381622
 09 80 FB 18 32 15 00 00

005:003:000:STREAM             1333485241.389613
 09 80 FB 18 33 15 00 00

005:003:000:STREAM             1333485241.397615
 09 80 FB 18 39 15 00 00

005:003:000:STREAM             1333485241.405603
 09 80 FB 18 3A 15 00 00

005:003:000:STREAM             1333485241.413601
 09 80 FB 18 3B 15 00 00

005:003:000:STREAM             1333485241.421593
 09 80 FB 18 41 15 00 00

005:003:000:STREAM             1333485241.429635
 09 80 F5 18 41 15 00 00

005:003:000:STREAM             1333485241.437616
 09 80 F2 18 09 15 00 00

005:003:000:STREAM             1333485241.453617
 09 80 EF 18 EE 14 00 00

005:003:000:STREAM             1333485241.461638
 09 80 EC 18 17 15 00 00

005:003:000:STREAM             1333485241.469611
 09 82 E9 18 2C 15 00 00

005:003:000:STREAM             1333485241.477621
 09 82 E6 18 39 15 00 00

005:003:000:STREAM             1333485241.485622
 09 82 E6 18 3A 15 00 00

005:003:000:STREAM             1333485241.493640
 09 82 E6 18 41 15 00 00

005:003:000:STREAM             1333485241.501623
 09 82 E6 18 42 15 00 00

005:003:000:STREAM             1333485241.509613
 09 82 E6 18 43 15 00 00

005:003:000:STREAM             1333485241.517602
 09 82 E6 18 44 15 00 00

005:003:000:STREAM             1333485241.525628
 09 82 E6 18 45 15 00 00

005:003:000:STREAM             1333485241.533624
 09 82 E6 18 46 15 00 00

005:003:000:STREAM             1333485241.549621
 09 82 E6 18 47 15 00 00

005:003:000:STREAM             1333485241.557622
 09 82 E6 18 48 15 00 00

005:003:000:STREAM             1333485241.565622
 09 82 E6 18 49 15 00 00

005:003:000:STREAM             1333485241.573613
 09 82 E6 18 4A 15 00 00

005:003:000:STREAM             1333485241.581617
 09 82 E6 18 4A 15 00 00

005:003:000:STREAM             1333485241.589622
 09 82 E7 18 4A 15 00 00

005:003:000:STREAM             1333485241.597625
 09 82 EC 18 4A 15 00 00

005:003:000:STREAM             1333485241.605613
 09 82 ED 18 4A 15 00 00

005:003:000:STREAM             1333485241.613625
 09 82 EE 18 4A 15 00 00

005:003:000:STREAM             1333485241.621620
 09 82 EF 18 4A 15 00 00

005:003:000:STREAM             1333485241.629624
 09 82 F0 18 4A 15 00 00

005:003:000:STREAM             1333485241.637612
 09 82 F1 18 4A 15 00 00

005:003:000:STREAM             1333485241.645636
 09 82 F2 18 4A 15 00 00

005:003:000:STREAM             1333485241.653612
 09 82 F3 18 4A 15 00 00

005:003:000:STREAM             1333485241.661622
 09 82 F2 18 4A 15 00 00

005:003:000:STREAM             1333485241.669611
 09 82 F1 18 4A 15 00 00

005:003:000:STREAM             1333485241.685638
 09 82 EB 18 4A 15 00 00

005:003:000:STREAM             1333485241.693626
 09 82 EA 18 49 15 00 00

005:003:000:STREAM             1333485241.701624
 09 82 E9 18 48 15 00 00

005:003:000:STREAM             1333485241.709636
 09 82 E8 18 47 15 00 00

005:003:000:STREAM             1333485241.717624
 09 82 E7 18 46 15 00 00

005:003:000:STREAM             1333485241.725613
 09 82 E6 18 45 15 00 00

005:003:000:STREAM             1333485241.733610
 09 82 E5 18 44 15 00 00

005:003:000:STREAM             1333485241.741629
 09 82 E4 18 43 15 00 00

005:003:000:STREAM             1333485241.749625
 09 82 E3 18 44 15 00 00

005:003:000:STREAM             1333485241.757613
 09 82 E4 18 44 15 00 00

005:003:000:STREAM             1333485241.765621
 09 82 E4 18 44 15 00 00

005:003:000:STREAM             1333485241.773625
 09 82 E4 18 44 15 00 00

005:003:000:STREAM             1333485241.781621
 09 82 E4 18 44 15 00 00

005:003:000:STREAM             1333485241.789615
 09 82 E4 18 44 15 00 00

005:003:000:STREAM             1333485241.797620
 09 82 E3 18 45 15 00 00

005:003:000:STREAM             1333485241.805623
 09 82 E2 18 46 15 00 00

005:003:000:STREAM             1333485241.821620
 09 82 E1 18 47 15 00 00

005:003:000:STREAM             1333485241.829621
 09 82 DE 18 4B 15 00 00

005:003:000:STREAM             1333485241.837623
 09 82 DE 18 4C 15 00 00

005:003:000:STREAM             1333485241.845622
 09 82 DE 18 4D 15 00 00

005:003:000:STREAM             1333485241.853615
 09 82 DE 18 54 15 00 00

005:003:000:STREAM             1333485241.861636
 09 82 DF 18 55 15 00 00

005:003:000:STREAM             1333485241.869611
 09 82 E0 18 56 15 00 00

005:003:000:STREAM             1333485241.877622
 09 82 E1 18 57 15 00 00

005:003:000:STREAM             1333485241.885611
 09 82 E2 18 58 15 00 00

005:003:000:STREAM             1333485241.893639
 09 82 E3 18 59 15 00 00

005:003:000:STREAM             1333485241.901614
 09 82 E4 18 5A 15 00 00

005:003:000:STREAM             1333485241.909621
 09 82 E5 18 5B 15 00 00

005:003:000:STREAM             1333485241.917621
 09 82 E4 18 5C 15 00 00

005:003:000:STREAM             1333485241.925635
 09 82 E4 18 5D 15 00 00

005:003:000:STREAM             1333485241.933623
 09 82 E4 18 5C 15 00 00

005:003:000:STREAM             1333485241.941613
 09 80 E4 18 5C 15 00 00

005:003:000:STREAM             1333485241.949614
 09 80 E4 18 5C 15 00 00

005:003:000:STREAM             1333485241.957632
 09 80 E5 18 5D 15 00 00

005:003:000:STREAM             1333485241.965627
 09 80 EB 18 63 15 00 00

005:003:000:STREAM             1333485241.973615
 09 80 EC 18 63 15 00 00

005:003:000:STREAM             1333485241.981622
 09 80 F4 18 63 15 00 00

005:003:000:STREAM             1333485241.989623
 09 80 FA 18 63 15 00 00

005:003:000:STREAM             1333485241.997622
 09 80 FA 18 64 15 00 00

005:003:000:STREAM             1333485242.005612
 09 80 FA 18 65 15 00 00

005:003:000:STREAM             1333485242.013619
 09 80 FA 18 69 15 00 00

005:003:000:STREAM             1333485242.021624
 09 80 FB 18 6A 15 00 00

005:003:000:STREAM             1333485242.029623
 09 80 FC 18 6B 15 00 00

005:003:000:STREAM             1333485242.037613
 09 80 02 19 70 15 00 00

005:003:000:STREAM             1333485242.045625
 09 80 02 19 71 15 00 00

005:003:000:STREAM             1333485242.053623
 09 80 02 19 72 15 00 00

005:003:000:STREAM             1333485242.061622
 09 80 02 19 73 15 00 00

005:003:000:STREAM             1333485242.069613
 09 80 02 19 76 15 00 00

005:003:000:STREAM             1333485242.077635
 09 80 03 19 76 15 00 00

005:003:000:STREAM             1333485242.085614
 09 80 04 19 76 15 00 00

005:003:000:STREAM             1333485242.093621
 09 80 05 19 76 15 00 00

005:003:000:STREAM             1333485242.101613
 09 80 08 19 76 15 00 00

005:003:000:STREAM             1333485242.109637
 09 80 09 19 76 15 00 00

005:003:000:STREAM             1333485242.117611
 09 80 0A 19 76 15 00 00

005:003:000:STREAM             1333485242.125620
 09 80 0B 19 76 15 00 00

005:003:000:STREAM             1333485242.133625
 09 80 0C 19 76 15 00 00

005:003:000:STREAM             1333485242.141639
 09 80 0D 19 76 15 00 00

005:003:000:STREAM             1333485242.149628
 09 80 0E 19 76 15 00 00

005:003:000:STREAM             1333485242.157613
 09 80 0F 19 76 15 00 00

005:003:000:STREAM             1333485242.165610
 09 80 0E 19 76 15 00 00

005:003:000:STREAM             1333485242.173628
 09 80 0E 19 76 15 00 00

005:003:000:STREAM             1333485242.181627
 09 80 0E 19 76 15 00 00

005:003:000:STREAM             1333485242.189613
 09 80 0E 19 76 15 00 00

005:003:000:STREAM             1333485242.197621
 09 80 0E 19 76 15 00 00

005:003:000:STREAM             1333485242.205623
 09 80 0E 19 76 15 00 00

005:003:000:STREAM             1333485242.213622
 09 80 0E 19 76 15 00 00

005:003:000:STREAM             1333485242.221615
 09 80 0E 19 76 15 00 00

005:003:000:STREAM             1333485242.229622
 09 80 0E 19 76 15 00 00

005:003:000:STREAM             1333485242.237624
 09 80 0E 19 76 15 00 00

005:003:000:STREAM             1333485242.245624
 09 80 0E 19 76 15 00 00

005:003:000:STREAM             1333485242.253614
 09 80 0E 19 76 15 00 00

005:003:000:STREAM             1333485242.261622
 09 80 0E 19 76 15 00 00

005:003:000:STREAM             1333485242.269620
 09 80 0E 19 77 15 00 00

005:003:000:STREAM             1333485242.277620
 09 80 0E 19 7E 15 00 00

005:003:000:STREAM             1333485242.285611
 09 80 0E 19 7F 15 00 00

005:003:000:STREAM             1333485242.293636
 09 80 0E 19 80 15 00 00

005:003:000:STREAM             1333485242.301614
 09 80 0E 19 81 15 00 00

005:003:000:STREAM             1333485242.309620
 09 80 0E 19 82 15 00 00

005:003:000:STREAM             1333485242.317613
 09 80 0E 19 84 15 00 00

005:003:000:STREAM             1333485242.325628
 09 80 0E 19 85 15 00 00

005:003:000:STREAM             1333485242.333616
 09 80 0E 19 86 15 00 00

005:003:000:STREAM             1333485242.341621
 09 80 0E 19 8A 15 00 00

005:003:000:STREAM             1333485242.349625
 09 80 0F 19 8A 15 00 00

005:003:000:STREAM             1333485242.357637
 09 80 10 19 8A 15 00 00

005:003:000:STREAM             1333485242.365626
 09 80 11 19 8A 15 00 00

005:003:000:STREAM             1333485242.373613
 09 80 12 19 8A 15 00 00

005:003:000:STREAM             1333485242.381616
 09 80 13 19 8A 15 00 00

005:003:000:STREAM             1333485242.389629
 09 80 14 19 8A 15 00 00

005:003:000:STREAM             1333485242.397627
 09 80 15 19 8A 15 00 00

005:003:000:STREAM             1333485242.405613
 09 80 16 19 8A 15 00 00

005:003:000:STREAM             1333485242.413618
 09 80 17 19 8A 15 00 00

005:003:000:STREAM             1333485242.421627
 09 80 18 19 8A 15 00 00

005:003:000:STREAM             1333485242.429620
 09 80 17 19 8A 15 00 00

005:003:000:STREAM             1333485242.437613
 09 80 17 19 8A 15 00 00

005:003:000:STREAM             1333485242.445619
 09 80 17 19 8A 15 00 00

005:003:000:STREAM             1333485242.453624
 09 80 17 19 8A 15 00 00

005:003:000:STREAM             1333485242.461628
 09 80 17 19 8B 15 00 00

005:003:000:STREAM             1333485242.469613
 09 80 17 19 91 15 00 00

005:003:000:STREAM             1333485242.477627
 09 80 17 19 92 15 00 00

005:003:000:STREAM             1333485242.485625
 09 80 17 19 93 15 00 00

005:003:000:STREAM             1333485242.493626
 09 80 17 19 94 15 00 00

005:003:000:STREAM             1333485242.501614
 09 80 17 19 95 15 00 00

005:003:000:STREAM             1333485242.509639
 09 80 17 19 96 15 00 00

005:003:000:STREAM             1333485242.517614
 09 80 17 19 98 15 00 00

005:003:000:STREAM             1333485242.525620
 09 80 16 19 98 15 00 00

005:003:000:STREAM             1333485242.533613
 09 80 10 19 98 15 00 00

005:003:000:STREAM             1333485242.541639
 09 80 10 19 98 15 00 00

005:003:000:STREAM             1333485242.549612
 09 80 10 19 98 15 00 00

005:003:000:STREAM             1333485242.557619
 09 80 10 19 98 15 00 00

005:003:000:STREAM             1333485242.565623
 09 80 10 19 98 15 00 00

005:003:000:STREAM             1333485242.573635
 09 80 10 19 98 15 00 00

005:003:000:STREAM             1333485242.581622
 09 80 10 19 98 15 00 00

005:003:000:STREAM             1333485242.589611
 09 80 10 19 98 15 00 00

005:003:000:STREAM             1333485242.597616
 09 80 10 19 98 15 00 00

005:003:000:STREAM             1333485242.605628
 09 80 10 19 98 15 00 00

005:003:000:STREAM             1333485242.613625
 09 80 0F 19 98 15 00 00

005:003:000:STREAM             1333485242.621613
 09 80 0A 19 98 15 00 00

005:003:000:STREAM             1333485242.629622
 09 80 0A 19 98 15 00 00

005:003:000:STREAM             1333485242.637627
 09 80 0A 19 98 15 00 00

005:003:000:STREAM             1333485242.645627
 09 80 0A 19 98 15 00 00

005:003:000:STREAM             1333485242.653613
 09 80 0A 19 98 15 00 00

005:003:000:STREAM             1333485242.661618
 09 80 0A 19 98 15 00 00

005:003:000:STREAM             1333485242.669626
 09 80 0A 19 98 15 00 00

005:003:000:STREAM             1333485242.677626
 09 80 0A 19 98 15 00 00

005:003:000:STREAM             1333485242.685613
 09 80 0A 19 98 15 00 00

005:003:000:STREAM             1333485242.693626
 09 80 0A 19 98 15 00 00

005:003:000:STREAM             1333485242.701621
 09 80 0A 19 98 15 00 00

005:003:000:STREAM             1333485242.709622
 09 80 0A 19 98 15 00 00

005:003:000:STREAM             1333485242.717614
 09 80 0A 19 98 15 00 00

005:003:000:STREAM             1333485242.725637
 09 80 09 19 98 15 00 00

005:003:000:STREAM             1333485242.733617
 09 80 02 19 98 15 00 00

005:003:000:STREAM             1333485242.741619
 09 80 02 19 98 15 00 00

005:003:000:STREAM             1333485242.749613
 09 80 02 19 98 15 00 00

005:003:000:STREAM             1333485242.757638
 09 80 02 19 98 15 00 00

005:003:000:STREAM             1333485242.765612
 09 80 02 19 98 15 00 00

005:003:000:STREAM             1333485242.773620
 09 80 02 19 98 15 00 00

005:003:000:STREAM             1333485242.781623
 09 80 02 19 97 15 00 00

005:003:000:STREAM             1333485242.805639
 09 00 0A 19 88 15 00 00

005:003:000:STREAM             1333485242.869631
 09 80 EA 18 74 15 00 00

005:003:000:STREAM             1333485242.877613
 09 80 EA 18 74 15 00 00

005:003:000:STREAM             1333485242.885619
 09 84 EA 18 74 15 00 00

005:003:000:STREAM             1333485242.901628
 09 84 EA 18 74 15 00 00

005:003:000:STREAM             1333485242.909622
 09 84 EA 18 74 15 00 00

005:003:000:STREAM             1333485242.917626
 09 84 E9 18 75 15 00 00

005:003:000:STREAM             1333485242.925613
 09 84 E1 18 7C 15 00 00

005:003:000:STREAM             1333485242.933619
 09 84 D7 18 7F 15 00 00

005:003:000:STREAM             1333485242.941623
 09 84 D7 18 80 15 00 00

005:003:000:STREAM             1333485242.957621
 09 84 D7 18 81 15 00 00

005:003:000:STREAM             1333485242.965619
 09 84 D7 18 82 15 00 00

005:003:000:STREAM             1333485242.973621
 09 84 D7 18 83 15 00 00

005:003:000:STREAM             1333485242.981624
 09 84 D7 18 84 15 00 00

005:003:000:STREAM             1333485242.989613
 09 84 D7 18 85 15 00 00

005:003:000:STREAM             1333485242.997625
 09 84 D7 18 84 15 00 00

005:003:000:STREAM             1333485243.013627
 09 84 D7 18 7F 15 00 00

005:003:000:STREAM             1333485243.021613
 09 84 D6 18 7E 15 00 00

005:003:000:STREAM             1333485243.029638
 09 84 CF 18 79 15 00 00

005:003:000:STREAM             1333485243.037613
 09 84 C5 18 76 15 00 00

005:003:000:STREAM             1333485243.045620
 09 84 C5 18 76 15 00 00

005:003:000:STREAM             1333485243.053611
 09 84 C4 18 76 15 00 00

005:003:000:STREAM             1333485243.069639
 09 84 BD 18 76 15 00 00

005:003:000:STREAM             1333485243.077620
 09 84 BC 18 76 15 00 00

005:003:000:STREAM             1333485243.085628
 09 84 B6 18 76 15 00 00

005:003:000:STREAM             1333485243.093638
 09 84 B5 18 76 15 00 00

005:003:000:STREAM             1333485243.101626
 09 84 AE 18 76 15 00 00

005:003:000:STREAM             1333485243.109614
 09 84 AE 18 76 15 00 00

005:003:000:STREAM             1333485243.125643
 09 84 AE 18 76 15 00 00

005:003:000:STREAM             1333485243.133625
 09 84 AE 18 76 15 00 00

005:003:000:STREAM             1333485243.141613
 09 84 AE 18 75 15 00 00

005:003:000:STREAM             1333485243.149627
 09 84 AE 18 74 15 00 00

005:003:000:STREAM             1333485243.157624
 09 84 AE 18 6E 15 00 00

005:003:000:STREAM             1333485243.165621
 09 84 B1 18 64 15 00 00

005:003:000:STREAM             1333485243.173613
 09 84 B1 18 64 15 00 00

005:003:000:STREAM             1333485243.189639
 09 84 B1 18 63 15 00 00

005:003:000:STREAM             1333485243.197626
 09 84 B1 18 62 15 00 00

005:003:000:STREAM             1333485243.205614
 09 84 B1 18 61 15 00 00

005:003:000:STREAM             1333485243.213626
 09 84 B1 18 5E 15 00 00

005:003:000:STREAM             1333485243.221619
 09 84 B2 18 5E 15 00 00

005:003:000:STREAM             1333485243.229626
 09 84 B3 18 5E 15 00 00

005:003:000:STREAM             1333485243.245638
 09 84 B4 18 5E 15 00 00

005:003:000:STREAM             1333485243.253614
 09 84 B5 18 5E 15 00 00

005:003:000:STREAM             1333485243.261620
 09 84 B7 18 5E 15 00 00

005:003:000:STREAM             1333485243.269613
 09 84 B8 18 5F 15 00 00

005:003:000:STREAM             1333485243.277641
 09 84 B9 18 60 15 00 00

005:003:000:STREAM             1333485243.285612
 09 84 BA 18 61 15 00 00

005:003:000:STREAM             1333485243.301630
 09 84 BB 18 62 15 00 00

005:003:000:STREAM             1333485243.309638
 09 84 BC 18 63 15 00 00

005:003:000:STREAM             1333485243.317626
 09 84 BD 18 64 15 00 00

005:003:000:STREAM             1333485243.325614
 09 84 BE 18 64 15 00 00

005:003:000:STREAM             1333485243.333601
 09 84 BF 18 64 15 00 00

005:003:000:STREAM             1333485243.341627
 09 84 C0 18 64 15 00 00

005:003:000:STREAM             1333485243.357624
 09 84 C1 18 64 15 00 00

005:003:000:STREAM             1333485243.365621
 09 84 C2 18 64 15 00 00

005:003:000:STREAM             1333485243.373624
 09 84 C3 18 64 15 00 00

005:003:000:STREAM             1333485243.381619
 09 84 C4 18 64 15 00 00

005:003:000:STREAM             1333485243.389614
 09 84 C5 18 64 15 00 00

005:003:000:STREAM             1333485243.397602
 09 80 C5 18 64 15 00 00

005:003:000:STREAM             1333485243.405601
 09 80 C6 18 64 15 00 00

005:003:000:STREAM             1333485243.413606
 09 80 C7 18 64 15 00 00

005:003:000:STREAM             1333485243.421593
 09 80 CC 18 64 15 00 00

005:003:000:STREAM             1333485243.429618
 09 80 CD 18 65 15 00 00

005:003:000:STREAM             1333485243.437622
 09 80 CE 18 66 15 00 00

005:003:000:STREAM             1333485243.445620
 09 80 D3 18 6A 15 00 00

005:003:000:STREAM             1333485243.453612
 09 80 D4 18 6A 15 00 00

005:003:000:STREAM             1333485243.461638
 09 80 D5 18 6A 15 00 00

005:003:000:STREAM             1333485243.469613
 09 80 D6 18 6A 15 00 00

005:003:000:STREAM             1333485243.477621
 09 80 D7 18 6A 15 00 00

005:003:000:STREAM             1333485243.485613
 09 80 D8 18 6A 15 00 00

005:003:000:STREAM             1333485243.493631
 09 80 D9 18 6A 15 00 00

005:003:000:STREAM             1333485243.501613
 09 80 DA 18 6A 15 00 00

005:003:000:STREAM             1333485243.509623
 09 80 DB 18 6A 15 00 00

005:003:000:STREAM             1333485243.517623
 09 80 DC 18 6A 15 00 00

005:003:000:STREAM             1333485243.525640
 09 80 DB 18 6A 15 00 00

005:003:000:STREAM             1333485243.533624
 09 80 DB 18 6A 15 00 00

005:003:000:STREAM             1333485243.541613
 09 80 DB 18 6A 15 00 00

005:003:000:STREAM             1333485243.549617
 09 80 DB 18 6A 15 00 00

005:003:000:STREAM             1333485243.557630
 09 80 DB 18 6A 15 00 00

005:003:000:STREAM             1333485243.565626
 09 80 DB 18 6A 15 00 00

005:003:000:STREAM             1333485243.573614
 09 80 DB 18 6A 15 00 00

005:003:000:STREAM             1333485243.581625
 09 80 DB 18 6A 15 00 00

005:003:000:STREAM             1333485243.589624
 09 80 DB 18 6A 15 00 00

005:003:000:STREAM             1333485243.597622
 09 80 DB 18 6A 15 00 00

005:003:000:STREAM             1333485243.605615
 09 80 DB 18 6A 15 00 00

005:003:000:STREAM             1333485243.613619
 09 80 DB 18 6A 15 00 00

005:003:000:STREAM             1333485243.621622
 09 80 DB 18 6A 15 00 00

005:003:000:STREAM             1333485243.629628
 09 80 DB 18 6A 15 00 00

005:003:000:STREAM             1333485243.637614
 09 80 DB 18 6A 15 00 00

005:003:000:STREAM             1333485243.645624
 09 80 DA 18 6A 15 00 00

005:003:000:STREAM             1333485243.653623
 09 80 D5 18 6A 15 00 00

005:003:000:STREAM             1333485243.661624
 09 80 D5 18 6A 15 00 00

005:003:000:STREAM             1333485243.669613
 09 80 D5 18 6A 15 00 00

005:003:000:STREAM             1333485243.677642
 09 80 D5 18 6A 15 00 00

005:003:000:STREAM             1333485243.685613
 09 80 D4 18 6A 15 00 00

005:003:000:STREAM             1333485243.693623
 09 80 CF 18 6A 15 00 00

005:003:000:STREAM             1333485243.701610
 09 80 CF 18 6B 15 00 00

005:003:000:STREAM             1333485243.709640
 09 80 CF 18 72 15 00 00

005:003:000:STREAM             1333485243.717613
 09 80 CF 18 73 15 00 00

005:003:000:STREAM             1333485243.725621
 09 80 CF 18 74 15 00 00

005:003:000:STREAM             1333485243.733625
 09 80 CF 18 75 15 00 00

005:003:000:STREAM             1333485243.741641
 09 80 CF 18 76 15 00 00

005:003:000:STREAM             1333485243.749623
 09 80 CF 18 77 15 00 00

005:003:000:STREAM             1333485243.757613
 09 80 CF 18 78 15 00 00

005:003:000:STREAM             1333485243.765617
 09 80 CF 18 79 15 00 00

005:003:000:STREAM             1333485243.773632
 09 80 CF 18 7A 15 00 00

005:003:000:STREAM             1333485243.781622
 09 80 CF 18 79 15 00 00

005:003:000:STREAM             1333485243.789614
 09 80 CF 18 78 15 00 00

005:003:000:STREAM             1333485243.797623
 09 80 CF 18 77 15 00 00

005:003:000:STREAM             1333485243.805626
 09 80 CF 18 76 15 00 00

005:003:000:STREAM             1333485243.813624
 09 80 CF 18 75 15 00 00

005:003:000:STREAM             1333485243.821614
 09 80 CF 18 74 15 00 00

005:003:000:STREAM             1333485243.829620
 09 80 CF 18 73 15 00 00

005:003:000:STREAM             1333485243.837623
 09 80 CF 18 74 15 00 00

005:003:000:STREAM             1333485243.845626
 09 80 CF 18 75 15 00 00

005:003:000:STREAM             1333485243.853614
 09 80 CF 18 76 15 00 00

005:003:000:STREAM             1333485243.861611
 09 80 CF 18 7D 15 00 00

005:003:000:STREAM             1333485243.869622
 09 80 CF 18 7E 15 00 00

005:003:000:STREAM             1333485243.877623
 09 80 CF 18 7F 15 00 00

005:003:000:STREAM             1333485243.885613
 09 80 CF 18 80 15 00 00

005:003:000:STREAM             1333485243.893638
 09 80 CF 18 81 15 00 00

005:003:000:STREAM             1333485243.901613
 09 80 CF 18 82 15 00 00

005:003:000:STREAM             1333485243.909620
 09 80 CF 18 83 15 00 00

005:003:000:STREAM             1333485243.917612
 09 80 CF 18 84 15 00 00

005:003:000:STREAM             1333485243.925641
 09 80 CF 18 85 15 00 00

005:003:000:STREAM             1333485243.933612
 09 80 CF 18 84 15 00 00

005:003:000:STREAM             1333485243.941618
 09 80 CF 18 84 15 00 00

005:003:000:STREAM             1333485243.949622
 09 80 CF 18 84 15 00 00

005:003:000:STREAM             1333485243.957640
 09 80 CF 18 84 15 00 00

005:003:000:STREAM             1333485243.965625
 09 80 CF 18 84 15 00 00

005:003:000:STREAM             1333485243.973613
 09 80 CF 18 84 15 00 00

005:003:000:STREAM             1333485243.981622
 09 80 CE 18 83 15 00 00

005:003:000:STREAM             1333485243.989629
 09 80 C6 18 7D 15 00 00

005:003:000:STREAM             1333485243.997625
 09 80 C5 18 7D 15 00 00

005:003:000:STREAM             1333485244.005622
 09 80 BD 18 7D 15 00 00

005:003:000:STREAM             1333485244.013621
 09 80 BC 18 7D 15 00 00

005:003:000:STREAM             1333485244.021623
 09 80 B7 18 7D 15 00 00

005:003:000:STREAM             1333485244.029620
 09 80 B7 18 83 15 00 00

005:003:000:STREAM             1333485244.037612
 09 80 BE 18 89 15 00 00

005:003:000:STREAM             1333485244.045619
 09 80 C5 18 94 15 00 00

005:003:000:STREAM             1333485244.053622
 09 80 CC 18 A1 15 00 00

005:003:000:STREAM             1333485244.061622
 09 80 D5 18 B0 15 00 00

005:003:000:STREAM             1333485244.069614
 09 80 DE 18 BF 15 00 00

005:003:000:STREAM             1333485244.077622
 09 80 E1 18 CC 15 00 00

005:003:000:STREAM             1333485244.085622
 09 80 ED 18 D8 15 00 00

005:003:000:STREAM             1333485244.093626
 09 80 ED 18 E2 15 00 00

005:003:000:STREAM             1333485244.101614
 09 80 ED 18 EA 15 00 00

005:003:000:STREAM             1333485244.109641
 09 80 ED 18 F1 15 00 00

005:003:000:STREAM             1333485244.117616
 09 80 ED 18 FA 15 00 00

005:003:000:STREAM             1333485244.141640
 09 00 DE 18 1D 16 00 00

