005:003:000:STREAM             1333482455.989104
 09 80 76 1F 07 09 00 00

005:003:000:STREAM             1333482455.997066
 09 80 76 1F 07 09 00 00

005:003:000:STREAM             1333482456.005065
 09 80 76 1F 07 09 00 00

005:003:000:STREAM             1333482456.013069
 09 80 76 1F 07 09 00 00

005:003:000:STREAM             1333482456.021086
 09 80 76 1F 07 09 00 00

005:003:000:STREAM             1333482456.029076
 09 80 76 1F 07 09 00 00

005:003:000:STREAM             1333482456.037075
 09 80 76 1F 07 09 00 00

005:003:000:STREAM             1333482456.045064
 09 80 77 1F 07 09 00 00

005:003:000:STREAM             1333482456.053073
 09 80 78 1F 07 09 00 00

005:003:000:STREAM             1333482456.061077
 09 80 7F 1F 07 09 00 00

005:003:000:STREAM             1333482456.069073
 09 80 79 1F FE 08 00 00

005:003:000:STREAM             1333482456.077065
 09 80 6D 1F F8 08 00 00

005:003:000:STREAM             1333482456.085074
 09 80 5B 1F EE 08 00 00

005:003:000:STREAM             1333482456.093076
 09 80 45 1F E4 08 00 00

005:003:000:STREAM             1333482456.101084
 09 80 30 1F E1 08 00 00

005:003:000:STREAM             1333482456.109064
 09 80 1A 1F DE 08 00 00

005:003:000:STREAM             1333482456.117073
 09 80 03 1F E1 08 00 00

005:003:000:STREAM             1333482456.125073
 09 80 ED 1E E4 08 00 00

005:003:000:STREAM             1333482456.133077
 09 80 D9 1E EF 08 00 00

005:003:000:STREAM             1333482456.141065
 09 80 CA 1E F2 08 00 00

005:003:000:STREAM             1333482456.149092
 09 80 BE 1E FF 08 00 00

005:003:000:STREAM             1333482456.157065
 09 80 BE 1E FF 08 00 00

005:003:000:STREAM             1333482456.165074
 09 80 B3 1E 09 09 00 00

005:003:000:STREAM             1333482456.173066
 09 80 B3 1E 09 09 00 00

005:003:000:STREAM             1333482456.181089
 09 80 B2 1E 09 09 00 00

005:003:000:STREAM             1333482456.189067
 09 80 AD 1E 09 09 00 00

005:003:000:STREAM             1333482456.197075
 09 80 9D 1E 11 09 00 00

005:003:000:STREAM             1333482456.205077
 09 80 93 1E 14 09 00 00

005:003:000:STREAM             1333482456.213088
 09 80 8A 1E 20 09 00 00

005:003:000:STREAM             1333482456.221075
 09 80 83 1E 26 09 00 00

005:003:000:STREAM             1333482456.229065
 09 80 83 1E 2F 09 00 00

005:003:000:STREAM             1333482456.237086
 09 80 7B 1E 39 09 00 00

005:003:000:STREAM             1333482456.245089
 09 80 78 1E 45 09 00 00

005:003:000:STREAM             1333482456.253080
 09 80 75 1E 52 09 00 00

005:003:000:STREAM             1333482456.261070
 09 80 72 1E 60 09 00 00

005:003:000:STREAM             1333482456.269071
 09 80 75 1E 6D 09 00 00

005:003:000:STREAM             1333482456.277076
 09 80 75 1E 79 09 00 00

005:003:000:STREAM             1333482456.285078
 09 80 75 1E 7A 09 00 00

005:003:000:STREAM             1333482456.293065
 09 80 75 1E 82 09 00 00

005:003:000:STREAM             1333482456.301070
 09 80 75 1E 83 09 00 00

005:003:000:STREAM             1333482456.309078
 09 80 75 1E 88 09 00 00

005:003:000:STREAM             1333482456.317078
 09 80 7E 1E 88 09 00 00

005:003:000:STREAM             1333482456.325065
 09 80 81 1E 77 09 00 00

005:003:000:STREAM             1333482456.333077
 09 80 87 1E 6D 09 00 00

005:003:000:STREAM             1333482456.341072
 09 80 8A 1E 63 09 00 00

005:003:000:STREAM             1333482456.349079
 09 80 8B 1E 62 09 00 00

005:003:000:STREAM             1333482456.357067
 09 80 92 1E 5C 09 00 00

005:003:000:STREAM             1333482456.365087
 09 80 93 1E 5C 09 00 00

005:003:000:STREAM             1333482456.373066
 09 80 94 1E 5C 09 00 00

005:003:000:STREAM             1333482456.381074
 09 80 95 1E 5C 09 00 00

005:003:000:STREAM             1333482456.389062
 09 81 96 1E 5C 09 00 00

005:003:000:STREAM             1333482456.397090
 09 81 9B 1E 5C 09 00 00

005:003:000:STREAM             1333482456.405066
 09 81 9A 1E 5C 09 00 00

005:003:000:STREAM             1333482456.413074
 09 81 94 1E 5C 09 00 00

005:003:000:STREAM             1333482456.421076
 09 81 88 1E 5F 09 00 00

005:003:000:STREAM             1333482456.429088
 09 81 88 1E 5F 09 00 00

005:003:000:STREAM             1333482456.437076
 09 81 88 1E 5F 09 00 00

005:003:000:STREAM             1333482456.445067
 09 81 87 1E 5F 09 00 00

005:003:000:STREAM             1333482456.453088
 09 81 82 1E 5F 09 00 00

005:003:000:STREAM             1333482456.461090
 09 81 82 1E 5F 09 00 00

005:003:000:STREAM             1333482456.469081
 09 81 82 1E 5F 09 00 00

005:003:000:STREAM             1333482456.477065
 09 81 81 1E 5F 09 00 00

005:003:000:STREAM             1333482456.485076
 09 81 7B 1E 5F 09 00 00

005:003:000:STREAM             1333482456.493078
 09 81 73 1E 5F 09 00 00

005:003:000:STREAM             1333482456.501081
 09 81 6D 1E 5F 09 00 00

005:003:000:STREAM             1333482456.509064
 09 81 65 1E 5F 09 00 00

005:003:000:STREAM             1333482456.517071
 09 81 5D 1E 5F 09 00 00

005:003:000:STREAM             1333482456.525076
 09 81 57 1E 5F 09 00 00

005:003:000:STREAM             1333482456.533080
 09 81 57 1E 58 09 00 00

005:003:000:STREAM             1333482456.541066
 09 81 4E 1E 4D 09 00 00

005:003:000:STREAM             1333482456.549071
 09 81 4B 1E 3C 09 00 00

005:003:000:STREAM             1333482456.557075
 09 81 42 1E 25 09 00 00

005:003:000:STREAM             1333482456.565072
 09 81 3F 1E 07 09 00 00

005:003:000:STREAM             1333482456.573063
 09 81 35 1E E6 08 00 00

005:003:000:STREAM             1333482456.581091
 09 81 32 1E C1 08 00 00

005:003:000:STREAM             1333482456.589074
 09 81 26 1E 99 08 00 00

005:003:000:STREAM             1333482456.597072
 09 81 1E 1E 72 08 00 00

005:003:000:STREAM             1333482456.605063
 09 81 11 1E 4C 08 00 00

005:003:000:STREAM             1333482456.613092
 09 81 02 1E 27 08 00 00

005:003:000:STREAM             1333482456.621064
 09 81 F3 1D 02 08 00 00

005:003:000:STREAM             1333482456.629072
 09 81 E5 1D DB 07 00 00

005:003:000:STREAM             1333482456.637080
 09 81 D8 1D B2 07 00 00

005:003:000:STREAM             1333482456.645091
 09 81 CC 1D 84 07 00 00

005:003:000:STREAM             1333482456.653057
 09 81 C1 1D 52 07 00 00

005:003:000:STREAM             1333482456.661069
 09 81 B8 1D 1B 07 00 00

005:003:000:STREAM             1333482456.669086
 09 81 AF 1D E0 06 00 00

005:003:000:STREAM             1333482456.677090
 09 81 A7 1D A1 06 00 00

005:003:000:STREAM             1333482456.685082
 09 81 9F 1D 60 06 00 00

005:003:000:STREAM             1333482456.693066
 09 81 96 1D 20 06 00 00

005:003:000:STREAM             1333482456.701073
 09 81 8B 1D E2 05 00 00

005:003:000:STREAM             1333482456.709079
 09 81 7D 1D A7 05 00 00

005:003:000:STREAM             1333482456.717078
 09 81 6B 1D 6E 05 00 00

005:003:000:STREAM             1333482456.725066
 09 81 55 1D 39 05 00 00

005:003:000:STREAM             1333482456.733071
 09 81 3C 1D 04 05 00 00

005:003:000:STREAM             1333482456.741077
 09 81 22 1D CF 04 00 00

005:003:000:STREAM             1333482456.749082
 09 81 09 1D 9B 04 00 00

005:003:000:STREAM             1333482456.757062
 09 81 F1 1C 66 04 00 00

005:003:000:STREAM             1333482456.765075
 09 81 DB 1C 31 04 00 00

005:003:000:STREAM             1333482456.773074
 09 81 C7 1C F9 03 00 00

005:003:000:STREAM             1333482456.781074
 09 81 B2 1C BF 03 00 00

005:003:000:STREAM             1333482456.789064
 09 81 9E 1C 83 03 00 00

005:003:000:STREAM             1333482456.797088
 09 81 8A 1C 46 03 00 00

005:003:000:STREAM             1333482456.805066
 09 81 77 1C 08 03 00 00

005:003:000:STREAM             1333482456.813072
 09 81 66 1C CA 02 00 00

005:003:000:STREAM             1333482456.821066
 09 81 56 1C 8D 02 00 00

005:003:000:STREAM             1333482456.829091
 09 81 48 1C 4F 02 00 00

005:003:000:STREAM             1333482456.837063
 09 81 3A 1C 11 02 00 00

005:003:000:STREAM             1333482456.845074
 09 81 2D 1C D1 01 00 00

005:003:000:STREAM             1333482456.853076
 09 81 22 1C 8E 01 00 00

005:003:000:STREAM             1333482456.861090
 09 81 19 1C 47 01 00 00

005:003:000:STREAM             1333482456.869078
 09 81 12 1C FE 00 00 00

005:003:000:STREAM             1333482456.877064
 09 81 0F 1C B6 00 00 00

005:003:000:STREAM             1333482456.893092
 09 81 08 1C 77 00 00 00

005:003:000:STREAM             1333482456.901074
 09 81 08 1C 00 00 00 00

005:003:000:STREAM             1333482456.909065
 09 81 08 1C 00 00 00 00

005:003:000:STREAM             1333482456.917076
 09 81 08 1C 00 00 00 00

005:003:000:STREAM             1333482456.925074
 09 81 08 1C 00 00 00 00

005:003:000:STREAM             1333482456.933079
 09 81 16 1C 00 00 00 00

005:003:000:STREAM             1333482456.941064
 09 81 1E 1C 00 00 00 00

005:003:000:STREAM             1333482456.949073
 09 81 27 1C 00 00 00 00

005:003:000:STREAM             1333482456.957079
 09 81 30 1C 00 00 00 00

005:003:000:STREAM             1333482456.965079
 09 81 39 1C 00 00 00 00

005:003:000:STREAM             1333482457.357084
 09 00 58 1C 00 00 00 00

005:003:000:STREAM             1333482458.133091
 09 80 AD 34 9A 16 00 00

005:003:000:STREAM             1333482458.141074
 09 80 AD 34 9A 16 00 00

005:003:000:STREAM             1333482458.149056
 09 80 AD 34 9A 16 00 00

005:003:000:STREAM             1333482458.157076
 09 80 A7 34 9A 16 00 00

005:003:000:STREAM             1333482458.165083
 09 80 9B 34 93 16 00 00

005:003:000:STREAM             1333482458.173076
 09 80 84 34 88 16 00 00

005:003:000:STREAM             1333482458.181077
 09 80 6B 34 77 16 00 00

005:003:000:STREAM             1333482458.189067
 09 80 50 34 65 16 00 00

005:003:000:STREAM             1333482458.197078
 09 80 34 34 54 16 00 00

005:003:000:STREAM             1333482458.205076
 09 80 19 34 43 16 00 00

005:003:000:STREAM             1333482458.213076
 09 80 FC 33 37 16 00 00

005:003:000:STREAM             1333482458.221066
 09 80 DE 33 26 16 00 00

005:003:000:STREAM             1333482458.229071
 09 80 C1 33 18 16 00 00

005:003:000:STREAM             1333482458.237076
 09 80 A4 33 0C 16 00 00

005:003:000:STREAM             1333482458.245081
 09 80 85 33 FD 15 00 00

005:003:000:STREAM             1333482458.253064
 09 80 68 33 F4 15 00 00

005:003:000:STREAM             1333482458.261078
 09 80 48 33 EC 15 00 00

005:003:000:STREAM             1333482458.269075
 09 80 27 33 E4 15 00 00

005:003:000:STREAM             1333482458.277075
 09 80 07 33 DC 15 00 00

005:003:000:STREAM             1333482458.285064
 09 80 E8 32 CF 15 00 00

005:003:000:STREAM             1333482458.293073
 09 80 C8 32 C3 15 00 00

005:003:000:STREAM             1333482458.301066
 09 80 A6 32 B7 15 00 00

005:003:000:STREAM             1333482458.309075
 09 80 82 32 AA 15 00 00

005:003:000:STREAM             1333482458.317062
 09 80 5D 32 9D 15 00 00

005:003:000:STREAM             1333482458.325086
 09 80 38 32 8F 15 00 00

005:003:000:STREAM             1333482458.333067
 09 80 19 32 82 15 00 00

005:003:000:STREAM             1333482458.341074
 09 80 FC 31 76 15 00 00

005:003:000:STREAM             1333482458.349077
 09 80 E1 31 69 15 00 00

005:003:000:STREAM             1333482458.357088
 09 80 CB 31 5B 15 00 00

005:003:000:STREAM             1333482458.365079
 09 80 B6 31 4C 15 00 00

005:003:000:STREAM             1333482458.373067
 09 80 A6 31 3D 15 00 00

005:003:000:STREAM             1333482458.381088
 09 80 99 31 2D 15 00 00

005:003:000:STREAM             1333482458.389035
 09 80 8E 31 1E 15 00 00

005:003:000:STREAM             1333482458.397033
 09 80 87 31 0F 15 00 00

005:003:000:STREAM             1333482458.405069
 09 80 80 31 01 15 00 00

005:003:000:STREAM             1333482458.413074
 09 80 7D 31 F4 14 00 00

005:003:000:STREAM             1333482458.421077
 09 80 74 31 E8 14 00 00

005:003:000:STREAM             1333482458.429076
 09 80 71 31 DE 14 00 00

005:003:000:STREAM             1333482458.437066
 09 80 6E 31 D4 14 00 00

005:003:000:STREAM             1333482458.445072
 09 80 6E 31 CB 14 00 00

005:003:000:STREAM             1333482458.453080
 09 80 75 31 C2 14 00 00

005:003:000:STREAM             1333482458.461080
 09 80 7C 31 B9 14 00 00

005:003:000:STREAM             1333482458.469065
 09 80 86 31 AF 14 00 00

005:003:000:STREAM             1333482458.477074
 09 81 91 31 A4 14 00 00

005:003:000:STREAM             1333482458.485073
 09 81 9B 31 9B 14 00 00

005:003:000:STREAM             1333482458.493075
 09 81 A4 31 92 14 00 00

005:003:000:STREAM             1333482458.501062
 09 81 AD 31 8B 14 00 00

005:003:000:STREAM             1333482458.509088
 09 81 B6 31 85 14 00 00

005:003:000:STREAM             1333482458.517069
 09 81 BD 31 85 14 00 00

005:003:000:STREAM             1333482458.525071
 09 81 C5 31 7B 14 00 00

005:003:000:STREAM             1333482458.533077
 09 81 CC 31 7B 14 00 00

005:003:000:STREAM             1333482458.541084
 09 81 D3 31 7B 14 00 00

005:003:000:STREAM             1333482458.549065
 09 81 D4 31 7B 14 00 00

005:003:000:STREAM             1333482458.557074
 09 81 DA 31 7B 14 00 00

005:003:000:STREAM             1333482458.565080
 09 81 E7 31 78 14 00 00

005:003:000:STREAM             1333482458.573089
 09 81 E7 31 78 14 00 00

005:003:000:STREAM             1333482458.581079
 09 81 F3 31 75 14 00 00

005:003:000:STREAM             1333482458.589074
 09 81 FC 31 75 14 00 00

005:003:000:STREAM             1333482458.597085
 09 81 07 32 78 14 00 00

005:003:000:STREAM             1333482458.605088
 09 81 13 32 85 14 00 00

005:003:000:STREAM             1333482458.613083
 09 81 24 32 8F 14 00 00

005:003:000:STREAM             1333482458.621065
 09 81 39 32 9A 14 00 00

005:003:000:STREAM             1333482458.629072
 09 81 56 32 A5 14 00 00

005:003:000:STREAM             1333482458.637078
 09 81 7B 32 AE 14 00 00

005:003:000:STREAM             1333482458.645082
 09 81 A6 32 B4 14 00 00

005:003:000:STREAM             1333482458.653065
 09 81 D5 32 B7 14 00 00

005:003:000:STREAM             1333482458.661071
 09 81 04 33 C0 14 00 00

005:003:000:STREAM             1333482458.669076
 09 81 32 33 C3 14 00 00

005:003:000:STREAM             1333482458.677072
 09 81 5D 33 C6 14 00 00

005:003:000:STREAM             1333482458.685066
 09 81 85 33 C3 14 00 00

005:003:000:STREAM             1333482458.693075
 09 81 AA 33 C0 14 00 00

005:003:000:STREAM             1333482458.701074
 09 81 CE 33 BD 14 00 00

005:003:000:STREAM             1333482458.709079
 09 81 F3 33 B6 14 00 00

005:003:000:STREAM             1333482458.717063
 09 81 1B 34 B3 14 00 00

005:003:000:STREAM             1333482458.725090
 09 81 4B 34 A6 14 00 00

005:003:000:STREAM             1333482458.733069
 09 81 82 34 9D 14 00 00

005:003:000:STREAM             1333482458.741075
 09 81 C3 34 90 14 00 00

005:003:000:STREAM             1333482458.749064
 09 81 0D 35 82 14 00 00

005:003:000:STREAM             1333482458.757089
 09 81 5E 35 72 14 00 00

005:003:000:STREAM             1333482458.765066
 09 81 B3 35 62 14 00 00

005:003:000:STREAM             1333482458.773076
 09 81 0B 36 53 14 00 00

005:003:000:STREAM             1333482458.781076
 09 81 62 36 47 14 00 00

005:003:000:STREAM             1333482458.789089
 09 81 B9 36 3D 14 00 00

005:003:000:STREAM             1333482458.797079
 09 81 0E 37 35 14 00 00

005:003:000:STREAM             1333482458.805065
 09 81 63 37 2F 14 00 00

005:003:000:STREAM             1333482458.813087
 09 81 B8 37 27 14 00 00

005:003:000:STREAM             1333482458.821069
 09 81 10 38 1F 14 00 00

005:003:000:STREAM             1333482458.829036
 09 81 6B 38 16 14 00 00

005:003:000:STREAM             1333482458.837044
 09 81 C9 38 0C 14 00 00

005:003:000:STREAM             1333482458.845086
 09 81 2C 39 FF 13 00 00

005:003:000:STREAM             1333482458.853075
 09 81 93 39 F2 13 00 00

005:003:000:STREAM             1333482458.861078
 09 81 00 3A E3 13 00 00

005:003:000:STREAM             1333482458.869065
 09 81 70 3A D5 13 00 00

005:003:000:STREAM             1333482458.877070
 09 81 E1 3A C9 13 00 00

005:003:000:STREAM             1333482458.885077
 09 81 43 3B BD 13 00 00

005:003:000:STREAM             1333482458.893078
 09 81 00 3C B3 13 00 00

005:003:000:STREAM             1333482458.901065
 09 81 00 3C A9 13 00 00

005:003:000:STREAM             1333482458.909078
 09 81 00 3C 9F 13 00 00

005:003:000:STREAM             1333482458.917074
 09 81 00 3C 93 13 00 00

005:003:000:STREAM             1333482458.925072
 09 81 00 3C 84 13 00 00

005:003:000:STREAM             1333482458.933067
 09 81 00 3C 72 13 00 00

005:003:000:STREAM             1333482458.941088
 09 81 00 3C 5D 13 00 00

005:003:000:STREAM             1333482458.957080
 09 00 00 3C 25 13 00 00

005:003:000:STREAM             1333482459.957081
 09 80 D5 1D 10 25 00 00

005:003:000:STREAM             1333482459.965068
 09 80 D5 1D 10 25 00 00

005:003:000:STREAM             1333482459.973046
 09 80 D5 1D 10 25 00 00

005:003:000:STREAM             1333482459.981071
 09 80 BE 1D 08 25 00 00

005:003:000:STREAM             1333482459.989078
 09 80 A6 1D F5 24 00 00

005:003:000:STREAM             1333482459.997076
 09 80 8A 1D D7 24 00 00

005:003:000:STREAM             1333482460.005083
 09 80 74 1D B2 24 00 00

005:003:000:STREAM             1333482460.013070
 09 80 63 1D 86 24 00 00

005:003:000:STREAM             1333482460.021072
 09 80 58 1D 5A 24 00 00

005:003:000:STREAM             1333482460.029077
 09 80 51 1D 2D 24 00 00

005:003:000:STREAM             1333482460.037082
 09 80 4E 1D FF 23 00 00

005:003:000:STREAM             1333482460.045067
 09 80 4B 1D D4 23 00 00

005:003:000:STREAM             1333482460.053074
 09 80 4E 1D A9 23 00 00

005:003:000:STREAM             1333482460.061077
 09 80 51 1D 7F 23 00 00

005:003:000:STREAM             1333482460.069079
 09 80 54 1D 52 23 00 00

005:003:000:STREAM             1333482460.077068
 09 80 57 1D 28 23 00 00

005:003:000:STREAM             1333482460.085075
 09 80 5A 1D FD 22 00 00

005:003:000:STREAM             1333482460.093077
 09 80 63 1D D3 22 00 00

005:003:000:STREAM             1333482460.101081
 09 80 66 1D AB 22 00 00

005:003:000:STREAM             1333482460.109064
 09 80 72 1D 82 22 00 00

005:003:000:STREAM             1333482460.117090
 09 80 79 1D 5C 22 00 00

005:003:000:STREAM             1333482460.125066
 09 80 83 1D 39 22 00 00

005:003:000:STREAM             1333482460.133073
 09 80 8F 1D 1B 22 00 00

005:003:000:STREAM             1333482460.141064
 09 80 9C 1D FF 21 00 00

005:003:000:STREAM             1333482460.149089
 09 80 AB 1D E6 21 00 00

005:003:000:STREAM             1333482460.157068
 09 80 BA 1D CE 21 00 00

005:003:000:STREAM             1333482460.165070
 09 80 C8 1D B8 21 00 00

005:003:000:STREAM             1333482460.173078
 09 80 D5 1D A4 21 00 00

005:003:000:STREAM             1333482460.181086
 09 80 E1 1D 90 21 00 00

005:003:000:STREAM             1333482460.189077
 09 80 EE 1D 7B 21 00 00

005:003:000:STREAM             1333482460.197068
 09 80 FB 1D 64 21 00 00

005:003:000:STREAM             1333482460.205084
 09 80 0B 1E 4C 21 00 00

005:003:000:STREAM             1333482460.213070
 09 80 1C 1E 35 21 00 00

005:003:000:STREAM             1333482460.221055
 09 80 2C 1E 1E 21 00 00

005:003:000:STREAM             1333482460.229045
 09 81 38 1E 0A 21 00 00

005:003:000:STREAM             1333482460.237085
 09 81 3E 1E FA 20 00 00

005:003:000:STREAM             1333482460.245079
 09 81 41 1E ED 20 00 00

005:003:000:STREAM             1333482460.253078
 09 81 41 1E E4 20 00 00

005:003:000:STREAM             1333482460.261068
 09 81 41 1E DC 20 00 00

005:003:000:STREAM             1333482460.269072
 09 81 41 1E DB 20 00 00

005:003:000:STREAM             1333482460.277078
 09 81 41 1E D5 20 00 00

005:003:000:STREAM             1333482460.285081
 09 81 41 1E D4 20 00 00

005:003:000:STREAM             1333482460.293064
 09 81 41 1E D3 20 00 00

005:003:000:STREAM             1333482460.301073
 09 81 41 1E D2 20 00 00

005:003:000:STREAM             1333482460.309075
 09 81 41 1E D1 20 00 00

005:003:000:STREAM             1333482460.317073
 09 81 41 1E CC 20 00 00

005:003:000:STREAM             1333482460.325065
 09 81 4B 1E DB 20 00 00

005:003:000:STREAM             1333482460.333089
 09 81 4E 1E EB 20 00 00

005:003:000:STREAM             1333482460.341068
 09 81 51 1E 01 21 00 00

005:003:000:STREAM             1333482460.349077
 09 81 54 1E 1E 21 00 00

005:003:000:STREAM             1333482460.357064
 09 81 51 1E 42 21 00 00

005:003:000:STREAM             1333482460.365090
 09 81 4E 1E 6A 21 00 00

005:003:000:STREAM             1333482460.373063
 09 81 48 1E 96 21 00 00

005:003:000:STREAM             1333482460.381082
 09 81 45 1E C8 21 00 00

005:003:000:STREAM             1333482460.389077
 09 81 3E 1E FC 21 00 00

005:003:000:STREAM             1333482460.397084
 09 81 3B 1E 38 22 00 00

005:003:000:STREAM             1333482460.405094
 09 81 30 1E 79 22 00 00

005:003:000:STREAM             1333482460.413065
 09 81 2D 1E BC 22 00 00

005:003:000:STREAM             1333482460.421087
 09 81 24 1E 05 23 00 00

005:003:000:STREAM             1333482460.429069
 09 81 21 1E 50 23 00 00

005:003:000:STREAM             1333482460.437053
 09 81 19 1E 9F 23 00 00

005:003:000:STREAM             1333482460.445045
 09 81 16 1E F3 23 00 00

005:003:000:STREAM             1333482460.453071
 09 81 13 1E 4A 24 00 00

005:003:000:STREAM             1333482460.461076
 09 81 10 1E A4 24 00 00

005:003:000:STREAM             1333482460.469079
 09 81 13 1E FE 24 00 00

005:003:000:STREAM             1333482460.477066
 09 81 16 1E 58 25 00 00

005:003:000:STREAM             1333482460.485060
 09 81 16 1E B4 25 00 00

005:003:000:STREAM             1333482460.493078
 09 81 19 1E 13 26 00 00

005:003:000:STREAM             1333482460.501083
 09 81 1C 1E 79 26 00 00

005:003:000:STREAM             1333482460.509065
 09 81 1F 1E E2 26 00 00

005:003:000:STREAM             1333482460.517077
 09 81 22 1E 41 27 00 00

005:003:000:STREAM             1333482460.525073
 09 81 25 1E 8C 27 00 00

005:003:000:STREAM             1333482460.533080
 09 81 2F 1E 00 28 00 00

005:003:000:STREAM             1333482460.541067
 09 81 35 1E 00 28 00 00

005:003:000:STREAM             1333482460.549087
 09 81 3F 1E 00 28 00 00

005:003:000:STREAM             1333482460.557070
 09 81 4E 1E 00 28 00 00

005:003:000:STREAM             1333482460.565074
 09 81 5E 1E 00 28 00 00

005:003:000:STREAM             1333482460.573064
 09 81 71 1E 00 28 00 00

005:003:000:STREAM             1333482460.637092
 09 00 A1 1E 00 28 00 00

005:003:000:STREAM             1333482461.581089
 09 80 99 07 69 15 00 00

005:003:000:STREAM             1333482461.589075
 09 80 99 07 69 15 00 00

005:003:000:STREAM             1333482461.597081
 09 80 99 07 69 15 00 00

005:003:000:STREAM             1333482461.605073
 09 80 8E 07 53 15 00 00

005:003:000:STREAM             1333482461.613079
 09 80 81 07 35 15 00 00

005:003:000:STREAM             1333482461.621081
 09 80 6F 07 09 15 00 00

005:003:000:STREAM             1333482461.629079
 09 80 5F 07 DA 14 00 00

005:003:000:STREAM             1333482461.637068
 09 80 52 07 A9 14 00 00

005:003:000:STREAM             1333482461.645076
 09 80 46 07 7B 14 00 00

005:003:000:STREAM             1333482461.653075
 09 80 3C 07 4A 14 00 00

005:003:000:STREAM             1333482461.661081
 09 80 39 07 19 14 00 00

005:003:000:STREAM             1333482461.669067
 09 80 2F 07 EB 13 00 00

005:003:000:STREAM             1333482461.677101
 09 80 2C 07 BE 13 00 00

005:003:000:STREAM             1333482461.685080
 09 80 2F 07 98 13 00 00

005:003:000:STREAM             1333482461.693075
 09 80 2C 07 74 13 00 00

005:003:000:STREAM             1333482461.701066
 09 80 2F 07 53 13 00 00

005:003:000:STREAM             1333482461.709078
 09 80 32 07 38 13 00 00

005:003:000:STREAM             1333482461.717073
 09 80 35 07 1F 13 00 00

005:003:000:STREAM             1333482461.725084
 09 80 3C 07 0B 13 00 00

005:003:000:STREAM             1333482461.733068
 09 80 3C 07 FB 12 00 00

005:003:000:STREAM             1333482461.741088
 09 80 3F 07 EE 12 00 00

005:003:000:STREAM             1333482461.749068
 09 80 42 07 E3 12 00 00

005:003:000:STREAM             1333482461.757073
 09 80 42 07 DB 12 00 00

005:003:000:STREAM             1333482461.765063
 09 80 42 07 D5 12 00 00

005:003:000:STREAM             1333482461.773087
 09 80 4D 07 D4 12 00 00

005:003:000:STREAM             1333482461.781066
 09 80 4D 07 CF 12 00 00

005:003:000:STREAM             1333482461.789074
 09 80 5A 07 C2 12 00 00

005:003:000:STREAM             1333482461.797079
 09 80 61 07 C2 12 00 00

005:003:000:STREAM             1333482461.805091
 09 80 69 07 B8 12 00 00

005:003:000:STREAM             1333482461.813080
 09 80 73 07 B5 12 00 00

005:003:000:STREAM             1333482461.821069
 09 80 7D 07 B2 12 00 00

005:003:000:STREAM             1333482461.829089
 09 80 86 07 B2 12 00 00

005:003:000:STREAM             1333482461.837088
 09 80 8F 07 B2 12 00 00

005:003:000:STREAM             1333482461.845083
 09 80 9A 07 BB 12 00 00

005:003:000:STREAM             1333482461.853066
 09 80 A7 07 C1 12 00 00

005:003:000:STREAM             1333482461.861075
 09 80 B8 07 C9 12 00 00

005:003:000:STREAM             1333482461.869077
 09 80 C9 07 D2 12 00 00

005:003:000:STREAM             1333482461.877079
 09 80 DC 07 DC 12 00 00

005:003:000:STREAM             1333482461.885067
 09 80 F2 07 E5 12 00 00

005:003:000:STREAM             1333482461.893074
 09 80 09 08 ED 12 00 00

005:003:000:STREAM             1333482461.901077
 09 80 23 08 F3 12 00 00

005:003:000:STREAM             1333482461.909082
 09 80 3E 08 F6 12 00 00

005:003:000:STREAM             1333482461.917066
 09 80 5A 08 FE 12 00 00

005:003:000:STREAM             1333482461.925079
 09 80 77 08 01 13 00 00

005:003:000:STREAM             1333482461.933077
 09 80 95 08 04 13 00 00

005:003:000:STREAM             1333482461.941075
 09 80 B5 08 07 13 00 00

005:003:000:STREAM             1333482461.949065
 09 80 D7 08 0D 13 00 00

005:003:000:STREAM             1333482461.957087
 09 80 FC 08 10 13 00 00

005:003:000:STREAM             1333482461.965068
 09 80 21 09 16 13 00 00

005:003:000:STREAM             1333482461.973076
 09 80 4B 09 19 13 00 00

005:003:000:STREAM             1333482461.981066
 09 80 76 09 22 13 00 00

005:003:000:STREAM             1333482461.989089
 09 80 A4 09 25 13 00 00

005:003:000:STREAM             1333482461.997067
 09 80 D1 09 2E 13 00 00

005:003:000:STREAM             1333482462.005076
 09 80 FB 09 31 13 00 00

005:003:000:STREAM             1333482462.013079
 09 80 22 0A 37 13 00 00

005:003:000:STREAM             1333482462.021084
 09 80 45 0A 3A 13 00 00

005:003:000:STREAM             1333482462.029076
 09 80 68 0A 3D 13 00 00

005:003:000:STREAM             1333482462.037069
 09 80 88 0A 44 13 00 00

005:003:000:STREAM             1333482462.045089
 09 80 A5 0A 47 13 00 00

005:003:000:STREAM             1333482462.053090
 09 80 BE 0A 50 13 00 00

005:003:000:STREAM             1333482462.061086
 09 80 D2 0A 53 13 00 00

005:003:000:STREAM             1333482462.069067
 09 80 E1 0A 5F 13 00 00

005:003:000:STREAM             1333482462.077074
 09 81 EB 0A 62 13 00 00

005:003:000:STREAM             1333482462.085079
 09 81 EC 0A 63 13 00 00

005:003:000:STREAM             1333482462.093082
 09 81 F1 0A 69 13 00 00

005:003:000:STREAM             1333482462.101064
 09 81 F2 0A 69 13 00 00

005:003:000:STREAM             1333482462.109068
 09 81 F3 0A 69 13 00 00

005:003:000:STREAM             1333482462.117075
 09 81 F7 0A 69 13 00 00

005:003:000:STREAM             1333482462.125075
 09 81 F7 0A 6A 13 00 00

005:003:000:STREAM             1333482462.133066
 09 81 F7 0A 6F 13 00 00

005:003:000:STREAM             1333482462.141080
 09 81 EE 0A 77 13 00 00

005:003:000:STREAM             1333482462.149077
 09 81 E4 0A 7A 13 00 00

005:003:000:STREAM             1333482462.157080
 09 81 D5 0A 80 13 00 00

005:003:000:STREAM             1333482462.165065
 09 81 C0 0A 83 13 00 00

005:003:000:STREAM             1333482462.173088
 09 81 A7 0A 86 13 00 00

005:003:000:STREAM             1333482462.181070
 09 81 8A 0A 8D 13 00 00

005:003:000:STREAM             1333482462.189075
 09 81 67 0A 90 13 00 00

005:003:000:STREAM             1333482462.197066
 09 81 43 0A 99 13 00 00

005:003:000:STREAM             1333482462.205086
 09 81 1D 0A 9C 13 00 00

005:003:000:STREAM             1333482462.213066
 09 81 F3 09 A4 13 00 00

005:003:000:STREAM             1333482462.221072
 09 81 C6 09 A7 13 00 00

005:003:000:STREAM             1333482462.229078
 09 81 95 09 AD 13 00 00

005:003:000:STREAM             1333482462.237093
 09 81 5E 09 B0 13 00 00

005:003:000:STREAM             1333482462.245080
 09 81 23 09 B7 13 00 00

005:003:000:STREAM             1333482462.253066
 09 81 E5 08 BA 13 00 00

005:003:000:STREAM             1333482462.261088
 09 81 A4 08 C0 13 00 00

005:003:000:STREAM             1333482462.269088
 09 81 63 08 C3 13 00 00

005:003:000:STREAM             1333482462.277084
 09 81 21 08 C6 13 00 00

005:003:000:STREAM             1333482462.285070
 09 81 DC 07 CC 13 00 00

005:003:000:STREAM             1333482462.293072
 09 81 95 07 CF 13 00 00

005:003:000:STREAM             1333482462.301081
 09 81 4C 07 D2 13 00 00

005:003:000:STREAM             1333482462.309081
 09 81 FF 06 DA 13 00 00

005:003:000:STREAM             1333482462.317066
 09 81 B0 06 DD 13 00 00

005:003:000:STREAM             1333482462.325070
 09 81 5E 06 E0 13 00 00

005:003:000:STREAM             1333482462.333077
 09 81 09 06 E3 13 00 00

005:003:000:STREAM             1333482462.341082
 09 81 B2 05 E6 13 00 00

005:003:000:STREAM             1333482462.349066
 09 81 56 05 E9 13 00 00

005:003:000:STREAM             1333482462.357075
 09 81 F7 04 EC 13 00 00

005:003:000:STREAM             1333482462.365073
 09 81 94 04 EF 13 00 00

005:003:000:STREAM             1333482462.373075
 09 81 2F 04 F2 13 00 00

005:003:000:STREAM             1333482462.381065
 09 81 C8 03 F5 13 00 00

005:003:000:STREAM             1333482462.389089
 09 81 60 03 FC 13 00 00

005:003:000:STREAM             1333482462.397067
 09 81 F6 02 FF 13 00 00

005:003:000:STREAM             1333482462.405073
 09 81 8C 02 09 14 00 00

005:003:000:STREAM             1333482462.413064
 09 81 20 02 0C 14 00 00

005:003:000:STREAM             1333482462.421094
 09 81 B0 01 17 14 00 00

005:003:000:STREAM             1333482462.429068
 09 81 40 01 1E 14 00 00

005:003:000:STREAM             1333482462.437079
 09 81 D9 00 28 14 00 00

005:003:000:STREAM             1333482462.445079
 09 81 85 00 33 14 00 00

005:003:000:STREAM             1333482462.453090
 09 81 00 00 3F 14 00 00

005:003:000:STREAM             1333482462.461080
 09 81 00 00 49 14 00 00

005:003:000:STREAM             1333482462.469067
 09 81 00 00 4A 14 00 00

005:003:000:STREAM             1333482462.477085
 09 81 00 00 50 14 00 00

005:003:000:STREAM             1333482462.485089
 09 81 00 00 4A 14 00 00

005:003:000:STREAM             1333482462.493085
 09 81 00 00 37 14 00 00

005:003:000:STREAM             1333482462.501067
 09 81 00 00 19 14 00 00

005:003:000:STREAM             1333482462.509074
 09 81 00 00 F6 13 00 00

005:003:000:STREAM             1333482462.517078
 09 81 00 00 D4 13 00 00

005:003:000:STREAM             1333482462.525080
 09 81 00 00 B1 13 00 00

005:003:000:STREAM             1333482462.533076
 09 81 00 00 8B 13 00 00

005:003:000:STREAM             1333482462.541072
 09 81 00 00 6E 13 00 00

005:003:000:STREAM             1333482462.549074
 09 81 00 00 5D 13 00 00

005:003:000:STREAM             1333482462.565081
 09 00 00 00 59 13 00 00

