000:DESCRIPTOR                 1280570799.132546
 05 01 09 02 A1 01 85 01 09 01 A1 00 05 09 19 01
 29 05 15 00 25 01 75 01 95 05 81 02 75 03 95 01
 81 03 05 01 09 30 09 31 09 38 15 81 25 7F 75 08
 95 03 81 06 C0 C0 05 0D 09 02 A1 01 85 02 09 20
 A1 00 09 00 15 00 26 FF 00 75 08 95 07 81 02 09
 3F 09 40 15 00 26 FF 00 75 08 95 02 B1 02 C0 85
 05 05 0D 09 20 A1 00 09 00 15 00 26 FF 00 75 08
 95 07 81 02 C0 85 0A 05 0D 09 20 A1 00 09 00 15
 00 26 FF 00 75 08 95 07 81 02 C0 85 10 09 20 A1
 00 09 42 09 44 09 3C 09 45 09 32 15 00 25 01 75
 01 95 05 81 02 95 03 81 03 05 01 09 30 75 10 95
 01 A4 55 0D 65 33 15 00 26 50 46 35 00 46 50 46
 81 02 09 31 26 F8 2A 46 F8 2A 81 02 05 0D 09 30
 15 00 26 FF 03 35 00 46 FF 03 81 02 C0 C0 05 01
 09 06 A1 01 85 0D 05 07 19 E0 29 E7 15 00 25 01
 75 01 95 08 81 02 75 08 95 01 81 01 05 07 19 00
 29 65 15 00 25 65 75 08 95 05 81 00 C0 05 0C 09
 01 A1 01 85 0C 09 E9 09 EA 09 E2 15 00 25 01 75
 01 95 03 81 06 75 05 95 01 81 07 C0

