000:STREAM                     1281953148.096954
 08 00 07 F5 00 00

000:STREAM                     1281953148.100958
 08 00 07 F6 00 00

000:STREAM                     1281953148.104919
 08 00 06 F5 00 00

000:STREAM                     1281953148.108958
 08 00 06 F4 00 00

000:STREAM                     1281953148.112954
 08 00 05 F4 00 00

000:STREAM                     1281953148.116906
 08 00 05 F3 00 00

000:STREAM                     1281953148.120892
 08 00 04 F2 00 00

000:STREAM                     1281953148.124914
 08 00 04 F3 00 00

000:STREAM                     1281953148.128966
 08 00 04 F3 00 00

000:STREAM                     1281953148.132912
 08 00 04 F4 00 00

000:STREAM                     1281953148.136894
 08 00 04 F4 00 00

000:STREAM                     1281953148.140914
 08 00 04 F4 00 00

000:STREAM                     1281953148.144954
 08 00 04 F3 00 00

000:STREAM                     1281953148.148906
 08 00 04 F3 00 00

000:STREAM                     1281953148.152966
 08 00 04 F0 00 00

000:STREAM                     1281953148.156907
 08 00 04 F0 00 00

000:STREAM                     1281953148.160893
 08 00 04 F0 00 00

000:STREAM                     1281953148.164912
 08 00 03 F1 00 00

000:STREAM                     1281953148.168963
 08 00 04 F1 00 00

000:STREAM                     1281953148.172958
 08 00 03 F2 00 00

000:STREAM                     1281953148.176894
 08 00 03 F3 00 00

000:STREAM                     1281953148.180945
 08 00 02 F2 00 00

000:STREAM                     1281953148.184905
 08 00 01 F3 00 00

000:STREAM                     1281953148.188949
 08 00 02 F2 00 00

000:STREAM                     1281953148.192932
 08 00 00 F2 00 00

000:STREAM                     1281953148.196908
 08 00 00 F2 00 00

000:STREAM                     1281953148.200917
 08 00 FF F3 00 00

000:STREAM                     1281953148.204927
 08 00 FF F4 00 00

000:STREAM                     1281953148.208942
 08 00 FE F4 00 00

000:STREAM                     1281953148.212933
 08 00 FF F5 00 00

000:STREAM                     1281953148.216925
 08 00 FE F6 00 00

000:STREAM                     1281953148.220923
 08 00 FE F7 00 00

000:STREAM                     1281953148.224949
 08 00 FE F7 00 00

000:STREAM                     1281953148.228940
 08 00 FE F8 00 00

000:STREAM                     1281953148.232914
 08 00 FE F8 00 00

000:STREAM                     1281953148.236920
 08 00 FE F7 00 00

000:STREAM                     1281953148.240929
 08 00 FE F8 00 00

000:STREAM                     1281953148.244948
 08 00 FE F8 00 00

000:STREAM                     1281953148.248944
 08 00 FF F8 00 00

000:STREAM                     1281953148.252915
 08 00 FF F8 00 00

000:STREAM                     1281953148.256920
 08 00 FF F9 00 00

000:STREAM                     1281953148.260922
 08 00 00 F9 00 00

000:STREAM                     1281953148.264963
 08 00 01 F9 00 00

000:STREAM                     1281953148.268939
 08 00 01 FB 00 00

000:STREAM                     1281953148.272943
 08 00 02 FB 00 00

000:STREAM                     1281953148.276930
 08 00 02 FC 00 00

000:STREAM                     1281953148.280908
 08 00 02 FC 00 00

000:STREAM                     1281953148.284919
 08 00 01 FD 00 00

000:STREAM                     1281953148.288928
 08 00 02 FD 00 00

000:STREAM                     1281953148.292948
 08 00 01 FD 00 00

000:STREAM                     1281953148.296922
 08 00 02 FE 00 00

000:STREAM                     1281953148.300922
 08 00 01 FD 00 00

000:STREAM                     1281953148.304908
 08 00 02 FD 00 00

000:STREAM                     1281953148.308916
 08 00 00 FE 00 00

000:STREAM                     1281953148.312928
 08 00 FF FD 00 00

000:STREAM                     1281953148.316951
 08 00 00 FE 00 00

000:STREAM                     1281953148.320912
 08 00 FF FE 00 00

000:STREAM                     1281953148.324921
 08 00 00 FE 00 00

000:STREAM                     1281953148.328905
 08 00 00 FF 00 00

000:STREAM                     1281953148.340924
 08 00 00 FF 00 00

000:STREAM                     1281953148.348931
 08 00 FF FE 00 00

000:STREAM                     1281953148.356952
 08 00 00 FE 00 00

000:STREAM                     1281953148.384920
 08 00 01 FF 00 00

000:STREAM                     1281953148.392937
 08 00 01 01 00 00

000:STREAM                     1281953148.400935
 08 00 01 00 00 00

000:STREAM                     1281953148.416934
 08 00 02 01 00 00

000:STREAM                     1281953148.444931
 08 00 01 02 00 00

000:STREAM                     1281953148.736922
 08 02 00 00 00 08

000:STREAM                     1281953148.884920
 08 00 00 00 00 00

000:STREAM                     1281953149.156918
 08 02 00 00 00 08

000:STREAM                     1281953149.208921
 08 00 00 00 00 00

000:STREAM                     1281953149.456950
 08 02 00 00 00 08

000:STREAM                     1281953149.548951
 08 00 00 00 00 00

000:STREAM                     1281953149.688948
 08 00 00 02 00 00

000:STREAM                     1281953149.692905
 08 00 00 01 00 00

000:STREAM                     1281953149.696905
 08 00 FF 01 00 00

000:STREAM                     1281953149.700915
 08 00 00 02 00 00

000:STREAM                     1281953149.704944
 08 00 00 01 00 00

000:STREAM                     1281953149.708921
 08 00 FF 02 00 00

000:STREAM                     1281953149.712942
 08 00 FE 02 00 00

000:STREAM                     1281953149.716924
 08 00 FE 02 00 00

000:STREAM                     1281953149.720901
 08 00 FE 02 00 00

000:STREAM                     1281953149.724911
 08 00 FD 03 00 00

000:STREAM                     1281953149.728922
 08 00 FC 02 00 00

000:STREAM                     1281953149.732939
 08 00 FB 02 00 00

000:STREAM                     1281953149.736901
 08 00 FA 03 00 00

000:STREAM                     1281953149.740913
 08 00 FA 02 00 00

000:STREAM                     1281953149.744900
 08 00 FA 02 00 00

000:STREAM                     1281953149.748909
 08 00 F9 02 00 00

000:STREAM                     1281953149.752921
 08 00 F8 03 00 00

000:STREAM                     1281953149.756941
 08 00 F7 02 00 00

000:STREAM                     1281953149.760900
 08 00 F7 04 00 00

000:STREAM                     1281953149.764912
 08 00 F6 04 00 00

000:STREAM                     1281953149.768900
 08 00 F5 04 00 00

000:STREAM                     1281953149.772907
 08 00 F5 05 00 00

000:STREAM                     1281953149.776921
 08 00 F6 05 00 00

000:STREAM                     1281953149.780924
 08 00 F5 06 00 00

000:STREAM                     1281953149.784928
 08 00 F6 07 00 00

000:STREAM                     1281953149.788918
 08 00 F7 06 00 00

000:STREAM                     1281953149.792914
 08 00 F6 07 00 00

000:STREAM                     1281953149.796919
 08 00 F7 07 00 00

000:STREAM                     1281953149.800964
 08 00 F6 08 00 00

000:STREAM                     1281953149.804923
 08 00 F6 08 00 00

000:STREAM                     1281953149.808927
 08 00 F4 08 00 00

000:STREAM                     1281953149.812905
 08 00 F2 08 00 00

000:STREAM                     1281953149.816909
 08 00 F3 0A 00 00

000:STREAM                     1281953149.820885
 08 00 F3 09 00 00

