000:STREAM                     1281953169.868833
 08 00 03 FC 00 00

000:STREAM                     1281953169.872787
 08 00 03 FD 00 00

000:STREAM                     1281953169.876786
 08 00 02 FD 00 00

000:STREAM                     1281953169.880786
 08 00 03 FC 00 00

000:STREAM                     1281953169.884806
 08 00 02 FC 00 00

000:STREAM                     1281953169.888820
 08 00 03 FC 00 00

000:STREAM                     1281953169.892792
 08 00 03 FC 00 00

000:STREAM                     1281953169.896791
 08 00 03 FB 00 00

000:STREAM                     1281953169.900811
 08 00 03 FB 00 00

000:STREAM                     1281953169.904790
 08 00 03 FB 00 00

000:STREAM                     1281953169.908787
 08 00 02 FB 00 00

000:STREAM                     1281953169.913082
 08 00 03 FB 00 00

000:STREAM                     1281953169.916791
 08 00 02 FA 00 00

000:STREAM                     1281953169.920792
 08 00 03 FB 00 00

000:STREAM                     1281953169.924788
 08 00 03 FA 00 00

000:STREAM                     1281953169.928812
 08 00 03 FB 00 00

000:STREAM                     1281953169.932793
 08 00 03 FB 00 00

000:STREAM                     1281953169.936787
 08 00 03 FC 00 00

000:STREAM                     1281953169.940811
 08 00 03 FC 00 00

000:STREAM                     1281953169.944802
 08 00 04 FC 00 00

000:STREAM                     1281953169.948797
 08 00 03 FD 00 00

000:STREAM                     1281953169.952789
 08 00 04 FD 00 00

000:STREAM                     1281953169.956798
 08 00 03 FD 00 00

000:STREAM                     1281953169.960819
 08 00 04 FD 00 00

000:STREAM                     1281953169.964809
 08 00 03 FD 00 00

000:STREAM                     1281953169.968797
 08 00 03 FD 00 00

000:STREAM                     1281953169.972790
 08 00 02 FE 00 00

000:STREAM                     1281953169.976807
 08 00 02 FE 00 00

000:STREAM                     1281953169.980795
 08 00 02 FE 00 00

000:STREAM                     1281953169.984793
 08 00 02 FF 00 00

000:STREAM                     1281953169.988809
 08 00 01 FF 00 00

000:STREAM                     1281953169.992796
 08 00 02 FE 00 00

000:STREAM                     1281953169.996816
 08 00 01 FF 00 00

000:STREAM                     1281953170.000787
 08 00 01 00 00 00

000:STREAM                     1281953170.004789
 08 00 02 FF 00 00

000:STREAM                     1281953170.068821
 08 00 01 FE 00 00

000:STREAM                     1281953170.080806
 08 00 00 FF 00 00

000:STREAM                     1281953170.096813
 08 00 00 FF 00 00

000:STREAM                     1281953170.776814
 08 00 00 00 01 20

000:STREAM                     1281953171.008810
 08 00 00 00 00 01

000:STREAM                     1281953171.200814
 08 00 00 00 01 20

000:STREAM                     1281953171.404816
 08 00 00 00 00 00

000:STREAM                     1281953171.644809
 08 00 00 00 01 20

000:STREAM                     1281953171.856813
 08 00 00 00 00 00

000:STREAM                     1281953171.868803
 08 00 FE 00 00 00

000:STREAM                     1281953171.876786
 08 00 FE 01 00 00

000:STREAM                     1281953171.880830
 08 00 FF 00 00 00

000:STREAM                     1281953171.888799
 08 00 FF 00 00 00

000:STREAM                     1281953171.940801
 08 00 FE FF 00 00

000:STREAM                     1281953172.068810
 08 00 00 00 01 20

000:STREAM                     1281953172.260811
 08 00 00 00 00 00

000:STREAM                     1281953172.284807
 08 00 01 01 00 00

000:STREAM                     1281953172.636804
 08 00 01 02 00 00

000:STREAM                     1281953172.752802
 08 00 00 00 FF 44

000:STREAM                     1281953172.964805
 08 00 00 00 00 00

000:STREAM                     1281953173.196806
 08 00 00 00 FF 44

000:STREAM                     1281953173.360801
 08 00 00 00 00 51

000:STREAM                     1281953173.696800
 08 00 00 00 FF 44

000:STREAM                     1281953173.924796
 08 00 FA 02 00 44

000:STREAM                     1281953173.932773
 08 00 00 00 00 00

000:STREAM                     1281953173.944786
 08 00 02 00 00 00

000:STREAM                     1281953173.948771
 08 00 01 00 00 00

000:STREAM                     1281953173.952767
 08 00 02 00 00 00

000:STREAM                     1281953173.964787
 08 00 01 00 00 00

000:STREAM                     1281953174.128798
 08 00 01 00 00 00

000:STREAM                     1281953174.156791
 08 00 00 00 FF 44

000:STREAM                     1281953174.388798
 08 00 00 00 00 00

000:STREAM                     1281953174.684796
 08 00 00 00 01 20

000:STREAM                     1281953174.856792
 08 00 00 00 00 00

000:STREAM                     1281953175.056794
 08 00 00 00 01 20

000:STREAM                     1281953175.068789
 08 00 00 01 00 20

000:STREAM                     1281953175.076783
 08 00 00 01 00 20

000:STREAM                     1281953175.088790
 08 00 00 01 00 20

000:STREAM                     1281953175.180796
 08 00 00 00 00 00

000:STREAM                     1281953175.196788
 08 00 FF 01 00 00

000:STREAM                     1281953175.208789
 08 00 00 02 00 00

000:STREAM                     1281953175.364793
 08 00 00 00 01 20

000:STREAM                     1281953175.584790
 08 00 FE 02 00 20

000:STREAM                     1281953175.588764
 08 00 00 00 00 1D

000:STREAM                     1281953175.704786
 08 00 02 00 00 00

000:STREAM                     1281953175.828790
 08 00 00 00 01 20

000:STREAM                     1281953176.004787
 08 00 00 00 00 00

000:STREAM                     1281953176.016787
 08 00 FE 00 00 00

000:STREAM                     1281953176.020761
 08 00 FD 01 00 00

000:STREAM                     1281953176.024756
 08 00 FF 00 00 00

000:STREAM                     1281953176.028773
 08 00 FF 00 00 00

000:STREAM                     1281953176.040785
 08 00 FE 00 00 00

000:STREAM                     1281953176.280790
 08 00 00 00 01 20

000:STREAM                     1281953176.512784
 08 00 00 00 00 00

000:STREAM                     1281953176.840786
 08 00 00 00 01 20

000:STREAM                     1281953177.064782
 08 00 02 FC 00 1F

000:STREAM                     1281953177.068757
 08 00 00 00 00 00

000:STREAM                     1281953177.116782
 08 00 00 01 00 00

000:STREAM                     1281953177.344781
 08 00 00 00 01 20

000:STREAM                     1281953177.528776
 08 00 00 00 00 00

000:STREAM                     1281953177.752783
 08 00 00 00 01 20

000:STREAM                     1281953177.932779
 08 00 00 00 00 00

000:STREAM                     1281953178.312776
 08 00 00 00 FF 44

000:STREAM                     1281953178.484776
 08 00 00 00 00 00

000:STREAM                     1281953178.804777
 08 00 00 00 FF 44

000:STREAM                     1281953178.964774
 08 00 00 00 00 00

000:STREAM                     1281953179.120774
 08 00 FF 00 00 00

000:STREAM                     1281953179.124747
 08 00 FE 01 00 00

000:STREAM                     1281953179.128746
 08 00 FF 01 00 00

000:STREAM                     1281953179.132766
 08 00 FE 02 00 00

000:STREAM                     1281953179.136752
 08 00 FE 01 00 00

000:STREAM                     1281953179.140745
 08 00 FD 01 00 00

000:STREAM                     1281953179.144744
 08 00 FE 02 00 00

000:STREAM                     1281953179.148760
 08 00 FE 02 00 00

000:STREAM                     1281953179.152779
 08 00 FD 01 00 00

000:STREAM                     1281953179.156761
 08 00 FE 03 00 00

000:STREAM                     1281953179.160751
 08 00 FD 01 00 00

000:STREAM                     1281953179.164763
 08 00 FD 02 00 00

000:STREAM                     1281953179.168746
 08 00 FD 02 00 00

000:STREAM                     1281953179.172745
 08 00 FD 04 00 00

000:STREAM                     1281953179.176763
 08 00 FD 04 00 00

000:STREAM                     1281953179.180746
 08 00 FD 05 00 00

000:STREAM                     1281953179.184764
 08 00 FD 05 00 00

000:STREAM                     1281953179.188757
 08 00 FC 07 00 00

000:STREAM                     1281953179.192747
 08 00 FC 07 00 00

000:STREAM                     1281953179.196759
 08 00 FC 08 00 00

000:STREAM                     1281953179.200747
 08 00 FC 07 00 00

000:STREAM                     1281953179.204746
 08 00 FC 08 00 00

000:STREAM                     1281953179.208749
 08 00 FC 07 00 00

000:STREAM                     1281953179.212746
 08 00 FB 07 00 00

000:STREAM                     1281953179.216765
 08 00 FB 07 00 00

000:STREAM                     1281953179.220747
 08 00 FB 08 00 00

000:STREAM                     1281953179.224755
 08 00 FB 07 00 00

000:STREAM                     1281953179.228772
 08 00 FA 07 00 00

000:STREAM                     1281953179.232754
 08 00 FA 08 00 00

000:STREAM                     1281953179.236742
 08 00 FA 08 00 00

000:STREAM                     1281953179.240757
 08 00 FB 08 00 00

000:STREAM                     1281953179.244766
 08 00 FA 0B 00 00

000:STREAM                     1281953179.248773
 08 00 FA 0C 00 00

000:STREAM                     1281953179.252756
 08 00 FA 0D 00 00

000:STREAM                     1281953179.256743
 08 00 F9 0D 00 00

000:STREAM                     1281953179.260757
 08 00 FA 0E 00 00

000:STREAM                     1281953179.264765
 08 00 FB 0E 00 00

000:STREAM                     1281953179.268777
 08 00 FA 0E 00 00

000:STREAM                     1281953179.272756
 08 00 FB 10 00 00

