002:008:000:STREAM             1326934190.125267
 07 12 10 11 12 00 00 00

002:008:000:STREAM             1326934192.951272
 12 01 00 00 00 00 00 00

002:008:000:STREAM             1326934193.101268
 12 00 00 00 00 00 00 00

002:008:000:STREAM             1326934194.395269
 12 02 00 00 00 00 00 00

002:008:000:STREAM             1326934194.575268
 12 00 00 00 00 00 00 00

002:008:000:STREAM             1326934195.629269
 12 04 00 00 00 00 00 00

002:008:000:STREAM             1326934195.809269
 12 00 00 00 00 00 00 00

002:008:000:STREAM             1326934196.921269
 12 08 00 00 00 00 00 00

002:008:000:STREAM             1326934197.103268
 12 00 00 00 00 00 00 00
