001:004:000:STREAM             1348293320.585755
 09 00 8C 03 6D 03 00 00

001:004:000:STREAM             1348293320.589618
 09 00 8C 03 6D 03 00 00

001:004:000:STREAM             1348293320.593647
 09 00 8C 03 6E 03 00 00

001:004:000:STREAM             1348293320.597586
 09 00 8C 03 71 03 00 00

001:004:000:STREAM             1348293320.599628
 09 00 8C 03 73 03 00 00

001:004:000:STREAM             1348293320.603618
 09 00 8C 03 76 03 00 00

001:004:000:STREAM             1348293320.607616
 09 00 8D 03 79 03 00 00

001:004:000:STREAM             1348293320.611618
 09 00 8D 03 7D 03 00 00

001:004:000:STREAM             1348293320.615569
 09 00 8E 03 80 03 00 00

001:004:000:STREAM             1348293320.619601
 09 00 8E 03 84 03 00 00

001:004:000:STREAM             1348293320.623548
 09 00 8F 03 89 03 00 00

001:004:000:STREAM             1348293320.627627
 09 00 8F 03 8D 03 00 00

001:004:000:STREAM             1348293320.631650
 09 00 90 03 91 03 00 00

001:004:000:STREAM             1348293320.635640
 09 00 91 03 95 03 00 00

001:004:000:STREAM             1348293320.637619
 09 00 92 03 98 03 00 00

001:004:000:STREAM             1348293320.641617
 09 00 92 03 9C 03 00 00

001:004:000:STREAM             1348293320.645607
 09 00 93 03 9F 03 00 00

001:004:000:STREAM             1348293320.649636
 09 00 94 03 A2 03 00 00

001:004:000:STREAM             1348293320.653596
 09 00 95 03 A5 03 00 00

001:004:000:STREAM             1348293320.657640
 09 00 96 03 A8 03 00 00

001:004:000:STREAM             1348293320.661635
 09 00 97 03 AA 03 00 00

001:004:000:STREAM             1348293320.665648
 09 00 98 03 AD 03 00 00

001:004:000:STREAM             1348293320.669626
 09 00 99 03 AF 03 00 00

001:004:000:STREAM             1348293320.673601
 09 00 9A 03 B2 03 00 00

001:004:000:STREAM             1348293320.677543
 09 00 9B 03 B4 03 00 00

001:004:000:STREAM             1348293320.681650
 09 00 9C 03 B6 03 00 00

001:004:000:STREAM             1348293320.685596
 09 00 9D 03 B9 03 00 00

001:004:000:STREAM             1348293320.689626
 09 00 9E 03 BB 03 00 00

001:004:000:STREAM             1348293320.693635
 09 00 9F 03 BC 03 00 00

001:004:000:STREAM             1348293320.697639
 09 00 A0 03 BE 03 00 00

001:004:000:STREAM             1348293320.701634
 09 00 A1 03 C0 03 00 00

001:004:000:STREAM             1348293320.705648
 09 00 A2 03 C2 03 00 00

001:004:000:STREAM             1348293320.709550
 09 00 A3 03 C3 03 00 00

001:004:000:STREAM             1348293320.713628
 09 00 A5 03 C4 03 00 00

001:004:000:STREAM             1348293320.717630
 09 00 A7 03 C5 03 00 00

001:004:000:STREAM             1348293320.721634
 09 00 A8 03 C6 03 00 00

001:004:000:STREAM             1348293320.725571
 09 00 AA 03 C7 03 00 00

001:004:000:STREAM             1348293320.729648
 09 00 AC 03 C8 03 00 00

001:004:000:STREAM             1348293320.733638
 09 00 AE 03 C8 03 00 00

001:004:000:STREAM             1348293320.739548
 09 00 B0 03 C9 03 00 00

001:004:000:STREAM             1348293320.743604
 09 00 B2 03 CA 03 00 00

001:004:000:STREAM             1348293320.747644
 09 00 B3 03 CB 03 00 00

001:004:000:STREAM             1348293320.751624
 09 00 B5 03 CC 03 00 00

001:004:000:STREAM             1348293320.755620
 09 00 B6 03 CD 03 00 00

001:004:000:STREAM             1348293320.759630
 09 00 B8 03 CF 03 00 00

001:004:000:STREAM             1348293320.763634
 09 00 B9 03 D0 03 00 00

001:004:000:STREAM             1348293320.767650
 09 00 BA 03 D2 03 00 00

001:004:000:STREAM             1348293320.773567
 09 00 BB 03 D4 03 00 00

001:004:000:STREAM             1348293320.777625
 09 00 BC 03 D6 03 00 00

001:004:000:STREAM             1348293320.781640
 09 00 BD 03 D7 03 00 00

001:004:000:STREAM             1348293320.785650
 09 00 BD 03 D9 03 00 00

001:004:000:STREAM             1348293320.789630
 09 00 BE 03 DB 03 00 00

001:004:000:STREAM             1348293320.793635
 09 00 BE 03 DD 03 00 00

001:004:000:STREAM             1348293320.799648
 09 00 BF 03 DF 03 00 00

001:004:000:STREAM             1348293320.803619
 09 00 BF 03 E1 03 00 00

001:004:000:STREAM             1348293320.807645
 09 00 BF 03 E3 03 00 00

001:004:000:STREAM             1348293320.811627
 09 00 BF 03 E5 03 00 00

001:004:000:STREAM             1348293320.817618
 09 00 BF 03 E7 03 00 00

001:004:000:STREAM             1348293320.821617
 09 00 BF 03 E9 03 00 00

001:004:000:STREAM             1348293320.825566
 09 00 BF 03 EA 03 00 00

001:004:000:STREAM             1348293320.829648
 09 00 BF 03 EC 03 00 00

001:004:000:STREAM             1348293320.835652
 09 00 BF 03 ED 03 00 00

001:004:000:STREAM             1348293320.839609
 09 00 BF 03 EE 03 00 00

001:004:000:STREAM             1348293320.849632
 09 00 BF 03 EF 03 00 00

001:004:000:STREAM             1348293320.853648
 09 00 BF 03 F0 03 00 00

001:004:000:STREAM             1348293320.861585
 09 00 BF 03 F1 03 00 00

001:004:000:STREAM             1348293320.867642
 09 00 BF 03 F2 03 00 00

001:004:000:STREAM             1348293320.875537
 09 00 BF 03 F3 03 00 00

001:004:000:STREAM             1348293320.879647
 09 00 BF 03 F4 03 00 00

001:004:000:STREAM             1348293320.885622
 09 00 BF 03 F5 03 00 00

001:004:000:STREAM             1348293320.889599
 09 00 BE 03 F7 03 00 00

001:004:000:STREAM             1348293320.893602
 09 00 BE 03 F8 03 00 00

001:004:000:STREAM             1348293320.897640
 09 00 BE 03 F9 03 00 00

001:004:000:STREAM             1348293320.903639
 09 00 BE 03 FA 03 00 00

001:004:000:STREAM             1348293320.911631
 09 00 BE 03 FB 03 00 00

001:004:000:STREAM             1348293320.921634
 09 00 BF 03 FB 03 00 00

001:004:000:STREAM             1348293320.929660
 09 00 C0 03 FB 03 00 00

001:004:000:STREAM             1348293320.939618
 09 00 C1 03 FB 03 00 00

001:004:000:STREAM             1348293320.943640
 09 00 C2 03 FB 03 00 00

001:004:000:STREAM             1348293320.947636
 09 00 C2 03 FC 03 00 00

001:004:000:STREAM             1348293320.951651
 09 00 C2 03 FD 03 00 00

001:004:000:STREAM             1348293320.957636
 09 00 C3 03 FE 03 00 00

001:004:000:STREAM             1348293320.961641
 09 00 C3 03 00 04 00 00

001:004:000:STREAM             1348293320.965594
 09 00 C3 03 02 04 00 00

001:004:000:STREAM             1348293320.971637
 09 00 C3 03 04 04 00 00

001:004:000:STREAM             1348293320.975589
 09 00 C3 03 06 04 00 00

001:004:000:STREAM             1348293320.979621
 09 00 C3 03 08 04 00 00

001:004:000:STREAM             1348293320.983589
 09 00 C3 03 0A 04 00 00

001:004:000:STREAM             1348293320.989650
 09 00 C3 03 0B 04 00 00

001:004:000:STREAM             1348293320.993633
 09 00 C3 03 0D 04 00 00

001:004:000:STREAM             1348293320.997635
 09 00 C3 03 0E 04 00 00

001:004:000:STREAM             1348293321.003630
 09 00 C3 03 0F 04 00 00

001:004:000:STREAM             1348293321.007619
 09 00 C3 03 10 04 00 00

001:004:000:STREAM             1348293321.021655
 09 00 C3 03 11 04 00 00

001:004:000:STREAM             1348293321.031650
 09 00 C3 03 12 04 00 00

001:004:000:STREAM             1348293321.035618
 09 00 C3 03 13 04 00 00

001:004:000:STREAM             1348293321.041618
 09 00 C3 03 14 04 00 00

001:004:000:STREAM             1348293321.045574
 09 00 C3 03 15 04 00 00

001:004:000:STREAM             1348293321.051622
 09 00 C3 03 16 04 00 00

001:004:000:STREAM             1348293321.055638
 09 00 C3 03 17 04 00 00

001:004:000:STREAM             1348293321.061635
 09 00 C3 03 18 04 00 00

001:004:000:STREAM             1348293321.065648
 09 00 C3 03 1A 04 00 00

001:004:000:STREAM             1348293321.071630
 09 00 C3 03 1B 04 00 00

001:004:000:STREAM             1348293321.075550
 09 00 C2 03 1D 04 00 00

001:004:000:STREAM             1348293321.079599
 09 00 C2 03 1E 04 00 00

001:004:000:STREAM             1348293321.085646
 09 00 C2 03 1F 04 00 00

001:004:000:STREAM             1348293321.089631
 09 00 C2 03 20 04 00 00

001:004:000:STREAM             1348293321.095638
 09 00 C2 03 21 04 00 00

001:004:000:STREAM             1348293321.099636
 09 00 C2 03 22 04 00 00

001:004:000:STREAM             1348293321.105636
 09 00 C2 03 23 04 00 00

001:004:000:STREAM             1348293321.109606
 09 00 C2 03 24 04 00 00

001:004:000:STREAM             1348293321.115646
 09 00 C2 03 25 04 00 00

001:004:000:STREAM             1348293321.119609
 09 00 C2 03 26 04 00 00

001:004:000:STREAM             1348293321.129651
 09 00 C2 03 27 04 00 00

001:004:000:STREAM             1348293321.135620
 09 00 C2 03 28 04 00 00

001:004:000:STREAM             1348293321.139564
 09 00 C3 03 29 04 00 00

001:004:000:STREAM             1348293321.145642
 09 00 C3 03 2A 04 00 00

001:004:000:STREAM             1348293321.149576
 09 00 C3 03 2B 04 00 00

001:004:000:STREAM             1348293321.155622
 09 00 C4 03 2C 04 00 00

001:004:000:STREAM             1348293321.161631
 09 00 C4 03 2D 04 00 00

001:004:000:STREAM             1348293321.165635
 09 00 C4 03 2E 04 00 00

001:004:000:STREAM             1348293321.171609
 09 00 C5 03 30 04 00 00

001:004:000:STREAM             1348293321.175634
 09 00 C6 03 31 04 00 00

001:004:000:STREAM             1348293321.181630
 09 00 C6 03 32 04 00 00

001:004:000:STREAM             1348293321.185627
 09 00 C7 03 34 04 00 00

001:004:000:STREAM             1348293321.191601
 09 00 C7 03 35 04 00 00

001:004:000:STREAM             1348293321.195650
 09 00 C8 03 37 04 00 00

001:004:000:STREAM             1348293321.201636
 09 00 C9 03 38 04 00 00

001:004:000:STREAM             1348293321.205614
 09 00 C9 03 39 04 00 00

001:004:000:STREAM             1348293321.211621
 09 00 CA 03 3A 04 00 00

001:004:000:STREAM             1348293321.215618
 09 00 CB 03 3B 04 00 00

001:004:000:STREAM             1348293321.221634
 09 00 CB 03 3C 04 00 00

001:004:000:STREAM             1348293321.225578
 09 00 CC 03 3D 04 00 00

001:004:000:STREAM             1348293321.231637
 09 00 CD 03 3E 04 00 00

001:004:000:STREAM             1348293321.241618
 09 00 CE 03 3F 04 00 00

001:004:000:STREAM             1348293321.247601
 09 00 CF 03 3F 04 00 00

001:004:000:STREAM             1348293321.255650
 09 00 D0 03 40 04 00 00

001:004:000:STREAM             1348293321.261691
 09 00 D1 03 40 04 00 00

001:004:000:STREAM             1348293321.265622
 09 00 D2 03 40 04 00 00

001:004:000:STREAM             1348293321.271610
 09 00 D2 03 41 04 00 00

001:004:000:STREAM             1348293321.275566
 09 00 D3 03 41 04 00 00

001:004:000:STREAM             1348293321.281619
 09 00 D4 03 41 04 00 00

001:004:000:STREAM             1348293321.285653
 09 00 D4 03 42 04 00 00

001:004:000:STREAM             1348293321.291594
 09 00 D5 03 42 04 00 00

001:004:000:STREAM             1348293321.295635
 09 00 D5 03 43 04 00 00

001:004:000:STREAM             1348293321.301640
 09 00 D6 03 44 04 00 00

001:004:000:STREAM             1348293321.305630
 09 00 D7 03 44 04 00 00

001:004:000:STREAM             1348293321.311635
 09 00 D7 03 45 04 00 00

001:004:000:STREAM             1348293321.315633
 09 00 D8 03 45 04 00 00

001:004:000:STREAM             1348293321.325638
 09 00 D8 03 46 04 00 00

001:004:000:STREAM             1348293321.329642
 09 00 D9 03 46 04 00 00

001:004:000:STREAM             1348293321.339650
 09 00 D9 03 47 04 00 00

001:004:000:STREAM             1348293321.349650
 09 00 DA 03 48 04 00 00

001:004:000:STREAM             1348293321.363637
 09 00 DA 03 49 04 00 00

001:004:000:STREAM             1348293321.373653
 09 00 DB 03 49 04 00 00

001:004:000:STREAM             1348293321.381635
 09 00 DC 03 49 04 00 00

001:004:000:STREAM             1348293321.391648
 09 00 DD 03 49 04 00 00

001:004:000:STREAM             1348293321.399620
 09 00 DE 03 49 04 00 00

001:004:000:STREAM             1348293321.405617
 09 00 DE 03 48 04 00 00

001:004:000:STREAM             1348293321.409634
 09 00 DF 03 47 04 00 00

001:004:000:STREAM             1348293321.419650
 09 00 E0 03 46 04 00 00

001:004:000:STREAM             1348293321.423648
 09 00 E0 03 45 04 00 00

001:004:000:STREAM             1348293321.431649
 09 00 E1 03 45 04 00 00

001:004:000:STREAM             1348293321.477630
 09 00 E0 03 45 04 00 00

001:004:000:STREAM             1348293321.485619
 09 00 E0 03 44 04 00 00

001:004:000:STREAM             1348293321.489590
 09 00 E0 03 43 04 00 00

001:004:000:STREAM             1348293321.499623
 09 00 DF 03 42 04 00 00

001:004:000:STREAM             1348293321.503617
 09 00 DF 03 41 04 00 00

001:004:000:STREAM             1348293321.511640
 09 00 DF 03 40 04 00 00

001:004:000:STREAM             1348293321.517624
 09 00 DF 03 3F 04 00 00

001:004:000:STREAM             1348293321.521621
 09 00 DF 03 3E 04 00 00

001:004:000:STREAM             1348293321.529653
 09 00 DE 03 3D 04 00 00

001:004:000:STREAM             1348293321.605643
 09 00 DF 03 3E 04 00 00

001:004:000:STREAM             1348293321.619643
 09 00 DF 03 3F 04 00 00

001:004:000:STREAM             1348293321.623636
 09 00 E0 03 3F 04 00 00

001:004:000:STREAM             1348293321.635616
 09 00 E1 03 3F 04 00 00

001:004:000:STREAM             1348293321.649659
 09 00 E2 03 3F 04 00 00

001:004:000:STREAM             1348293321.657638
 09 00 E2 03 40 04 00 00

001:004:000:STREAM             1348293321.667599
 09 00 E3 03 40 04 00 00

001:004:000:STREAM             1348293321.671644
 09 00 E3 03 41 04 00 00

001:004:000:STREAM             1348293321.679650
 09 00 E3 03 42 04 00 00

001:004:000:STREAM             1348293321.685618
 09 00 E4 03 42 04 00 00

001:004:000:STREAM             1348293321.693637
 09 00 E4 03 43 04 00 00

001:004:000:STREAM             1348293321.701652
 09 00 E5 03 43 04 00 00

001:004:000:STREAM             1348293321.711747
 09 00 E5 03 44 04 00 00

001:004:000:STREAM             1348293321.715636
 09 00 E6 03 44 04 00 00

001:004:000:STREAM             1348293321.727618
 09 00 E7 03 44 04 00 00

001:004:000:STREAM             1348293321.737634
 09 00 E8 03 44 04 00 00

001:004:000:STREAM             1348293321.749640
 09 00 E9 03 44 04 00 00

001:004:000:STREAM             1348293321.757565
 09 00 EA 03 44 04 00 00

001:004:000:STREAM             1348293321.771629
 09 00 EB 03 44 04 00 00

001:004:000:STREAM             1348293321.783633
 09 00 EB 03 45 04 00 00

001:004:000:STREAM             1348293321.787648
 09 00 EB 03 46 04 00 00

001:004:000:STREAM             1348293321.797639
 09 00 EB 03 47 04 00 00

001:004:000:STREAM             1348293321.813639
 09 00 EB 03 48 04 00 00

001:004:000:STREAM             1348293321.827607
 09 00 EC 03 48 04 00 00

001:004:000:STREAM             1348293321.853651
 09 00 ED 03 48 04 00 00

001:004:000:STREAM             1348293321.873640
 09 00 EE 03 48 04 00 00

001:004:000:STREAM             1348293321.895630
 09 00 EF 03 48 04 00 00

001:004:000:STREAM             1348293321.899631
 09 00 EF 03 49 04 00 00

001:004:000:STREAM             1348293321.921637
 09 00 F0 03 49 04 00 00

001:004:000:STREAM             1348293321.943584
 09 00 F0 03 48 04 00 00

001:004:000:STREAM             1348293321.951638
 09 00 F1 03 47 04 00 00

001:004:000:STREAM             1348293321.955642
 09 00 F1 03 46 04 00 00

001:004:000:STREAM             1348293321.969620
 09 00 F1 03 45 04 00 00

001:004:000:STREAM             1348293321.973591
 09 00 F2 03 45 04 00 00

001:004:000:STREAM             1348293321.977628
 09 00 F2 03 44 04 00 00

001:004:000:STREAM             1348293322.019637
 09 00 F2 03 43 04 00 00

001:004:000:STREAM             1348293322.033651
 09 00 F2 03 42 04 00 00

001:004:000:STREAM             1348293322.041634
 09 00 F2 03 41 04 00 00

001:004:000:STREAM             1348293322.045640
 09 00 F2 03 40 04 00 00

001:004:000:STREAM             1348293322.053619
 09 00 F2 03 3F 04 00 00

001:004:000:STREAM             1348293322.057631
 09 00 F3 03 3F 04 00 00

001:004:000:STREAM             1348293322.091602
 09 00 F2 03 3F 04 00 00

001:004:000:STREAM             1348293322.099627
 09 00 F2 03 40 04 00 00

001:004:000:STREAM             1348293322.103645
 09 00 F2 03 41 04 00 00

001:004:000:STREAM             1348293322.107618
 09 00 F2 03 42 04 00 00

001:004:000:STREAM             1348293322.113618
 09 00 F1 03 43 04 00 00

001:004:000:STREAM             1348293322.117618
 09 00 F1 03 44 04 00 00

001:004:000:STREAM             1348293322.121616
 09 00 F0 03 44 04 00 00

001:004:000:STREAM             1348293322.125629
 09 00 F0 03 45 04 00 00

001:004:000:STREAM             1348293322.129569
 09 00 F0 03 46 04 00 00

001:004:000:STREAM             1348293322.133614
 09 00 F0 03 47 04 00 00

001:004:000:STREAM             1348293322.137640
 09 00 F0 03 48 04 00 00

001:004:000:STREAM             1348293322.141606
 09 00 F0 03 49 04 00 00

001:004:000:STREAM             1348293322.145588
 09 00 EF 03 4A 04 00 00

001:004:000:STREAM             1348293322.149601
 09 00 EF 03 4B 04 00 00

001:004:000:STREAM             1348293322.157652
 09 00 EF 03 4C 04 00 00

001:004:000:STREAM             1348293322.161612
 09 00 EF 03 4D 04 00 00

001:004:000:STREAM             1348293322.165632
 09 00 EF 03 4E 04 00 00

001:004:000:STREAM             1348293322.173635
 09 00 EF 03 4F 04 00 00

001:004:000:STREAM             1348293322.185637
 09 00 EF 03 50 04 00 00

001:004:000:STREAM             1348293322.189629
 09 00 EF 03 51 04 00 00

001:004:000:STREAM             1348293322.193598
 09 00 F0 03 51 04 00 00

001:004:000:STREAM             1348293322.197636
 09 00 F0 03 52 04 00 00

001:004:000:STREAM             1348293322.201639
 09 00 F1 03 53 04 00 00

001:004:000:STREAM             1348293322.211622
 09 00 F2 03 54 04 00 00

001:004:000:STREAM             1348293322.215636
 09 00 F2 03 55 04 00 00

001:004:000:STREAM             1348293322.219648
 09 00 F3 03 56 04 00 00

001:004:000:STREAM             1348293322.227658
 09 00 F3 03 57 04 00 00

001:004:000:STREAM             1348293322.231642
 09 00 F4 03 58 04 00 00

001:004:000:STREAM             1348293322.235617
 09 00 F4 03 59 04 00 00

001:004:000:STREAM             1348293322.243619
 09 00 F5 03 5A 04 00 00

001:004:000:STREAM             1348293322.259625
 09 00 F5 03 5B 04 00 00

001:004:000:STREAM             1348293322.279621
 09 00 F4 03 5B 04 00 00

001:004:000:STREAM             1348293322.287644
 09 00 F4 03 5A 04 00 00

001:004:000:STREAM             1348293322.291576
 09 00 F3 03 5A 04 00 00

001:004:000:STREAM             1348293322.299619
 09 00 F2 03 59 04 00 00

001:004:000:STREAM             1348293322.303619
 09 00 F2 03 58 04 00 00

001:004:000:STREAM             1348293322.307648
 09 00 F1 03 58 04 00 00

001:004:000:STREAM             1348293322.311621
 09 00 F1 03 57 04 00 00

001:004:000:STREAM             1348293322.315565
 09 00 F0 03 57 04 00 00

001:004:000:STREAM             1348293322.323662
 09 00 EF 03 56 04 00 00

001:004:000:STREAM             1348293322.329619
 09 00 EF 03 55 04 00 00

001:004:000:STREAM             1348293322.333635
 09 00 EF 03 53 04 00 00

001:004:000:STREAM             1348293322.337636
 09 00 EF 03 52 04 00 00

001:004:000:STREAM             1348293322.341581
 09 00 EF 03 51 04 00 00

001:004:000:STREAM             1348293322.345614
 09 00 EE 03 51 04 00 00

001:004:000:STREAM             1348293322.353612
 09 00 ED 03 51 04 00 00

001:004:000:STREAM             1348293322.361652
 09 00 EC 03 51 04 00 00

001:004:000:STREAM             1348293322.369636
 09 00 EB 03 51 04 00 00

001:004:000:STREAM             1348293322.371634
 09 00 EA 03 52 04 00 00

001:004:000:STREAM             1348293322.379636
 09 00 E9 03 52 04 00 00

001:004:000:STREAM             1348293322.383648
 09 00 E8 03 52 04 00 00

001:004:000:STREAM             1348293322.387638
 09 00 E7 03 52 04 00 00

001:004:000:STREAM             1348293322.391577
 09 00 E6 03 52 04 00 00

001:004:000:STREAM             1348293322.393596
 09 00 E5 03 51 04 00 00

001:004:000:STREAM             1348293322.397630
 09 00 E4 03 4F 04 00 00

001:004:000:STREAM             1348293322.401648
 09 00 E3 03 4D 04 00 00

001:004:000:STREAM             1348293322.405620
 09 00 E2 03 4A 04 00 00

001:004:000:STREAM             1348293322.409618
 09 00 E1 03 47 04 00 00

001:004:000:STREAM             1348293322.411645
 09 00 E1 03 43 04 00 00

001:004:000:STREAM             1348293322.415640
 09 00 E0 03 3F 04 00 00

001:004:000:STREAM             1348293322.419614
 09 00 DF 03 3A 04 00 00

001:004:000:STREAM             1348293322.423601
 09 00 DE 03 36 04 00 00

001:004:000:STREAM             1348293322.427602
 09 00 DD 03 30 04 00 00

001:004:000:STREAM             1348293322.429624
 09 00 DD 03 2A 04 00 00

001:004:000:STREAM             1348293322.433615
 09 00 DC 03 25 04 00 00

001:004:000:STREAM             1348293322.437549
 09 00 DC 03 1F 04 00 00

001:004:000:STREAM             1348293322.441600
 09 00 DB 03 18 04 00 00

001:004:000:STREAM             1348293322.443614
 09 00 DB 03 12 04 00 00

001:004:000:STREAM             1348293322.447635
 09 00 DB 03 0B 04 00 00

001:004:000:STREAM             1348293322.451619
 09 00 DA 03 04 04 00 00

001:004:000:STREAM             1348293322.455636
 09 00 DA 03 FE 03 00 00

001:004:000:STREAM             1348293322.457651
 09 00 D9 03 F8 03 00 00

001:004:000:STREAM             1348293322.461636
 09 00 D8 03 F3 03 00 00

001:004:000:STREAM             1348293322.465634
 09 00 D7 03 EF 03 00 00

001:004:000:STREAM             1348293322.469614
 09 00 D6 03 EA 03 00 00

001:004:000:STREAM             1348293322.471611
 09 00 D5 03 E6 03 00 00

001:004:000:STREAM             1348293322.475631
 09 00 D4 03 E3 03 00 00

001:004:000:STREAM             1348293322.479619
 09 00 D4 03 DF 03 00 00

001:004:000:STREAM             1348293322.483629
 09 00 D3 03 DC 03 00 00

001:004:000:STREAM             1348293322.487597
 09 00 D2 03 DA 03 00 00

001:004:000:STREAM             1348293322.489627
 09 00 D1 03 D7 03 00 00

001:004:000:STREAM             1348293322.493601
 09 00 D0 03 D5 03 00 00

001:004:000:STREAM             1348293322.497629
 09 00 CF 03 D3 03 00 00

001:004:000:STREAM             1348293322.501596
 09 00 CF 03 D1 03 00 00

001:004:000:STREAM             1348293322.505624
 09 00 CE 03 CF 03 00 00

001:004:000:STREAM             1348293322.509624
 09 00 CD 03 CC 03 00 00

001:004:000:STREAM             1348293322.513629
 09 00 CD 03 CB 03 00 00

001:004:000:STREAM             1348293322.515598
 09 00 CC 03 C9 03 00 00

001:004:000:STREAM             1348293322.519635
 09 00 CB 03 C7 03 00 00

001:004:000:STREAM             1348293322.523648
 09 00 CB 03 C4 03 00 00

001:004:000:STREAM             1348293322.527617
 09 00 CB 03 C2 03 00 00

001:004:000:STREAM             1348293322.531597
 09 00 CB 03 C1 03 00 00

001:004:000:STREAM             1348293322.535632
 09 00 CB 03 BF 03 00 00

001:004:000:STREAM             1348293322.539633
 09 00 CB 03 BE 03 00 00

001:004:000:STREAM             1348293322.543616
 09 00 CB 03 BC 03 00 00

001:004:000:STREAM             1348293322.547601
 09 00 CC 03 BB 03 00 00

001:004:000:STREAM             1348293322.555651
 09 00 CD 03 BA 03 00 00

001:004:000:STREAM             1348293322.559632
 09 00 CD 03 B9 03 00 00

001:004:000:STREAM             1348293322.563613
 09 00 CE 03 B9 03 00 00

001:004:000:STREAM             1348293322.567642
 09 00 CE 03 B8 03 00 00

001:004:000:STREAM             1348293322.569628
 09 00 CE 03 B7 03 00 00

001:004:000:STREAM             1348293322.573639
 09 00 CF 03 B7 03 00 00

001:004:000:STREAM             1348293322.589655
 09 00 D0 03 B7 03 00 00

001:004:000:STREAM             1348293322.597639
 09 00 D1 03 B7 03 00 00

001:004:000:STREAM             1348293322.601642
 09 00 D1 03 B8 03 00 00

001:004:000:STREAM             1348293322.603597
 09 00 D2 03 B9 03 00 00

001:004:000:STREAM             1348293322.607618
 09 00 D3 03 B9 03 00 00

001:004:000:STREAM             1348293322.611617
 09 00 D4 03 B9 03 00 00

001:004:000:STREAM             1348293322.615617
 09 00 D5 03 B9 03 00 00

001:004:000:STREAM             1348293322.619649
 09 00 D7 03 B8 03 00 00

001:004:000:STREAM             1348293322.623564
 09 00 D8 03 B7 03 00 00

001:004:000:STREAM             1348293322.625561
 09 00 DA 03 B6 03 00 00

001:004:000:STREAM             1348293322.629658
 09 00 DB 03 B4 03 00 00

001:004:000:STREAM             1348293322.633634
 09 00 DD 03 B2 03 00 00

001:004:000:STREAM             1348293322.637648
 09 00 DF 03 AF 03 00 00

001:004:000:STREAM             1348293322.641618
 09 00 E0 03 AC 03 00 00

001:004:000:STREAM             1348293322.643635
 09 00 E2 03 A9 03 00 00

001:004:000:STREAM             1348293322.647648
 09 00 E4 03 A5 03 00 00

001:004:000:STREAM             1348293322.651617
 09 00 E5 03 A2 03 00 00

001:004:000:STREAM             1348293322.655617
 09 00 E7 03 9E 03 00 00

001:004:000:STREAM             1348293322.659635
 09 00 E8 03 9B 03 00 00

001:004:000:STREAM             1348293322.661631
 09 00 EA 03 97 03 00 00

001:004:000:STREAM             1348293322.665613
 09 00 EC 03 94 03 00 00

001:004:000:STREAM             1348293322.669652
 09 00 ED 03 90 03 00 00

001:004:000:STREAM             1348293322.673603
 09 00 EF 03 8D 03 00 00

001:004:000:STREAM             1348293322.677600
 09 00 F0 03 8A 03 00 00

001:004:000:STREAM             1348293322.679596
 09 00 F1 03 87 03 00 00

001:004:000:STREAM             1348293322.683556
 09 00 F2 03 85 03 00 00

001:004:000:STREAM             1348293322.687638
 09 00 F3 03 83 03 00 00

001:004:000:STREAM             1348293322.691616
 09 00 F4 03 81 03 00 00

001:004:000:STREAM             1348293322.695563
 09 00 F4 03 7F 03 00 00

001:004:000:STREAM             1348293322.699587
 09 00 F5 03 7E 03 00 00

001:004:000:STREAM             1348293322.701580
 09 00 F5 03 7D 03 00 00

001:004:000:STREAM             1348293322.705595
 09 00 F5 03 7C 03 00 00

001:004:000:STREAM             1348293322.731603
 09 00 F4 03 7C 03 00 00

001:004:000:STREAM             1348293322.761602
 09 00 F3 03 7C 03 00 00

001:004:000:STREAM             1348293322.765571
 09 00 F3 03 7B 03 00 00

001:004:000:STREAM             1348293322.769554
 09 00 F3 03 7A 03 00 00

001:004:000:STREAM             1348293322.773571
 09 00 F3 03 79 03 00 00

001:004:000:STREAM             1348293322.775546
 09 00 F3 03 78 03 00 00

001:004:000:STREAM             1348293322.779597
 09 00 F3 03 77 03 00 00

001:004:000:STREAM             1348293322.783560
 09 00 F3 03 76 03 00 00

001:004:000:STREAM             1348293322.787559
 09 00 F3 03 75 03 00 00

001:004:000:STREAM             1348293322.791556
 09 00 F3 03 74 03 00 00

001:004:000:STREAM             1348293322.795567
 09 00 F3 03 73 03 00 00

001:004:000:STREAM             1348293322.799593
 09 00 F3 03 72 03 00 00

001:004:000:STREAM             1348293322.813602
 09 00 F4 03 72 03 00 00

001:004:000:STREAM             1348293322.817599
 09 00 F4 03 73 03 00 00

001:004:000:STREAM             1348293322.821578
 09 00 F4 03 74 03 00 00

001:004:000:STREAM             1348293322.829549
 09 00 F4 03 75 03 00 00

001:004:000:STREAM             1348293322.833562
 09 00 F4 03 77 03 00 00

001:004:000:STREAM             1348293322.837863
 09 00 F5 03 78 03 00 00

001:004:000:STREAM             1348293322.839606
 09 00 F5 03 79 03 00 00

001:004:000:STREAM             1348293322.843645
 09 00 F5 03 7A 03 00 00

001:004:000:STREAM             1348293322.847629
 09 00 F6 03 7B 03 00 00

001:004:000:STREAM             1348293322.855646
 09 00 F6 03 7C 03 00 00

001:004:000:STREAM             1348293322.859632
 09 00 F6 03 7D 03 00 00

001:004:000:STREAM             1348293322.863626
 09 00 F6 03 7E 03 00 00

001:004:000:STREAM             1348293322.867649
 09 00 F6 03 7F 03 00 00

001:004:000:STREAM             1348293322.871615
 09 00 F6 03 80 03 00 00

001:004:000:STREAM             1348293322.873630
 09 00 F6 03 81 03 00 00

001:004:000:STREAM             1348293322.877639
 09 00 F6 03 83 03 00 00

001:004:000:STREAM             1348293322.881640
 09 00 F6 03 84 03 00 00

001:004:000:STREAM             1348293322.885646
 09 00 F6 03 86 03 00 00

001:004:000:STREAM             1348293322.889646
 09 00 F6 03 88 03 00 00

001:004:000:STREAM             1348293322.893633
 09 00 F6 03 8A 03 00 00

001:004:000:STREAM             1348293322.897675
 09 00 F6 03 8C 03 00 00

001:004:000:STREAM             1348293322.899564
 09 00 F6 03 8E 03 00 00

001:004:000:STREAM             1348293322.903643
 09 00 F6 03 90 03 00 00

001:004:000:STREAM             1348293322.907614
 09 00 F6 03 92 03 00 00

001:004:000:STREAM             1348293322.911637
 09 00 F6 03 93 03 00 00

001:004:000:STREAM             1348293322.915614
 09 00 F6 03 95 03 00 00

001:004:000:STREAM             1348293322.919649
 09 00 F7 03 96 03 00 00

001:004:000:STREAM             1348293322.923634
 09 00 F7 03 97 03 00 00

001:004:000:STREAM             1348293322.925630
 09 00 F8 03 98 03 00 00

001:004:000:STREAM             1348293322.929608
 09 00 F8 03 99 03 00 00

001:004:000:STREAM             1348293322.933581
 09 00 F8 03 9A 03 00 00

001:004:000:STREAM             1348293322.937637
 09 00 F9 03 9B 03 00 00

001:004:000:STREAM             1348293322.941598
 09 00 F9 03 9C 03 00 00

001:004:000:STREAM             1348293322.945638
 09 00 F9 03 9D 03 00 00

001:004:000:STREAM             1348293322.951648
 09 00 FA 03 9D 03 00 00

001:004:000:STREAM             1348293322.955639
 09 00 FA 03 9E 03 00 00

001:004:000:STREAM             1348293322.959598
 09 00 FA 03 9F 03 00 00

001:004:000:STREAM             1348293322.967644
 09 00 FA 03 A0 03 00 00

001:004:000:STREAM             1348293322.981642
 09 00 FA 03 A1 03 00 00

001:004:000:STREAM             1348293322.989641
 09 00 FA 03 A3 03 00 00

001:004:000:STREAM             1348293322.993589
 09 00 FA 03 A4 03 00 00

001:004:000:STREAM             1348293323.001640
 09 00 FA 03 A5 03 00 00

001:004:000:STREAM             1348293323.005633
 09 00 FA 03 A6 03 00 00

001:004:000:STREAM             1348293323.015619
 09 00 FA 03 A7 03 00 00

001:004:000:STREAM             1348293323.027641
 09 00 FA 03 A8 03 00 00

001:004:000:STREAM             1348293323.071634
 09 00 FA 03 A7 03 00 00

001:004:000:STREAM             1348293323.075644
 09 00 FA 03 A6 03 00 00

001:004:000:STREAM             1348293323.091644
 09 00 FA 03 A7 03 00 00

001:004:000:STREAM             1348293323.095633
 09 00 FA 03 A8 03 00 00

001:004:000:STREAM             1348293323.099648
 09 00 FA 03 A9 03 00 00

001:004:000:STREAM             1348293323.103641
 09 00 FA 03 AA 03 00 00

001:004:000:STREAM             1348293323.107619
 09 00 FA 03 AB 03 00 00

001:004:000:STREAM             1348293323.109639
 09 00 FB 03 AC 03 00 00

001:004:000:STREAM             1348293323.113635
 09 00 FB 03 AD 03 00 00

001:004:000:STREAM             1348293323.117616
 09 00 FB 03 AE 03 00 00

001:004:000:STREAM             1348293323.121634
 09 00 FB 03 AF 03 00 00

001:004:000:STREAM             1348293323.125617
 09 00 FB 03 B0 03 00 00

001:004:000:STREAM             1348293323.133652
 09 00 FB 03 B1 03 00 00

001:004:000:STREAM             1348293323.137618
 09 00 FC 03 B1 03 00 00

001:004:000:STREAM             1348293323.147603
 09 00 FC 03 B2 03 00 00

001:004:000:STREAM             1348293323.163624
 09 00 FC 03 B3 03 00 00

001:004:000:STREAM             1348293323.167622
 09 00 FD 03 B3 03 00 00

001:004:000:STREAM             1348293323.171617
 09 00 FD 03 B4 03 00 00

001:004:000:STREAM             1348293323.179634
 09 00 FD 03 B5 03 00 00

001:004:000:STREAM             1348293323.183639
 09 00 FD 03 B6 03 00 00

001:004:000:STREAM             1348293323.187614
 09 00 FD 03 B7 03 00 00

001:004:000:STREAM             1348293323.197638
 09 00 FD 03 B8 03 00 00

001:004:000:STREAM             1348293323.201637
 09 00 FC 03 B9 03 00 00

001:004:000:STREAM             1348293323.205653
 09 00 FC 03 BB 03 00 00

001:004:000:STREAM             1348293323.209599
 09 00 FC 03 BC 03 00 00

001:004:000:STREAM             1348293323.213601
 09 00 FB 03 BE 03 00 00

001:004:000:STREAM             1348293323.217639
 09 00 FB 03 BF 03 00 00

001:004:000:STREAM             1348293323.221637
 09 00 FB 03 C1 03 00 00

001:004:000:STREAM             1348293323.225649
 09 00 FB 03 C2 03 00 00

001:004:000:STREAM             1348293323.229622
 09 00 FB 03 C4 03 00 00

001:004:000:STREAM             1348293323.231596
 09 00 FB 03 C5 03 00 00

001:004:000:STREAM             1348293323.235649
 09 00 FB 03 C7 03 00 00

001:004:000:STREAM             1348293323.239622
 09 00 FB 03 C8 03 00 00

001:004:000:STREAM             1348293323.243639
 09 00 FB 03 C9 03 00 00

001:004:000:STREAM             1348293323.247740
 09 00 FB 03 CA 03 00 00

001:004:000:STREAM             1348293323.259629
 09 00 FC 03 CB 03 00 00

001:004:000:STREAM             1348293323.267558
 09 00 FD 03 CB 03 00 00

001:004:000:STREAM             1348293323.301668
 09 00 FE 03 CB 03 00 00

001:004:000:STREAM             1348293323.317652
 09 00 FE 03 CC 03 00 00

001:004:000:STREAM             1348293323.339653
 09 00 FE 03 CD 03 00 00

001:004:000:STREAM             1348293323.351623
 09 00 FE 03 CE 03 00 00

001:004:000:STREAM             1348293323.359579
 09 00 FE 03 CF 03 00 00

001:004:000:STREAM             1348293323.367653
 09 00 FE 03 D0 03 00 00

001:004:000:STREAM             1348293323.395656
 09 00 FF 03 D0 03 00 00

001:004:000:STREAM             1348293323.453637
 09 00 FF 03 D1 03 00 00

001:004:000:STREAM             1348293323.457637
 09 00 00 04 D1 03 00 00

001:004:000:STREAM             1348293323.465611
 09 00 00 04 D2 03 00 00

001:004:000:STREAM             1348293323.475641
 09 00 01 04 D2 03 00 00

001:004:000:STREAM             1348293323.483635
 09 00 01 04 D3 03 00 00

001:004:000:STREAM             1348293323.491625
 09 00 02 04 D3 03 00 00

001:004:000:STREAM             1348293323.499620
 09 00 03 04 D4 03 00 00

001:004:000:STREAM             1348293323.507623
 09 00 04 04 D4 03 00 00

001:004:000:STREAM             1348293323.519643
 09 00 05 04 D4 03 00 00

001:004:000:STREAM             1348293323.523611
 09 00 06 04 D4 03 00 00

001:004:000:STREAM             1348293323.527634
 09 00 06 04 D5 03 00 00

001:004:000:STREAM             1348293323.543621
 09 00 07 04 D5 03 00 00

001:004:000:STREAM             1348293323.567631
 09 00 07 04 D4 03 00 00

001:004:000:STREAM             1348293323.571603
 09 00 08 04 D3 03 00 00

001:004:000:STREAM             1348293323.579651
 09 00 08 04 D2 03 00 00

001:004:000:STREAM             1348293323.583613
 09 00 09 04 D1 03 00 00

001:004:000:STREAM             1348293323.595632
 09 00 09 04 D0 03 00 00

001:004:000:STREAM             1348293323.599639
 09 00 0A 04 CF 03 00 00

001:004:000:STREAM             1348293323.611648
 09 00 0B 04 CF 03 00 00

001:004:000:STREAM             1348293323.623652
 09 00 0B 04 D0 03 00 00

001:004:000:STREAM             1348293323.635621
 09 00 0B 04 D1 03 00 00

001:004:000:STREAM             1348293323.687638
 09 00 0C 04 D1 03 00 00

001:004:000:STREAM             1348293323.707662
 09 00 0C 04 D2 03 00 00

001:004:000:STREAM             1348293323.715597
 09 00 0C 04 D3 03 00 00

001:004:000:STREAM             1348293323.719660
 09 00 0C 04 D4 03 00 00

001:004:000:STREAM             1348293323.723615
 09 00 0C 04 D5 03 00 00

001:004:000:STREAM             1348293323.731653
 09 00 0C 04 D6 03 00 00

001:004:000:STREAM             1348293323.735636
 09 00 0C 04 D7 03 00 00

001:004:000:STREAM             1348293323.739647
 09 00 0B 04 D8 03 00 00

001:004:000:STREAM             1348293323.743649
 09 00 0B 04 D9 03 00 00

001:004:000:STREAM             1348293323.751610
 09 00 0B 04 DA 03 00 00

001:004:000:STREAM             1348293323.755633
 09 00 0B 04 DB 03 00 00

001:004:000:STREAM             1348293323.767638
 09 00 0B 04 DC 03 00 00

001:004:000:STREAM             1348293323.787643
 09 00 0C 04 DC 03 00 00

001:004:000:STREAM             1348293323.799638
 09 00 0D 04 DC 03 00 00

001:004:000:STREAM             1348293323.803631
 09 00 0D 04 DB 03 00 00

001:004:000:STREAM             1348293323.813635
 09 00 0D 04 DA 03 00 00

001:004:000:STREAM             1348293323.821626
 09 00 0D 04 D9 03 00 00

001:004:000:STREAM             1348293323.825624
 09 00 0E 04 D9 03 00 00

001:004:000:STREAM             1348293323.833636
 09 00 0F 04 D9 03 00 00

001:004:000:STREAM             1348293323.837638
 09 00 0F 04 D8 03 00 00

001:004:000:STREAM             1348293323.845658
 09 00 10 04 D8 03 00 00

001:004:000:STREAM             1348293323.853628
 09 00 10 04 D7 03 00 00

001:004:000:STREAM             1348293323.857635
 09 00 10 04 D6 03 00 00

001:004:000:STREAM             1348293323.865649
 09 00 10 04 D5 03 00 00

001:004:000:STREAM             1348293323.869618
 09 00 11 04 D5 03 00 00

001:004:000:STREAM             1348293323.873606
 09 00 11 04 D4 03 00 00

001:004:000:STREAM             1348293323.881641
 09 00 11 04 D3 03 00 00

001:004:000:STREAM             1348293323.889652
 09 00 11 04 D2 03 00 00

001:004:000:STREAM             1348293323.897618
 09 00 11 04 D1 03 00 00

001:004:000:STREAM             1348293323.909619
 09 00 11 04 D0 03 00 00

001:004:000:STREAM             1348293323.937640
 09 00 11 04 CF 03 00 00

001:004:000:STREAM             1348293323.979633
 09 00 11 04 CE 03 00 00

001:004:000:STREAM             1348293323.987602
 09 00 10 04 CE 03 00 00

001:004:000:STREAM             1348293323.991597
 09 00 10 04 CD 03 00 00

001:004:000:STREAM             1348293324.007627
 09 00 10 04 CC 03 00 00

001:004:000:STREAM             1348293324.043634
 09 00 10 04 CB 03 00 00

001:004:000:STREAM             1348293324.177648
 09 00 0F 04 CB 03 00 00

001:004:000:STREAM             1348293324.203631
 09 00 0E 04 CB 03 00 00

001:004:000:STREAM             1348293324.207642
 09 00 0E 04 CC 03 00 00

001:004:000:STREAM             1348293324.227627
 09 00 0E 04 CD 03 00 00

001:004:000:STREAM             1348293324.235564
 09 00 0D 04 CD 03 00 00

001:004:000:STREAM             1348293324.251629
 09 00 0C 04 CE 03 00 00

001:004:000:STREAM             1348293324.283632
 09 00 0C 04 CD 03 00 00

001:004:000:STREAM             1348293324.291562
 09 00 0C 04 CC 03 00 00

001:004:000:STREAM             1348293324.329638
 09 00 0C 04 CD 03 00 00

001:004:000:STREAM             1348293324.333637
 09 00 0B 04 CD 03 00 00

001:004:000:STREAM             1348293324.365658
 09 00 0C 04 CD 03 00 00

001:004:000:STREAM             1348293324.403630
 09 00 0B 04 CD 03 00 00

001:004:000:STREAM             1348293324.419559
 09 00 0A 04 CD 03 00 00

001:004:000:STREAM             1348293324.431670
 09 00 09 04 CD 03 00 00

001:004:000:STREAM             1348293324.439632
 09 00 08 04 CD 03 00 00

001:004:000:STREAM             1348293324.457670
 09 00 08 04 CC 03 00 00

001:004:000:STREAM             1348293324.461641
 09 00 07 04 CC 03 00 00

001:004:000:STREAM             1348293324.465622
 09 00 06 04 CC 03 00 00

001:004:000:STREAM             1348293324.469631
 09 00 06 04 CB 03 00 00

001:004:000:STREAM             1348293324.507645
 09 00 05 04 CB 03 00 00

001:004:000:STREAM             1348293324.523624
 09 00 04 04 CB 03 00 00

001:004:000:STREAM             1348293324.581636
 09 00 05 04 CB 03 00 00

001:004:000:STREAM             1348293324.623636
 09 00 05 04 CC 03 00 00

001:004:000:STREAM             1348293324.639611
 09 00 05 04 CD 03 00 00

001:004:000:STREAM             1348293324.651658
 09 00 06 04 CD 03 00 00

001:004:000:STREAM             1348293324.667624
 09 00 06 04 CE 03 00 00

001:004:000:STREAM             1348293324.679619
 09 00 05 04 CE 03 00 00

001:004:000:STREAM             1348293324.685618
 09 00 05 04 CF 03 00 00

001:004:000:STREAM             1348293324.705673
 09 00 05 04 D0 03 00 00

001:004:000:STREAM             1348293324.717652
 09 00 05 04 D1 03 00 00

001:004:000:STREAM             1348293324.725648
 09 00 04 04 D1 03 00 00

001:004:000:STREAM             1348293324.729653
 09 00 04 04 D2 03 00 00

001:004:000:STREAM             1348293324.733564
 09 00 04 04 D3 03 00 00

001:004:000:STREAM             1348293324.813643
 09 00 04 04 D2 03 00 00

001:004:000:STREAM             1348293324.853635
 09 00 04 04 D1 03 00 00

001:004:000:STREAM             1348293324.873644
 09 00 04 04 D0 03 00 00

001:004:000:STREAM             1348293324.877645
 09 00 05 04 D0 03 00 00

001:004:000:STREAM             1348293324.897633
 09 00 05 04 CF 03 00 00

001:004:000:STREAM             1348293324.905614
 09 00 06 04 CF 03 00 00

001:004:000:STREAM             1348293324.957637
 09 00 06 04 D0 03 00 00

001:004:000:STREAM             1348293324.971654
 09 00 06 04 D1 03 00 00

001:004:000:STREAM             1348293325.015635
 09 00 06 04 D2 03 00 00

001:004:000:STREAM             1348293325.031665
 09 00 06 04 D3 03 00 00

001:004:000:STREAM             1348293325.059643
 09 00 05 04 D3 03 00 00

001:004:000:STREAM             1348293325.067642
 09 00 05 04 D4 03 00 00

001:004:000:STREAM             1348293325.111635
 09 00 05 04 D5 03 00 00

001:004:000:STREAM             1348293325.137632
 09 00 05 04 D6 03 00 00

001:004:000:STREAM             1348293325.145623
 09 00 05 04 D7 03 00 00

001:004:000:STREAM             1348293325.161652
 09 00 04 04 D8 03 00 00

001:004:000:STREAM             1348293325.177620
 09 00 03 04 D8 03 00 00

001:004:000:STREAM             1348293325.185622
 09 00 03 04 D9 03 00 00

001:004:000:STREAM             1348293325.193626
 09 00 03 04 DA 03 00 00

001:004:000:STREAM             1348293325.201623
 09 00 03 04 DB 03 00 00

001:004:000:STREAM             1348293325.209642
 09 00 03 04 DC 03 00 00

001:004:000:STREAM             1348293325.217654
 09 00 03 04 DD 03 00 00

001:004:000:STREAM             1348293325.221632
 09 00 03 04 DE 03 00 00

001:004:000:STREAM             1348293325.225629
 09 00 02 04 DE 03 00 00

001:004:000:STREAM             1348293325.233601
 09 00 02 04 DF 03 00 00

001:004:000:STREAM             1348293325.241648
 09 00 02 04 E0 03 00 00

001:004:000:STREAM             1348293325.251639
 09 00 02 04 E1 03 00 00

001:004:000:STREAM             1348293325.259637
 09 00 02 04 E2 03 00 00

001:004:000:STREAM             1348293325.263637
 09 00 02 04 E3 03 00 00

001:004:000:STREAM             1348293325.275587
 09 00 03 04 E3 03 00 00

001:004:000:STREAM             1348293325.279651
 09 00 04 04 E5 03 00 00

001:004:000:STREAM             1348293325.283627
 09 00 04 04 E6 03 00 00

001:004:000:STREAM             1348293325.291581
 09 02 04 04 E7 03 00 00

001:004:000:STREAM             1348293325.303598
 09 02 04 04 E8 03 00 00

001:004:000:STREAM             1348293325.313631
 09 02 04 04 E9 03 00 00

001:004:000:STREAM             1348293325.321620
 09 02 04 04 EA 03 00 00

001:004:000:STREAM             1348293325.325632
 09 02 04 04 EB 03 00 00

001:004:000:STREAM             1348293325.333621
 09 02 04 04 EC 03 00 00

001:004:000:STREAM             1348293325.337592
 09 02 04 04 ED 03 00 00

001:004:000:STREAM             1348293325.353627
 09 02 04 04 EE 03 00 00

001:004:000:STREAM             1348293325.457646
 09 02 03 04 EE 03 00 00

001:004:000:STREAM             1348293325.465631
 09 02 03 04 ED 03 00 00

001:004:000:STREAM             1348293325.469631
 09 02 03 04 EC 03 00 00

001:004:000:STREAM             1348293325.473639
 09 02 04 04 EC 03 00 00

001:004:000:STREAM             1348293325.477634
 09 00 04 04 EC 03 00 00

001:004:000:STREAM             1348293325.481652
 09 00 04 04 EB 03 00 00

001:004:000:STREAM             1348293325.489580
 09 00 03 04 EB 03 00 00

001:004:000:STREAM             1348293325.493644
 09 00 03 04 EA 03 00 00

001:004:000:STREAM             1348293325.501621
 09 00 03 04 E9 03 00 00

001:004:000:STREAM             1348293325.505632
 09 00 03 04 E8 03 00 00

001:004:000:STREAM             1348293325.515631
 09 00 02 04 E7 03 00 00

001:004:000:STREAM             1348293325.527640
 09 00 02 04 E6 03 00 00

001:004:000:STREAM             1348293325.535637
 09 00 02 04 E5 03 00 00

001:004:000:STREAM             1348293325.553644
 09 00 02 04 E4 03 00 00

001:004:000:STREAM             1348293325.569656
 09 00 01 04 E4 03 00 00

001:004:000:STREAM             1348293325.581662
 09 00 01 04 E3 03 00 00

001:004:000:STREAM             1348293325.607639
 09 00 02 04 E3 03 00 00

001:004:000:STREAM             1348293325.615625
 09 00 02 04 E2 03 00 00

001:004:000:STREAM             1348293325.619632
 09 00 01 04 E2 03 00 00

001:004:000:STREAM             1348293325.631624
 09 00 01 04 E1 03 00 00

001:004:000:STREAM             1348293325.641555
 09 00 02 04 E1 03 00 00

001:004:000:STREAM             1348293325.665642
 09 00 01 04 E1 03 00 00

001:004:000:STREAM             1348293325.687632
 09 00 02 04 E1 03 00 00

001:004:000:STREAM             1348293325.707655
 09 00 02 04 E0 03 00 00

001:004:000:STREAM             1348293325.749636
 09 00 02 04 DF 03 00 00

001:004:000:STREAM             1348293325.761652
 09 00 03 04 DF 03 00 00

001:004:000:STREAM             1348293325.765601
 09 00 03 04 DE 03 00 00

001:004:000:STREAM             1348293325.779636
 09 00 03 04 DD 03 00 00

001:004:000:STREAM             1348293325.795600
 09 00 04 04 DD 03 00 00

001:004:000:STREAM             1348293325.807598
 09 00 04 04 DC 03 00 00

001:004:000:STREAM             1348293325.951668
 09 00 05 04 DB 03 00 00

001:004:000:STREAM             1348293325.997640
 09 00 05 04 DA 03 00 00

001:004:000:STREAM             1348293326.033637
 09 00 04 04 DA 03 00 00

001:004:000:STREAM             1348293326.067634
 09 00 04 04 DB 03 00 00

001:004:000:STREAM             1348293326.133639
 09 00 05 04 DB 03 00 00

001:004:000:STREAM             1348293326.143640
 09 00 04 04 DB 03 00 00

001:004:000:STREAM             1348293326.217641
 09 00 05 04 DB 03 00 00

001:004:000:STREAM             1348293326.263636
 09 00 04 04 DB 03 00 00

001:004:000:STREAM             1348293326.331642
 09 00 05 04 DB 03 00 00

001:004:000:STREAM             1348293326.343634
 09 00 04 04 DB 03 00 00

001:004:000:STREAM             1348293326.405640
 09 00 04 04 DC 03 00 00

001:004:000:STREAM             1348293326.543651
 09 00 03 04 DC 03 00 00

001:004:000:STREAM             1348293326.565631
 09 00 04 04 DC 03 00 00

001:004:000:STREAM             1348293326.649645
 09 00 03 04 DC 03 00 00

001:004:000:STREAM             1348293326.669656
 09 00 03 04 DB 03 00 00

001:004:000:STREAM             1348293326.817656
 09 00 04 04 DB 03 00 00

001:004:000:STREAM             1348293326.829634
 09 00 03 04 DB 03 00 00

001:004:000:STREAM             1348293326.901646
 09 00 02 04 DB 03 00 00

001:004:000:STREAM             1348293326.993647
 09 00 02 04 DC 03 00 00

001:004:000:STREAM             1348293326.997649
 09 00 01 04 DC 03 00 00

001:004:000:STREAM             1348293327.143653
 09 00 00 04 DC 03 00 00

001:004:000:STREAM             1348293327.231649
 09 00 FF 03 DC 03 00 00

001:004:000:STREAM             1348293327.295651
 09 00 00 04 DC 03 00 00

001:004:000:STREAM             1348293327.325604
 09 00 FF 03 DC 03 00 00

001:004:000:STREAM             1348293327.389641
 09 00 FF 03 DD 03 00 00

001:004:000:STREAM             1348293327.417645
 09 00 FF 03 DE 03 00 00

001:004:000:STREAM             1348293327.489643
 09 00 FF 03 DF 03 00 00

001:004:000:STREAM             1348293327.523661
 09 00 00 04 DF 03 00 00

001:004:000:STREAM             1348293327.525640
 09 00 FF 03 DF 03 00 00

001:004:000:STREAM             1348293327.533620
 09 00 FF 03 E0 03 00 00

001:004:000:STREAM             1348293327.545619
 09 00 FE 03 E0 03 00 00

001:004:000:STREAM             1348293327.595637
 09 00 FE 03 E1 03 00 00

001:004:000:STREAM             1348293327.625592
 09 00 FE 03 E2 03 00 00

001:004:000:STREAM             1348293327.639638
 09 00 FE 03 E3 03 00 00

001:004:000:STREAM             1348293327.643622
 09 00 FD 03 E3 03 00 00

001:004:000:STREAM             1348293327.689669
 09 00 FC 03 E3 03 00 00

001:004:000:STREAM             1348293327.715667
 09 00 FC 03 E4 03 00 00

001:004:000:STREAM             1348293327.745603
 09 00 FC 03 E5 03 00 00

001:004:000:STREAM             1348293327.865652
 09 00 FC 03 E6 03 00 00

001:004:000:STREAM             1348293327.883650
 09 00 FB 03 E6 03 00 00

001:004:000:STREAM             1348293327.913670
 09 00 FB 03 E7 03 00 00

001:004:000:STREAM             1348293327.917620
 09 00 FC 03 E7 03 00 00

001:004:000:STREAM             1348293327.943632
 09 00 FB 03 E7 03 00 00

001:004:000:STREAM             1348293327.993638
 09 00 FB 03 E6 03 00 00

001:004:000:STREAM             1348293328.053640
 09 00 FB 03 E7 03 00 00

001:004:000:STREAM             1348293328.089656
 09 00 FB 03 E8 03 00 00

001:004:000:STREAM             1348293328.191646
 09 00 FB 03 E7 03 00 00

001:004:000:STREAM             1348293328.217637
 09 00 FB 03 E6 03 00 00

001:004:000:STREAM             1348293328.289644
 09 00 FC 03 E6 03 00 00

001:004:000:STREAM             1348293328.297605
 09 00 FC 03 E5 03 00 00

001:004:000:STREAM             1348293328.345638
 09 00 FD 03 E5 03 00 00

001:004:000:STREAM             1348293328.365633
 09 00 FE 03 E5 03 00 00

001:004:000:STREAM             1348293328.415641
 09 00 FF 03 E5 03 00 00

001:004:000:STREAM             1348293328.453658
 09 00 00 04 E5 03 00 00

001:004:000:STREAM             1348293328.475638
 09 00 00 04 E4 03 00 00

001:004:000:STREAM             1348293328.501655
 09 00 01 04 E4 03 00 00

001:004:000:STREAM             1348293328.505605
 09 00 01 04 E3 03 00 00

001:004:000:STREAM             1348293328.537647
 09 00 01 04 E4 03 00 00

001:004:000:STREAM             1348293328.555627
 09 00 01 04 E5 03 00 00

001:004:000:STREAM             1348293328.563620
 09 00 01 04 E6 03 00 00

001:004:000:STREAM             1348293328.575625
 09 00 01 04 E7 03 00 00

001:004:000:STREAM             1348293328.585626
 09 00 00 04 E8 03 00 00

001:004:000:STREAM             1348293328.635639
 09 00 00 04 E7 03 00 00

001:004:000:STREAM             1348293328.711643
 09 00 00 04 E6 03 00 00

001:004:000:STREAM             1348293328.727648
 09 00 01 04 E6 03 00 00

001:004:000:STREAM             1348293328.731622
 09 00 00 04 E6 03 00 00

001:004:000:STREAM             1348293328.761636
 09 00 00 04 E5 03 00 00

001:004:000:STREAM             1348293328.789647
 09 00 00 04 E4 03 00 00

001:004:000:STREAM             1348293328.795633
 09 00 00 04 E3 03 00 00

001:004:000:STREAM             1348293328.845656
 09 00 00 04 E2 03 00 00

001:004:000:STREAM             1348293328.867631
 09 00 00 04 E1 03 00 00

001:004:000:STREAM             1348293328.883654
 09 00 01 04 E1 03 00 00

001:004:000:STREAM             1348293328.895633
 09 00 01 04 E0 03 00 00

001:004:000:STREAM             1348293328.941649
 09 00 00 04 E0 03 00 00

001:004:000:STREAM             1348293328.989637
 09 00 FF 03 E0 03 00 00

001:004:000:STREAM             1348293328.993601
 09 00 FF 03 E1 03 00 00

001:004:000:STREAM             1348293328.997637
 09 00 FF 03 E2 03 00 00

001:004:000:STREAM             1348293329.005649
 09 00 FE 03 E2 03 00 00

001:004:000:STREAM             1348293329.021623
 09 00 FE 03 E3 03 00 00

001:004:000:STREAM             1348293329.035653
 09 00 FE 03 E4 03 00 00

001:004:000:STREAM             1348293329.051626
 09 00 FD 03 E4 03 00 00

001:004:000:STREAM             1348293329.173664
 09 00 FC 03 E4 03 00 00

001:004:000:STREAM             1348293329.241650
 09 00 FC 03 E5 03 00 00

001:004:000:STREAM             1348293329.307642
 09 00 FB 03 E5 03 00 00

001:004:000:STREAM             1348293329.413650
 09 00 FB 03 E6 03 00 00

001:004:000:STREAM             1348293329.567655
 09 00 FA 03 E6 03 00 00

001:004:000:STREAM             1348293329.697655
 09 00 FA 03 E7 03 00 00

001:004:000:STREAM             1348293329.741630
 09 00 FA 03 E8 03 00 00

001:004:000:STREAM             1348293329.819646
 09 00 FB 03 E8 03 00 00

001:004:000:STREAM             1348293329.883642
 09 00 FA 03 E8 03 00 00

001:004:000:STREAM             1348293329.925638
 09 00 FA 03 E9 03 00 00

001:004:000:STREAM             1348293329.963655
 09 00 FB 03 E9 03 00 00

001:004:000:STREAM             1348293330.043646
 09 00 FA 03 E9 03 00 00

001:004:000:STREAM             1348293330.109638
 09 00 FA 03 EA 03 00 00

001:004:000:STREAM             1348293330.187645
 09 00 FA 03 E9 03 00 00

001:004:000:STREAM             1348293330.199639
 09 00 FA 03 E8 03 00 00

001:004:000:STREAM             1348293330.221630
 09 00 FB 03 E8 03 00 00

001:004:000:STREAM             1348293330.237623
 09 00 FB 03 E7 03 00 00

001:004:000:STREAM             1348293330.287637
 09 00 FA 03 E7 03 00 00

001:004:000:STREAM             1348293330.297626
 09 00 F9 03 E7 03 00 00

001:004:000:STREAM             1348293330.365646
 09 00 F9 03 E8 03 00 00

001:004:000:STREAM             1348293330.543664
 09 00 F9 03 E7 03 00 00

001:004:000:STREAM             1348293330.559646
 09 00 FA 03 E7 03 00 00

001:004:000:STREAM             1348293330.661648
 09 00 FA 03 E6 03 00 00

001:004:000:STREAM             1348293330.681659
 09 00 FA 03 E5 03 00 00

001:004:000:STREAM             1348293330.695632
 09 00 FA 03 E4 03 00 00

001:004:000:STREAM             1348293330.725660
 09 00 FA 03 E3 03 00 00

001:004:000:STREAM             1348293330.729602
 09 00 FB 03 E3 03 00 00

001:004:000:STREAM             1348293330.737651
 09 00 FB 03 E2 03 00 00

001:004:000:STREAM             1348293330.745640
 09 00 FA 03 E2 03 00 00

001:004:000:STREAM             1348293330.783635
 09 00 FB 03 E2 03 00 00

001:004:000:STREAM             1348293330.801662
 09 00 FB 03 E1 03 00 00

001:004:000:STREAM             1348293330.809619
 09 00 FC 03 E1 03 00 00

001:004:000:STREAM             1348293330.839635
 09 00 FC 03 E0 03 00 00

001:004:000:STREAM             1348293330.851628
 09 00 FD 03 E0 03 00 00

001:004:000:STREAM             1348293330.859622
 09 00 FD 03 DF 03 00 00

001:004:000:STREAM             1348293330.899637
 09 00 FD 03 DE 03 00 00

001:004:000:STREAM             1348293330.949611
 09 00 FD 03 DD 03 00 00

001:004:000:STREAM             1348293330.987638
 09 00 FD 03 DE 03 00 00

001:004:000:STREAM             1348293330.995621
 09 00 FC 03 DE 03 00 00

001:004:000:STREAM             1348293331.007651
 09 00 FC 03 DF 03 00 00

001:004:000:STREAM             1348293331.015624
 09 00 FC 03 E0 03 00 00

001:004:000:STREAM             1348293331.021651
 09 00 FB 03 E0 03 00 00

001:004:000:STREAM             1348293331.025631
 09 00 FB 03 E1 03 00 00

001:004:000:STREAM             1348293331.033657
 09 00 FB 03 E2 03 00 00

001:004:000:STREAM             1348293331.063671
 09 00 FA 03 E2 03 00 00

001:004:000:STREAM             1348293331.079656
 09 00 FB 03 E2 03 00 00

001:004:000:STREAM             1348293331.113638
 09 00 FB 03 E1 03 00 00

001:004:000:STREAM             1348293331.131639
 09 00 FB 03 E0 03 00 00

001:004:000:STREAM             1348293331.151635
 09 00 FB 03 DF 03 00 00

001:004:000:STREAM             1348293331.189672
 09 00 FB 03 DE 03 00 00

001:004:000:STREAM             1348293331.223636
 09 00 FB 03 DD 03 00 00

001:004:000:STREAM             1348293331.233623
 09 00 FB 03 DC 03 00 00

001:004:000:STREAM             1348293331.245597
 09 00 FC 03 DC 03 00 00

001:004:000:STREAM             1348293331.257618
 09 00 FC 03 DB 03 00 00

001:004:000:STREAM             1348293331.265623
 09 00 FC 03 DA 03 00 00

001:004:000:STREAM             1348293331.275632
 09 00 FD 03 DA 03 00 00

001:004:000:STREAM             1348293331.279637
 09 00 FD 03 D9 03 00 00

001:004:000:STREAM             1348293331.325639
 09 00 FD 03 D8 03 00 00

001:004:000:STREAM             1348293331.337611
 09 00 FD 03 D7 03 00 00

001:004:000:STREAM             1348293331.401657
 09 00 FC 03 D7 03 00 00

001:004:000:STREAM             1348293331.519649
 09 00 FB 03 D7 03 00 00

001:004:000:STREAM             1348293331.535647
 09 00 FB 03 D8 03 00 00

001:004:000:STREAM             1348293331.551662
 09 00 FB 03 D9 03 00 00

001:004:000:STREAM             1348293331.563654
 09 00 FB 03 DA 03 00 00

001:004:000:STREAM             1348293331.569633
 09 00 FA 03 DB 03 00 00

001:004:000:STREAM             1348293331.573570
 09 00 FA 03 DC 03 00 00

001:004:000:STREAM             1348293331.585662
 09 00 FA 03 DD 03 00 00

001:004:000:STREAM             1348293331.597624
 09 00 FA 03 DE 03 00 00

001:004:000:STREAM             1348293331.609619
 09 00 F9 03 DE 03 00 00

001:004:000:STREAM             1348293331.627650
 09 00 FA 03 DE 03 00 00

001:004:000:STREAM             1348293331.677640
 09 00 FB 03 DE 03 00 00

001:004:000:STREAM             1348293331.877669
 09 00 FC 03 DE 03 00 00

001:004:000:STREAM             1348293331.967586
 09 00 FC 03 DF 03 00 00

001:004:000:STREAM             1348293331.993634
 09 00 FC 03 E0 03 00 00

001:004:000:STREAM             1348293332.085649
 09 00 FC 03 E1 03 00 00

001:004:000:STREAM             1348293332.097642
 09 00 FB 03 E1 03 00 00

001:004:000:STREAM             1348293332.101602
 09 00 FB 03 E2 03 00 00

001:004:000:STREAM             1348293332.287662
 09 00 FB 03 E1 03 00 00

001:004:000:STREAM             1348293332.327643
 09 00 FA 03 E1 03 00 00

001:004:000:STREAM             1348293332.349625
 09 00 FA 03 E2 03 00 00

001:004:000:STREAM             1348293332.377603
 09 00 FB 03 E2 03 00 00

001:004:000:STREAM             1348293332.751700
 09 00 FA 03 E2 03 00 00

001:004:000:STREAM             1348293332.759621
 09 00 FA 03 E3 03 00 00

001:004:000:STREAM             1348293332.769660
 09 00 FA 03 E4 03 00 00

001:004:000:STREAM             1348293332.797637
 09 00 F9 03 E4 03 00 00

001:004:000:STREAM             1348293332.887674
 09 00 F9 03 E5 03 00 00

001:004:000:STREAM             1348293332.925655
 09 00 F9 03 E6 03 00 00

001:004:000:STREAM             1348293332.941642
 09 00 F8 03 E6 03 00 00

001:004:000:STREAM             1348293333.251682
 09 00 F7 03 E6 03 00 00

001:004:000:STREAM             1348293333.349650
 09 00 F7 03 E6 03 00 00

001:004:000:STREAM             1348293333.353630
 09 00 F7 03 E6 03 00 00

001:004:000:STREAM             1348293333.387663
 09 04 F7 03 E7 03 00 00

001:004:000:STREAM             1348293333.601670
 09 04 F6 03 E7 03 00 00

001:004:000:STREAM             1348293333.687665
 09 00 F6 03 E7 03 00 00

001:004:000:STREAM             1348293333.691631
 09 00 F6 03 E7 03 00 00

001:004:000:STREAM             1348293333.757644
 09 00 F6 03 E6 03 00 00

001:004:000:STREAM             1348293333.777653
 09 00 F6 03 E5 03 00 00

001:004:000:STREAM             1348293333.805650
 09 00 F6 03 E4 03 00 00

001:004:000:STREAM             1348293333.947658
 09 00 F6 03 E3 03 00 00

001:004:000:STREAM             1348293334.173701
 09 00 F6 03 E4 03 00 00

001:004:000:STREAM             1348293334.473685
 09 00 F6 03 E5 03 00 00

001:004:000:STREAM             1348293334.545646
 09 00 F5 03 E5 03 00 00

001:004:000:STREAM             1348293334.579637
 09 00 F6 03 E5 03 00 00

001:004:000:STREAM             1348293334.591656
 09 00 F6 03 E6 03 00 00

001:004:000:STREAM             1348293334.607632
 09 00 F5 03 E6 03 00 00

001:004:000:STREAM             1348293334.779661
 09 00 F5 03 E7 03 00 00

001:004:000:STREAM             1348293334.837654
 09 00 F5 03 E8 03 00 00

001:004:000:STREAM             1348293334.849623
 09 00 F4 03 E8 03 00 00

001:004:000:STREAM             1348293334.867632
 09 00 F4 03 E9 03 00 00

001:004:000:STREAM             1348293334.925642
 09 00 F5 03 E9 03 00 00

001:004:000:STREAM             1348293334.953637
 09 00 F5 03 EA 03 00 00

001:004:000:STREAM             1348293334.987639
 09 00 F4 03 EA 03 00 00

001:004:000:STREAM             1348293335.037644
 09 00 F5 03 EA 03 00 00

001:004:000:STREAM             1348293335.059663
 09 00 F5 03 EB 03 00 00

001:004:000:STREAM             1348293335.071645
 09 00 F4 03 EB 03 00 00

001:004:000:STREAM             1348293335.079625
 09 00 F4 03 EC 03 00 00

001:004:000:STREAM             1348293335.097583
 09 00 F4 03 ED 03 00 00

001:004:000:STREAM             1348293335.129633
 09 00 F4 03 EE 03 00 00

001:004:000:STREAM             1348293335.219645
 09 00 F4 03 EF 03 00 00

001:004:000:STREAM             1348293335.293649
 09 00 F4 03 F0 03 00 00

001:004:000:STREAM             1348293335.349643
 09 00 F4 03 F1 03 00 00

001:004:000:STREAM             1348293335.365634
 09 00 F3 03 F1 03 00 00

001:004:000:STREAM             1348293335.401636
 09 00 F2 03 F1 03 00 00

001:004:000:STREAM             1348293335.447640
 09 00 F1 03 F1 03 00 00

001:004:000:STREAM             1348293335.469633
 09 00 F0 03 F1 03 00 00

001:004:000:STREAM             1348293335.499636
 09 00 F0 03 F0 03 00 00

001:004:000:STREAM             1348293335.511659
 09 00 F0 03 EF 03 00 00

001:004:000:STREAM             1348293335.515613
 09 00 EF 03 EF 03 00 00

001:004:000:STREAM             1348293335.521633
 09 00 EF 03 EE 03 00 00

001:004:000:STREAM             1348293335.537622
 09 00 EE 03 EE 03 00 00

001:004:000:STREAM             1348293335.613645
 09 00 ED 03 EE 03 00 00

001:004:000:STREAM             1348293335.639572
 09 00 ED 03 ED 03 00 00

001:004:000:STREAM             1348293335.655633
 09 00 ED 03 EC 03 00 00

001:004:000:STREAM             1348293335.673634
 09 00 EE 03 EC 03 00 00

001:004:000:STREAM             1348293335.691661
 09 00 EE 03 EB 03 00 00

001:004:000:STREAM             1348293335.735672
 09 00 ED 03 EB 03 00 00

001:004:000:STREAM             1348293335.755628
 09 00 ED 03 EC 03 00 00

001:004:000:STREAM             1348293335.767665
 09 00 ED 03 EB 03 00 00

001:004:000:STREAM             1348293335.771630
 09 00 ED 03 EA 03 00 00

001:004:000:STREAM             1348293335.773642
 09 00 EC 03 EA 03 00 00

001:004:000:STREAM             1348293335.781656
 09 00 EC 03 E9 03 00 00

001:004:000:STREAM             1348293335.795610
 09 00 EC 03 E8 03 00 00

001:004:000:STREAM             1348293335.805647
 09 00 EC 03 E7 03 00 00

001:004:000:STREAM             1348293335.809634
 09 00 EC 03 E6 03 00 00

001:004:000:STREAM             1348293335.817656
 09 00 EC 03 E5 03 00 00

001:004:000:STREAM             1348293335.819632
 09 00 EC 03 E4 03 00 00

001:004:000:STREAM             1348293335.823635
 09 00 EC 03 E3 03 00 00

001:004:000:STREAM             1348293335.827630
 09 00 EC 03 E2 03 00 00

001:004:000:STREAM             1348293335.837633
 09 00 EC 03 E1 03 00 00

001:004:000:STREAM             1348293335.841622
 09 00 EC 03 E0 03 00 00

001:004:000:STREAM             1348293335.843623
 09 00 EC 03 E0 03 00 00

