001:004:000:STREAM             1348293107.175602
 09 00 68 04 9A 03 00 00

001:004:000:STREAM             1348293107.179553
 09 00 68 04 9A 03 00 00

001:004:000:STREAM             1348293107.183553
 09 00 68 04 9B 03 00 00

001:004:000:STREAM             1348293107.193563
 09 00 67 04 9B 03 00 00

001:004:000:STREAM             1348293107.201569
 09 00 66 04 9B 03 00 00

001:004:000:STREAM             1348293107.207582
 09 00 65 04 9B 03 00 00

001:004:000:STREAM             1348293107.211544
 09 00 64 04 9B 03 00 00

001:004:000:STREAM             1348293107.219572
 09 00 63 04 9C 03 00 00

001:004:000:STREAM             1348293107.223572
 09 00 62 04 9D 03 00 00

001:004:000:STREAM             1348293107.227553
 09 00 61 04 9D 03 00 00

001:004:000:STREAM             1348293107.231582
 09 00 60 04 9D 03 00 00

001:004:000:STREAM             1348293107.235550
 09 00 5F 04 9D 03 00 00

001:004:000:STREAM             1348293107.239569
 09 00 5E 04 9D 03 00 00

001:004:000:STREAM             1348293107.247592
 09 00 5D 04 9D 03 00 00

001:004:000:STREAM             1348293107.251562
 09 00 5C 04 9D 03 00 00

001:004:000:STREAM             1348293107.259586
 09 00 5B 04 9C 03 00 00

001:004:000:STREAM             1348293107.263570
 09 00 5B 04 9B 03 00 00

001:004:000:STREAM             1348293107.267482
 09 00 5A 04 9A 03 00 00

001:004:000:STREAM             1348293107.271586
 09 00 5A 04 99 03 00 00

001:004:000:STREAM             1348293107.275555
 09 00 59 04 98 03 00 00

001:004:000:STREAM             1348293107.279567
 09 00 59 04 97 03 00 00

001:004:000:STREAM             1348293107.283568
 09 00 59 04 95 03 00 00

001:004:000:STREAM             1348293107.287528
 09 00 59 04 94 03 00 00

001:004:000:STREAM             1348293107.291552
 09 00 59 04 93 03 00 00

001:004:000:STREAM             1348293107.295555
 09 00 59 04 92 03 00 00

001:004:000:STREAM             1348293107.299547
 09 00 58 04 91 03 00 00

001:004:000:STREAM             1348293107.303566
 09 00 58 04 90 03 00 00

001:004:000:STREAM             1348293107.307577
 09 00 58 04 8F 03 00 00

001:004:000:STREAM             1348293107.311568
 09 00 58 04 8E 03 00 00

001:004:000:STREAM             1348293107.315540
 09 00 58 04 8C 03 00 00

001:004:000:STREAM             1348293107.319570
 09 00 58 04 8B 03 00 00

001:004:000:STREAM             1348293107.323573
 09 00 58 04 89 03 00 00

001:004:000:STREAM             1348293107.327555
 09 00 58 04 88 03 00 00

001:004:000:STREAM             1348293107.331501
 09 00 58 04 87 03 00 00

001:004:000:STREAM             1348293107.335582
 09 00 59 04 86 03 00 00

001:004:000:STREAM             1348293107.339575
 09 00 59 04 85 03 00 00

001:004:000:STREAM             1348293107.343574
 09 00 59 04 84 03 00 00

001:004:000:STREAM             1348293107.347575
 09 00 5A 04 83 03 00 00

001:004:000:STREAM             1348293107.353565
 09 00 5A 04 82 03 00 00

001:004:000:STREAM             1348293107.361569
 09 00 5B 04 81 03 00 00

001:004:000:STREAM             1348293107.373560
 09 00 5C 04 81 03 00 00

001:004:000:STREAM             1348293107.387553
 09 00 5D 04 80 03 00 00

001:004:000:STREAM             1348293107.395586
 09 00 5E 04 80 03 00 00

001:004:000:STREAM             1348293107.403573
 09 00 5F 04 80 03 00 00

001:004:000:STREAM             1348293107.413565
 09 00 60 04 7F 03 00 00

001:004:000:STREAM             1348293107.421547
 09 00 61 04 7F 03 00 00

001:004:000:STREAM             1348293107.427577
 09 00 62 04 7E 03 00 00

001:004:000:STREAM             1348293107.435553
 09 00 63 04 7D 03 00 00

001:004:000:STREAM             1348293107.445563
 09 00 64 04 7D 03 00 00

001:004:000:STREAM             1348293107.449563
 09 00 65 04 7D 03 00 00

001:004:000:STREAM             1348293107.463576
 09 00 66 04 7D 03 00 00

001:004:000:STREAM             1348293107.483553
 09 00 67 04 7D 03 00 00

001:004:000:STREAM             1348293107.493564
 09 00 67 04 7D 03 00 00

001:004:000:STREAM             1348293107.497561
 09 01 67 04 7D 03 3F 00

001:004:000:STREAM             1348293107.503565
 09 01 67 04 7E 03 59 00

001:004:000:STREAM             1348293107.507551
 09 01 67 04 7E 03 63 00

001:004:000:STREAM             1348293107.513538
 09 01 67 04 7E 03 67 00

001:004:000:STREAM             1348293107.517545
 09 01 67 04 7E 03 6B 00

001:004:000:STREAM             1348293107.523576
 09 01 67 04 7E 03 6D 00

001:004:000:STREAM             1348293107.537554
 09 01 67 04 7E 03 6F 00

001:004:000:STREAM             1348293107.541565
 09 01 67 04 7E 03 6D 00

001:004:000:STREAM             1348293107.547500
 09 01 67 04 7E 03 6E 00

001:004:000:STREAM             1348293107.551545
 09 01 67 04 7E 03 6C 00

001:004:000:STREAM             1348293107.571586
 09 01 67 04 7E 03 6A 00

001:004:000:STREAM             1348293107.577571
 09 01 67 04 7E 03 68 00

001:004:000:STREAM             1348293107.591557
 09 01 67 04 7E 03 69 00

001:004:000:STREAM             1348293107.595576
 09 01 67 04 7E 03 6B 00

001:004:000:STREAM             1348293107.601569
 09 01 67 04 7E 03 6F 00

001:004:000:STREAM             1348293107.605569
 09 01 67 04 7E 03 72 00

001:004:000:STREAM             1348293107.611582
 09 01 67 04 7E 03 77 00

001:004:000:STREAM             1348293107.615578
 09 01 67 04 7E 03 7C 00

001:004:000:STREAM             1348293107.621552
 09 01 67 04 7E 03 85 00

001:004:000:STREAM             1348293107.625554
 09 01 67 04 7E 03 8C 00

001:004:000:STREAM             1348293107.631569
 09 01 67 04 7E 03 91 00

001:004:000:STREAM             1348293107.635587
 09 01 67 04 7E 03 94 00

001:004:000:STREAM             1348293107.639514
 09 01 67 04 7E 03 98 00

001:004:000:STREAM             1348293107.645558
 09 01 67 04 7E 03 99 00

001:004:000:STREAM             1348293107.649527
 09 01 67 04 7E 03 9C 00

001:004:000:STREAM             1348293107.655566
 09 01 67 04 7E 03 9E 00

001:004:000:STREAM             1348293107.659563
 09 01 67 04 7E 03 A1 00

001:004:000:STREAM             1348293107.665520
 09 01 67 04 7E 03 A6 00

001:004:000:STREAM             1348293107.669579
 09 01 67 04 7E 03 AB 00

001:004:000:STREAM             1348293107.675546
 09 01 67 04 7E 03 B1 00

001:004:000:STREAM             1348293107.679576
 09 01 67 04 7E 03 BA 00

001:004:000:STREAM             1348293107.683569
 09 01 67 04 7E 03 C4 00

001:004:000:STREAM             1348293107.689565
 09 01 67 04 7E 03 CC 00

001:004:000:STREAM             1348293107.693553
 09 01 67 04 7E 03 D7 00

001:004:000:STREAM             1348293107.699503
 09 01 66 04 7E 03 DF 00

001:004:000:STREAM             1348293107.703572
 09 01 66 04 7E 03 E7 00

001:004:000:STREAM             1348293107.709544
 09 01 66 04 7E 03 EC 00

001:004:000:STREAM             1348293107.713575
 09 01 66 04 7E 03 F0 00

001:004:000:STREAM             1348293107.719552
 09 01 66 04 7E 03 F5 00

001:004:000:STREAM             1348293107.723578
 09 01 66 04 7E 03 F9 00

001:004:000:STREAM             1348293107.727574
 09 01 66 04 7E 03 FC 00

001:004:000:STREAM             1348293107.733522
 09 01 66 04 7E 03 01 01

001:004:000:STREAM             1348293107.737553
 09 01 66 04 7E 03 06 01

001:004:000:STREAM             1348293107.743572
 09 01 66 04 7E 03 0A 01

001:004:000:STREAM             1348293107.747563
 09 01 66 04 7E 03 0F 01

001:004:000:STREAM             1348293107.753570
 09 01 66 04 7E 03 14 01

001:004:000:STREAM             1348293107.757564
 09 01 66 04 7E 03 1C 01

001:004:000:STREAM             1348293107.763535
 09 01 66 04 7E 03 26 01

001:004:000:STREAM             1348293107.767551
 09 01 66 04 7E 03 31 01

001:004:000:STREAM             1348293107.771565
 09 01 66 04 7E 03 3B 01

001:004:000:STREAM             1348293107.777566
 09 01 66 04 7E 03 46 01

001:004:000:STREAM             1348293107.781573
 09 01 66 04 7E 03 52 01

001:004:000:STREAM             1348293107.787574
 09 01 66 04 7E 03 60 01

001:004:000:STREAM             1348293107.791526
 09 01 66 04 7E 03 66 01

001:004:000:STREAM             1348293107.797595
 09 01 66 04 7E 03 6C 01

001:004:000:STREAM             1348293107.801546
 09 01 66 04 7F 03 70 01

001:004:000:STREAM             1348293107.807568
 09 01 65 04 7F 03 70 01

001:004:000:STREAM             1348293107.811570
 09 01 65 04 7F 03 72 01

001:004:000:STREAM             1348293107.815495
 09 01 65 04 7F 03 75 01

001:004:000:STREAM             1348293107.821574
 09 01 65 04 7F 03 79 01

001:004:000:STREAM             1348293107.825536
 09 01 65 04 80 03 7D 01

001:004:000:STREAM             1348293107.835491
 09 01 64 04 80 03 7D 01

001:004:000:STREAM             1348293107.851554
 09 01 64 04 80 03 7F 01

001:004:000:STREAM             1348293107.855549
 09 01 64 04 80 03 80 01

001:004:000:STREAM             1348293107.859569
 09 01 64 04 81 03 82 01

001:004:000:STREAM             1348293107.869553
 09 01 63 04 81 03 84 01

001:004:000:STREAM             1348293107.875537
 09 01 63 04 81 03 88 01

001:004:000:STREAM             1348293107.879572
 09 01 63 04 82 03 8D 01

001:004:000:STREAM             1348293107.885555
 09 01 63 04 82 03 93 01

001:004:000:STREAM             1348293107.889567
 09 01 63 04 82 03 97 01

001:004:000:STREAM             1348293107.895548
 09 01 63 04 82 03 9B 01

001:004:000:STREAM             1348293107.899569
 09 01 63 04 82 03 9C 01

001:004:000:STREAM             1348293107.903573
 09 01 63 04 82 03 9F 01

001:004:000:STREAM             1348293107.909582
 09 01 63 04 82 03 A4 01

001:004:000:STREAM             1348293107.913547
 09 01 63 04 82 03 AA 01

001:004:000:STREAM             1348293107.919574
 09 01 63 04 82 03 AD 01

001:004:000:STREAM             1348293107.923532
 09 01 63 04 82 03 B2 01

001:004:000:STREAM             1348293107.929552
 09 01 63 04 82 03 B8 01

001:004:000:STREAM             1348293107.933572
 09 01 63 04 82 03 BD 01

001:004:000:STREAM             1348293107.937573
 09 01 63 04 82 03 C1 01

001:004:000:STREAM             1348293107.943563
 09 01 63 04 82 03 C4 01

001:004:000:STREAM             1348293107.947556
 09 01 63 04 82 03 C9 01

001:004:000:STREAM             1348293107.953573
 09 01 63 04 82 03 CE 01

001:004:000:STREAM             1348293107.957533
 09 01 63 04 82 03 D4 01

001:004:000:STREAM             1348293107.963571
 09 01 63 04 82 03 D8 01

001:004:000:STREAM             1348293107.973571
 09 01 63 04 82 03 DB 01

001:004:000:STREAM             1348293107.977566
 09 01 63 04 82 03 E1 01

001:004:000:STREAM             1348293107.981570
 09 01 63 04 82 03 E9 01

001:004:000:STREAM             1348293107.987573
 09 01 63 04 82 03 F0 01

001:004:000:STREAM             1348293107.991551
 09 01 63 04 82 03 FA 01

001:004:000:STREAM             1348293107.997571
 09 01 63 04 82 03 05 02

001:004:000:STREAM             1348293108.001582
 09 01 63 04 82 03 10 02

001:004:000:STREAM             1348293108.007548
 09 01 63 04 82 03 1D 02

001:004:000:STREAM             1348293108.011562
 09 01 63 04 82 03 29 02

001:004:000:STREAM             1348293108.017543
 09 01 63 04 82 03 3A 02

001:004:000:STREAM             1348293108.021536
 09 01 63 04 82 03 4E 02

001:004:000:STREAM             1348293108.025582
 09 01 63 04 82 03 62 02

001:004:000:STREAM             1348293108.031585
 09 01 63 04 82 03 79 02

001:004:000:STREAM             1348293108.035545
 09 01 63 04 82 03 90 02

001:004:000:STREAM             1348293108.041558
 09 01 63 04 82 03 A4 02

001:004:000:STREAM             1348293108.045573
 09 01 63 04 82 03 BA 02

001:004:000:STREAM             1348293108.051567
 09 01 63 04 82 03 CE 02

001:004:000:STREAM             1348293108.055565
 09 01 63 04 82 03 DF 02

001:004:000:STREAM             1348293108.059551
 09 01 63 04 82 03 ED 02

001:004:000:STREAM             1348293108.065543
 09 01 63 04 82 03 FD 02

001:004:000:STREAM             1348293108.069530
 09 01 63 04 82 03 0E 03

001:004:000:STREAM             1348293108.075579
 09 01 63 04 82 03 17 03

001:004:000:STREAM             1348293108.079552
 09 01 63 04 83 03 21 03

001:004:000:STREAM             1348293108.085573
 09 01 63 04 83 03 2C 03

001:004:000:STREAM             1348293108.089582
 09 01 63 04 83 03 3B 03

001:004:000:STREAM             1348293108.095552
 09 01 63 04 83 03 4A 03

001:004:000:STREAM             1348293108.099548
 09 01 63 04 83 03 56 03

001:004:000:STREAM             1348293108.103555
 09 01 63 04 83 03 65 03

001:004:000:STREAM             1348293108.109531
 09 01 63 04 83 03 74 03

001:004:000:STREAM             1348293108.113549
 09 01 63 04 83 03 86 03

001:004:000:STREAM             1348293108.119573
 09 01 63 04 83 03 96 03

001:004:000:STREAM             1348293108.123568
 09 01 63 04 83 03 A6 03

001:004:000:STREAM             1348293108.129529
 09 01 63 04 83 03 B9 03

001:004:000:STREAM             1348293108.133537
 09 01 63 04 83 03 D1 03

001:004:000:STREAM             1348293108.137561
 09 01 63 04 83 03 ED 03

001:004:000:STREAM             1348293108.143564
 09 01 63 04 83 03 06 04

001:004:000:STREAM             1348293108.147556
 09 01 63 04 83 03 25 04

001:004:000:STREAM             1348293108.153571
 09 01 63 04 83 03 46 04

001:004:000:STREAM             1348293108.157516
 09 01 63 04 83 03 63 04

001:004:000:STREAM             1348293108.163581
 09 01 63 04 83 03 7D 04

001:004:000:STREAM             1348293108.167559
 09 01 63 04 83 03 9A 04

001:004:000:STREAM             1348293108.171568
 09 01 63 04 83 03 B9 04

001:004:000:STREAM             1348293108.177583
 09 01 63 04 83 03 D1 04

001:004:000:STREAM             1348293108.181552
 09 01 63 04 83 03 E5 04

001:004:000:STREAM             1348293108.187512
 09 01 63 04 83 03 F9 04

001:004:000:STREAM             1348293108.191534
 09 01 63 04 83 03 0A 05

001:004:000:STREAM             1348293108.197575
 09 01 63 04 84 03 1C 05

001:004:000:STREAM             1348293108.201574
 09 01 63 04 85 03 2C 05

001:004:000:STREAM             1348293108.205552
 09 01 63 04 86 03 3F 05

001:004:000:STREAM             1348293108.211574
 09 01 63 04 87 03 4F 05

001:004:000:STREAM             1348293108.215509
 09 01 63 04 88 03 5F 05

001:004:000:STREAM             1348293108.221532
 09 01 63 04 8A 03 73 05

001:004:000:STREAM             1348293108.225579
 09 01 63 04 8B 03 81 05

001:004:000:STREAM             1348293108.231571
 09 01 63 04 8C 03 98 05

001:004:000:STREAM             1348293108.235575
 09 01 63 04 8D 03 A9 05

001:004:000:STREAM             1348293108.241553
 09 01 63 04 8E 03 BE 05

001:004:000:STREAM             1348293108.245553
 09 01 63 04 8F 03 D4 05

001:004:000:STREAM             1348293108.249545
 09 01 63 04 90 03 EF 05

001:004:000:STREAM             1348293108.255565
 09 01 63 04 91 03 11 06

001:004:000:STREAM             1348293108.259550
 09 01 63 04 92 03 41 06

001:004:000:STREAM             1348293108.265570
 09 01 63 04 93 03 82 06

001:004:000:STREAM             1348293108.269565
 09 01 63 04 94 03 C6 06

001:004:000:STREAM             1348293108.275576
 09 01 63 04 96 03 0E 07

001:004:000:STREAM             1348293108.279583
 09 01 63 04 97 03 53 07

001:004:000:STREAM             1348293108.283501
 09 01 63 04 99 03 93 07

001:004:000:STREAM             1348293108.289578
 09 01 63 04 9A 03 D5 07

001:004:000:STREAM             1348293108.293548
 09 01 63 04 9B 03 FF 07

001:004:000:STREAM             1348293108.299550
 09 01 63 04 9C 03 FF 07

001:004:000:STREAM             1348293108.303570
 09 01 63 04 9D 03 FF 07

001:004:000:STREAM             1348293108.309573
 09 01 63 04 9E 03 FF 07

001:004:000:STREAM             1348293108.313548
 09 01 63 04 9F 03 FF 07

001:004:000:STREAM             1348293108.327555
 09 01 63 04 A0 03 FF 07

001:004:000:STREAM             1348293108.351561
 09 01 62 04 A0 03 FF 07

001:004:000:STREAM             1348293108.803636
 09 01 62 04 A1 03 FF 07

001:004:000:STREAM             1348293108.855526
 09 01 61 04 A1 03 FF 07

001:004:000:STREAM             1348293109.105607
 09 01 61 04 A2 03 FF 07

001:004:000:STREAM             1348293109.211585
 09 01 61 04 A3 03 FF 07

001:004:000:STREAM             1348293109.437600
 09 01 61 04 A4 03 FF 07

001:004:000:STREAM             1348293109.447616
 09 01 60 04 A4 03 FF 07

001:004:000:STREAM             1348293109.533576
 09 01 60 04 A5 03 FF 07

001:004:000:STREAM             1348293109.749599
 09 01 60 04 A6 03 FF 07

001:004:000:STREAM             1348293110.419671
 09 01 60 04 A7 03 FF 07

001:004:000:STREAM             1348293110.845635
 09 01 60 04 A8 03 FF 07

001:004:000:STREAM             1348293111.035600
 09 01 61 04 A8 03 FF 07

001:004:000:STREAM             1348293111.371618
 09 01 61 04 A9 03 FF 07

001:004:000:STREAM             1348293111.551595
 09 01 62 04 A9 03 FF 07

001:004:000:STREAM             1348293111.565590
 09 01 62 04 A8 03 FF 07

001:004:000:STREAM             1348293112.073646
 09 01 62 04 A9 03 FF 07

001:004:000:STREAM             1348293112.129571
 09 01 63 04 A9 03 FF 07

001:004:000:STREAM             1348293112.367540
 09 01 63 04 A8 03 FF 07

001:004:000:STREAM             1348293112.499584
 09 01 63 04 A9 03 FF 07

001:004:000:STREAM             1348293112.665590
 09 01 64 04 A9 03 FF 07

001:004:000:STREAM             1348293112.717570
 09 01 64 04 A8 03 FF 07

001:004:000:STREAM             1348293113.177670
 09 01 64 04 A9 03 FF 07

001:004:000:STREAM             1348293113.287581
 09 01 65 04 A9 03 FF 07

001:004:000:STREAM             1348293113.551608
 09 01 64 04 A9 03 FF 07

001:004:000:STREAM             1348293113.561555
 09 01 64 04 A8 03 FF 07

001:004:000:STREAM             1348293113.575564
 09 01 64 04 A7 03 FF 07

001:004:000:STREAM             1348293113.581565
 09 01 63 04 A7 03 FF 07

001:004:000:STREAM             1348293113.585561
 09 01 63 04 A6 03 FF 07

001:004:000:STREAM             1348293113.595555
 09 01 62 04 A6 03 FF 07

001:004:000:STREAM             1348293113.599571
 09 01 62 04 A5 03 FF 07

001:004:000:STREAM             1348293113.619595
 09 01 61 04 A5 03 FF 07

001:004:000:STREAM             1348293113.629554
 09 01 61 04 A4 03 FF 07

001:004:000:STREAM             1348293113.633556
 09 01 60 04 A4 03 FF 07

001:004:000:STREAM             1348293113.643545
 09 01 5E 04 A4 03 FF 07

001:004:000:STREAM             1348293113.647553
 09 01 5C 04 A4 03 A5 07

001:004:000:STREAM             1348293113.653562
 09 01 5A 04 A3 03 B3 05

001:004:000:STREAM             1348293113.657568
 09 01 58 04 A2 03 C6 03

001:004:000:STREAM             1348293113.663587
 09 01 55 04 A1 03 41 02

001:004:000:STREAM             1348293113.667572
 09 00 53 04 A0 03 00 00

001:004:000:STREAM             1348293113.673490
 09 00 50 04 9E 03 00 00

001:004:000:STREAM             1348293113.677581
 09 00 4D 04 9C 03 00 00

001:004:000:STREAM             1348293113.681574
 09 00 49 04 99 03 00 00

001:004:000:STREAM             1348293113.685545
 09 00 46 04 95 03 00 00

001:004:000:STREAM             1348293113.689583
 09 00 42 04 90 03 00 00

001:004:000:STREAM             1348293113.693568
 09 00 3F 04 8A 03 00 00

001:004:000:STREAM             1348293113.697556
 09 00 3C 04 83 03 00 00

001:004:000:STREAM             1348293113.701584
 09 00 39 04 7C 03 00 00

001:004:000:STREAM             1348293113.705535
 09 00 37 04 75 03 00 00

001:004:000:STREAM             1348293113.709584
 09 00 35 04 6D 03 00 00

001:004:000:STREAM             1348293113.713648
 09 00 33 04 64 03 00 00

001:004:000:STREAM             1348293113.717562
 09 00 32 04 5B 03 00 00

001:004:000:STREAM             1348293113.719583
 09 00 31 04 50 03 00 00

001:004:000:STREAM             1348293113.723565
 09 00 31 04 50 03 00 00

001:004:000:STREAM             1348293118.575692
 09 00 AD 05 CD 03 00 00

001:004:000:STREAM             1348293118.577554
 09 00 AD 05 CD 03 00 00

001:004:000:STREAM             1348293118.581556
 09 00 AD 05 CC 03 00 00

001:004:000:STREAM             1348293118.589532
 09 00 AE 05 CB 03 00 00

001:004:000:STREAM             1348293118.593551
 09 00 AE 05 C9 03 00 00

001:004:000:STREAM             1348293118.595576
 09 00 AE 05 C6 03 00 00

001:004:000:STREAM             1348293118.599535
 09 00 AE 05 C3 03 00 00

001:004:000:STREAM             1348293118.603509
 09 00 AF 05 BF 03 00 00

001:004:000:STREAM             1348293118.607521
 09 00 AF 05 BB 03 00 00

001:004:000:STREAM             1348293118.611532
 09 00 AF 05 B7 03 00 00

001:004:000:STREAM             1348293118.613482
 09 00 AF 05 B3 03 00 00

001:004:000:STREAM             1348293118.617568
 09 00 AF 05 AD 03 00 00

001:004:000:STREAM             1348293118.621574
 09 00 AF 05 A8 03 00 00

001:004:000:STREAM             1348293118.625554
 09 00 AF 05 A1 03 00 00

001:004:000:STREAM             1348293118.629584
 09 00 AF 05 9B 03 00 00

001:004:000:STREAM             1348293118.631574
 09 00 AF 05 95 03 00 00

001:004:000:STREAM             1348293118.635540
 09 00 AF 05 8E 03 00 00

001:004:000:STREAM             1348293118.639523
 09 00 AF 05 88 03 00 00

001:004:000:STREAM             1348293118.643572
 09 00 AF 05 81 03 00 00

001:004:000:STREAM             1348293118.645559
 09 00 AF 05 78 03 00 00

001:004:000:STREAM             1348293118.649535
 09 00 B0 05 70 03 00 00

001:004:000:STREAM             1348293118.653711
 09 00 B1 05 67 03 00 00

001:004:000:STREAM             1348293118.657556
 09 00 B2 05 5D 03 00 00

001:004:000:STREAM             1348293118.661573
 09 00 B3 05 52 03 00 00

001:004:000:STREAM             1348293118.663621
 09 00 B4 05 47 03 00 00

001:004:000:STREAM             1348293118.667520
 09 00 B6 05 3E 03 00 00

001:004:000:STREAM             1348293118.671592
 09 00 B7 05 35 03 00 00

001:004:000:STREAM             1348293118.675573
 09 00 B9 05 2F 03 00 00

001:004:000:STREAM             1348293118.677575
 09 00 BB 05 2B 03 00 00

001:004:000:STREAM             1348293118.681538
 09 00 BD 05 29 03 00 00

001:004:000:STREAM             1348293118.685538
 09 00 BF 05 29 03 00 00

001:004:000:STREAM             1348293118.689586
 09 00 C1 05 2A 03 00 00

001:004:000:STREAM             1348293118.691553
 09 00 C3 05 2D 03 00 00

001:004:000:STREAM             1348293118.695538
 09 00 C5 05 30 03 00 00

001:004:000:STREAM             1348293118.699570
 09 00 C8 05 32 03 00 00

001:004:000:STREAM             1348293118.703579
 09 00 CA 05 37 03 00 00

001:004:000:STREAM             1348293118.705559
 09 00 CC 05 3A 03 00 00

001:004:000:STREAM             1348293118.709533
 09 00 CE 05 3D 03 00 00

001:004:000:STREAM             1348293118.713478
 09 00 D0 05 40 03 00 00

001:004:000:STREAM             1348293118.717557
 09 00 D2 05 43 03 00 00

001:004:000:STREAM             1348293118.719539
 09 00 D4 05 46 03 00 00

001:004:000:STREAM             1348293118.723572
 09 00 D6 05 48 03 00 00

001:004:000:STREAM             1348293118.727566
 09 00 D8 05 48 03 00 00

001:004:000:STREAM             1348293118.729493
 09 00 D9 05 49 03 00 00

001:004:000:STREAM             1348293118.733583
 09 00 DA 05 4A 03 00 00

001:004:000:STREAM             1348293118.737563
 09 00 DB 05 4B 03 00 00

001:004:000:STREAM             1348293118.741572
 09 00 DC 05 4C 03 00 00

001:004:000:STREAM             1348293118.743572
 09 00 DD 05 4D 03 00 00

001:004:000:STREAM             1348293118.747563
 09 00 DD 05 4E 03 00 00

001:004:000:STREAM             1348293118.751563
 09 00 DE 05 4E 03 00 00

001:004:000:STREAM             1348293118.755572
 09 00 DF 05 4F 03 00 00

001:004:000:STREAM             1348293118.761627
 09 00 E0 05 50 03 00 00

001:004:000:STREAM             1348293118.767568
 09 00 E1 05 50 03 00 00

001:004:000:STREAM             1348293118.775573
 09 00 E2 05 51 03 00 00

001:004:000:STREAM             1348293118.779573
 09 00 E3 05 52 03 00 00

001:004:000:STREAM             1348293118.785590
 09 00 E4 05 52 03 00 00

001:004:000:STREAM             1348293118.789512
 09 00 E5 05 52 03 00 00

001:004:000:STREAM             1348293118.793514
 09 00 E6 05 52 03 00 00

001:004:000:STREAM             1348293118.795579
 09 00 E7 05 52 03 00 00

001:004:000:STREAM             1348293118.799550
 09 00 E8 05 52 03 00 00

001:004:000:STREAM             1348293118.803572
 09 00 E9 05 52 03 00 00

001:004:000:STREAM             1348293118.807578
 09 00 EA 05 52 03 00 00

001:004:000:STREAM             1348293118.813513
 09 00 EB 05 53 03 00 00

001:004:000:STREAM             1348293118.817541
 09 00 EB 05 54 03 00 00

001:004:000:STREAM             1348293118.821480
 09 00 EC 05 55 03 00 00

001:004:000:STREAM             1348293118.825587
 09 00 EC 05 56 03 00 00

001:004:000:STREAM             1348293118.829547
 09 00 ED 05 57 03 00 00

001:004:000:STREAM             1348293118.835569
 09 00 ED 05 58 03 00 00

001:004:000:STREAM             1348293118.839574
 09 00 EE 05 59 03 00 00

001:004:000:STREAM             1348293118.843586
 09 00 EF 05 5A 03 00 00

001:004:000:STREAM             1348293118.851516
 09 00 F0 05 5A 03 00 00

001:004:000:STREAM             1348293118.855554
 09 00 F1 05 5A 03 00 00

001:004:000:STREAM             1348293118.857579
 09 00 F2 05 5A 03 00 00

001:004:000:STREAM             1348293118.865568
 09 00 F3 05 5B 03 00 00

001:004:000:STREAM             1348293118.869574
 09 00 F4 05 5B 03 00 00

001:004:000:STREAM             1348293118.877569
 09 00 F5 05 5B 03 00 00

001:004:000:STREAM             1348293118.885553
 09 00 F5 05 5A 03 00 00

001:004:000:STREAM             1348293118.889563
 09 00 F5 05 59 03 00 00

001:004:000:STREAM             1348293118.893577
 09 00 F5 05 58 03 00 00

001:004:000:STREAM             1348293118.897535
 09 00 F5 05 57 03 00 00

001:004:000:STREAM             1348293118.901534
 09 00 F5 05 55 03 00 00

001:004:000:STREAM             1348293118.903554
 09 00 F5 05 53 03 00 00

001:004:000:STREAM             1348293118.907577
 09 00 F5 05 50 03 00 00

001:004:000:STREAM             1348293118.911587
 09 00 F6 05 4C 03 00 00

001:004:000:STREAM             1348293118.915518
 09 00 F6 05 48 03 00 00

001:004:000:STREAM             1348293118.919582
 09 00 F7 05 44 03 00 00

001:004:000:STREAM             1348293118.923581
 09 00 F7 05 3E 03 00 00

001:004:000:STREAM             1348293118.927571
 09 00 F8 05 38 03 00 00

001:004:000:STREAM             1348293118.931577
 09 00 F8 05 32 03 00 00

001:004:000:STREAM             1348293118.935572
 09 00 F8 05 2B 03 00 00

001:004:000:STREAM             1348293118.939572
 09 00 F8 05 24 03 00 00

001:004:000:STREAM             1348293118.943536
 09 00 F9 05 1C 03 00 00

001:004:000:STREAM             1348293118.945533
 09 00 F9 05 13 03 00 00

001:004:000:STREAM             1348293118.949570
 09 00 FA 05 0A 03 00 00

001:004:000:STREAM             1348293118.953568
 09 00 FA 05 00 03 00 00

001:004:000:STREAM             1348293118.957567
 09 00 FB 05 F6 02 00 00

001:004:000:STREAM             1348293118.961572
 09 00 FC 05 EB 02 00 00

001:004:000:STREAM             1348293118.965584
 09 00 FD 05 E0 02 00 00

001:004:000:STREAM             1348293118.967540
 09 00 FF 05 D4 02 00 00

001:004:000:STREAM             1348293118.971586
 09 00 00 06 C8 02 00 00

001:004:000:STREAM             1348293118.975518
 09 00 01 06 BD 02 00 00

001:004:000:STREAM             1348293118.979564
 09 00 02 06 B1 02 00 00

001:004:000:STREAM             1348293118.983534
 09 00 03 06 A4 02 00 00

001:004:000:STREAM             1348293118.985577
 09 00 05 06 95 02 00 00

001:004:000:STREAM             1348293118.989536
 09 00 06 06 85 02 00 00

001:004:000:STREAM             1348293118.993588
 09 00 06 06 85 02 00 00

001:004:000:STREAM             1348293119.767718
 09 00 02 06 2E 03 00 00

001:004:000:STREAM             1348293119.771555
 09 00 02 06 2F 03 00 00

001:004:000:STREAM             1348293119.773554
 09 00 01 06 30 03 00 00

001:004:000:STREAM             1348293119.777557
 09 00 00 06 32 03 00 00

001:004:000:STREAM             1348293119.781552
 09 00 00 06 34 03 00 00

001:004:000:STREAM             1348293119.785576
 09 00 FF 05 38 03 00 00

001:004:000:STREAM             1348293119.789587
 09 00 FF 05 3B 03 00 00

001:004:000:STREAM             1348293119.793576
 09 00 FF 05 3E 03 00 00

001:004:000:STREAM             1348293119.795537
 09 00 FF 05 42 03 00 00

001:004:000:STREAM             1348293119.799557
 09 00 FF 05 45 03 00 00

001:004:000:STREAM             1348293119.803538
 09 00 FF 05 49 03 00 00

001:004:000:STREAM             1348293119.807569
 09 00 FF 05 4D 03 00 00

001:004:000:STREAM             1348293119.811574
 09 00 FF 05 50 03 00 00

001:004:000:STREAM             1348293119.815587
 09 00 FF 05 54 03 00 00

001:004:000:STREAM             1348293119.819586
 09 00 FF 05 58 03 00 00

001:004:000:STREAM             1348293119.823555
 09 00 FF 05 5B 03 00 00

001:004:000:STREAM             1348293119.827583
 09 00 FF 05 5F 03 00 00

001:004:000:STREAM             1348293119.831567
 09 00 FF 05 62 03 00 00

001:004:000:STREAM             1348293119.835585
 09 00 FF 05 65 03 00 00

001:004:000:STREAM             1348293119.839570
 09 00 FF 05 68 03 00 00

001:004:000:STREAM             1348293119.843590
 09 00 FF 05 6B 03 00 00

001:004:000:STREAM             1348293119.847567
 09 00 FF 05 6E 03 00 00

001:004:000:STREAM             1348293119.851564
 09 00 FE 05 70 03 00 00

001:004:000:STREAM             1348293119.855586
 09 00 FD 05 73 03 00 00

001:004:000:STREAM             1348293119.859509
 09 00 FC 05 75 03 00 00

001:004:000:STREAM             1348293119.863571
 09 00 FA 05 77 03 00 00

001:004:000:STREAM             1348293119.867575
 09 00 F9 05 7A 03 00 00

001:004:000:STREAM             1348293119.871565
 09 00 F7 05 7C 03 00 00

001:004:000:STREAM             1348293119.875590
 09 00 F6 05 7F 03 00 00

001:004:000:STREAM             1348293119.879574
 09 00 F4 05 82 03 00 00

001:004:000:STREAM             1348293119.883557
 09 00 F3 05 85 03 00 00

001:004:000:STREAM             1348293119.887556
 09 00 F2 05 88 03 00 00

001:004:000:STREAM             1348293119.891536
 09 00 F1 05 8B 03 00 00

001:004:000:STREAM             1348293119.895570
 09 00 F0 05 8E 03 00 00

001:004:000:STREAM             1348293119.899545
 09 00 F0 05 92 03 00 00

001:004:000:STREAM             1348293119.903564
 09 00 EF 05 95 03 00 00

001:004:000:STREAM             1348293119.907575
 09 00 EF 05 99 03 00 00

001:004:000:STREAM             1348293119.911554
 09 00 EF 05 9D 03 00 00

001:004:000:STREAM             1348293119.915565
 09 00 EF 05 A1 03 00 00

001:004:000:STREAM             1348293119.919537
 09 00 EF 05 A4 03 00 00

001:004:000:STREAM             1348293119.925595
 09 00 EF 05 A8 03 00 00

001:004:000:STREAM             1348293119.929579
 09 00 EF 05 AB 03 00 00

001:004:000:STREAM             1348293119.933567
 09 00 EF 05 AD 03 00 00

001:004:000:STREAM             1348293119.937590
 09 00 EF 05 AF 03 00 00

001:004:000:STREAM             1348293119.941585
 09 00 F0 05 B1 03 00 00

001:004:000:STREAM             1348293119.945570
 09 00 F0 05 B3 03 00 00

001:004:000:STREAM             1348293119.949574
 09 00 F0 05 B5 03 00 00

001:004:000:STREAM             1348293119.953510
 09 00 F0 05 B6 03 00 00

001:004:000:STREAM             1348293119.957541
 09 00 F0 05 B7 03 00 00

001:004:000:STREAM             1348293119.961569
 09 00 F1 05 B9 03 00 00

001:004:000:STREAM             1348293119.971576
 09 00 F2 05 BA 03 00 00

001:004:000:STREAM             1348293119.975586
 09 00 F2 05 BB 03 00 00

001:004:000:STREAM             1348293119.979555
 09 00 F3 05 BC 03 00 00

001:004:000:STREAM             1348293119.983536
 09 00 F3 05 BE 03 00 00

001:004:000:STREAM             1348293119.987590
 09 00 F4 05 BF 03 00 00

001:004:000:STREAM             1348293119.991575
 09 00 F5 05 C0 03 00 00

001:004:000:STREAM             1348293119.995566
 09 00 F6 05 C1 03 00 00

001:004:000:STREAM             1348293119.999556
 09 00 F7 05 C2 03 00 00

001:004:000:STREAM             1348293120.003567
 09 00 F8 05 C3 03 00 00

001:004:000:STREAM             1348293120.007558
 09 00 F9 05 C4 03 00 00

001:004:000:STREAM             1348293120.013529
 09 00 F9 05 C5 03 00 00

001:004:000:STREAM             1348293120.017563
 09 00 FA 05 C6 03 00 00

001:004:000:STREAM             1348293120.021570
 09 00 FA 05 C7 03 00 00

001:004:000:STREAM             1348293120.025544
 09 00 FB 05 C7 03 00 00

001:004:000:STREAM             1348293120.033587
 09 00 FB 05 C8 03 00 00

001:004:000:STREAM             1348293120.067567
 09 00 FC 05 C8 03 00 00

001:004:000:STREAM             1348293120.077502
 09 00 FD 05 C8 03 00 00

001:004:000:STREAM             1348293120.081553
 09 00 FD 05 C7 03 00 00

001:004:000:STREAM             1348293120.085576
 09 00 FD 05 C6 03 00 00

001:004:000:STREAM             1348293120.091572
 09 00 FE 05 C6 03 00 00

001:004:000:STREAM             1348293120.099567
 09 00 FF 05 C6 03 00 00

001:004:000:STREAM             1348293120.127582
 09 00 FE 05 C5 03 00 00

001:004:000:STREAM             1348293120.137533
 09 00 FD 05 C4 03 00 00

001:004:000:STREAM             1348293120.147562
 09 00 FD 05 C3 03 00 00

001:004:000:STREAM             1348293120.153589
 09 00 FC 05 C3 03 00 00

001:004:000:STREAM             1348293120.157555
 09 00 FC 05 C2 03 00 00

001:004:000:STREAM             1348293120.161587
 09 01 FB 05 C1 03 70 00

001:004:000:STREAM             1348293120.167538
 09 01 FA 05 C0 03 9B 00

001:004:000:STREAM             1348293120.171538
 09 01 F9 05 C0 03 B1 00

001:004:000:STREAM             1348293120.177576
 09 01 F9 05 BF 03 BB 00

001:004:000:STREAM             1348293120.181577
 09 01 F8 05 BE 03 C3 00

001:004:000:STREAM             1348293120.187557
 09 01 F7 05 BD 03 C7 00

001:004:000:STREAM             1348293120.191574
 09 01 F6 05 BC 03 C8 00

001:004:000:STREAM             1348293120.195567
 09 01 F6 05 BA 03 C6 00

001:004:000:STREAM             1348293120.201552
 09 01 F5 05 B9 03 C9 00

001:004:000:STREAM             1348293120.205584
 09 01 F5 05 B7 03 C9 00

001:004:000:STREAM             1348293120.211516
 09 01 F5 05 B6 03 C9 00

001:004:000:STREAM             1348293120.215574
 09 01 F5 05 B4 03 C7 00

001:004:000:STREAM             1348293120.221588
 09 01 F5 05 B2 03 C9 00

001:004:000:STREAM             1348293120.225570
 09 01 F5 05 B0 03 C9 00

001:004:000:STREAM             1348293120.229508
 09 01 F5 05 AE 03 C9 00

001:004:000:STREAM             1348293120.235589
 09 01 F5 05 AC 03 CD 00

001:004:000:STREAM             1348293120.239566
 09 01 F5 05 AA 03 D7 00

001:004:000:STREAM             1348293120.245580
 09 01 F5 05 A9 03 E7 00

001:004:000:STREAM             1348293120.249585
 09 01 F5 05 A7 03 FD 00

001:004:000:STREAM             1348293120.255539
 09 01 F5 05 A7 03 1C 01

001:004:000:STREAM             1348293120.259586
 09 01 F5 05 A6 03 3E 01

001:004:000:STREAM             1348293120.265567
 09 01 F5 05 A6 03 65 01

001:004:000:STREAM             1348293120.269579
 09 01 F5 05 A6 03 92 01

001:004:000:STREAM             1348293120.273579
 09 01 F5 05 A6 03 CD 01

001:004:000:STREAM             1348293120.279520
 09 01 F5 05 A6 03 0F 02

001:004:000:STREAM             1348293120.283574
 09 01 F5 05 A6 03 56 02

001:004:000:STREAM             1348293120.289577
 09 01 F5 05 A6 03 A8 02

001:004:000:STREAM             1348293120.293536
 09 01 F5 05 A6 03 F8 02

001:004:000:STREAM             1348293120.299572
 09 01 F5 05 A6 03 48 03

001:004:000:STREAM             1348293120.303509
 09 01 F5 05 A6 03 93 03

001:004:000:STREAM             1348293120.307588
 09 01 F5 05 A6 03 D7 03

001:004:000:STREAM             1348293120.313533
 09 01 F5 05 A6 03 1E 04

001:004:000:STREAM             1348293120.317588
 09 01 F5 05 A6 03 6A 04

001:004:000:STREAM             1348293120.323578
 09 01 F5 05 A6 03 C0 04

001:004:000:STREAM             1348293120.327573
 09 01 F5 05 A6 03 12 05

001:004:000:STREAM             1348293120.333565
 09 01 F5 05 A7 03 5D 05

001:004:000:STREAM             1348293120.337590
 09 01 F5 05 A8 03 9B 05

001:004:000:STREAM             1348293120.341574
 09 01 F5 05 A9 03 D7 05

001:004:000:STREAM             1348293120.347569
 09 01 F6 05 A9 03 12 06

001:004:000:STREAM             1348293120.351515
 09 01 F6 05 AA 03 47 06

001:004:000:STREAM             1348293120.357574
 09 01 F6 05 AA 03 83 06

001:004:000:STREAM             1348293120.361562
 09 01 F6 05 AA 03 DF 06

001:004:000:STREAM             1348293120.365584
 09 01 F6 05 AA 03 59 07

001:004:000:STREAM             1348293120.371573
 09 01 F6 05 AA 03 E1 07

001:004:000:STREAM             1348293120.375578
 09 01 F6 05 AA 03 FF 07

001:004:000:STREAM             1348293120.405554
 09 01 F6 05 AB 03 FF 07

001:004:000:STREAM             1348293120.439572
 09 01 F7 05 AB 03 FF 07

001:004:000:STREAM             1348293120.543582
 09 01 F8 05 AB 03 FF 07

001:004:000:STREAM             1348293120.567583
 09 01 F8 05 AC 03 FF 07

001:004:000:STREAM             1348293120.595568
 09 01 F9 05 AC 03 FF 07

001:004:000:STREAM             1348293120.633574
 09 01 F9 05 AB 03 FF 07

001:004:000:STREAM             1348293120.663549
 09 01 FA 05 AB 03 FF 07

001:004:000:STREAM             1348293120.709574
 09 01 FA 05 AA 03 FF 07

001:004:000:STREAM             1348293120.723537
 09 01 FA 05 A9 03 FF 07

001:004:000:STREAM             1348293120.875595
 09 01 FB 05 A9 03 FF 07

001:004:000:STREAM             1348293120.983583
 09 01 FB 05 AA 03 FF 07

001:004:000:STREAM             1348293121.129587
 09 01 FA 05 AA 03 FF 07

001:004:000:STREAM             1348293121.161600
 09 01 FA 05 AB 03 FF 07

001:004:000:STREAM             1348293121.199561
 09 01 FA 05 AC 03 FF 07

001:004:000:STREAM             1348293121.457608
 09 01 FA 05 AD 03 FF 07

001:004:000:STREAM             1348293122.047664
 09 01 FA 05 AE 03 FF 07

001:004:000:STREAM             1348293122.921708
 09 01 FA 05 AD 03 FF 07

001:004:000:STREAM             1348293123.781708
 09 01 FB 05 AD 03 FF 07

001:004:000:STREAM             1348293123.991609
 09 00 FB 05 AD 03 00 00

001:004:000:STREAM             1348293124.001558
 09 00 FB 05 AD 03 00 00

001:004:000:STREAM             1348293124.005558
 09 00 FB 05 AD 03 00 00

