001:018:000:STREAM             1368650473.099051
 07 80 A8 20 A7 30 00 00

001:018:000:STREAM             1368650473.100973
 07 80 A8 20 A7 30 00 00

001:018:000:STREAM             1368650473.104972
 07 80 A2 20 A7 30 00 00

001:018:000:STREAM             1368650473.112982
 07 80 9A 20 AE 30 00 00

001:018:000:STREAM             1368650473.122979
 07 80 93 20 AE 30 00 00

001:018:000:STREAM             1368650473.126936
 07 80 8E 20 AE 30 00 00

001:018:000:STREAM             1368650473.130986
 07 80 87 20 AE 30 00 00

001:018:000:STREAM             1368650473.140932
 07 80 87 20 B2 30 00 00

001:018:000:STREAM             1368650473.148976
 07 80 87 20 BB 30 00 00

001:018:000:STREAM             1368650473.150972
 07 80 81 20 BF 30 00 00

001:018:000:STREAM             1368650473.158975
 07 80 7B 20 BF 30 00 00

001:018:000:STREAM             1368650473.162948
 07 80 75 20 BF 30 00 00

001:018:000:STREAM             1368650473.194964
 07 80 6E 20 BF 30 00 00

001:018:000:STREAM             1368650473.198908
 07 80 68 20 BF 30 00 00

001:018:000:STREAM             1368650473.204980
 07 80 68 20 C3 30 00 00

001:018:000:STREAM             1368650473.208939
 07 80 68 20 C7 30 00 00

001:018:000:STREAM             1368650473.212973
 07 80 68 20 CE 30 00 00

001:018:000:STREAM             1368650473.216976
 07 80 68 20 D2 30 00 00

001:018:000:STREAM             1368650473.222959
 07 80 62 20 D2 30 00 00

001:018:000:STREAM             1368650473.226918
 07 80 5C 20 D2 30 00 00

001:018:000:STREAM             1368650473.230915
 07 80 54 20 D6 30 00 00

001:018:000:STREAM             1368650473.234978
 07 80 4F 20 D6 30 00 00

001:018:000:STREAM             1368650473.240977
 07 80 4F 20 DD 30 00 00

001:018:000:STREAM             1368650473.244974
 07 80 48 20 E5 30 00 00

001:018:000:STREAM             1368650473.248976
 07 80 40 20 EB 30 00 00

001:018:000:STREAM             1368650473.252920
 07 80 37 20 E1 30 00 00

001:018:000:STREAM             1368650473.258918
 07 80 37 20 D0 30 00 00

001:018:000:STREAM             1368650473.262918
 07 80 37 20 D5 30 00 00

001:018:000:STREAM             1368650473.270914
 07 80 30 20 DB 30 00 00

001:018:000:STREAM             1368650473.274977
 07 80 29 20 E4 30 00 00

001:018:000:STREAM             1368650473.280974
 07 80 23 20 D4 30 00 00

001:018:000:STREAM             1368650473.284920
 07 80 13 20 D4 30 00 00

001:018:000:STREAM             1368650473.288917
 07 80 0C 20 D4 30 00 00

001:018:000:STREAM             1368650473.292909
 07 80 14 20 D4 30 00 00

001:018:000:STREAM             1368650473.296978
 07 80 14 20 DB 30 00 00

001:018:000:STREAM             1368650473.302911
 07 80 14 20 DF 30 00 00

001:018:000:STREAM             1368650473.306976
 07 80 0C 20 DF 30 00 00

001:018:000:STREAM             1368650473.310976
 07 80 0C 20 E6 30 00 00

001:018:000:STREAM             1368650473.314912
 07 80 0C 20 F3 30 00 00

001:018:000:STREAM             1368650473.318910
 07 80 11 20 F3 30 00 00

001:018:000:STREAM             1368650473.322911
 07 80 18 20 F3 30 00 00

001:018:000:STREAM             1368650473.324918
 07 80 27 20 F8 30 00 00

001:018:000:STREAM             1368650473.328916
 07 80 27 20 F2 30 00 00

001:018:000:STREAM             1368650473.332923
 07 80 27 20 EC 30 00 00

001:018:000:STREAM             1368650473.340984
 07 80 31 20 F1 30 00 00

001:018:000:STREAM             1368650473.346947
 07 80 36 20 EA 30 00 00

001:018:000:STREAM             1368650473.350940
 07 80 36 20 DF 30 00 00

001:018:000:STREAM             1368650473.358924
 07 80 36 20 D4 30 00 00

001:018:000:STREAM             1368650473.366924
 07 80 36 20 DD 30 00 00

001:018:000:STREAM             1368650473.368914
 07 80 3E 20 E7 30 00 00

001:018:000:STREAM             1368650473.372978
 07 80 37 20 F1 30 00 00

001:018:000:STREAM             1368650473.376914
 07 80 31 20 F1 30 00 00

001:018:000:STREAM             1368650473.380918
 07 80 2B 20 F1 30 00 00

001:018:000:STREAM             1368650473.384917
 07 80 33 20 EA 30 00 00

001:018:000:STREAM             1368650473.388917
 07 80 3F 20 E1 30 00 00

001:018:000:STREAM             1368650473.392916
 07 80 3F 20 D7 30 00 00

001:018:000:STREAM             1368650473.394908
 07 80 39 20 D7 30 00 00

001:018:000:STREAM             1368650473.411011
 07 80 41 20 CF 30 00 00

001:018:000:STREAM             1368650473.414920
 07 80 46 20 CF 30 00 00

001:018:000:STREAM             1368650473.416914
 07 80 4E 20 D4 30 00 00

001:018:000:STREAM             1368650473.424981
 07 80 4E 20 D9 30 00 00

001:018:000:STREAM             1368650473.432979
 07 80 48 20 D9 30 00 00

001:018:000:STREAM             1368650473.436976
 07 80 43 20 D9 30 00 00

001:018:000:STREAM             1368650473.442916
 07 80 43 20 D4 30 00 00

001:018:000:STREAM             1368650473.454982
 07 80 43 20 DA 30 00 00

001:018:000:STREAM             1368650473.462981
 07 80 4F 20 CB 30 00 00

001:018:000:STREAM             1368650473.466978
 07 80 54 20 C3 30 00 00

001:018:000:STREAM             1368650473.476921
 07 80 54 20 CB 30 00 00

001:018:000:STREAM             1368650473.480922
 07 80 54 20 D5 30 00 00

001:018:000:STREAM             1368650473.492938
 07 80 4E 20 D5 30 00 00

001:018:000:STREAM             1368650473.494979
 07 80 4E 20 C7 30 00 00

001:018:000:STREAM             1368650473.498982
 07 80 4E 20 BA 30 00 00

001:018:000:STREAM             1368650473.506933
 07 80 4E 20 C3 30 00 00

001:018:000:STREAM             1368650473.510926
 07 80 4E 20 C8 30 00 00

001:018:000:STREAM             1368650473.520919
 07 80 3F 20 C8 30 00 00

001:018:000:STREAM             1368650473.524923
 07 80 32 20 BA 30 00 00

001:018:000:STREAM             1368650473.528980
 07 80 32 20 B2 30 00 00

001:018:000:STREAM             1368650473.536925
 07 80 3A 20 B2 30 00 00

001:018:000:STREAM             1368650473.544926
 07 80 3F 20 B2 30 00 00

001:018:000:STREAM             1368650473.546914
 07 80 45 20 B2 30 00 00

001:018:000:STREAM             1368650473.550905
 07 80 51 20 A4 30 00 00

001:018:000:STREAM             1368650473.554924
 07 80 58 20 9B 30 00 00

001:018:000:STREAM             1368650473.558981
 07 80 62 20 96 30 00 00

001:018:000:STREAM             1368650473.574939
 07 80 62 20 9B 30 00 00

001:018:000:STREAM             1368650473.576919
 07 80 62 20 9F 30 00 00

001:018:000:STREAM             1368650473.580915
 07 80 5C 20 A4 30 00 00

001:018:000:STREAM             1368650473.588985
 07 80 61 20 9A 30 00 00

001:018:000:STREAM             1368650473.592981
 07 80 69 20 9E 30 00 00

001:018:000:STREAM             1368650473.597004
 07 80 69 20 A8 30 00 00

001:018:000:STREAM             1368650473.600926
 07 80 62 20 A3 30 00 00

001:018:000:STREAM             1368650473.604937
 07 80 62 20 9D 30 00 00

001:018:000:STREAM             1368650473.606912
 07 80 5D 20 96 30 00 00

001:018:000:STREAM             1368650473.610983
 07 80 5D 20 7E 30 00 00

001:018:000:STREAM             1368650473.614947
 07 80 67 20 7E 30 00 00

001:018:000:STREAM             1368650473.626927
 07 80 6D 20 7E 30 00 00

001:018:000:STREAM             1368650473.630923
 07 80 77 20 6F 30 00 00

001:018:000:STREAM             1368650473.638925
 07 80 77 20 67 30 00 00

001:018:000:STREAM             1368650473.644929
 07 80 6F 20 67 30 00 00

001:018:000:STREAM             1368650473.648982
 07 80 61 20 67 30 00 00

001:018:000:STREAM             1368650473.652982
 07 80 5A 20 6B 30 00 00

001:018:000:STREAM             1368650473.660920
 07 80 5A 20 56 30 00 00

001:018:000:STREAM             1368650473.664924
 07 80 5A 20 45 30 00 00

001:018:000:STREAM             1368650473.672944
 07 80 61 20 45 30 00 00

001:018:000:STREAM             1368650473.674923
 07 80 67 20 45 30 00 00

001:018:000:STREAM             1368650473.678982
 07 80 67 20 3C 30 00 00

001:018:000:STREAM             1368650473.690956
 07 80 67 20 40 30 00 00

001:018:000:STREAM             1368650473.694942
 07 80 72 20 46 30 00 00

001:018:000:STREAM             1368650473.698925
 07 80 72 20 3F 30 00 00

001:018:000:STREAM             1368650473.710990
 07 80 72 20 36 30 00 00

001:018:000:STREAM             1368650473.716950
 07 80 78 20 2C 30 00 00

001:018:000:STREAM             1368650473.720929
 07 80 78 20 21 30 00 00

001:018:000:STREAM             1368650473.724918
 07 80 7F 20 10 30 00 00

001:018:000:STREAM             1368650473.728987
 07 80 85 20 0B 30 00 00

001:018:000:STREAM             1368650473.732918
 07 80 85 20 FA 2F 00 00

001:018:000:STREAM             1368650473.736988
 07 80 85 20 F2 2F 00 00

001:018:000:STREAM             1368650473.740986
 07 80 85 20 EA 2F 00 00

001:018:000:STREAM             1368650473.744986
 07 80 90 20 E3 2F 00 00

001:018:000:STREAM             1368650473.758936
 07 80 97 20 E3 2F 00 00

001:018:000:STREAM             1368650473.766918
 07 80 97 20 D7 2F 00 00

001:018:000:STREAM             1368650473.770986
 07 80 97 20 CD 2F 00 00

001:018:000:STREAM             1368650473.774985
 07 80 9C 20 C6 2F 00 00

001:018:000:STREAM             1368650473.778930
 07 80 9C 20 B6 2F 00 00

001:018:000:STREAM             1368650473.782927
 07 80 A4 20 B6 2F 00 00

001:018:000:STREAM             1368650473.794994
 07 80 A4 20 BE 2F 00 00

001:018:000:STREAM             1368650473.802987
 07 80 A4 20 C6 2F 00 00

001:018:000:STREAM             1368650473.804984
 07 80 A4 20 CB 2F 00 00

001:018:000:STREAM             1368650473.808984
 07 80 A4 20 C0 2F 00 00

001:018:000:STREAM             1368650473.813006
 07 80 A4 20 B1 2F 00 00

001:018:000:STREAM             1368650473.816917
 07 80 A4 20 98 2F 00 00

001:018:000:STREAM             1368650473.820927
 07 80 A4 20 8F 2F 00 00

001:018:000:STREAM             1368650473.824920
 07 80 AB 20 7E 2F 00 00

001:018:000:STREAM             1368650473.828923
 07 80 B1 20 7E 2F 00 00

001:018:000:STREAM             1368650473.832987
 07 80 B6 20 7E 2F 00 00

001:018:000:STREAM             1368650473.836984
 07 80 BB 20 7E 2F 00 00

001:018:000:STREAM             1368650473.848898
 07 80 BF 20 7E 2F 00 00

001:018:000:STREAM             1368650473.852949
 07 80 BF 20 83 2F 00 00

001:018:000:STREAM             1368650473.866992
 07 80 C4 20 7D 2F 00 00

001:018:000:STREAM             1368650473.870924
 07 80 C8 20 7D 2F 00 00

001:018:000:STREAM             1368650473.878944
 07 80 C8 20 76 2F 00 00

001:018:000:STREAM             1368650473.882988
 07 80 CC 20 76 2F 00 00

001:018:000:STREAM             1368650473.890988
 07 80 CC 20 6E 2F 00 00

001:018:000:STREAM             1368650473.894987
 07 80 D2 20 64 2F 00 00

001:018:000:STREAM             1368650473.912945
 07 80 D2 20 68 2F 00 00

001:018:000:STREAM             1368650473.924998
 07 80 D2 20 63 2F 00 00

001:018:000:STREAM             1368650473.928989
 07 80 D7 20 63 2F 00 00

001:018:000:STREAM             1368650473.932987
 07 80 DD 20 63 2F 00 00

001:018:000:STREAM             1368650473.944970
 07 80 DD 20 5A 2F 00 00

001:018:000:STREAM             1368650473.948989
 07 80 DD 20 53 2F 00 00

001:018:000:STREAM             1368650473.956992
 07 80 DD 20 58 2F 00 00

001:018:000:STREAM             1368650473.960989
 07 80 DD 20 5F 2F 00 00

001:018:000:STREAM             1368650473.980945
 07 80 E2 20 5F 2F 00 00

001:018:000:STREAM             1368650473.984990
 07 80 E2 20 58 2F 00 00

001:018:000:STREAM             1368650473.986986
 07 80 E2 20 4F 2F 00 00

001:018:000:STREAM             1368650473.994992
 07 80 E8 20 4F 2F 00 00

001:018:000:STREAM             1368650473.998931
 07 80 E8 20 58 2F 00 00

001:018:000:STREAM             1368650474.002924
 07 80 E8 20 5D 2F 00 00

001:018:000:STREAM             1368650474.027072
 07 80 EE 20 5D 2F 00 00

001:018:000:STREAM             1368650474.034940
 07 80 EE 20 62 2F 00 00

001:018:000:STREAM             1368650474.038936
 07 80 EE 20 68 2F 00 00

001:018:000:STREAM             1368650474.042989
 07 80 EE 20 6E 2F 00 00

001:018:000:STREAM             1368650474.046990
 07 80 EE 20 69 2F 00 00

001:018:000:STREAM             1368650474.085010
 07 80 EE 20 63 2F 00 00

001:018:000:STREAM             1368650474.088991
 07 80 EE 20 5D 2F 00 00

001:018:000:STREAM             1368650474.101002
 07 80 F2 20 64 2F 00 00

001:018:000:STREAM             1368650474.104992
 07 80 F6 20 64 2F 00 00

001:018:000:STREAM             1368650474.112994
 07 80 F6 20 5E 2F 00 00

001:018:000:STREAM             1368650474.116992
 07 80 F6 20 65 2F 00 00

001:018:000:STREAM             1368650474.124951
 07 80 F6 20 5D 2F 00 00

001:018:000:STREAM             1368650474.128991
 07 80 F6 20 55 2F 00 00

001:018:000:STREAM             1368650474.132946
 07 80 F6 20 5D 2F 00 00

001:018:000:STREAM             1368650474.144996
 07 80 FB 20 5D 2F 00 00

001:018:000:STREAM             1368650474.152939
 07 80 FB 20 58 2F 00 00

001:018:000:STREAM             1368650474.156948
 07 80 FB 20 52 2F 00 00

001:018:000:STREAM             1368650474.160938
 07 80 FF 20 52 2F 00 00

001:018:000:STREAM             1368650474.164940
 07 80 06 21 52 2F 00 00

001:018:000:STREAM             1368650474.168994
 07 80 0C 21 58 2F 00 00

001:018:000:STREAM             1368650474.172991
 07 80 0C 21 5D 2F 00 00

001:018:000:STREAM             1368650474.176924
 07 80 04 21 67 2F 00 00

001:018:000:STREAM             1368650474.180920
 07 80 04 21 6B 2F 00 00

001:018:000:STREAM             1368650474.192939
 07 80 04 21 65 2F 00 00

001:018:000:STREAM             1368650474.196943
 07 80 04 21 5F 2F 00 00

001:018:000:STREAM             1368650474.205001
 07 80 04 21 4E 2F 00 00

001:018:000:STREAM             1368650474.217003
 07 80 04 21 44 2F 00 00

001:018:000:STREAM             1368650474.224995
 07 80 04 21 4C 2F 00 00

001:018:000:STREAM             1368650474.232996
 07 80 04 21 44 2F 00 00

001:018:000:STREAM             1368650474.236995
 07 80 04 21 3E 2F 00 00

001:018:000:STREAM             1368650474.248953
 07 80 04 21 47 2F 00 00

001:018:000:STREAM             1368650474.252926
 07 80 04 21 56 2F 00 00

001:018:000:STREAM             1368650474.254963
 07 80 04 21 5D 2F 00 00

001:018:000:STREAM             1368650474.271051
 07 80 04 21 55 2F 00 00

001:018:000:STREAM             1368650474.278955
 07 80 04 21 5A 2F 00 00

001:018:000:STREAM             1368650474.282994
 07 80 04 21 5F 2F 00 00

001:018:000:STREAM             1368650474.286996
 07 80 04 21 66 2F 00 00

001:018:000:STREAM             1368650474.290991
 07 80 04 21 59 2F 00 00

001:018:000:STREAM             1368650474.294994
 07 80 0A 21 63 2F 00 00

001:018:000:STREAM             1368650474.298963
 07 80 04 21 71 2F 00 00

001:018:000:STREAM             1368650474.302941
 07 80 04 21 77 2F 00 00

001:018:000:STREAM             1368650474.306934
 07 80 04 21 67 2F 00 00

001:018:000:STREAM             1368650474.314997
 07 80 FF 20 67 2F 00 00

001:018:000:STREAM             1368650474.318998
 07 80 F9 20 67 2F 00 00

001:018:000:STREAM             1368650474.322996
 07 80 F9 20 5A 2F 00 00

001:018:000:STREAM             1368650474.326996
 07 80 00 21 53 2F 00 00

001:018:000:STREAM             1368650474.330969
 07 80 06 21 53 2F 00 00

001:018:000:STREAM             1368650474.342960
 07 80 06 21 58 2F 00 00

001:018:000:STREAM             1368650474.347010
 07 80 FF 20 60 2F 00 00

001:018:000:STREAM             1368650474.350930
 07 80 F7 20 65 2F 00 00

001:018:000:STREAM             1368650474.354999
 07 80 F7 20 60 2F 00 00

001:018:000:STREAM             1368650474.358996
 07 80 F7 20 66 2F 00 00

001:018:000:STREAM             1368650474.362943
 07 80 F7 20 6B 2F 00 00

001:018:000:STREAM             1368650474.366928
 07 80 F7 20 73 2F 00 00

001:018:000:STREAM             1368650474.378942
 07 80 F7 20 67 2F 00 00

001:018:000:STREAM             1368650474.386966
 07 80 FB 20 67 2F 00 00

001:018:000:STREAM             1368650474.390995
 07 80 FB 20 73 2F 00 00

001:018:000:STREAM             1368650474.395015
 07 80 FB 20 78 2F 00 00

001:018:000:STREAM             1368650474.403000
 07 80 FB 20 72 2F 00 00

001:018:000:STREAM             1368650474.406997
 07 80 F4 20 6C 2F 00 00

001:018:000:STREAM             1368650474.414999
 07 80 F9 20 66 2F 00 00

001:018:000:STREAM             1368650474.418997
 07 80 00 21 5F 2F 00 00

001:018:000:STREAM             1368650474.426978
 07 80 F8 20 5F 2F 00 00

001:018:000:STREAM             1368650474.430943
 07 80 F8 20 52 2F 00 00

001:018:000:STREAM             1368650474.434941
 07 80 F2 20 48 2F 00 00

001:018:000:STREAM             1368650474.443000
 07 80 F2 20 4E 2F 00 00

001:018:000:STREAM             1368650474.446997
 07 80 F8 20 53 2F 00 00

001:018:000:STREAM             1368650474.450998
 07 80 F8 20 65 2F 00 00

001:018:000:STREAM             1368650474.458985
 07 80 F8 20 6E 2F 00 00

001:018:000:STREAM             1368650474.462943
 07 80 F8 20 74 2F 00 00

001:018:000:STREAM             1368650474.474937
 07 80 F2 20 74 2F 00 00

001:018:000:STREAM             1368650474.478955
 07 80 EB 20 74 2F 00 00

001:018:000:STREAM             1368650474.490943
 07 80 EB 20 69 2F 00 00

001:018:000:STREAM             1368650474.494942
 07 80 F0 20 69 2F 00 00

001:018:000:STREAM             1368650474.498998
 07 80 F0 20 63 2F 00 00

001:018:000:STREAM             1368650474.503000
 07 80 F0 20 5D 2F 00 00

001:018:000:STREAM             1368650474.510970
 07 80 F0 20 62 2F 00 00

001:018:000:STREAM             1368650474.518985
 07 80 F0 20 5D 2F 00 00

001:018:000:STREAM             1368650474.526944
 07 80 F0 20 58 2F 00 00

001:018:000:STREAM             1368650474.542966
 07 80 F0 20 53 2F 00 00

001:018:000:STREAM             1368650474.546948
 07 80 F0 20 57 2F 00 00

001:018:000:STREAM             1368650474.550993
 07 80 F4 20 61 2F 00 00

001:018:000:STREAM             1368650474.559003
 07 80 F4 20 68 2F 00 00

001:018:000:STREAM             1368650474.565003
 07 80 F4 20 75 2F 00 00

001:018:000:STREAM             1368650474.568998
 07 80 F4 20 84 2F 00 00

001:018:000:STREAM             1368650474.573002
 07 80 F4 20 7C 2F 00 00

001:018:000:STREAM             1368650474.576969
 07 80 EE 20 6F 2F 00 00

001:018:000:STREAM             1368650474.581017
 07 80 EE 20 69 2F 00 00

001:018:000:STREAM             1368650474.584943
 07 80 EE 20 64 2F 00 00

001:018:000:STREAM             1368650474.597011
 07 80 EE 20 71 2F 00 00

001:018:000:STREAM             1368650474.605002
 07 80 EE 20 76 2F 00 00

001:018:000:STREAM             1368650474.620969
 07 80 EE 20 70 2F 00 00

001:018:000:STREAM             1368650474.625003
 07 80 EE 20 76 2F 00 00

001:018:000:STREAM             1368650474.629011
 07 80 EE 20 70 2F 00 00

001:018:000:STREAM             1368650474.637004
 07 80 EE 20 78 2F 00 00

001:018:000:STREAM             1368650474.644946
 07 80 EE 20 71 2F 00 00

001:018:000:STREAM             1368650474.649004
 07 80 EE 20 6B 2F 00 00

001:018:000:STREAM             1368650474.653001
 07 80 F7 20 6B 2F 00 00

001:018:000:STREAM             1368650474.665006
 07 80 F1 20 5E 2F 00 00

001:018:000:STREAM             1368650474.669002
 07 80 F6 20 52 2F 00 00

001:018:000:STREAM             1368650474.673005
 07 80 FD 20 52 2F 00 00

001:018:000:STREAM             1368650474.676948
 07 80 FD 20 4C 2F 00 00

001:018:000:STREAM             1368650474.680967
 07 80 FD 20 46 2F 00 00

001:018:000:STREAM             1368650474.684955
 07 80 FD 20 4A 2F 00 00

001:018:000:STREAM             1368650474.688937
 07 80 FD 20 54 2F 00 00

001:018:000:STREAM             1368650474.715018
 07 80 FD 20 4E 2F 00 00

001:018:000:STREAM             1368650474.719003
 07 80 FD 20 47 2F 00 00

001:018:000:STREAM             1368650474.723015
 07 80 FD 20 4C 2F 00 00

001:018:000:STREAM             1368650474.731007
 07 80 FD 20 5A 2F 00 00

001:018:000:STREAM             1368650474.735043
 07 80 FD 20 5F 2F 00 00

001:018:000:STREAM             1368650474.743005
 07 80 FD 20 64 2F 00 00

001:018:000:STREAM             1368650474.746936
 07 80 FD 20 70 2F 00 00

001:018:000:STREAM             1368650474.751115
 07 80 02 21 68 2F 00 00

001:018:000:STREAM             1368650474.759006
 07 80 07 21 6E 2F 00 00

001:018:000:STREAM             1368650474.791025
 07 80 07 21 68 2F 00 00

001:018:000:STREAM             1368650474.817021
 07 80 07 21 62 2F 00 00

001:018:000:STREAM             1368650474.825010
 07 80 07 21 66 2F 00 00

001:018:000:STREAM             1368650474.832954
 07 80 07 21 60 2F 00 00

001:018:000:STREAM             1368650474.836966
 07 80 07 21 5A 2F 00 00

001:018:000:STREAM             1368650474.881026
 07 80 01 21 5A 2F 00 00

001:018:000:STREAM             1368650474.911024
 07 80 01 21 5F 2F 00 00

001:018:000:STREAM             1368650474.938980
 07 80 01 21 59 2F 00 00

001:018:000:STREAM             1368650474.951038
 07 80 FB 20 59 2F 00 00

001:018:000:STREAM             1368650474.969031
 07 80 F6 20 59 2F 00 00

001:018:000:STREAM             1368650474.993024
 07 80 F6 20 54 2F 00 00

001:018:000:STREAM             1368650475.008977
 07 80 F1 20 54 2F 00 00

001:018:000:STREAM             1368650475.042971
 07 80 EC 20 54 2F 00 00

001:018:000:STREAM             1368650475.059020
 07 80 EC 20 58 2F 00 00

001:018:000:STREAM             1368650475.063011
 07 80 E7 20 5D 2F 00 00

001:018:000:STREAM             1368650475.095032
 07 80 E1 20 5D 2F 00 00

001:018:000:STREAM             1368650475.121028
 07 80 DB 20 5D 2F 00 00

001:018:000:STREAM             1368650475.145017
 07 80 DB 20 64 2F 00 00

001:018:000:STREAM             1368650475.149015
 07 80 DB 20 6C 2F 00 00

001:018:000:STREAM             1368650475.170977
 07 80 D6 20 6C 2F 00 00

001:018:000:STREAM             1368650475.218997
 07 80 D6 20 71 2F 00 00

001:018:000:STREAM             1368650475.269043
 07 80 D1 20 71 2F 00 00

001:018:000:STREAM             1368650475.281020
 07 80 D1 20 75 2F 00 00

001:018:000:STREAM             1368650475.284968
 07 80 D1 20 7A 2F 00 00

001:018:000:STREAM             1368650475.339040
 07 80 CB 20 7A 2F 00 00

001:018:000:STREAM             1368650475.357032
 07 80 C5 20 7A 2F 00 00

001:018:000:STREAM             1368650475.361017
 07 80 C5 20 75 2F 00 00

001:018:000:STREAM             1368650475.365017
 07 80 C0 20 70 2F 00 00

001:018:000:STREAM             1368650475.381030
 07 80 BB 20 70 2F 00 00

001:018:000:STREAM             1368650475.389019
 07 80 BB 20 75 2F 00 00

001:018:000:STREAM             1368650475.435040
 07 80 B5 20 75 2F 00 00

001:018:000:STREAM             1368650475.455034
 07 80 B0 20 75 2F 00 00

001:018:000:STREAM             1368650475.473031
 07 80 B0 20 7A 2F 00 00

001:018:000:STREAM             1368650475.481020
 07 80 B0 20 7F 2F 00 00

001:018:000:STREAM             1368650475.543050
 07 80 B0 20 78 2F 00 00

001:018:000:STREAM             1368650475.625055
 07 80 B0 20 7D 2F 00 00

001:018:000:STREAM             1368650475.701059
 07 80 B0 20 77 2F 00 00

001:018:000:STREAM             1368650475.705023
 07 80 B0 20 70 2F 00 00

001:018:000:STREAM             1368650475.755047
 07 80 B0 20 76 2F 00 00

001:018:000:STREAM             1368650475.797048
 07 80 AA 20 76 2F 00 00

001:018:000:STREAM             1368650475.813032
 07 80 A5 20 76 2F 00 00

001:018:000:STREAM             1368650475.821028
 07 80 A5 20 70 2F 00 00

001:018:000:STREAM             1368650475.832975
 07 80 A0 20 70 2F 00 00

001:018:000:STREAM             1368650475.883054
 07 80 9B 20 70 2F 00 00

001:018:000:STREAM             1368650475.892975
 07 80 9B 20 76 2F 00 00

001:018:000:STREAM             1368650475.909054
 07 80 95 20 76 2F 00 00

001:018:000:STREAM             1368650475.913028
 07 80 95 20 7A 2F 00 00

001:018:000:STREAM             1368650475.924989
 07 80 95 20 75 2F 00 00

001:018:000:STREAM             1368650475.943038
 07 80 90 20 75 2F 00 00

001:018:000:STREAM             1368650475.955011
 07 80 8B 20 75 2F 00 00

001:018:000:STREAM             1368650475.979036
 07 80 8B 20 7B 2F 00 00

001:018:000:STREAM             1368650475.983030
 07 80 86 20 7B 2F 00 00

001:018:000:STREAM             1368650475.992979
 07 80 81 20 80 2F 00 00

001:018:000:STREAM             1368650476.001032
 07 80 81 20 86 2F 00 00

001:018:000:STREAM             1368650476.005026
 07 80 81 20 8B 2F 00 00

001:018:000:STREAM             1368650476.017042
 07 80 81 20 8F 2F 00 00

001:018:000:STREAM             1368650476.050986
 07 80 7C 20 8F 2F 00 00

001:018:000:STREAM             1368650476.071039
 07 80 7C 20 94 2F 00 00

001:018:000:STREAM             1368650476.082980
 07 80 7C 20 9A 2F 00 00

001:018:000:STREAM             1368650476.086975
 07 80 7C 20 9F 2F 00 00

001:018:000:STREAM             1368650476.090958
 07 80 7C 20 A3 2F 00 00

001:018:000:STREAM             1368650476.097032
 07 80 75 20 A3 2F 00 00

001:018:000:STREAM             1368650476.105002
 07 80 70 20 A3 2F 00 00

001:018:000:STREAM             1368650476.112986
 07 80 70 20 AA 2F 00 00

001:018:000:STREAM             1368650476.137046
 07 80 68 20 AA 2F 00 00

001:018:000:STREAM             1368650476.150987
 07 80 61 20 AA 2F 00 00

001:018:000:STREAM             1368650476.163037
 07 80 5C 20 AE 2F 00 00

001:018:000:STREAM             1368650476.167033
 07 80 5C 20 B5 2F 00 00

001:018:000:STREAM             1368650476.170985
 07 80 5C 20 BA 2F 00 00

001:018:000:STREAM             1368650476.187050
 07 80 5C 20 BE 2F 00 00

001:018:000:STREAM             1368650476.191031
 07 80 56 20 BE 2F 00 00

001:018:000:STREAM             1368650476.204987
 07 80 50 20 BE 2F 00 00

001:018:000:STREAM             1368650476.209034
 07 80 4A 20 C4 2F 00 00

001:018:000:STREAM             1368650476.213033
 07 80 4A 20 C8 2F 00 00

001:018:000:STREAM             1368650476.217031
 07 80 4A 20 CC 2F 00 00

001:018:000:STREAM             1368650476.221029
 07 80 45 20 CC 2F 00 00

001:018:000:STREAM             1368650476.237010
 07 80 3F 20 CC 2F 00 00

001:018:000:STREAM             1368650476.241036
 07 80 3F 20 D0 2F 00 00

001:018:000:STREAM             1368650476.259039
 07 80 3A 20 D0 2F 00 00

001:018:000:STREAM             1368650476.263063
 07 80 3A 20 D6 2F 00 00

001:018:000:STREAM             1368650476.271035
 07 80 3A 20 DB 2F 00 00

001:018:000:STREAM             1368650476.275033
 07 80 3A 20 E0 2F 00 00

001:018:000:STREAM             1368650476.283036
 07 80 3A 20 E5 2F 00 00

001:018:000:STREAM             1368650476.291036
 07 80 33 20 E9 2F 00 00

001:018:000:STREAM             1368650476.296978
 07 80 2D 20 E9 2F 00 00

001:018:000:STREAM             1368650476.304979
 07 80 2D 20 F0 2F 00 00

001:018:000:STREAM             1368650476.309036
 07 80 28 20 F6 2F 00 00

001:018:000:STREAM             1368650476.313033
 07 80 21 20 FC 2F 00 00

001:018:000:STREAM             1368650476.321032
 07 80 21 20 02 30 00 00

001:018:000:STREAM             1368650476.324986
 07 80 1B 20 02 30 00 00

001:018:000:STREAM             1368650476.328969
 07 80 15 20 08 30 00 00

001:018:000:STREAM             1368650476.333038
 07 80 15 20 0D 30 00 00

001:018:000:STREAM             1368650476.343065
 07 80 15 20 13 30 00 00

001:018:000:STREAM             1368650476.347038
 07 80 15 20 18 30 00 00

001:018:000:STREAM             1368650476.351033
 07 80 0E 20 18 30 00 00

001:018:000:STREAM             1368650476.355037
 07 80 0E 20 1C 30 00 00

001:018:000:STREAM             1368650476.359006
 07 80 08 20 20 30 00 00

001:018:000:STREAM             1368650476.367038
 07 80 00 20 24 30 00 00

001:018:000:STREAM             1368650476.371035
 07 80 FA 1F 28 30 00 00

001:018:000:STREAM             1368650476.374980
 07 80 F5 1F 28 30 00 00

001:018:000:STREAM             1368650476.379037
 07 80 F5 1F 2C 30 00 00

001:018:000:STREAM             1368650476.385062
 07 80 EF 1F 32 30 00 00

001:018:000:STREAM             1368650476.393041
 07 80 E9 1F 37 30 00 00

001:018:000:STREAM             1368650476.397037
 07 80 E3 1F 37 30 00 00

001:018:000:STREAM             1368650476.401037
 07 80 E3 1F 3E 30 00 00

001:018:000:STREAM             1368650476.405035
 07 80 DE 1F 45 30 00 00

001:018:000:STREAM             1368650476.409038
 07 80 DE 1F 4B 30 00 00

001:018:000:STREAM             1368650476.416980
 07 80 DE 1F 4F 30 00 00

001:018:000:STREAM             1368650476.420970
 07 80 DE 1F 54 30 00 00

001:018:000:STREAM             1368650476.427040
 07 80 D9 1F 54 30 00 00

001:018:000:STREAM             1368650476.431037
 07 80 D9 1F 58 30 00 00

001:018:000:STREAM             1368650476.435038
 07 80 D9 1F 5D 30 00 00

001:018:000:STREAM             1368650476.439037
 07 80 D4 1F 5D 30 00 00

001:018:000:STREAM             1368650476.443037
 07 80 D4 1F 62 30 00 00

001:018:000:STREAM             1368650476.447058
 07 80 CF 1F 62 30 00 00

001:018:000:STREAM             1368650476.450967
 07 80 CF 1F 69 30 00 00

001:018:000:STREAM             1368650476.454976
 07 80 C8 1F 6F 30 00 00

001:018:000:STREAM             1368650476.458969
 07 80 C3 1F 6F 30 00 00

001:018:000:STREAM             1368650476.463039
 07 80 C3 1F 77 30 00 00

001:018:000:STREAM             1368650476.469038
 07 80 BE 1F 7C 30 00 00

001:018:000:STREAM             1368650476.473041
 07 80 BE 1F 80 30 00 00

001:018:000:STREAM             1368650476.477058
 07 80 B9 1F 80 30 00 00

001:018:000:STREAM             1368650476.480992
 07 80 B3 1F 80 30 00 00

001:018:000:STREAM             1368650476.484979
 07 80 B3 1F 85 30 00 00

001:018:000:STREAM             1368650476.492989
 07 80 B3 1F 8B 30 00 00

001:018:000:STREAM             1368650476.501040
 07 80 B3 1F 90 30 00 00

001:018:000:STREAM             1368650476.510986
 07 80 B3 1F 95 30 00 00

001:018:000:STREAM             1368650476.519047
 07 80 B3 1F 9A 30 00 00

001:018:000:STREAM             1368650476.523038
 07 80 B3 1F 9E 30 00 00

001:018:000:STREAM             1368650476.527038
 07 80 B3 1F A4 30 00 00

001:018:000:STREAM             1368650476.531041
 07 80 B3 1F A9 30 00 00

001:018:000:STREAM             1368650476.539029
 07 80 B3 1F AD 30 00 00

001:018:000:STREAM             1368650476.543041
 07 80 B3 1F B1 30 00 00

001:018:000:STREAM             1368650476.557046
 07 80 B3 1F B5 30 00 00

001:018:000:STREAM             1368650476.569047
 07 80 B3 1F B9 30 00 00

001:018:000:STREAM             1368650476.572976
 07 80 B3 1F BE 30 00 00

001:018:000:STREAM             1368650476.577043
 07 80 B3 1F C2 30 00 00

001:018:000:STREAM             1368650476.585042
 07 80 B3 1F C7 30 00 00

001:018:000:STREAM             1368650476.589040
 07 80 B3 1F CC 30 00 00

001:018:000:STREAM             1368650476.599019
 07 80 B3 1F D1 30 00 00

001:018:000:STREAM             1368650476.602976
 07 80 B3 1F D6 30 00 00

001:018:000:STREAM             1368650476.607043
 07 80 B3 1F DA 30 00 00

001:018:000:STREAM             1368650476.611041
 07 80 B3 1F DE 30 00 00

001:018:000:STREAM             1368650476.622999
 07 80 B3 1F E3 30 00 00

001:018:000:STREAM             1368650476.631021
 07 80 B3 1F E9 30 00 00

001:018:000:STREAM             1368650476.641046
 07 80 B3 1F EF 30 00 00

001:018:000:STREAM             1368650476.645001
 07 80 B3 1F F4 30 00 00

001:018:000:STREAM             1368650476.648991
 07 80 B7 1F F4 30 00 00

001:018:000:STREAM             1368650476.652977
 07 80 B7 1F F8 30 00 00

001:018:000:STREAM             1368650476.661016
 07 80 BD 1F FC 30 00 00

001:018:000:STREAM             1368650476.664991
 07 80 BD 1F 01 31 00 00

001:018:000:STREAM             1368650476.675001
 07 80 BD 1F 06 31 00 00

001:018:000:STREAM             1368650476.683043
 07 80 BD 1F 0C 31 00 00

001:018:000:STREAM             1368650476.686977
 07 80 BD 1F 10 31 00 00

001:018:000:STREAM             1368650476.698990
 07 80 BD 1F 15 31 00 00

001:018:000:STREAM             1368650476.707047
 07 80 BD 1F 1B 31 00 00

001:018:000:STREAM             1368650476.721049
 07 80 B8 1F 22 31 00 00

001:018:000:STREAM             1368650476.724988
 07 80 B8 1F 27 31 00 00

001:018:000:STREAM             1368650476.737049
 07 80 B8 1F 2C 31 00 00

001:018:000:STREAM             1368650476.745095
 07 80 B8 1F 31 31 00 00

001:018:000:STREAM             1368650476.749043
 07 80 BF 1F 35 31 00 00

001:018:000:STREAM             1368650476.755046
 07 80 C4 1F 35 31 00 00

001:018:000:STREAM             1368650476.759068
 07 80 C9 1F 35 31 00 00

001:018:000:STREAM             1368650476.762991
 07 80 CF 1F 3A 31 00 00

001:018:000:STREAM             1368650476.766979
 07 80 D5 1F 3F 31 00 00

001:018:000:STREAM             1368650476.774996
 07 80 DA 1F 44 31 00 00

001:018:000:STREAM             1368650476.779043
 07 80 DF 1F 48 31 00 00

001:018:000:STREAM             1368650476.783044
 07 80 DF 1F 4D 31 00 00

001:018:000:STREAM             1368650476.786997
 07 80 E3 1F 51 31 00 00

001:018:000:STREAM             1368650476.796991
 07 80 E8 1F 57 31 00 00

001:018:000:STREAM             1368650476.800998
 07 80 E8 1F 5D 31 00 00

001:018:000:STREAM             1368650476.804989
 07 80 E8 1F 62 31 00 00

001:018:000:STREAM             1368650476.808977
 07 80 EF 1F 62 31 00 00

001:018:000:STREAM             1368650476.812989
 07 80 F6 1F 67 31 00 00

001:018:000:STREAM             1368650476.825001
 07 80 F6 1F 6C 31 00 00

001:018:000:STREAM             1368650476.829046
 07 80 FB 1F 70 31 00 00

001:018:000:STREAM             1368650476.837047
 07 80 FB 1F 74 31 00 00

001:018:000:STREAM             1368650476.847018
 07 80 FB 1F 79 31 00 00

001:018:000:STREAM             1368650476.851001
 07 80 FB 1F 7E 31 00 00

001:018:000:STREAM             1368650476.854988
 07 80 FB 1F 82 31 00 00

001:018:000:STREAM             1368650476.871003
 07 80 FB 1F 87 31 00 00

001:018:000:STREAM             1368650476.875043
 07 80 FB 1F 8C 31 00 00

001:018:000:STREAM             1368650476.878991
 07 80 FB 1F 91 31 00 00

001:018:000:STREAM             1368650476.889050
 07 80 FB 1F 97 31 00 00

001:018:000:STREAM             1368650476.893047
 07 80 FB 1F 9C 31 00 00

001:018:000:STREAM             1368650476.897046
 07 80 FB 1F A1 31 00 00

001:018:000:STREAM             1368650476.905047
 07 80 00 20 A6 31 00 00

001:018:000:STREAM             1368650476.909071
 07 80 00 20 AB 31 00 00

001:018:000:STREAM             1368650476.916998
 07 80 00 20 B1 31 00 00

001:018:000:STREAM             1368650476.924995
 07 80 05 20 B1 31 00 00

001:018:000:STREAM             1368650476.929002
 07 80 05 20 B5 31 00 00

001:018:000:STREAM             1368650476.946998
 07 80 0A 20 BA 31 00 00

001:018:000:STREAM             1368650476.951045
 07 80 0E 20 BA 31 00 00

001:018:000:STREAM             1368650476.959065
 07 80 0E 20 C0 31 00 00

001:018:000:STREAM             1368650476.963050
 07 80 0E 20 C5 31 00 00

001:018:000:STREAM             1368650476.974993
 07 80 0E 20 CB 31 00 00

001:018:000:STREAM             1368650476.979048
 07 80 0E 20 CF 31 00 00

001:018:000:STREAM             1368650476.989055
 07 80 0E 20 D5 31 00 00

001:018:000:STREAM             1368650477.004998
 07 80 0E 20 D9 31 00 00

001:018:000:STREAM             1368650477.025065
 07 80 0E 20 DD 31 00 00

001:018:000:STREAM             1368650477.033002
 07 80 13 20 E1 31 00 00

001:018:000:STREAM             1368650477.041053
 07 80 17 20 E6 31 00 00

001:018:000:STREAM             1368650477.054997
 07 80 1C 20 EC 31 00 00

001:018:000:STREAM             1368650477.059047
 07 80 21 20 F1 31 00 00

001:018:000:STREAM             1368650477.071057
 07 80 21 20 F7 31 00 00

001:018:000:STREAM             1368650477.075050
 07 80 31 20 18 32 00 00

001:018:000:STREAM             1368650477.079052
 07 80 36 20 1F 32 00 00

001:018:000:STREAM             1368650477.087051
 07 82 36 20 19 32 00 00

001:018:000:STREAM             1368650477.093052
 07 82 2E 20 19 32 00 00

001:018:000:STREAM             1368650477.101006
 07 82 28 20 19 32 00 00

001:018:000:STREAM             1368650477.119059
 07 82 28 20 14 32 00 00

001:018:000:STREAM             1368650477.149066
 07 82 28 20 0D 32 00 00

001:018:000:STREAM             1368650477.167064
 07 82 28 20 07 32 00 00

001:018:000:STREAM             1368650477.175066
 07 82 2E 20 07 32 00 00

001:018:000:STREAM             1368650477.184970
 07 82 32 20 02 32 00 00

001:018:000:STREAM             1368650477.188990
 07 82 32 20 FD 31 00 00

001:018:000:STREAM             1368650477.197055
 07 82 32 20 F8 31 00 00

001:018:000:STREAM             1368650477.207053
 07 82 32 20 F0 31 00 00

001:018:000:STREAM             1368650477.267087
 07 82 32 20 EA 31 00 00

001:018:000:STREAM             1368650477.285066
 07 82 2C 20 EA 31 00 00

001:018:000:STREAM             1368650477.301006
 07 82 2C 20 E5 31 00 00

001:018:000:STREAM             1368650477.311060
 07 82 27 20 E5 31 00 00

001:018:000:STREAM             1368650477.337067
 07 82 21 20 E5 31 00 00

001:018:000:STREAM             1368650477.379013
 07 82 1B 20 E5 31 00 00

001:018:000:STREAM             1368650477.401070
 07 82 21 20 E5 31 00 00

001:018:000:STREAM             1368650477.405056
 07 82 21 20 DF 31 00 00

001:018:000:STREAM             1368650477.517065
 07 82 26 20 DF 31 00 00

001:018:000:STREAM             1368650477.527060
 07 82 2B 20 DF 31 00 00

001:018:000:STREAM             1368650477.531062
 07 82 32 20 DF 31 00 00

001:018:000:STREAM             1368650477.535058
 07 82 36 20 DF 31 00 00

001:018:000:STREAM             1368650477.539057
 07 82 36 20 DA 31 00 00

001:018:000:STREAM             1368650477.569075
 07 82 3B 20 DA 31 00 00

001:018:000:STREAM             1368650477.587010
 07 82 43 20 DA 31 00 00

001:018:000:STREAM             1368650477.613099
 07 82 48 20 DF 31 00 00

001:018:000:STREAM             1368650477.627066
 07 82 4C 20 DF 31 00 00

001:018:000:STREAM             1368650477.643068
 07 82 51 20 DF 31 00 00

001:018:000:STREAM             1368650477.673078
 07 82 51 20 D9 31 00 00

001:018:000:STREAM             1368650477.717035
 07 82 51 20 D3 31 00 00

001:018:000:STREAM             1368650477.743023
 07 82 4C 20 D3 31 00 00

001:018:000:STREAM             1368650477.757068
 07 82 43 20 D3 31 00 00

001:018:000:STREAM             1368650477.761064
 07 82 3D 20 CB 31 00 00

001:018:000:STREAM             1368650477.765065
 07 82 38 20 CB 31 00 00

001:018:000:STREAM             1368650477.769078
 07 82 38 20 C4 31 00 00

001:018:000:STREAM             1368650477.773000
 07 82 31 20 C4 31 00 00

001:018:000:STREAM             1368650477.777005
 07 82 2A 20 C4 31 00 00

001:018:000:STREAM             1368650477.781007
 07 82 24 20 C4 31 00 00

001:018:000:STREAM             1368650477.795066
 07 82 1B 20 BD 31 00 00

001:018:000:STREAM             1368650477.799009
 07 82 15 20 BD 31 00 00

001:018:000:STREAM             1368650477.803003
 07 82 15 20 B8 31 00 00

001:018:000:STREAM             1368650477.807004
 07 82 15 20 B3 31 00 00

001:018:000:STREAM             1368650477.813000
 07 82 0C 20 B3 31 00 00

001:018:000:STREAM             1368650477.817064
 07 82 01 20 AE 31 00 00

001:018:000:STREAM             1368650477.829041
 07 82 FC 1F AE 31 00 00

001:018:000:STREAM             1368650477.833002
 07 82 F7 1F A8 31 00 00

001:018:000:STREAM             1368650477.837016
 07 82 F2 1F A2 31 00 00

001:018:000:STREAM             1368650477.847103
 07 82 EB 1F 9B 31 00 00

001:018:000:STREAM             1368650477.851062
 07 82 E5 1F 9B 31 00 00

001:018:000:STREAM             1368650477.855064
 07 82 DE 1F 9B 31 00 00

001:018:000:STREAM             1368650477.859065
 07 80 DE 1F 94 31 00 00

001:018:000:STREAM             1368650477.863013
 07 80 DE 1F 8E 31 00 00

001:018:000:STREAM             1368650477.867067
 07 80 DE 1F 87 31 00 00

001:018:000:STREAM             1368650477.871065
 07 80 D8 1F 82 31 00 00

001:018:000:STREAM             1368650477.875066
 07 80 D8 1F 7C 31 00 00

001:018:000:STREAM             1368650477.879067
 07 80 D3 1F 7C 31 00 00

001:018:000:STREAM             1368650477.883066
 07 80 D3 1F 77 31 00 00

001:018:000:STREAM             1368650477.887065
 07 80 D3 1F 70 31 00 00

001:018:000:STREAM             1368650477.891033
 07 80 CE 1F 69 31 00 00

001:018:000:STREAM             1368650477.895007
 07 80 CE 1F 64 31 00 00

001:018:000:STREAM             1368650477.899067
 07 80 CE 1F 5E 31 00 00

001:018:000:STREAM             1368650477.903066
 07 80 C7 1F 5E 31 00 00

001:018:000:STREAM             1368650477.907065
 07 80 C0 1F 56 31 00 00

001:018:000:STREAM             1368650477.911065
 07 80 C0 1F 4F 31 00 00

001:018:000:STREAM             1368650477.915068
 07 80 C0 1F 48 31 00 00

001:018:000:STREAM             1368650477.919069
 07 80 C0 1F 40 31 00 00

001:018:000:STREAM             1368650477.923002
 07 80 C0 1F 3A 31 00 00

001:018:000:STREAM             1368650477.927001
 07 80 B9 1F 34 31 00 00

001:018:000:STREAM             1368650477.931067
 07 80 B9 1F 2D 31 00 00

001:018:000:STREAM             1368650477.935068
 07 80 B9 1F 28 31 00 00

001:018:000:STREAM             1368650477.939067
 07 80 B4 1F 21 31 00 00

001:018:000:STREAM             1368650477.951071
 07 80 B4 1F 1A 31 00 00

001:018:000:STREAM             1368650477.955011
 07 80 B4 1F 15 31 00 00

001:018:000:STREAM             1368650477.959009
 07 80 B4 1F 0F 31 00 00

001:018:000:STREAM             1368650477.967006
 07 80 B4 1F 08 31 00 00

001:018:000:STREAM             1368650477.971068
 07 80 AE 1F 01 31 00 00

001:018:000:STREAM             1368650477.975068
 07 80 AE 1F FB 30 00 00

001:018:000:STREAM             1368650477.979067
 07 80 AE 1F F5 30 00 00

001:018:000:STREAM             1368650477.983104
 07 80 AE 1F EE 30 00 00

001:018:000:STREAM             1368650477.987003
 07 80 AE 1F E9 30 00 00

001:018:000:STREAM             1368650477.995011
 07 80 B3 1F E3 30 00 00

001:018:000:STREAM             1368650477.999019
 07 80 B8 1F DD 30 00 00

001:018:000:STREAM             1368650478.007002
 07 80 B8 1F D7 30 00 00

001:018:000:STREAM             1368650478.017009
 07 80 B8 1F D1 30 00 00

001:018:000:STREAM             1368650478.025073
 07 80 B8 1F CB 30 00 00

001:018:000:STREAM             1368650478.057034
 07 80 AE 1F CF 30 00 00

001:018:000:STREAM             1368650478.061070
 07 80 A7 1F CF 30 00 00

001:018:000:STREAM             1368650478.069071
 07 80 A2 1F CF 30 00 00

001:018:000:STREAM             1368650478.081029
 07 80 A2 1F D5 30 00 00

001:018:000:STREAM             1368650478.085001
 07 80 A8 1F D5 30 00 00

001:018:000:STREAM             1368650478.093085
 07 80 A8 1F DB 30 00 00

001:018:000:STREAM             1368650478.097025
 07 80 A8 1F E0 30 00 00

001:018:000:STREAM             1368650478.109045
 07 80 A8 1F E5 30 00 00

001:018:000:STREAM             1368650478.113014
 07 80 A8 1F EC 30 00 00

001:018:000:STREAM             1368650478.117072
 07 80 AE 1F EC 30 00 00

001:018:000:STREAM             1368650478.125075
 07 80 AE 1F F1 30 00 00

001:018:000:STREAM             1368650478.137081
 07 80 B4 1F F1 30 00 00

001:018:000:STREAM             1368650478.143015
 07 80 BA 1F F1 30 00 00

001:018:000:STREAM             1368650478.147014
 07 80 BA 1F F8 30 00 00

001:018:000:STREAM             1368650478.151025
 07 80 BF 1F FD 30 00 00

001:018:000:STREAM             1368650478.159074
 07 80 C3 1F FD 30 00 00

001:018:000:STREAM             1368650478.163071
 07 80 C7 1F FD 30 00 00

001:018:000:STREAM             1368650478.167067
 07 80 CC 1F FD 30 00 00

001:018:000:STREAM             1368650478.171022
 07 80 D0 1F FD 30 00 00

001:018:000:STREAM             1368650478.175005
 07 80 D4 1F FD 30 00 00

001:018:000:STREAM             1368650478.211039
 07 80 CF 1F FD 30 00 00

001:018:000:STREAM             1368650478.215075
 07 80 CF 1F 03 31 00 00

001:018:000:STREAM             1368650478.219070
 07 80 C9 1F 07 31 00 00

001:018:000:STREAM             1368650478.223071
 07 80 C2 1F 0E 31 00 00

001:018:000:STREAM             1368650478.227076
 07 80 C2 1F 12 31 00 00

001:018:000:STREAM             1368650478.231109
 07 80 B8 1F 12 31 00 00

001:018:000:STREAM             1368650478.235017
 07 80 B8 1F 18 31 00 00

001:018:000:STREAM             1368650478.239020
 07 80 B1 1F 18 31 00 00

001:018:000:STREAM             1368650478.251076
 07 80 B1 1F 10 31 00 00

001:018:000:STREAM             1368650478.255072
 07 80 B1 1F 18 31 00 00

001:018:000:STREAM             1368650478.257074
 07 80 B1 1F 22 31 00 00

001:018:000:STREAM             1368650478.261096
 07 80 B1 1F 28 31 00 00

001:018:000:STREAM             1368650478.277027
 07 80 AB 1F 28 31 00 00

001:018:000:STREAM             1368650478.281068
 07 80 A4 1F 28 31 00 00

001:018:000:STREAM             1368650478.289075
 07 80 AE 1F 28 31 00 00

001:018:000:STREAM             1368650478.305026
 07 80 B2 1F 23 31 00 00

001:018:000:STREAM             1368650478.317078
 07 80 A9 1F 23 31 00 00

001:018:000:STREAM             1368650478.325022
 07 80 A3 1F 23 31 00 00

001:018:000:STREAM             1368650478.329006
 07 80 9D 1F 23 31 00 00

001:018:000:STREAM             1368650478.333018
 07 80 9D 1F 2C 31 00 00

001:018:000:STREAM             1368650478.337006
 07 80 97 1F 2C 31 00 00

001:018:000:STREAM             1368650478.345027
 07 80 97 1F 32 31 00 00

001:018:000:STREAM             1368650478.349006
 07 80 97 1F 3A 31 00 00

001:018:000:STREAM             1368650478.353032
 07 80 97 1F 46 31 00 00

001:018:000:STREAM             1368650478.357024
 07 80 97 1F 4C 31 00 00

001:018:000:STREAM             1368650478.363020
 07 80 97 1F 54 31 00 00

001:018:000:STREAM             1368650478.367076
 07 80 97 1F 59 31 00 00

001:018:000:STREAM             1368650478.371010
 07 80 8F 1F 60 31 00 00

001:018:000:STREAM             1368650478.375076
 07 80 82 1F 68 31 00 00

001:018:000:STREAM             1368650478.379071
 07 80 75 1F 6D 31 00 00

001:018:000:STREAM             1368650478.383007
 07 80 6B 1F 6D 31 00 00

001:018:000:STREAM             1368650478.391028
 07 80 62 1F 67 31 00 00

001:018:000:STREAM             1368650478.395090
 07 80 54 1F 67 31 00 00

001:018:000:STREAM             1368650478.399077
 07 80 48 1F 6E 31 00 00

001:018:000:STREAM             1368650478.403085
 07 80 48 1F 7C 31 00 00

001:018:000:STREAM             1368650478.407075
 07 80 3E 1F 87 31 00 00

001:018:000:STREAM             1368650478.411075
 07 80 36 1F 8E 31 00 00

001:018:000:STREAM             1368650478.427090
 07 80 3F 1F 8E 31 00 00

001:018:000:STREAM             1368650478.435079
 07 80 3F 1F 94 31 00 00

001:018:000:STREAM             1368650478.439075
 07 80 3F 1F 9A 31 00 00

001:018:000:STREAM             1368650478.443030
 07 80 39 1F A4 31 00 00

001:018:000:STREAM             1368650478.447107
 07 80 39 1F AA 31 00 00

001:018:000:STREAM             1368650478.451035
 07 80 40 1F AA 31 00 00

001:018:000:STREAM             1368650478.457079
 07 80 39 1F AE 31 00 00

001:018:000:STREAM             1368650478.461034
 07 80 39 1F B2 31 00 00

001:018:000:STREAM             1368650478.465087
 07 80 30 1F B6 31 00 00

001:018:000:STREAM             1368650478.469077
 07 80 35 1F B6 31 00 00

001:018:000:STREAM             1368650478.473077
 07 80 30 1F B6 31 00 00

001:018:000:STREAM             1368650478.481022
 07 80 2A 1F B6 31 00 00

001:018:000:STREAM             1368650478.485020
 07 80 1F 1F BC 31 00 00

001:018:000:STREAM             1368650478.489019
 07 80 17 1F BC 31 00 00

001:018:000:STREAM             1368650478.493079
 07 80 17 1F C2 31 00 00

001:018:000:STREAM             1368650478.497078
 07 80 12 1F C2 31 00 00

001:018:000:STREAM             1368650478.505081
 07 80 12 1F CA 31 00 00

001:018:000:STREAM             1368650478.509097
 07 80 12 1F CE 31 00 00

001:018:000:STREAM             1368650478.513018
 07 80 0D 1F CE 31 00 00

001:018:000:STREAM             1368650478.521022
 07 80 06 1F D7 31 00 00

001:018:000:STREAM             1368650478.529080
 07 80 01 1F DC 31 00 00

001:018:000:STREAM             1368650478.533078
 07 80 FB 1E E4 31 00 00

001:018:000:STREAM             1368650478.537081
 07 80 F0 1E EA 31 00 00

001:018:000:STREAM             1368650478.541021
 07 80 E0 1E F0 31 00 00

001:018:000:STREAM             1368650478.546986
 07 80 E0 1E F6 31 00 00

001:018:000:STREAM             1368650478.551079
 07 80 DA 1E FF 31 00 00

001:018:000:STREAM             1368650478.555080
 07 80 DA 1E 09 32 00 00

001:018:000:STREAM             1368650478.559079
 07 80 DA 1E 11 32 00 00

001:018:000:STREAM             1368650478.567079
 07 80 D5 1E 11 32 00 00

001:018:000:STREAM             1368650478.575021
 07 80 CC 1E 11 32 00 00

001:018:000:STREAM             1368650478.579081
 07 80 D2 1E 11 32 00 00

001:018:000:STREAM             1368650478.599090
 07 80 C5 1E 17 32 00 00

001:018:000:STREAM             1368650478.603025
 07 80 BE 1E 17 32 00 00

001:018:000:STREAM             1368650478.611086
 07 80 BE 1E 1E 32 00 00

001:018:000:STREAM             1368650478.615080
 07 80 CC 1E 27 32 00 00

001:018:000:STREAM             1368650478.619080
 07 80 DA 1E 27 32 00 00

001:018:000:STREAM             1368650478.623081
 07 80 DA 1E 2C 32 00 00

001:018:000:STREAM             1368650478.627080
 07 80 CC 1E 2C 32 00 00

001:018:000:STREAM             1368650478.631101
 07 80 C1 1E 2C 32 00 00

001:018:000:STREAM             1368650478.635024
 07 80 BB 1E 2C 32 00 00

001:018:000:STREAM             1368650478.649096
 07 80 BB 1E 24 32 00 00

001:018:000:STREAM             1368650478.653079
 07 80 B1 1E 29 32 00 00

001:018:000:STREAM             1368650478.661114
 07 80 AC 1E 29 32 00 00

001:018:000:STREAM             1368650478.665034
 07 80 AC 1E 30 32 00 00

001:018:000:STREAM             1368650478.673085
 07 80 B2 1E 30 32 00 00

001:018:000:STREAM             1368650478.689094
 07 80 B7 1E 37 32 00 00

001:018:000:STREAM             1368650478.693023
 07 80 BC 1E 3E 32 00 00

001:018:000:STREAM             1368650478.697022
 07 80 BC 1E 43 32 00 00

001:018:000:STREAM             1368650478.701084
 07 80 C5 1E 47 32 00 00

001:018:000:STREAM             1368650478.713088
 07 80 CB 1E 4B 32 00 00

001:018:000:STREAM             1368650478.717083
 07 80 D1 1E 4B 32 00 00

001:018:000:STREAM             1368650478.721081
 07 80 D7 1E 4B 32 00 00

001:018:000:STREAM             1368650478.733047
 07 80 DE 1E 4B 32 00 00

001:018:000:STREAM             1368650478.737082
 07 80 E7 1E 4B 32 00 00

001:018:000:STREAM             1368650478.741084
 07 80 EF 1E 4B 32 00 00

001:018:000:STREAM             1368650478.749086
 07 80 E4 1E 53 32 00 00

001:018:000:STREAM             1368650478.753085
 07 80 E4 1E 62 32 00 00

001:018:000:STREAM             1368650478.757025
 07 80 E4 1E 6B 32 00 00

001:018:000:STREAM             1368650478.765089
 07 80 EB 1E 6B 32 00 00

001:018:000:STREAM             1368650478.769084
 07 80 F7 1E 6B 32 00 00

001:018:000:STREAM             1368650478.773084
 07 80 FD 1E 65 32 00 00

001:018:000:STREAM             1368650478.781085
 07 80 FD 1E 6D 32 00 00

001:018:000:STREAM             1368650478.785029
 07 80 F7 1E 6D 32 00 00

001:018:000:STREAM             1368650478.797028
 07 80 EB 1E 76 32 00 00

001:018:000:STREAM             1368650478.801096
 07 80 EB 1E 7C 32 00 00

001:018:000:STREAM             1368650478.805084
 07 80 F3 1E 7C 32 00 00

001:018:000:STREAM             1368650478.809081
 07 80 F3 1E 85 32 00 00

001:018:000:STREAM             1368650478.813030
 07 80 05 1F 85 32 00 00

001:018:000:STREAM             1368650478.819028
 07 80 0B 1F 85 32 00 00

001:018:000:STREAM             1368650478.827087
 07 80 0B 1F 8F 32 00 00

001:018:000:STREAM             1368650478.831020
 07 80 0B 1F 95 32 00 00

001:018:000:STREAM             1368650478.835082
 07 80 13 1F 9A 32 00 00

001:018:000:STREAM             1368650478.839083
 07 80 17 1F 9E 32 00 00

001:018:000:STREAM             1368650478.847048
 07 80 17 1F A4 32 00 00

001:018:000:STREAM             1368650478.851018
 07 80 17 1F AB 32 00 00

001:018:000:STREAM             1368650478.859091
 07 80 12 1F B1 32 00 00

001:018:000:STREAM             1368650478.863086
 07 80 18 1F B7 32 00 00

001:018:000:STREAM             1368650478.867085
 07 80 18 1F BD 32 00 00

001:018:000:STREAM             1368650478.871084
 07 80 12 1F CD 32 00 00

001:018:000:STREAM             1368650478.883040
 07 80 0A 1F CD 32 00 00

001:018:000:STREAM             1368650478.887020
 07 80 0A 1F D3 32 00 00

001:018:000:STREAM             1368650478.899090
 07 80 0A 1F D8 32 00 00

001:018:000:STREAM             1368650478.903086
 07 80 0A 1F E1 32 00 00

001:018:000:STREAM             1368650478.909040
 07 80 01 1F EB 32 00 00

001:018:000:STREAM             1368650478.913018
 07 80 FA 1E F5 32 00 00

001:018:000:STREAM             1368650478.917089
 07 80 F5 1E FC 32 00 00

001:018:000:STREAM             1368650478.921085
 07 80 F9 1E 03 33 00 00

001:018:000:STREAM             1368650478.929089
 07 80 F4 1E 03 33 00 00

001:018:000:STREAM             1368650478.937089
 07 80 F4 1E 08 33 00 00

001:018:000:STREAM             1368650478.945030
 07 80 F4 1E 11 33 00 00

001:018:000:STREAM             1368650478.949090
 07 80 F4 1E 1B 33 00 00

001:018:000:STREAM             1368650478.953086
 07 80 F8 1E 1B 33 00 00

001:018:000:STREAM             1368650478.957088
 07 80 FD 1E 2A 33 00 00

001:018:000:STREAM             1368650478.961088
 07 80 FD 1E 30 33 00 00

001:018:000:STREAM             1368650478.965087
 07 80 FD 1E 42 33 00 00

001:018:000:STREAM             1368650478.971042
 07 80 FD 1E 49 33 00 00

001:018:000:STREAM             1368650478.991095
 07 80 FD 1E 4F 33 00 00

001:018:000:STREAM             1368650478.999091
 07 80 FD 1E 54 33 00 00

001:018:000:STREAM             1368650479.003030
 07 80 FD 1E 59 33 00 00

001:018:000:STREAM             1368650479.007091
 07 80 FD 1E 5F 33 00 00

001:018:000:STREAM             1368650479.011086
 07 80 FD 1E 66 33 00 00

001:018:000:STREAM             1368650479.015088
 07 80 03 1F 6E 33 00 00

001:018:000:STREAM             1368650479.019097
 07 80 07 1F 74 33 00 00

001:018:000:STREAM             1368650479.027089
 07 80 07 1F 79 33 00 00

001:018:000:STREAM             1368650479.031089
 07 80 07 1F 7E 33 00 00

001:018:000:STREAM             1368650479.041036
 07 80 07 1F 85 33 00 00

001:018:000:STREAM             1368650479.045033
 07 80 07 1F 8A 33 00 00

001:018:000:STREAM             1368650479.049089
 07 80 07 1F 91 33 00 00

001:018:000:STREAM             1368650479.061093
 07 80 02 1F 91 33 00 00

001:018:000:STREAM             1368650479.065042
 07 80 02 1F 96 33 00 00

001:018:000:STREAM             1368650479.073031
 07 80 FC 1E 9C 33 00 00

001:018:000:STREAM             1368650479.077031
 07 80 F7 1E A1 33 00 00

001:018:000:STREAM             1368650479.081099
 07 80 F7 1E AA 33 00 00

001:018:000:STREAM             1368650479.085088
 07 80 F7 1E B0 33 00 00

001:018:000:STREAM             1368650479.089089
 07 80 F7 1E B7 33 00 00

001:018:000:STREAM             1368650479.107045
 07 80 F7 1E BC 33 00 00

001:018:000:STREAM             1368650479.111061
 07 80 F7 1E C1 33 00 00

001:018:000:STREAM             1368650479.131105
 07 80 F7 1E C5 33 00 00

001:018:000:STREAM             1368650479.139038
 07 80 F7 1E CA 33 00 00

001:018:000:STREAM             1368650479.143098
 07 80 F7 1E CF 33 00 00

001:018:000:STREAM             1368650479.165050
 07 80 F7 1E D6 33 00 00

001:018:000:STREAM             1368650479.169092
 07 80 F7 1E DA 33 00 00

001:018:000:STREAM             1368650479.181050
 07 80 FB 1E DA 33 00 00

001:018:000:STREAM             1368650479.185094
 07 80 00 1F DF 33 00 00

001:018:000:STREAM             1368650479.197049
 07 80 06 1F DF 33 00 00

001:018:000:STREAM             1368650479.201091
 07 80 06 1F E6 33 00 00

001:018:000:STREAM             1368650479.217099
 07 80 0B 1F E6 33 00 00

001:018:000:STREAM             1368650479.223053
 07 80 0B 1F EA 33 00 00

001:018:000:STREAM             1368650479.227029
 07 80 0B 1F EE 33 00 00

001:018:000:STREAM             1368650479.235115
 07 80 11 1F EE 33 00 00

001:018:000:STREAM             1368650479.247100
 07 80 16 1F F5 33 00 00

001:018:000:STREAM             1368650479.255064
 07 80 1B 1F F5 33 00 00

001:018:000:STREAM             1368650479.297117
 07 80 1B 1F FA 33 00 00

001:018:000:STREAM             1368650479.341113
 07 80 1B 1F 00 34 00 00

001:018:000:STREAM             1368650479.345095
 07 80 20 1F 00 34 00 00

001:018:000:STREAM             1368650479.355037
 07 80 20 1F 04 34 00 00

001:018:000:STREAM             1368650479.367101
 07 80 20 1F 08 34 00 00

001:018:000:STREAM             1368650479.371058
 07 80 20 1F 0D 34 00 00

001:018:000:STREAM             1368650479.383101
 07 80 24 1F 0D 34 00 00

001:018:000:STREAM             1368650479.395099
 07 80 24 1F 11 34 00 00

001:018:000:STREAM             1368650479.417108
 07 80 1E 1F 16 34 00 00

001:018:000:STREAM             1368650479.421036
 07 80 1E 1F 1A 34 00 00

001:018:000:STREAM             1368650479.449061
 07 80 1E 1F 1E 34 00 00

001:018:000:STREAM             1368650479.461048
 07 80 1E 1F 23 34 00 00

001:018:000:STREAM             1368650479.465033
 07 80 1E 1F 27 34 00 00

001:018:000:STREAM             1368650479.487040
 07 80 1E 1F 2C 34 00 00

001:018:000:STREAM             1368650479.495042
 07 80 22 1F 2C 34 00 00

001:018:000:STREAM             1368650479.511040
 07 80 22 1F 30 34 00 00

001:018:000:STREAM             1368650479.549119
 07 80 22 1F 34 34 00 00

001:018:000:STREAM             1368650479.553040
 07 80 22 1F 3B 34 00 00

001:018:000:STREAM             1368650479.565109
 07 80 22 1F 40 34 00 00

001:018:000:STREAM             1368650479.597118
 07 80 27 1F 40 34 00 00

001:018:000:STREAM             1368650479.615070
 07 80 27 1F 44 34 00 00

001:018:000:STREAM             1368650479.647118
 07 80 0D 1F 44 34 00 00

001:018:000:STREAM             1368650479.651055
 07 80 08 1F 44 34 00 00

001:018:000:STREAM             1368650479.659105
 07 84 0D 1F 44 34 00 00

001:018:000:STREAM             1368650479.665101
 07 84 12 1F 44 34 00 00

001:018:000:STREAM             1368650479.669100
 07 84 16 1F 44 34 00 00

001:018:000:STREAM             1368650479.677108
 07 84 1B 1F 44 34 00 00

001:018:000:STREAM             1368650479.681045
 07 84 21 1F 44 34 00 00

001:018:000:STREAM             1368650479.685045
 07 84 25 1F 44 34 00 00

001:018:000:STREAM             1368650479.699105
 07 84 29 1F 44 34 00 00

001:018:000:STREAM             1368650479.707104
 07 84 29 1F 48 34 00 00

001:018:000:STREAM             1368650479.719110
 07 84 23 1F 4D 34 00 00

001:018:000:STREAM             1368650479.749119
 07 84 19 1F 4D 34 00 00

001:018:000:STREAM             1368650479.839142
 07 84 1D 1F 4D 34 00 00

001:018:000:STREAM             1368650479.865125
 07 84 23 1F 4D 34 00 00

001:018:000:STREAM             1368650479.873109
 07 84 28 1F 4D 34 00 00

001:018:000:STREAM             1368650479.887108
 07 84 28 1F 52 34 00 00

001:018:000:STREAM             1368650479.955139
 07 84 22 1F 52 34 00 00

001:018:000:STREAM             1368650480.027140
 07 84 1D 1F 52 34 00 00

001:018:000:STREAM             1368650480.061127
 07 84 18 1F 52 34 00 00

001:018:000:STREAM             1368650480.249183
 07 84 13 1F 52 34 00 00

001:018:000:STREAM             1368650480.271128
 07 84 0E 1F 52 34 00 00

001:018:000:STREAM             1368650480.285061
 07 84 08 1F 52 34 00 00

001:018:000:STREAM             1368650480.349149
 07 84 03 1F 52 34 00 00

001:018:000:STREAM             1368650480.361119
 07 84 F9 1E 52 34 00 00

001:018:000:STREAM             1368650480.383063
 07 84 F3 1E 52 34 00 00

001:018:000:STREAM             1368650480.413065
 07 84 ED 1E 52 34 00 00

001:018:000:STREAM             1368650480.417056
 07 84 E7 1E 4C 34 00 00

001:018:000:STREAM             1368650480.421058
 07 84 E1 1E 4C 34 00 00

001:018:000:STREAM             1368650480.433120
 07 84 DB 1E 4C 34 00 00

001:018:000:STREAM             1368650480.439115
 07 84 DB 1E 46 34 00 00

001:018:000:STREAM             1368650480.459130
 07 84 DB 1E 40 34 00 00

001:018:000:STREAM             1368650480.469118
 07 84 DB 1E 38 34 00 00

001:018:000:STREAM             1368650480.477068
 07 84 DB 1E 30 34 00 00

001:018:000:STREAM             1368650480.479048
 07 C0 DB 1E 30 34 00 00

001:018:000:STREAM             1368650480.485057
 07 80 CF 1E 17 34 00 00

001:018:000:STREAM             1368650480.491060
 07 80 CF 1E 17 34 00 00

001:018:000:STREAM             1368650480.519137
 07 80 CF 1E 12 34 00 00

001:018:000:STREAM             1368650480.527075
 07 80 CF 1E 0C 34 00 00

001:018:000:STREAM             1368650480.535166
 07 80 C9 1E 03 34 00 00

001:018:000:STREAM             1368650480.539062
 07 80 C2 1E F8 33 00 00

001:018:000:STREAM             1368650480.543118
 07 80 BC 1E EF 33 00 00

001:018:000:STREAM             1368650480.547117
 07 80 B7 1E E6 33 00 00

001:018:000:STREAM             1368650480.551117
 07 80 B7 1E DE 33 00 00

001:018:000:STREAM             1368650480.555117
 07 80 B2 1E D8 33 00 00

001:018:000:STREAM             1368650480.559119
 07 80 AC 1E D2 33 00 00

001:018:000:STREAM             1368650480.563084
 07 80 AC 1E CD 33 00 00

001:018:000:STREAM             1368650480.567058
 07 80 A5 1E C1 33 00 00

001:018:000:STREAM             1368650480.571054
 07 80 A5 1E B6 33 00 00

001:018:000:STREAM             1368650480.575120
 07 80 9D 1E A5 33 00 00

001:018:000:STREAM             1368650480.579117
 07 80 95 1E 92 33 00 00

001:018:000:STREAM             1368650480.583120
 07 80 90 1E 80 33 00 00

001:018:000:STREAM             1368650480.587117
 07 80 8B 1E 6F 33 00 00

001:018:000:STREAM             1368650480.591118
 07 80 8B 1E 60 33 00 00

001:018:000:STREAM             1368650480.597141
 07 80 8B 1E 51 33 00 00

001:018:000:STREAM             1368650480.601075
 07 80 83 1E 46 33 00 00

001:018:000:STREAM             1368650480.605085
 07 80 7C 1E 36 33 00 00

001:018:000:STREAM             1368650480.609119
 07 80 76 1E 28 33 00 00

001:018:000:STREAM             1368650480.613119
 07 80 76 1E 1A 33 00 00

001:018:000:STREAM             1368650480.617118
 07 80 71 1E 0B 33 00 00

001:018:000:STREAM             1368650480.621119
 07 80 71 1E FF 32 00 00

001:018:000:STREAM             1368650480.625087
 07 80 6A 1E F2 32 00 00

001:018:000:STREAM             1368650480.629088
 07 80 6A 1E E3 32 00 00

001:018:000:STREAM             1368650480.633063
 07 80 62 1E D6 32 00 00

001:018:000:STREAM             1368650480.637060
 07 80 5D 1E C8 32 00 00

001:018:000:STREAM             1368650480.641121
 07 80 58 1E BB 32 00 00

001:018:000:STREAM             1368650480.645089
 07 80 58 1E AF 32 00 00

001:018:000:STREAM             1368650480.649120
 07 80 52 1E A1 32 00 00

001:018:000:STREAM             1368650480.653118
 07 80 52 1E 95 32 00 00

001:018:000:STREAM             1368650480.657117
 07 80 4B 1E 8A 32 00 00

001:018:000:STREAM             1368650480.661062
 07 80 45 1E 7D 32 00 00

001:018:000:STREAM             1368650480.665061
 07 80 45 1E 6F 32 00 00

001:018:000:STREAM             1368650480.669059
 07 80 3E 1E 60 32 00 00

001:018:000:STREAM             1368650480.673118
 07 80 3E 1E 52 32 00 00

001:018:000:STREAM             1368650480.677118
 07 80 3E 1E 47 32 00 00

001:018:000:STREAM             1368650480.681074
 07 80 37 1E 3E 32 00 00

001:018:000:STREAM             1368650480.685062
 07 80 32 1E 35 32 00 00

001:018:000:STREAM             1368650480.689095
 07 80 32 1E 2C 32 00 00

001:018:000:STREAM             1368650480.693076
 07 80 2B 1E 24 32 00 00

001:018:000:STREAM             1368650480.697064
 07 80 2B 1E 1C 32 00 00

001:018:000:STREAM             1368650480.701121
 07 80 2B 1E 14 32 00 00

001:018:000:STREAM             1368650480.705119
 07 80 26 1E 0D 32 00 00

001:018:000:STREAM             1368650480.709111
 07 80 21 1E 05 32 00 00

001:018:000:STREAM             1368650480.713113
 07 80 21 1E FB 31 00 00

001:018:000:STREAM             1368650480.717113
 07 80 21 1E F3 31 00 00

001:018:000:STREAM             1368650480.721084
 07 80 21 1E EA 31 00 00

001:018:000:STREAM             1368650480.725055
 07 80 21 1E E2 31 00 00

001:018:000:STREAM             1368650480.729061
 07 80 21 1E D8 31 00 00

001:018:000:STREAM             1368650480.733120
 07 80 21 1E D2 31 00 00

001:018:000:STREAM             1368650480.737062
 07 80 21 1E CB 31 00 00

001:018:000:STREAM             1368650480.741122
 07 80 21 1E C3 31 00 00

001:018:000:STREAM             1368650480.745122
 07 80 21 1E BC 31 00 00

001:018:000:STREAM             1368650480.749094
 07 80 21 1E B3 31 00 00

001:018:000:STREAM             1368650480.753070
 07 80 25 1E AB 31 00 00

001:018:000:STREAM             1368650480.757073
 07 80 2A 1E A3 31 00 00

001:018:000:STREAM             1368650480.761071
 07 80 2F 1E 9B 31 00 00

001:018:000:STREAM             1368650480.765121
 07 80 2F 1E 95 31 00 00

001:018:000:STREAM             1368650480.769054
 07 80 35 1E 95 31 00 00

001:018:000:STREAM             1368650480.773123
 07 80 35 1E 8A 31 00 00

001:018:000:STREAM             1368650480.777083
 07 80 35 1E 83 31 00 00

001:018:000:STREAM             1368650480.781092
 07 80 3A 1E 7B 31 00 00

001:018:000:STREAM             1368650480.785060
 07 80 3A 1E 75 31 00 00

001:018:000:STREAM             1368650480.795065
 07 80 3A 1E 6F 31 00 00

001:018:000:STREAM             1368650480.799058
 07 80 3A 1E 69 31 00 00

001:018:000:STREAM             1368650480.803057
 07 80 41 1E 69 31 00 00

001:018:000:STREAM             1368650480.807054
 07 80 41 1E 60 31 00 00

001:018:000:STREAM             1368650480.811063
 07 80 47 1E 59 31 00 00

001:018:000:STREAM             1368650480.815080
 07 80 47 1E 54 31 00 00

001:018:000:STREAM             1368650480.823067
 07 80 47 1E 4E 31 00 00

001:018:000:STREAM             1368650480.827121
 07 80 4D 1E 4E 31 00 00

001:018:000:STREAM             1368650480.831123
 07 80 52 1E 47 31 00 00

001:018:000:STREAM             1368650480.839122
 07 80 52 1E 41 31 00 00

001:018:000:STREAM             1368650480.847065
 07 80 52 1E 3B 31 00 00

001:018:000:STREAM             1368650480.855068
 07 80 52 1E 34 31 00 00

001:018:000:STREAM             1368650480.859055
 07 80 52 1E 2E 31 00 00

001:018:000:STREAM             1368650480.863123
 07 80 56 1E 27 31 00 00

001:018:000:STREAM             1368650480.867125
 07 80 56 1E 22 31 00 00

001:018:000:STREAM             1368650480.875067
 07 80 5A 1E 19 31 00 00

001:018:000:STREAM             1368650480.879056
 07 80 5A 1E 10 31 00 00

001:018:000:STREAM             1368650480.883125
 07 80 5A 1E 07 31 00 00

001:018:000:STREAM             1368650480.887124
 07 80 5A 1E FD 30 00 00

001:018:000:STREAM             1368650480.891071
 07 80 5A 1E F5 30 00 00

001:018:000:STREAM             1368650480.895123
 07 80 5A 1E EE 30 00 00

001:018:000:STREAM             1368650480.899125
 07 80 5A 1E E6 30 00 00

001:018:000:STREAM             1368650480.903064
 07 80 60 1E DB 30 00 00

001:018:000:STREAM             1368650480.907063
 07 80 60 1E D2 30 00 00

001:018:000:STREAM             1368650480.913125
 07 80 66 1E CC 30 00 00

001:018:000:STREAM             1368650480.917125
 07 80 66 1E C3 30 00 00

001:018:000:STREAM             1368650480.921059
 07 80 66 1E BC 30 00 00

001:018:000:STREAM             1368650480.925125
 07 80 66 1E B6 30 00 00

001:018:000:STREAM             1368650480.933066
 07 80 66 1E B0 30 00 00

001:018:000:STREAM             1368650480.949085
 07 80 6A 1E B0 30 00 00

001:018:000:STREAM             1368650480.953126
 07 80 6F 1E B0 30 00 00

001:018:000:STREAM             1368650480.957124
 07 80 6F 1E A8 30 00 00

001:018:000:STREAM             1368650480.961124
 07 80 6F 1E A2 30 00 00

001:018:000:STREAM             1368650480.979082
 07 80 6F 1E 9C 30 00 00

001:018:000:STREAM             1368650480.995071
 07 80 6F 1E 97 30 00 00

001:018:000:STREAM             1368650481.007082
 07 80 74 1E 97 30 00 00

001:018:000:STREAM             1368650481.015130
 07 80 79 1E 92 30 00 00

001:018:000:STREAM             1368650481.033068
 07 80 7D 1E 92 30 00 00

001:018:000:STREAM             1368650481.037070
 07 80 7D 1E 8C 30 00 00

001:018:000:STREAM             1368650481.045065
 07 80 81 1E 8C 30 00 00

001:018:000:STREAM             1368650481.049129
 07 80 81 1E 85 30 00 00

001:018:000:STREAM             1368650481.053126
 07 80 81 1E 7F 30 00 00

001:018:000:STREAM             1368650481.057070
 07 80 86 1E 7F 30 00 00

001:018:000:STREAM             1368650481.065068
 07 80 86 1E 7A 30 00 00

001:018:000:STREAM             1368650481.073086
 07 80 86 1E 75 30 00 00

001:018:000:STREAM             1368650481.077076
 07 80 8D 1E 6F 30 00 00

001:018:000:STREAM             1368650481.083128
 07 80 91 1E 6A 30 00 00

001:018:000:STREAM             1368650481.091155
 07 80 91 1E 65 30 00 00

001:018:000:STREAM             1368650481.095066
 07 80 98 1E 60 30 00 00

001:018:000:STREAM             1368650481.115137
 07 80 9D 1E 60 30 00 00

001:018:000:STREAM             1368650481.125075
 07 80 A3 1E 5B 30 00 00

001:018:000:STREAM             1368650481.137077
 07 80 A3 1E 55 30 00 00

001:018:000:STREAM             1368650481.163090
 07 80 A8 1E 55 30 00 00

001:018:000:STREAM             1368650481.171097
 07 80 A8 1E 4F 30 00 00

001:018:000:STREAM             1368650481.209156
 07 80 AD 1E 4F 30 00 00

001:018:000:STREAM             1368650481.227089
 07 80 B2 1E 49 30 00 00

001:018:000:STREAM             1368650481.243087
 07 80 B2 1E 43 30 00 00

001:018:000:STREAM             1368650481.247083
 07 80 B7 1E 43 30 00 00

001:018:000:STREAM             1368650481.277135
 07 80 B7 1E 3E 30 00 00

001:018:000:STREAM             1368650481.287136
 07 80 BC 1E 3E 30 00 00

001:018:000:STREAM             1368650481.303135
 07 80 C1 1E 3E 30 00 00

001:018:000:STREAM             1368650481.307098
 07 80 C5 1E 3E 30 00 00

001:018:000:STREAM             1368650481.317137
 07 80 C9 1E 3E 30 00 00

001:018:000:STREAM             1368650481.321131
 07 80 C9 1E 37 30 00 00

001:018:000:STREAM             1368650481.325088
 07 80 C9 1E 32 30 00 00

001:018:000:STREAM             1368650481.329134
 07 80 CE 1E 2D 30 00 00

001:018:000:STREAM             1368650481.339166
 07 80 D2 1E 2D 30 00 00

001:018:000:STREAM             1368650481.365147
 07 80 D7 1E 2D 30 00 00

001:018:000:STREAM             1368650481.369105
 07 80 DB 1E 2D 30 00 00

001:018:000:STREAM             1368650481.373079
 07 80 DF 1E 33 30 00 00

001:018:000:STREAM             1368650481.381140
 07 80 E3 1E 33 30 00 00

001:018:000:STREAM             1368650481.395148
 07 80 E3 1E 2A 30 00 00

001:018:000:STREAM             1368650481.413103
 07 80 E3 1E 24 30 00 00

001:018:000:STREAM             1368650481.443157
 07 80 E3 1E 1E 30 00 00

001:018:000:STREAM             1368650481.447136
 07 80 E3 1E 17 30 00 00

001:018:000:STREAM             1368650481.465109
 07 80 DE 1E 11 30 00 00

001:018:000:STREAM             1368650481.469230
 07 80 DE 1E 0C 30 00 00

001:018:000:STREAM             1368650481.483093
 07 80 DE 1E 07 30 00 00

001:018:000:STREAM             1368650481.497080
 07 80 D8 1E 01 30 00 00

001:018:000:STREAM             1368650481.523162
 07 80 D8 1E FC 2F 00 00

001:018:000:STREAM             1368650481.527081
 07 80 D8 1E F7 2F 00 00

001:018:000:STREAM             1368650481.541145
 07 80 D8 1E EE 2F 00 00

001:018:000:STREAM             1368650481.549141
 07 80 D8 1E E8 2F 00 00

001:018:000:STREAM             1368650481.603163
 07 80 D3 1E E8 2F 00 00

001:018:000:STREAM             1368650481.641161
 07 80 CD 1E E8 2F 00 00

001:018:000:STREAM             1368650481.655144
 07 80 C7 1E E8 2F 00 00

001:018:000:STREAM             1368650481.659139
 07 80 C7 1E E3 2F 00 00

001:018:000:STREAM             1368650481.677108
 07 80 C7 1E DC 2F 00 00

001:018:000:STREAM             1368650481.691149
 07 80 C1 1E DC 2F 00 00

001:018:000:STREAM             1368650481.705097
 07 80 BC 1E DC 2F 00 00

001:018:000:STREAM             1368650481.729084
 07 80 B7 1E DC 2F 00 00

001:018:000:STREAM             1368650481.735087
 07 80 B7 1E D6 2F 00 00

001:018:000:STREAM             1368650481.743157
 07 80 B7 1E D1 2F 00 00

001:018:000:STREAM             1368650481.767102
 07 80 B7 1E CC 2F 00 00

001:018:000:STREAM             1368650481.773143
 07 80 B7 1E C6 2F 00 00

001:018:000:STREAM             1368650481.777141
 07 80 B0 1E C6 2F 00 00

001:018:000:STREAM             1368650481.783141
 07 80 B0 1E C1 2F 00 00

001:018:000:STREAM             1368650481.787144
 07 80 B0 1E BC 2F 00 00

001:018:000:STREAM             1368650481.807152
 07 80 B0 1E B7 2F 00 00

001:018:000:STREAM             1368650481.817177
 07 80 B0 1E B1 2F 00 00

001:018:000:STREAM             1368650481.823118
 07 80 B0 1E AB 2F 00 00

001:018:000:STREAM             1368650481.863166
 07 80 B0 1E A6 2F 00 00

001:018:000:STREAM             1368650481.879185
 07 80 AA 1E A6 2F 00 00

001:018:000:STREAM             1368650481.883088
 07 81 AA 1E A6 2F 11 00

001:018:000:STREAM             1368650481.889148
 07 81 AA 1E A6 2F 1E 00

001:018:000:STREAM             1368650481.893142
 07 81 AA 1E A6 2F 26 00

001:018:000:STREAM             1368650481.899143
 07 81 A4 1E A6 2F 2B 00

001:018:000:STREAM             1368650481.903096
 07 81 A4 1E A6 2F 30 00

001:018:000:STREAM             1368650481.909144
 07 81 A4 1E A6 2F 34 00

001:018:000:STREAM             1368650481.913088
 07 81 A4 1E A6 2F 38 00

001:018:000:STREAM             1368650481.919148
 07 81 A4 1E A6 2F 3D 00

001:018:000:STREAM             1368650481.925082
 07 81 A4 1E A6 2F 42 00

001:018:000:STREAM             1368650481.929143
 07 81 A4 1E A6 2F 47 00

001:018:000:STREAM             1368650481.935145
 07 81 A4 1E A6 2F 4C 00

001:018:000:STREAM             1368650481.939145
 07 81 A4 1E A6 2F 51 00

001:018:000:STREAM             1368650481.945108
 07 81 A4 1E A6 2F 58 00

001:018:000:STREAM             1368650481.949085
 07 81 A4 1E A6 2F 5D 00

001:018:000:STREAM             1368650481.955144
 07 81 A4 1E A6 2F 64 00

001:018:000:STREAM             1368650481.959155
 07 81 A4 1E A6 2F 6B 00

001:018:000:STREAM             1368650481.965146
 07 81 A4 1E A6 2F 6F 00

001:018:000:STREAM             1368650481.971148
 07 81 A4 1E A6 2F 74 00

001:018:000:STREAM             1368650481.975102
 07 81 A4 1E A6 2F 7A 00

001:018:000:STREAM             1368650481.981145
 07 81 A4 1E A6 2F 80 00

001:018:000:STREAM             1368650481.985078
 07 81 A4 1E A6 2F 87 00

001:018:000:STREAM             1368650481.991093
 07 81 A4 1E A6 2F 8E 00

001:018:000:STREAM             1368650481.995083
 07 81 A4 1E A6 2F 93 00

001:018:000:STREAM             1368650482.001160
 07 81 A4 1E A6 2F 9A 00

001:018:000:STREAM             1368650482.005089
 07 81 A4 1E A6 2F A0 00

001:018:000:STREAM             1368650482.011091
 07 81 A4 1E A6 2F A4 00

001:018:000:STREAM             1368650482.015145
 07 81 A4 1E A6 2F AA 00

001:018:000:STREAM             1368650482.021089
 07 81 A4 1E A6 2F B2 00

001:018:000:STREAM             1368650482.027084
 07 81 A4 1E A6 2F B6 00

001:018:000:STREAM             1368650482.031107
 07 81 A4 1E A6 2F BA 00

001:018:000:STREAM             1368650482.037087
 07 81 A4 1E A6 2F BE 00

001:018:000:STREAM             1368650482.041088
 07 81 A4 1E A6 2F C2 00

001:018:000:STREAM             1368650482.047146
 07 81 A4 1E A6 2F C6 00

001:018:000:STREAM             1368650482.051161
 07 81 A4 1E A6 2F C8 00

001:018:000:STREAM             1368650482.057148
 07 81 A4 1E A6 2F CB 00

001:018:000:STREAM             1368650482.061115
 07 81 A4 1E A6 2F CE 00

001:018:000:STREAM             1368650482.067089
 07 81 A4 1E A6 2F D2 00

001:018:000:STREAM             1368650482.073091
 07 81 A4 1E A6 2F D5 00

001:018:000:STREAM             1368650482.077084
 07 81 A4 1E A6 2F D8 00

001:018:000:STREAM             1368650482.083082
 07 81 A4 1E A6 2F DB 00

001:018:000:STREAM             1368650482.087144
 07 81 A4 1E A6 2F DD 00

001:018:000:STREAM             1368650482.097124
 07 81 A4 1E A6 2F E0 00

001:018:000:STREAM             1368650482.103153
 07 81 A4 1E A6 2F E2 00

001:018:000:STREAM             1368650482.107149
 07 81 A4 1E A6 2F E3 00

001:018:000:STREAM             1368650482.113181
 07 81 A4 1E A6 2F E5 00

001:018:000:STREAM             1368650482.123119
 07 81 A4 1E A6 2F E7 00

001:018:000:STREAM             1368650482.133097
 07 81 A4 1E A6 2F E8 00

001:018:000:STREAM             1368650482.139148
 07 81 A4 1E A6 2F EA 00

001:018:000:STREAM             1368650482.153126
 07 81 A4 1E A6 2F EB 00

001:018:000:STREAM             1368650482.165097
 07 81 A4 1E A6 2F ED 00

001:018:000:STREAM             1368650482.175090
 07 81 A4 1E A6 2F EB 00

001:018:000:STREAM             1368650482.179086
 07 81 A4 1E A6 2F E9 00

001:018:000:STREAM             1368650482.189102
 07 81 A4 1E A6 2F EC 00

001:018:000:STREAM             1368650482.195094
 07 81 A4 1E A6 2F EE 00

001:018:000:STREAM             1368650482.215128
 07 81 A4 1E A6 2F EC 00

001:018:000:STREAM             1368650482.241179
 07 81 A4 1E AA 2F EA 00

001:018:000:STREAM             1368650482.251096
 07 81 A4 1E AA 2F E8 00

001:018:000:STREAM             1368650482.261106
 07 81 A4 1E AA 2F E9 00

001:018:000:STREAM             1368650482.287113
 07 81 A4 1E AA 2F E7 00

001:018:000:STREAM             1368650482.291085
 07 81 A4 1E AA 2F E4 00

001:018:000:STREAM             1368650482.301155
 07 81 A4 1E AA 2F E2 00

001:018:000:STREAM             1368650482.307124
 07 81 A4 1E AA 2F DC 00

001:018:000:STREAM             1368650482.313091
 07 81 A4 1E AA 2F D5 00

001:018:000:STREAM             1368650482.317093
 07 81 A4 1E AA 2F CB 00

001:018:000:STREAM             1368650482.323154
 07 81 A4 1E AA 2F BC 00

001:018:000:STREAM             1368650482.327154
 07 81 A4 1E AA 2F A6 00

001:018:000:STREAM             1368650482.333152
 07 81 A4 1E AA 2F 8C 00

001:018:000:STREAM             1368650482.337153
 07 81 A4 1E AA 2F 6F 00

001:018:000:STREAM             1368650482.343130
 07 81 A4 1E AA 2F 52 00

001:018:000:STREAM             1368650482.347094
 07 81 A4 1E AA 2F 33 00

001:018:000:STREAM             1368650482.353092
 07 80 A4 1E AA 2F 00 00

001:018:000:STREAM             1368650482.363154
 07 80 A9 1E AA 2F 00 00

001:018:000:STREAM             1368650482.373098
 07 80 AE 1E AA 2F 00 00

001:018:000:STREAM             1368650482.383159
 07 80 B3 1E AA 2F 00 00

001:018:000:STREAM             1368650482.399130
 07 80 B8 1E AA 2F 00 00

001:018:000:STREAM             1368650482.413102
 07 80 BD 1E AA 2F 00 00

001:018:000:STREAM             1368650482.417154
 07 80 C1 1E AA 2F 00 00

001:018:000:STREAM             1368650482.423156
 07 80 C7 1E AA 2F 00 00

001:018:000:STREAM             1368650482.427154
 07 80 CE 1E AA 2F 00 00

001:018:000:STREAM             1368650482.433115
 07 80 D4 1E A5 2F 00 00

001:018:000:STREAM             1368650482.437093
 07 80 DB 1E A5 2F 00 00

001:018:000:STREAM             1368650482.441098
 07 80 E1 1E 9E 2F 00 00

001:018:000:STREAM             1368650482.447093
 07 80 E7 1E 9E 2F 00 00

001:018:000:STREAM             1368650482.451090
 07 80 EC 1E 9E 2F 00 00

001:018:000:STREAM             1368650482.455156
 07 80 F1 1E 9E 2F 00 00

001:018:000:STREAM             1368650482.461125
 07 80 F6 1E 9E 2F 00 00

001:018:000:STREAM             1368650482.483168
 07 80 FB 1E A3 2F 00 00

001:018:000:STREAM             1368650482.497096
 07 80 FB 1E AA 2F 00 00

001:018:000:STREAM             1368650482.501098
 07 80 FB 1E B1 2F 00 00

001:018:000:STREAM             1368650482.505090
 07 80 FB 1E B7 2F 00 00

001:018:000:STREAM             1368650482.509103
 07 80 FB 1E BF 2F 00 00

001:018:000:STREAM             1368650482.515154
 07 80 FB 1E C4 2F 00 00

001:018:000:STREAM             1368650482.523127
 07 80 FB 1E CA 2F 00 00

001:018:000:STREAM             1368650482.531093
 07 80 FB 1E CF 2F 00 00

001:018:000:STREAM             1368650482.537101
 07 80 F5 1E CF 2F 00 00

001:018:000:STREAM             1368650482.541156
 07 80 F0 1E CF 2F 00 00

001:018:000:STREAM             1368650482.545156
 07 80 F0 1E D4 2F 00 00

001:018:000:STREAM             1368650482.549157
 07 80 E8 1E D4 2F 00 00

001:018:000:STREAM             1368650482.557125
 07 80 E8 1E D9 2F 00 00

001:018:000:STREAM             1368650482.567159
 07 80 E1 1E D9 2F 00 00

001:018:000:STREAM             1368650482.575101
 07 80 DB 1E D9 2F 00 00

001:018:000:STREAM             1368650482.593112
 07 80 D5 1E D9 2F 00 00

001:018:000:STREAM             1368650482.605103
 07 80 D0 1E D9 2F 00 00

001:018:000:STREAM             1368650482.631171
 07 80 C9 1E D9 2F 00 00

001:018:000:STREAM             1368650482.663166
 07 80 C9 1E D4 2F 00 00

001:018:000:STREAM             1368650482.689124
 07 80 C9 1E CE 2F 00 00

001:018:000:STREAM             1368650482.693093
 07 80 C9 1E C8 2F 00 00

001:018:000:STREAM             1368650482.771194
 07 80 C9 1E CD 2F 00 00

001:018:000:STREAM             1368650482.779167
 07 80 C9 1E D3 2F 00 00

001:018:000:STREAM             1368650482.783131
 07 80 C3 1E D8 2F 00 00

001:018:000:STREAM             1368650482.791169
 07 80 BC 1E D8 2F 00 00

001:018:000:STREAM             1368650482.847190
 07 80 B6 1E D8 2F 00 00

001:018:000:STREAM             1368650482.873151
 07 80 B1 1E D8 2F 00 00

001:018:000:STREAM             1368650482.887169
 07 80 AC 1E D8 2F 00 00

001:018:000:STREAM             1368650482.903166
 07 80 A6 1E D8 2F 00 00

001:018:000:STREAM             1368650482.913107
 07 80 A1 1E D8 2F 00 00

001:018:000:STREAM             1368650482.925176
 07 80 A1 1E D3 2F 00 00

001:018:000:STREAM             1368650482.951182
 07 80 9C 1E CE 2F 00 00

001:018:000:STREAM             1368650482.969113
 07 80 9C 1E C7 2F 00 00

001:018:000:STREAM             1368650482.973102
 07 80 9C 1E C2 2F 00 00

001:018:000:STREAM             1368650482.987118
 07 80 96 1E C2 2F 00 00

001:018:000:STREAM             1368650482.991164
 07 80 96 1E C8 2F 00 00

001:018:000:STREAM             1368650482.995165
 07 80 91 1E C8 2F 00 00

001:018:000:STREAM             1368650482.999109
 07 80 91 1E CD 2F 00 00

001:018:000:STREAM             1368650483.003129
 07 80 91 1E D2 2F 00 00

001:018:000:STREAM             1368650483.063160
 07 80 91 1E D7 2F 00 00

001:018:000:STREAM             1368650483.067165
 07 80 91 1E DC 2F 00 00

001:018:000:STREAM             1368650483.145203
 07 80 8C 1E DC 2F 00 00

001:018:000:STREAM             1368650483.153168
 07 80 86 1E DC 2F 00 00

001:018:000:STREAM             1368650483.171180
 07 80 80 1E DC 2F 00 00

001:018:000:STREAM             1368650483.205189
 07 80 80 1E D7 2F 00 00

001:018:000:STREAM             1368650483.221182
 07 80 80 1E D0 2F 00 00

001:018:000:STREAM             1368650483.227116
 07 80 80 1E CA 2F 00 00

001:018:000:STREAM             1368650483.231169
 07 80 80 1E C3 2F 00 00

001:018:000:STREAM             1368650483.251143
 07 80 80 1E BE 2F 00 00

001:018:000:STREAM             1368650483.285134
 07 80 85 1E B9 2F 00 00

001:018:000:STREAM             1368650483.293173
 07 80 8A 1E B9 2F 00 00

001:018:000:STREAM             1368650483.297175
 07 80 8F 1E B9 2F 00 00

001:018:000:STREAM             1368650483.303130
 07 80 95 1E B9 2F 00 00

001:018:000:STREAM             1368650483.323181
 07 80 9C 1E B9 2F 00 00

001:018:000:STREAM             1368650483.327124
 07 80 A0 1E B9 2F 00 00

001:018:000:STREAM             1368650483.335118
 07 80 A6 1E B2 2F 00 00

001:018:000:STREAM             1368650483.339127
 07 80 AB 1E B2 2F 00 00

001:018:000:STREAM             1368650483.347107
 07 80 B2 1E B2 2F 00 00

001:018:000:STREAM             1368650483.353127
 07 80 B9 1E B2 2F 00 00

001:018:000:STREAM             1368650483.357172
 07 80 BE 1E AB 2F 00 00

001:018:000:STREAM             1368650483.361139
 07 80 BE 1E A6 2F 00 00

001:018:000:STREAM             1368650483.365145
 07 80 C2 1E A6 2F 00 00

001:018:000:STREAM             1368650483.377177
 07 80 C7 1E A6 2F 00 00

001:018:000:STREAM             1368650483.381174
 07 80 CD 1E A1 2F 00 00

001:018:000:STREAM             1368650483.385172
 07 80 D2 1E 9C 2F 00 00

001:018:000:STREAM             1368650483.389173
 07 80 D6 1E 9C 2F 00 00

001:018:000:STREAM             1368650483.393144
 07 80 D6 1E 97 2F 00 00

001:018:000:STREAM             1368650483.403120
 07 80 DD 1E 97 2F 00 00

001:018:000:STREAM             1368650483.407146
 07 80 E5 1E 9C 2F 00 00

001:018:000:STREAM             1368650483.411125
 07 80 E5 1E A2 2F 00 00

001:018:000:STREAM             1368650483.415171
 07 80 EA 1E A2 2F 00 00

001:018:000:STREAM             1368650483.419171
 07 80 EF 1E A6 2F 00 00

001:018:000:STREAM             1368650483.427138
 07 80 EF 1E AC 2F 00 00

001:018:000:STREAM             1368650483.431106
 07 80 F4 1E B2 2F 00 00

001:018:000:STREAM             1368650483.439120
 07 80 F8 1E B7 2F 00 00

001:018:000:STREAM             1368650483.451120
 07 80 FC 1E B7 2F 00 00

001:018:000:STREAM             1368650483.457203
 07 80 03 1F BC 2F 00 00

001:018:000:STREAM             1368650483.469179
 07 80 08 1F C1 2F 00 00

001:018:000:STREAM             1368650483.473140
 07 80 0E 1F C1 2F 00 00

001:018:000:STREAM             1368650483.477173
 07 80 13 1F C1 2F 00 00

001:018:000:STREAM             1368650483.485120
 07 80 18 1F C5 2F 00 00

001:018:000:STREAM             1368650483.489114
 07 80 1F 1F C5 2F 00 00

001:018:000:STREAM             1368650483.497119
 07 80 25 1F C9 2F 00 00

001:018:000:STREAM             1368650483.501112
 07 80 2A 1F C9 2F 00 00

001:018:000:STREAM             1368650483.523158
 07 80 2A 1F CE 2F 00 00

001:018:000:STREAM             1368650483.557145
 07 80 2E 1F CE 2F 00 00

001:018:000:STREAM             1368650483.581125
 07 80 2E 1F C9 2F 00 00

001:018:000:STREAM             1368650483.595129
 07 80 29 1F C9 2F 00 00

001:018:000:STREAM             1368650483.607126
 07 80 21 1F C9 2F 00 00

001:018:000:STREAM             1368650483.611135
 07 80 1B 1F C3 2F 00 00

001:018:000:STREAM             1368650483.621182
 07 80 13 1F BE 2F 00 00

001:018:000:STREAM             1368650483.625178
 07 80 13 1F B9 2F 00 00

001:018:000:STREAM             1368650483.633178
 07 80 0E 1F B9 2F 00 00

001:018:000:STREAM             1368650483.641201
 07 80 08 1F B9 2F 00 00

001:018:000:STREAM             1368650483.651121
 07 80 03 1F B9 2F 00 00

001:018:000:STREAM             1368650483.655133
 07 80 FD 1E B9 2F 00 00

001:018:000:STREAM             1368650483.667130
 07 80 FD 1E B2 2F 00 00

001:018:000:STREAM             1368650483.671154
 07 80 F7 1E B2 2F 00 00

001:018:000:STREAM             1368650483.675119
 07 80 F7 1E AD 2F 00 00

001:018:000:STREAM             1368650483.705148
 07 80 F7 1E A6 2F 00 00

001:018:000:STREAM             1368650483.709120
 07 80 F1 1E A6 2F 00 00

001:018:000:STREAM             1368650483.735147
 07 80 F1 1E A1 2F 00 00

001:018:000:STREAM             1368650483.743186
 07 80 F1 1E 9B 2F 00 00

001:018:000:STREAM             1368650483.761185
 07 80 F1 1E 95 2F 00 00

001:018:000:STREAM             1368650483.769130
 07 80 F1 1E 8D 2F 00 00

001:018:000:STREAM             1368650483.773183
 07 80 EA 1E 8D 2F 00 00

001:018:000:STREAM             1368650483.803157
 07 80 EA 1E 87 2F 00 00

001:018:000:STREAM             1368650483.825175
 07 80 EA 1E 8C 2F 00 00

001:018:000:STREAM             1368650483.837189
 07 80 EF 1E 8C 2F 00 00

001:018:000:STREAM             1368650483.851191
 07 80 F3 1E 91 2F 00 00

001:018:000:STREAM             1368650483.867192
 07 80 F3 1E 96 2F 00 00

001:018:000:STREAM             1368650483.871183
 07 80 F7 1E 96 2F 00 00

001:018:000:STREAM             1368650483.881186
 07 80 FB 1E 96 2F 00 00

001:018:000:STREAM             1368650483.885181
 07 80 FB 1E 9A 2F 00 00

001:018:000:STREAM             1368650483.901125
 07 80 FB 1E 9F 2F 00 00

001:018:000:STREAM             1368650483.905182
 07 80 FF 1E 9F 2F 00 00

001:018:000:STREAM             1368650483.939204
 07 80 FF 1E A3 2F 00 00

001:018:000:STREAM             1368650483.977204
 07 80 FF 1E A8 2F 00 00

001:018:000:STREAM             1368650484.051219
 07 80 FA 1E A8 2F 00 00

001:018:000:STREAM             1368650484.067196
 07 80 F5 1E A8 2F 00 00

001:018:000:STREAM             1368650484.089132
 07 80 F0 1E A8 2F 00 00

001:018:000:STREAM             1368650484.105196
 07 80 F0 1E A2 2F 00 00

001:018:000:STREAM             1368650484.109140
 07 80 F0 1E 9C 2F 00 00

001:018:000:STREAM             1368650484.119137
 07 80 F4 1E 9C 2F 00 00

001:018:000:STREAM             1368650484.221244
 07 80 F4 1E A0 2F 00 00

