001:011:000:STREAM             1543544639.784920
 06 01 57 00 00 00 00 00

001:011:000:STREAM             1543544639.945082
 06 00 00 00 00 00 00 00

001:011:000:STREAM             1543544641.508922
 06 01 56 00 00 00 00 00

001:011:000:STREAM             1543544641.716899
 06 00 00 00 00 00 00 00

001:011:000:STREAM             1543544643.009096
 06 00 05 00 00 00 00 00

001:011:000:STREAM             1543544643.200921
 06 00 00 00 00 00 00 00

001:011:000:STREAM             1543544644.508899
 06 00 08 00 00 00 00 00

001:011:000:STREAM             1543544644.716917
 06 00 00 00 00 00 00 00

001:011:000:STREAM             1543544646.144909
 06 05 1D 00 00 00 00 00

001:011:000:STREAM             1543544646.337011
 06 00 00 00 00 00 00 00

001:011:000:STREAM             1543544647.656952
 06 01 16 00 00 00 00 00

001:011:000:STREAM             1543544647.868907
 06 00 00 00 00 00 00 00

001:011:000:STREAM             1543544649.116904
 06 01 1D 00 00 00 00 00

001:011:000:STREAM             1543544649.329048
 06 00 00 00 00 00 00 00

001:011:000:STREAM             1543544650.613039
 06 01 1C 00 00 00 00 00

001:011:000:STREAM             1543544650.828954
 06 00 00 00 00 00 00 00

