003:005:002:STREAM             1333300272.128201
 03 00 4E 00 00 00 00 00

003:005:002:STREAM             1333300272.368171
 03 00 00 00 00 00 00 00

003:005:002:STREAM             1333300272.992201
 03 00 4B 00 00 00 00 00

003:005:002:STREAM             1333300273.200177
 03 00 00 00 00 00 00 00

003:005:002:STREAM             1333300274.040214
 03 09 2B 00 00 00 00 00

003:005:002:STREAM             1333300274.256210
 03 00 00 00 00 00 00 00

003:005:002:STREAM             1333300274.864186
 03 08 10 00 00 00 00 00

003:005:002:STREAM             1333300275.104171
 03 00 00 00 00 00 00 00

