003:005:001:STREAM             1333300365.820258
 01 00 00 00 00 00 01 00

003:005:001:STREAM             1333300365.884212
 01 00 00 00 00 00 01 00

003:005:001:STREAM             1333300365.964254
 01 00 00 00 00 00 01 00

003:005:001:STREAM             1333300366.020215
 01 00 00 00 00 00 01 00

003:005:001:STREAM             1333300366.092222
 01 00 00 00 00 00 01 00

003:005:001:STREAM             1333300366.252202
 01 00 00 00 00 00 01 00

003:005:001:STREAM             1333300367.444227
 01 00 00 00 00 00 FF 00

003:005:001:STREAM             1333300367.532227
 01 00 00 00 00 00 FF 00

003:005:001:STREAM             1333300367.588202
 01 00 00 00 00 00 FF 00

003:005:001:STREAM             1333300367.636203
 01 00 01 00 01 00 00 00

003:005:001:STREAM             1333300367.668201
 01 00 00 00 00 00 FF 00

003:005:001:STREAM             1333300367.740253
 01 00 01 00 02 00 00 00

003:005:001:STREAM             1333300367.804267
 01 00 00 00 01 00 00 00

003:005:001:STREAM             1333300367.828213
 01 00 00 00 00 00 FF 00

003:005:001:STREAM             1333300367.884216
 01 00 00 00 00 00 FF 00

003:005:001:STREAM             1333300367.892192
 01 00 00 00 02 00 00 00

