003:005:001:STREAM             1333300345.012293
 01 01 00 00 00 00 00 00

003:005:001:STREAM             1333300345.228201
 01 00 00 00 00 00 00 00

003:005:001:STREAM             1333300345.780200
 01 02 00 00 00 00 00 00

003:005:001:STREAM             1333300345.964211
 01 00 00 00 00 00 00 00

003:005:001:STREAM             1333300346.044250
 01 00 FE FF 02 00 00 00

003:005:001:STREAM             1333300347.692230
 01 04 00 00 00 00 00 00

003:005:001:STREAM             1333300347.852224
 01 00 00 00 00 00 00 00

