004:002:001:STREAM             1343614426.065940
 05 00 00 00 01 00

004:002:001:STREAM             1343614426.289918
 05 00 00 00 00 00

004:002:001:STREAM             1343614427.393857
 05 00 00 00 02 00

004:002:001:STREAM             1343614427.585848
 05 00 00 00 00 00

004:002:001:STREAM             1343614427.881824
 05 00 00 20 00 00

004:002:001:STREAM             1343614428.041815
 05 00 00 00 00 00

004:002:001:STREAM             1343614428.353787
 05 00 00 40 00 00

004:002:001:STREAM             1343614428.537790
 05 00 00 00 00 00

004:002:001:STREAM             1343614428.825767
 05 00 20 00 00 00

004:002:001:STREAM             1343614429.017764
 05 00 00 00 00 00

004:002:001:STREAM             1343614429.281736
 05 00 02 00 00 00

004:002:001:STREAM             1343614429.473731
 05 00 00 00 00 00

004:002:001:STREAM             1343614429.721724
 05 00 00 10 00 00

004:002:001:STREAM             1343614429.921709
 05 00 00 00 00 00

004:002:001:STREAM             1343614430.201693
 05 00 00 08 00 00

004:002:001:STREAM             1343614430.377684
 05 00 00 00 00 00

