007:002:002:STREAM             1418798804.272982
 03 04 3D 00 00 00 00 00

007:002:002:STREAM             1418798804.792976
 03 00 00 00 00 00 00 00

007:002:002:STREAM             1418798806.040974
 03 01 16 00 00 00 00 00

007:002:002:STREAM             1418798806.496976
 03 00 00 00 00 00 00 00

007:002:002:STREAM             1418798807.552979
 03 02 56 00 00 00 00 00

007:002:002:STREAM             1418798807.888976
 03 00 00 00 00 00 00 00

007:002:002:STREAM             1418798808.920977
 03 02 57 00 00 00 00 00

007:002:002:STREAM             1418798809.240979
 03 00 00 00 00 00 00 00

007:002:002:STREAM             1418798810.208977
 03 01 1A 00 00 00 00 00

007:002:002:STREAM             1418798810.488975
 03 00 00 00 00 00 00 00

007:002:002:STREAM             1418798811.424975
 03 01 19 00 00 00 00 00

007:002:002:STREAM             1418798811.696976
 03 00 00 00 00 00 00 00

007:002:002:STREAM             1418798812.592980
 03 01 1B 00 00 00 00 00

007:002:002:STREAM             1418798812.856979
 03 00 00 00 00 00 00 00

007:002:002:STREAM             1418798813.920980
 03 01 06 00 00 00 00 00

007:002:002:STREAM             1418798814.176976
 03 00 00 00 00 00 00 00

