001:005:001:STREAM             1523653710.837497
 06 01 00 00 00

001:005:001:STREAM             1523653711.101445
 06 00 00 00 00

001:005:001:STREAM             1523653712.095452
 06 02 00 00 00

001:005:001:STREAM             1523653712.365484
 06 00 00 00 00

001:005:001:STREAM             1523653713.329481
 06 04 00 00 00

001:005:001:STREAM             1523653713.803450
 06 00 00 00 00

001:005:001:STREAM             1523653714.781469
 06 08 00 00 00

001:005:001:STREAM             1523653715.209450
 06 00 00 00 00

001:005:001:STREAM             1523653716.569457
 06 10 00 00 00

001:005:001:STREAM             1523653717.041411
 06 00 00 00 00

001:005:001:STREAM             1523653717.859421
 06 20 00 00 00

001:005:001:STREAM             1523653718.321453
 06 00 00 00 00

001:005:001:STREAM             1523653719.343437
 06 40 00 00 00

001:005:001:STREAM             1523653719.867426
 06 00 00 00 00

001:005:001:STREAM             1523653721.071415
 06 80 00 00 00

001:005:001:STREAM             1523653721.517416
 06 00 00 00 00

