05 01 09 02 a1 01 85 01 09 01 a1 00 05 09 19 01 29 05 15 00 25 01 75 01 95
05 81 02 75 03 95 01 81 03 05 01 09 30 09 31 09 38 15 81 25 7f 75 08 95 03
81 06 05 0c 15 81 25 7f 75 08 95 01 0a 38 02 81 06 c0 c0 05 0d 09 02 a1 01
85 02 09 20 a1 00 09 00 15 00 26 ff 00 75 08 95 09 81 02 09 3f 09 40 15 00
26 ff 00 75 08 95 02 b1 02 c0 85 05 05 0d 09 20 a1 00 09 00 15 00 26 ff 00
75 08 95 07 81 02 c0 85 0a 05 0d 09 20 a1 00 09 00 15 00 26 ff 00 75 08 95
07 81 02 c0 85 10 09 20 a1 00 09 42 09 44 09 3c 09 45 09 32 15 00 25 01 75
01 95 05 81 02 95 03 81 03 05 01 09 30 75 10 95 01 a4 55 0d 65 33 15 00 26
20 4e 35 00 46 20 4e 81 02 09 31 15 00 26 e0 2e 35 00 46 e0 2e 81 02 05 0d
09 30 15 00 26 ff 03 35 00 46 ff 03 81 02 05 0d 09 3d 09 3e 15 81 25 7f 75
08 95 02 81 02 c0 c0 05 01 09 06 a1 01 85 0d 05 07 19 e0 29 e7 15 00 25 01
75 01 95 08 81 02 75 08 95 01 81 01 05 07 19 00 29 65 15 00 25 65 75 08 95
05 81 00 c0 05 0c 09 01 a1 01 85 0c 09 e9 09 ea 09 e2 15 00 25 01 75 01 95
03 81 06 75 05 95 01 81 07 c0 
