M 54 00 41 00 42 00 4C 00 45 00 54 00
P 50 00 65 00 6E 00 20 00 54 00 61 00 62 00 6C 00 65 00 74 00
S 64 12 03 A0 D7 C4 86 03 00 FF 07 A0 0F 08 00 00 00 00 00
S 65 04 03 20 A0
S 6E 02 00
S 79 02 00
S 7A 08 03 01 08 00 00 00 00
S 7B 0C 03 48 00 4B 00 20 00 4F 00 6E 00
S C8 12 03 A0 D7 00 C4 86 00 FF 07 A0 0F 03 0C 00 00 10 00
S C9 24 03 48 00 55 00 49 00 4F 00 4E 00 5F 00 54 00 31 00 35 00 33 00 5F 00 31 00 36 00 30 00 36 00 30 00 37 00
S CA 46 03 48 00 55 00 49 00 4F 00 4E 00 20 00 41 00 6E 00 69 00 6D 00 61 00 74 00 69 00 6F 00 6E 00 20 00 54 00 65 00 63 00 68 00 6E 00 6F 00 6C 00 6F 00 67 00 79 00 20 00 43 00 6F 00 2E 00 2C 00 6C 00 74 00 64 00
