000:STREAM                     1283007498.814590
 02 96 32 08 52 01 00 00

000:STREAM                     1283007498.832557
 02 89 32 66 55 07 F1 00

000:STREAM                     1283007498.836552
 02 65 32 43 55 07 F7 00

000:STREAM                     1283007498.840562
 02 3B 32 23 55 07 F4 00

000:STREAM                     1283007498.844536
 02 15 32 06 55 07 FE 00

000:STREAM                     1283007498.850562
 02 F3 31 EB 54 07 FB 00

000:STREAM                     1283007498.854555
 02 D4 31 D3 54 07 FB 00

000:STREAM                     1283007498.858551
 02 B9 31 BE 54 07 05 01

000:STREAM                     1283007498.862552
 02 A2 31 AD 54 07 12 01

000:STREAM                     1283007498.868552
 02 8E 31 9D 54 07 1C 01

000:STREAM                     1283007498.872554
 02 7D 31 8F 54 07 19 01

000:STREAM                     1283007498.876536
 02 6D 31 83 54 07 23 01

000:STREAM                     1283007498.880558
 02 5F 31 79 54 07 1C 01

000:STREAM                     1283007498.884534
 02 53 31 70 54 07 24 01

000:STREAM                     1283007498.890557
 02 48 31 69 54 07 31 01

000:STREAM                     1283007498.894557
 02 3F 31 63 54 07 3A 01

000:STREAM                     1283007498.898558
 02 36 31 5E 54 07 3D 01

000:STREAM                     1283007498.902548
 02 2F 31 5A 54 07 43 01

000:STREAM                     1283007498.908535
 02 29 31 56 54 07 45 01

000:STREAM                     1283007498.912551
 02 25 31 53 54 07 40 01

000:STREAM                     1283007498.916558
 02 20 31 50 54 07 49 01

000:STREAM                     1283007498.920535
 02 1D 31 4D 54 07 51 01

000:STREAM                     1283007498.924558
 02 1A 31 4B 54 07 59 01

000:STREAM                     1283007498.930562
 02 17 31 4A 54 07 56 01

000:STREAM                     1283007498.934544
 02 14 31 48 54 07 5A 01

000:STREAM                     1283007498.938563
 02 12 31 47 54 07 60 01

000:STREAM                     1283007498.942556
 02 11 31 46 54 07 68 01

000:STREAM                     1283007498.948554
 02 10 31 45 54 07 6A 01

000:STREAM                     1283007498.952535
 02 0F 31 44 54 07 70 01

000:STREAM                     1283007498.956557
 02 0E 31 43 54 07 6D 01

000:STREAM                     1283007498.960534
 02 0D 31 43 54 07 66 01

000:STREAM                     1283007498.964558
 02 0C 31 43 54 07 74 01

000:STREAM                     1283007498.970558
 02 0C 31 43 54 07 73 01

000:STREAM                     1283007498.974560
 02 0C 31 43 54 07 7D 01

000:STREAM                     1283007498.978546
 02 0C 31 43 54 07 7B 01

000:STREAM                     1283007498.982552
 02 0D 31 44 54 07 7F 01

000:STREAM                     1283007498.988552
 02 0D 31 44 54 07 76 01

000:STREAM                     1283007498.992556
 02 0E 31 45 54 07 79 01

000:STREAM                     1283007498.996533
 02 0F 31 46 54 07 89 01

000:STREAM                     1283007499.000559
 02 11 31 47 54 07 84 01

000:STREAM                     1283007499.004535
 02 13 31 49 54 07 88 01

000:STREAM                     1283007499.010552
 02 15 31 4B 54 07 83 01

000:STREAM                     1283007499.014534
 02 19 31 4C 54 07 87 01

000:STREAM                     1283007499.018552
 02 1C 31 4E 54 07 7E 01

000:STREAM                     1283007499.022557
 02 20 31 50 54 07 71 01

000:STREAM                     1283007499.028554
 02 24 31 52 54 07 72 01

000:STREAM                     1283007499.032536
 02 27 31 53 54 07 63 01

000:STREAM                     1283007499.036559
 02 2B 31 54 54 07 4F 01

000:STREAM                     1283007499.040533
 02 2E 31 54 54 07 3E 01

000:STREAM                     1283007499.044551
 02 31 31 54 54 07 2E 01

000:STREAM                     1283007499.050559
 02 33 31 54 54 07 1A 01

000:STREAM                     1283007499.054553
 02 33 31 54 54 07 04 01

000:STREAM                     1283007499.058553
 02 33 31 53 54 07 EE 00

000:STREAM                     1283007499.062534
 02 33 31 52 54 07 C3 00

000:STREAM                     1283007499.066569
 02 32 31 52 54 07 92 00

000:STREAM                     1283007499.072561
 02 31 31 51 54 03 14 00

000:STREAM                     1283007499.076533
 02 2A 31 4C 54 03 0A 00

000:STREAM                     1283007499.080551
 02 23 31 49 54 03 0B 00

000:STREAM                     1283007499.084534
 02 1B 31 48 54 03 0B 00

000:STREAM                     1283007499.088552
 02 15 31 46 54 03 0C 00

000:STREAM                     1283007499.094559
 02 10 31 47 54 03 0A 00

000:STREAM                     1283007499.098546
 02 0C 31 49 54 03 0B 00

000:STREAM                     1283007499.102550
 02 08 31 4E 54 03 0C 00

000:STREAM                     1283007499.106559
 02 04 31 53 54 03 0A 00

000:STREAM                     1283007499.110551
 02 00 31 57 54 03 0B 00

000:STREAM                     1283007499.116552
 02 FE 30 5C 54 03 0C 00

000:STREAM                     1283007499.120535
 02 FB 30 60 54 03 0B 00

000:STREAM                     1283007499.124558
 02 F6 30 61 54 03 0B 00

000:STREAM                     1283007499.128534
 02 F3 30 61 54 03 0B 00

000:STREAM                     1283007499.132554
 02 F1 30 5F 54 03 0A 00

000:STREAM                     1283007499.136552
 02 EF 30 5D 54 03 0C 00

000:STREAM                     1283007499.142557
 02 ED 30 5C 54 03 0A 00

000:STREAM                     1283007499.146562
 02 EB 30 5A 54 03 0C 00

000:STREAM                     1283007499.150554
 02 E9 30 57 54 03 0C 00

000:STREAM                     1283007499.154544
 02 E6 30 53 54 03 0B 00

000:STREAM                     1283007499.158561
 02 E3 30 4F 54 03 0A 00

000:STREAM                     1283007499.164556
 02 E0 30 4B 54 03 0C 00

000:STREAM                     1283007499.168551
 02 DD 30 47 54 03 0C 00

000:STREAM                     1283007499.172551
 02 D9 30 43 54 03 0B 00

000:STREAM                     1283007499.176558
 02 D6 30 3E 54 03 0B 00

000:STREAM                     1283007499.180531
 02 D4 30 39 54 03 0B 00

000:STREAM                     1283007499.186557
 02 D1 30 36 54 03 0B 00

000:STREAM                     1283007499.190562
 02 CD 30 33 54 03 0C 00

000:STREAM                     1283007499.194553
 02 C9 30 30 54 03 0B 00

000:STREAM                     1283007499.198545
 02 C6 30 2E 54 03 0B 00

000:STREAM                     1283007499.202560
 02 C4 30 2D 54 03 0B 00

000:STREAM                     1283007499.206553
 02 C1 30 2C 54 03 0B 00

000:STREAM                     1283007499.212552
 02 BE 30 2B 54 03 0C 00

000:STREAM                     1283007499.216551
 02 BA 30 2A 54 03 0B 00

000:STREAM                     1283007499.220549
 02 B6 30 2B 54 03 0B 00

000:STREAM                     1283007499.224551
 02 B3 30 2A 54 03 0C 00

000:STREAM                     1283007499.228533
 02 AF 30 2B 54 03 0C 00

000:STREAM                     1283007499.234556
 02 AC 30 2B 54 03 0C 00

000:STREAM                     1283007499.238556
 02 A9 30 2C 54 03 0C 00

000:STREAM                     1283007499.242547
 02 A7 30 2D 54 03 0B 00

000:STREAM                     1283007499.246550
 02 A5 30 2F 54 03 0B 00

000:STREAM                     1283007499.250563
 02 A3 30 31 54 03 0B 00

000:STREAM                     1283007499.254551
 02 A1 30 34 54 03 0C 00

000:STREAM                     1283007499.260552
 02 9F 30 36 54 03 0C 00

000:STREAM                     1283007499.264548
 02 9D 30 39 54 03 0C 00

000:STREAM                     1283007499.268551
 02 9C 30 3B 54 03 0B 00

000:STREAM                     1283007499.272557
 02 9B 30 3E 54 03 0B 00

000:STREAM                     1283007499.276532
 02 99 30 41 54 03 0A 00

000:STREAM                     1283007499.282555
 02 97 30 44 54 03 0C 00

000:STREAM                     1283007499.286561
 02 98 30 47 54 03 0C 00

000:STREAM                     1283007499.290552
 02 98 30 4B 54 03 0B 00

000:STREAM                     1283007499.294551
 02 98 30 4F 54 03 0B 00

000:STREAM                     1283007499.298575
 02 99 30 52 54 03 0A 00

000:STREAM                     1283007499.302555
 02 9B 30 57 54 03 0C 00

000:STREAM                     1283007499.308554
 02 9C 30 5B 54 03 0C 00

000:STREAM                     1283007499.312549
 02 9D 30 5F 54 03 0B 00

000:STREAM                     1283007499.316556
 02 9E 30 63 54 03 0C 00

000:STREAM                     1283007499.320533
 02 A1 30 67 54 03 0C 00

000:STREAM                     1283007499.324556
 02 A3 30 69 54 03 0B 00

000:STREAM                     1283007499.330573
 02 A6 30 6C 54 03 0B 00

000:STREAM                     1283007499.334552
 02 A9 30 70 54 03 0A 00

000:STREAM                     1283007499.338544
 02 AB 30 73 54 03 0B 00

000:STREAM                     1283007499.342559
 02 AD 30 75 54 03 0C 00

000:STREAM                     1283007499.346556
 02 AF 30 76 54 03 0B 00

000:STREAM                     1283007499.352551
 02 B2 30 77 54 03 0B 00

000:STREAM                     1283007499.356556
 02 B5 30 7A 54 03 0A 00

000:STREAM                     1283007499.360532
 02 B8 30 7B 54 03 0C 00

000:STREAM                     1283007499.364559
 02 BB 30 7C 54 03 0B 00

000:STREAM                     1283007499.368533
 02 BE 30 7D 54 03 0C 00

000:STREAM                     1283007499.372556
 02 C1 30 7F 54 03 0A 00

000:STREAM                     1283007499.378570
 02 C3 30 80 54 03 0B 00

000:STREAM                     1283007499.382556
 02 C5 30 82 54 03 0C 00

000:STREAM                     1283007499.386544
 02 C7 30 84 54 03 0C 00

000:STREAM                     1283007499.390557
 02 C9 30 86 54 03 0C 00

000:STREAM                     1283007499.394557
 02 CB 30 88 54 03 0B 00

000:STREAM                     1283007499.400550
 02 CE 30 8A 54 03 08 00

000:STREAM                     1283007499.404556
 02 D1 30 8C 54 03 08 00

000:STREAM                     1283007499.408531
 02 D3 30 8D 54 03 0C 00

000:STREAM                     1283007499.412552
 02 DB 30 91 54 03 0A 00

000:STREAM                     1283007499.416551
 02 E1 30 96 54 03 0B 00

000:STREAM                     1283007499.420548
 02 E3 30 9A 54 03 0C 00

000:STREAM                     1283007499.426551
 02 E6 30 9C 54 03 0B 00

000:STREAM                     1283007499.430574
 02 EB 30 9D 54 03 0B 00

000:STREAM                     1283007499.434552
 02 F0 30 9E 54 03 0B 00

000:STREAM                     1283007499.438544
 02 F4 30 A0 54 03 0A 00

000:STREAM                     1283007499.442548
 02 FA 30 A1 54 03 0A 00

000:STREAM                     1283007499.448552
 02 FF 30 A3 54 03 0C 00

000:STREAM                     1283007499.452546
 02 03 31 A3 54 03 0A 00

000:STREAM                     1283007499.456548
 02 05 31 A2 54 03 0B 00

000:STREAM                     1283007499.460560
 02 08 31 A2 54 03 0C 00

000:STREAM                     1283007499.464549
 02 0B 31 A0 54 03 0B 00

000:STREAM                     1283007499.468549
 02 0E 31 9E 54 03 0B 00

000:STREAM                     1283007499.474547
 02 10 31 9A 54 03 0C 00

000:STREAM                     1283007499.478531
 02 10 31 96 54 03 0C 00

000:STREAM                     1283007499.482557
 02 11 31 91 54 03 0B 00

000:STREAM                     1283007499.486555
 02 12 31 8C 54 03 0B 00

000:STREAM                     1283007499.490551
 02 11 31 87 54 03 0A 00

000:STREAM                     1283007499.496549
 02 11 31 82 54 03 0B 00

000:STREAM                     1283007499.500555
 02 11 31 7D 54 03 0B 00

000:STREAM                     1283007499.504546
 02 11 31 79 54 03 0B 00

000:STREAM                     1283007499.508552
 02 0F 31 74 54 03 0C 00

000:STREAM                     1283007499.512549
 02 0F 31 71 54 03 0A 00

000:STREAM                     1283007499.516548
 02 10 31 6E 54 03 0C 00

000:STREAM                     1283007499.522551
 02 0F 31 6B 54 03 0B 00

000:STREAM                     1283007499.526575
 02 10 31 68 54 03 0C 00

000:STREAM                     1283007499.530551
 02 11 31 65 54 03 0B 00

000:STREAM                     1283007499.534542
 02 13 31 63 54 03 0A 00

000:STREAM                     1283007499.538554
 02 14 31 5F 54 03 0C 00

000:STREAM                     1283007499.544555
 02 15 31 5C 54 03 0B 00

000:STREAM                     1283007499.548549
 02 17 31 59 54 03 0B 00

000:STREAM                     1283007499.552549
 02 16 31 58 54 03 0B 00

000:STREAM                     1283007499.556547
 02 16 31 55 54 03 0B 00

000:STREAM                     1283007499.574554
 02 28 31 4C 54 07 D0 00

000:STREAM                     1283007499.578556
 02 28 31 4B 54 07 D4 00

000:STREAM                     1283007499.582549
 02 28 31 4A 54 07 E4 00

000:STREAM                     1283007499.588549
 02 29 31 49 54 07 EF 00

000:STREAM                     1283007499.592555
 02 2A 31 47 54 07 EC 00

000:STREAM                     1283007499.596531
 02 2B 31 46 54 07 F1 00

000:STREAM                     1283007499.600556
 02 2C 31 45 54 07 02 01

000:STREAM                     1283007499.604531
 02 2D 31 43 54 07 07 01

000:STREAM                     1283007499.610548
 02 2F 31 41 54 07 04 01

000:STREAM                     1283007499.614531
 02 31 31 40 54 07 08 01

000:STREAM                     1283007499.618553
 02 32 31 3F 54 07 0E 01

000:STREAM                     1283007499.622555
 02 33 31 3E 54 07 1B 01

000:STREAM                     1283007499.626551
 02 34 31 3E 54 07 1F 01

000:STREAM                     1283007499.632550
 02 35 31 3D 54 07 25 01

000:STREAM                     1283007499.636533
 02 35 31 3C 54 07 2C 01

000:STREAM                     1283007499.640551
 02 34 31 3C 54 07 33 01

000:STREAM                     1283007499.644557
 02 34 31 3C 54 07 35 01

000:STREAM                     1283007499.650556
 02 34 31 3C 54 07 31 01

000:STREAM                     1283007499.654573
 02 34 31 3C 54 07 3F 01

000:STREAM                     1283007499.658556
 02 34 31 3C 54 07 3F 01

000:STREAM                     1283007499.662542
 02 34 31 3C 54 07 4E 01

000:STREAM                     1283007499.666549
 02 34 31 3C 54 07 58 01

000:STREAM                     1283007499.672556
 02 34 31 3C 54 07 5B 01

000:STREAM                     1283007499.676548
 02 34 31 3C 54 07 61 01

000:STREAM                     1283007499.680544
 02 34 31 3C 54 07 63 01

000:STREAM                     1283007499.684555
 02 34 31 3C 54 07 69 01

000:STREAM                     1283007499.690553
 02 34 31 3C 54 07 65 01

000:STREAM                     1283007499.694561
 02 34 31 3C 54 07 6E 01

000:STREAM                     1283007499.698551
 02 34 31 3C 54 07 6C 01

000:STREAM                     1283007499.702542
 02 34 31 3C 54 07 70 01

000:STREAM                     1283007499.706546
 02 34 31 3C 54 07 81 01

000:STREAM                     1283007499.712552
 02 34 31 3C 54 07 81 01

000:STREAM                     1283007499.716546
 02 34 31 3C 54 07 8C 01

000:STREAM                     1283007499.720554
 02 34 31 3C 54 07 94 01

000:STREAM                     1283007499.724547
 02 34 31 3C 54 07 97 01

000:STREAM                     1283007499.730556
 02 34 31 3C 54 07 98 01

000:STREAM                     1283007499.734561
 02 34 31 3C 54 07 8E 01

000:STREAM                     1283007499.738551
 02 34 31 3C 54 07 90 01

000:STREAM                     1283007499.742550
 02 34 31 3C 54 07 90 01

000:STREAM                     1283007499.746574
 02 34 31 3C 54 07 96 01

000:STREAM                     1283007499.752549
 02 34 31 3C 54 07 92 01

000:STREAM                     1283007499.756531
 02 34 31 3C 54 07 9B 01

000:STREAM                     1283007499.760548
 02 34 31 3C 54 07 9E 01

000:STREAM                     1283007499.764549
 02 34 31 3C 54 07 A4 01

000:STREAM                     1283007499.770555
 02 34 31 3C 54 07 AB 01

000:STREAM                     1283007499.774573
 02 36 31 3F 54 07 B3 01

000:STREAM                     1283007499.778553
 02 39 31 41 54 07 B0 01

000:STREAM                     1283007499.782544
 02 3B 31 43 54 07 B4 01

000:STREAM                     1283007499.788548
 02 3E 31 45 54 07 BA 01

000:STREAM                     1283007499.792547
 02 40 31 47 54 07 AD 01

000:STREAM                     1283007499.796548
 02 41 31 49 54 07 B3 01

000:STREAM                     1283007499.800544
 02 42 31 4C 54 07 B5 01

000:STREAM                     1283007499.804547
 02 43 31 4E 54 07 BB 01

000:STREAM                     1283007499.810553
 02 45 31 51 54 07 C2 01

000:STREAM                     1283007499.814554
 02 47 31 53 54 07 BF 01

000:STREAM                     1283007499.818545
 02 48 31 55 54 07 BE 01

000:STREAM                     1283007499.822548
 02 49 31 56 54 07 BE 01

000:STREAM                     1283007499.828552
 02 4A 31 57 54 07 C8 01

000:STREAM                     1283007499.832549
 02 4A 31 58 54 07 C6 01

000:STREAM                     1283007499.836546
 02 4B 31 59 54 07 CA 01

000:STREAM                     1283007499.840548
 02 4C 31 5A 54 07 CC 01

000:STREAM                     1283007499.844550
 02 4D 31 5B 54 07 D2 01

000:STREAM                     1283007499.850555
 02 4E 31 5C 54 07 C9 01

000:STREAM                     1283007499.854552
 02 4E 31 5C 54 07 CB 01

000:STREAM                     1283007499.858543
 02 4E 31 5C 54 07 C7 01

000:STREAM                     1283007499.862547
 02 4E 31 5B 54 07 CB 01

000:STREAM                     1283007499.868549
 02 4E 31 5A 54 07 C7 01

000:STREAM                     1283007499.872552
 02 4E 31 59 54 07 D0 01

000:STREAM                     1283007499.876529
 02 4E 31 59 54 07 D3 01

000:STREAM                     1283007499.880549
 02 4E 31 59 54 07 CA 01

000:STREAM                     1283007499.884553
 02 4E 31 59 54 07 D1 01

000:STREAM                     1283007499.890555
 02 4D 31 59 54 07 D3 01

000:STREAM                     1283007499.894572
 02 4D 31 59 54 07 D4 01

000:STREAM                     1283007499.898553
 02 4E 31 59 54 07 D9 01

000:STREAM                     1283007499.902543
 02 4E 31 58 54 07 D6 01

000:STREAM                     1283007499.908549
 02 4E 31 58 54 07 DF 01

000:STREAM                     1283007499.912555
 02 4E 31 58 54 07 E2 01

000:STREAM                     1283007499.916544
 02 4E 31 58 54 07 DD 01

000:STREAM                     1283007499.920546
 02 4E 31 58 54 07 DC 01

000:STREAM                     1283007499.926555
 02 4F 31 58 54 07 E1 01

000:STREAM                     1283007499.930569
 02 4F 31 59 54 07 DD 01

000:STREAM                     1283007499.934550
 02 4E 31 59 54 07 DC 01

000:STREAM                     1283007499.938539
 02 4E 31 59 54 07 D7 01

000:STREAM                     1283007499.942547
 02 4F 31 5A 54 07 DF 01

000:STREAM                     1283007499.948531
 02 50 31 5A 54 07 D8 01

000:STREAM                     1283007499.952543
 02 50 31 5A 54 07 DA 01

000:STREAM                     1283007499.956558
 02 51 31 5A 54 07 E5 01

000:STREAM                     1283007499.960529
 02 51 31 5A 54 07 E9 01

000:STREAM                     1283007499.966550
 02 4F 31 59 54 07 EA 01

000:STREAM                     1283007499.970556
 02 4F 31 59 54 07 EA 01

000:STREAM                     1283007499.974550
 02 4F 31 59 54 07 F5 01

000:STREAM                     1283007499.978540
 02 4F 31 59 54 07 EE 01

000:STREAM                     1283007499.982554
 02 4F 31 59 54 07 FB 01

000:STREAM                     1283007499.988554
 02 4F 31 59 54 07 FA 01

000:STREAM                     1283007499.992546
 02 4F 31 59 54 07 FA 01

000:STREAM                     1283007499.996547
 02 4F 31 59 54 07 F5 01

000:STREAM                     1283007500.000547
 02 4F 31 59 54 07 F8 01

000:STREAM                     1283007500.006549
 02 4F 31 59 54 07 F4 01

000:STREAM                     1283007500.010553
 02 4F 31 59 54 07 F8 01

000:STREAM                     1283007500.014541
 02 4F 31 59 54 07 F4 01

000:STREAM                     1283007500.018545
 02 4F 31 59 54 07 F3 01

000:STREAM                     1283007500.024550
 02 4F 31 59 54 07 FD 01

000:STREAM                     1283007500.028549
 02 4F 31 59 54 07 FA 01

000:STREAM                     1283007500.032553
 02 4F 31 59 54 07 FF 01

000:STREAM                     1283007500.036547
 02 4F 31 59 54 07 05 02

000:STREAM                     1283007500.040542
 02 4F 31 59 54 07 07 02

000:STREAM                     1283007500.046545
 02 4F 31 59 54 07 F9 01

000:STREAM                     1283007500.050531
 02 4F 31 59 54 07 F9 01

000:STREAM                     1283007500.054556
 02 4F 31 59 54 07 F4 01

000:STREAM                     1283007500.058550
 02 4F 31 59 54 07 FD 01

000:STREAM                     1283007500.064550
 02 4F 31 59 54 07 00 02

000:STREAM                     1283007500.068546
 02 4F 31 59 54 07 01 02

000:STREAM                     1283007500.072553
 02 4F 31 59 54 07 01 02

000:STREAM                     1283007500.076545
 02 4F 31 59 54 07 FC 01

000:STREAM                     1283007500.082545
 02 4F 31 59 54 07 F5 01

000:STREAM                     1283007500.086530
 02 4F 31 59 54 07 FD 01

000:STREAM                     1283007500.090553
 02 4F 31 59 54 07 EB 01

000:STREAM                     1283007500.094552
 02 4F 31 59 54 07 E6 01

000:STREAM                     1283007500.098547
 02 4F 31 59 54 07 D4 01

000:STREAM                     1283007500.104556
 02 4F 31 59 54 07 C0 01

000:STREAM                     1283007500.108546
 02 4F 31 59 54 07 B4 01

000:STREAM                     1283007500.112552
 02 4F 31 59 54 07 97 01

000:STREAM                     1283007500.116548
 02 4F 31 59 54 07 83 01

000:STREAM                     1283007500.122554
 02 4F 31 59 54 07 5E 01

000:STREAM                     1283007500.126556
 02 4F 31 59 54 07 3E 01

000:STREAM                     1283007500.130547
 02 4F 31 59 54 07 1A 01

000:STREAM                     1283007500.134548
 02 4F 31 59 54 07 F0 00

000:STREAM                     1283007500.140548
 02 4F 31 59 54 07 C4 00

000:STREAM                     1283007500.144546
 02 4F 31 59 54 07 7D 00

000:STREAM                     1283007500.148549
 02 4F 31 59 54 03 0C 00

000:STREAM                     1283007500.152543
 02 4F 31 59 54 03 0B 00

000:STREAM                     1283007500.156538
 02 4C 31 58 54 03 0B 00

000:STREAM                     1283007500.160540
 02 4B 31 57 54 03 0A 00

000:STREAM                     1283007500.166540
 02 4B 31 57 54 03 0B 00

000:STREAM                     1283007500.170553
 02 49 31 56 54 03 0B 00

000:STREAM                     1283007500.174526
 02 44 31 56 54 03 0C 00

000:STREAM                     1283007500.178540
 02 3E 31 58 54 03 0C 00

000:STREAM                     1283007500.182558
 02 35 31 59 54 03 0A 00

000:STREAM                     1283007500.188544
 02 2C 31 5D 54 03 0B 00

000:STREAM                     1283007500.192541
 02 22 31 5F 54 03 0C 00

000:STREAM                     1283007500.196527
 02 1C 31 5F 54 03 0C 00

000:STREAM                     1283007500.200543
 02 16 31 5F 54 03 0C 00

000:STREAM                     1283007500.204528
 02 10 31 5F 54 03 0C 00

000:STREAM                     1283007500.208547
 02 0A 31 5E 54 03 0B 00

000:STREAM                     1283007500.214549
 02 03 31 5D 54 03 0A 00

000:STREAM                     1283007500.218552
 02 FA 30 5A 54 03 0C 00

000:STREAM                     1283007500.222537
 02 F1 30 58 54 03 0C 00

000:STREAM                     1283007500.226544
 02 E7 30 56 54 03 0B 00

000:STREAM                     1283007500.230565
 02 DD 30 54 54 03 0C 00

000:STREAM                     1283007500.236547
 02 D3 30 51 54 03 0C 00

000:STREAM                     1283007500.240529
 02 CA 30 4F 54 03 0C 00

000:STREAM                     1283007500.244548
 02 C0 30 4B 54 03 0C 00

000:STREAM                     1283007500.248546
 02 B6 30 48 54 03 0B 00

000:STREAM                     1283007500.252546
 02 AB 30 44 54 03 0A 00

000:STREAM                     1283007500.258543
 02 A0 30 41 54 03 0B 00

000:STREAM                     1283007500.262529
 02 97 30 3E 54 03 0C 00

000:STREAM                     1283007500.266555
 02 8E 30 3B 54 03 0C 00

000:STREAM                     1283007500.270550
 02 85 30 3B 54 03 0B 00

000:STREAM                     1283007500.274547
 02 7C 30 39 54 03 0A 00

000:STREAM                     1283007500.280553
 02 73 30 37 54 03 0C 00

000:STREAM                     1283007500.284544
 02 6B 30 35 54 03 0B 00

000:STREAM                     1283007500.288543
 02 64 30 32 54 03 0B 00

000:STREAM                     1283007500.292545
 02 5D 30 2F 54 03 0C 00

000:STREAM                     1283007500.296551
 02 57 30 2D 54 03 0C 00

000:STREAM                     1283007500.300548
 02 52 30 2A 54 03 0B 00

000:STREAM                     1283007500.306550
 02 4E 30 27 54 03 0A 00

000:STREAM                     1283007500.310548
 02 49 30 23 54 03 0C 00

000:STREAM                     1283007500.314549
 02 45 30 1E 54 03 0C 00

000:STREAM                     1283007500.318546
 02 42 30 1A 54 03 0B 00

000:STREAM                     1283007500.322546
 02 41 30 17 54 03 0B 00

000:STREAM                     1283007500.328546
 02 3E 30 12 54 03 0D 00

000:STREAM                     1283007500.332545
 02 3C 30 0D 54 03 0B 00

000:STREAM                     1283007500.336551
 02 3D 30 09 54 03 0A 00

000:STREAM                     1283007500.340544
 02 3D 30 05 54 03 0C 00

000:STREAM                     1283007500.344544
 02 3D 30 02 54 03 0D 00

000:STREAM                     1283007500.350548
 02 3C 30 FE 53 03 0C 00

000:STREAM                     1283007500.354547
 02 3C 30 F9 53 03 0C 00

000:STREAM                     1283007500.358546
 02 3C 30 F6 53 03 0B 00

000:STREAM                     1283007500.362546
 02 3C 30 F3 53 03 0A 00

000:STREAM                     1283007500.366554
 02 3B 30 F0 53 03 0B 00

000:STREAM                     1283007500.370550
 02 3A 30 EC 53 03 0C 00

000:STREAM                     1283007500.376546
 02 39 30 E9 53 03 0C 00

000:STREAM                     1283007500.380528
 02 38 30 E6 53 03 0B 00

000:STREAM                     1283007500.384548
 02 38 30 E5 53 03 0C 00

000:STREAM                     1283007500.388546
 02 37 30 E3 53 03 0B 00

000:STREAM                     1283007500.392543
 02 37 30 E2 53 03 0C 00

000:STREAM                     1283007500.398546
 02 38 30 E2 53 03 0B 00

000:STREAM                     1283007500.402527
 02 38 30 E2 53 03 0B 00

000:STREAM                     1283007500.406554
 02 38 30 E1 53 03 0C 00

000:STREAM                     1283007500.410551
 02 39 30 E1 53 03 0C 00

000:STREAM                     1283007500.414547
 02 3A 30 E1 53 03 0C 00

000:STREAM                     1283007500.418555
 02 3B 30 E2 53 03 0B 00

000:STREAM                     1283007500.424554
 02 3F 30 E4 53 03 0B 00

000:STREAM                     1283007500.428544
 02 42 30 E6 53 03 0A 00

000:STREAM                     1283007500.432541
 02 46 30 E7 53 03 0C 00

000:STREAM                     1283007500.436551
 02 4B 30 E9 53 03 0B 00

000:STREAM                     1283007500.440546
 02 50 30 EC 53 03 0A 00

000:STREAM                     1283007500.446553
 02 56 30 F0 53 03 0B 00

000:STREAM                     1283007500.450556
 02 63 30 F8 53 03 0C 00

000:STREAM                     1283007500.454548
 02 6D 30 00 54 03 0C 00

000:STREAM                     1283007500.458544
 02 74 30 07 54 03 0C 00

000:STREAM                     1283007500.462544
 02 7D 30 11 54 03 0B 00

000:STREAM                     1283007500.468545
 02 88 30 1A 54 03 0C 00

000:STREAM                     1283007500.472552
 02 90 30 21 54 03 0B 00

000:STREAM                     1283007500.476527
 02 99 30 2A 54 03 0A 00

000:STREAM                     1283007500.480550
 02 A3 30 37 54 03 0C 00

000:STREAM                     1283007500.484545
 02 AD 30 41 54 03 0A 00

000:STREAM                     1283007500.488548
 02 B7 30 49 54 03 0B 00

000:STREAM                     1283007500.494551
 02 BF 30 52 54 03 0C 00

000:STREAM                     1283007500.498552
 02 C6 30 5A 54 03 0C 00

000:STREAM                     1283007500.502534
 02 CE 30 62 54 03 0C 00

000:STREAM                     1283007500.506544
 02 D6 30 69 54 03 0C 00

000:STREAM                     1283007500.510556
 02 DD 30 71 54 03 0A 00

000:STREAM                     1283007500.516550
 02 E4 30 77 54 03 0C 00

000:STREAM                     1283007500.520545
 02 EC 30 7D 54 03 08 00

000:STREAM                     1283007500.524540
 02 F2 30 81 54 03 0B 00

000:STREAM                     1283007500.528543
 02 F8 30 85 54 03 0B 00

000:STREAM                     1283007500.532551
 02 FE 30 89 54 03 0B 00

000:STREAM                     1283007500.536545
 02 04 31 8E 54 03 0B 00

000:STREAM                     1283007500.542544
 02 07 31 92 54 03 0B 00

000:STREAM                     1283007500.546527
 02 0A 31 94 54 03 0A 00

000:STREAM                     1283007500.550552
 02 0E 31 96 54 03 0C 00

000:STREAM                     1283007500.554549
 02 11 31 98 54 03 0B 00

000:STREAM                     1283007500.558545
 02 14 31 9B 54 03 0A 00

000:STREAM                     1283007500.564528
 02 18 31 9B 54 03 14 00

000:STREAM                     1283007500.568551
 02 1B 31 9C 54 03 14 00

000:STREAM                     1283007500.584549
 02 47 31 A2 54 07 D1 00

000:STREAM                     1283007500.590552
 02 47 31 A2 54 07 DE 00

000:STREAM                     1283007500.594547
 02 48 31 A1 54 07 ED 00

000:STREAM                     1283007500.598539
 02 49 31 A0 54 07 F6 00

000:STREAM                     1283007500.602544
 02 4A 31 9F 54 07 FE 00

000:STREAM                     1283007500.608555
 02 4B 31 9E 54 07 F7 00

000:STREAM                     1283007500.612548
 02 4C 31 9D 54 07 FF 00

000:STREAM                     1283007500.616543
 02 4E 31 9D 54 07 01 01

000:STREAM                     1283007500.620544
 02 4F 31 9D 54 07 07 01

000:STREAM                     1283007500.624550
 02 4F 31 9C 54 07 13 01

000:STREAM                     1283007500.630550
 02 4F 31 9B 54 07 1C 01

000:STREAM                     1283007500.634548
 02 50 31 9B 54 07 19 01

000:STREAM                     1283007500.638539
 02 50 31 9A 54 07 1E 01

000:STREAM                     1283007500.642542
 02 51 31 98 54 07 20 01

000:STREAM                     1283007500.646566
 02 52 31 97 54 07 20 01

000:STREAM                     1283007500.652543
 02 52 31 97 54 07 35 01

000:STREAM                     1283007500.656527
 02 52 31 97 54 07 3B 01

000:STREAM                     1283007500.660544
 02 53 31 98 54 07 42 01

000:STREAM                     1283007500.664549
 02 54 31 99 54 07 44 01

000:STREAM                     1283007500.670550
 02 55 31 99 54 07 40 01

000:STREAM                     1283007500.674563
 02 56 31 99 54 07 4E 01

000:STREAM                     1283007500.678549
 02 57 31 99 54 07 4E 01

000:STREAM                     1283007500.682536
 02 58 31 99 54 07 5D 01

000:STREAM                     1283007500.688542
 02 59 31 99 54 07 61 01

000:STREAM                     1283007500.692550
 02 5A 31 99 54 07 5E 01

000:STREAM                     1283007500.696543
 02 5B 31 99 54 07 5D 01

000:STREAM                     1283007500.700551
 02 5C 31 99 54 07 61 01

000:STREAM                     1283007500.704542
 02 5D 31 99 54 07 6D 01

000:STREAM                     1283007500.710551
 02 5D 31 99 54 07 71 01

000:STREAM                     1283007500.714554
 02 5E 31 99 54 07 72 01

000:STREAM                     1283007500.718546
 02 5E 31 99 54 07 72 01

000:STREAM                     1283007500.722539
 02 5F 31 99 54 07 72 01

000:STREAM                     1283007500.728542
 02 61 31 99 54 07 7D 01

000:STREAM                     1283007500.732551
 02 62 31 9A 54 07 80 01

000:STREAM                     1283007500.736543
 02 62 31 9B 54 07 77 01

000:STREAM                     1283007500.740543
 02 63 31 9C 54 07 7E 01

000:STREAM                     1283007500.744541
 02 63 31 9D 54 07 8B 01

000:STREAM                     1283007500.750547
 02 64 31 9D 54 07 8A 01

000:STREAM                     1283007500.754546
 02 65 31 9D 54 07 8A 01

000:STREAM                     1283007500.758539
 02 65 31 9D 54 07 8E 01

000:STREAM                     1283007500.762543
 02 66 31 9D 54 07 9A 01

000:STREAM                     1283007500.768544
 02 65 31 9D 54 07 93 01

000:STREAM                     1283007500.772547
 02 65 31 9D 54 07 97 01

000:STREAM                     1283007500.776544
 02 67 31 9D 54 07 9D 01

000:STREAM                     1283007500.780544
 02 68 31 9D 54 07 A4 01

000:STREAM                     1283007500.784539
 02 68 31 9D 54 07 A1 01

000:STREAM                     1283007500.790550
 02 67 31 9C 54 07 AA 01

000:STREAM                     1283007500.794547
 02 67 31 9C 54 07 AD 01

000:STREAM                     1283007500.798535
 02 67 31 9C 54 07 AE 01

000:STREAM                     1283007500.802543
 02 67 31 9C 54 07 A9 01

000:STREAM                     1283007500.808551
 02 67 31 9C 54 07 AD 01

000:STREAM                     1283007500.812542
 02 67 31 9C 54 07 BE 01

000:STREAM                     1283007500.816540
 02 67 31 9C 54 07 BE 01

000:STREAM                     1283007500.820525
 02 67 31 9C 54 07 C3 01

000:STREAM                     1283007500.824540
 02 67 31 9C 54 07 C5 01

000:STREAM                     1283007500.830547
 02 67 31 9C 54 07 D0 01

000:STREAM                     1283007500.834547
 02 68 31 9C 54 07 CD 01

000:STREAM                     1283007500.838537
 02 69 31 9D 54 07 CD 01

000:STREAM                     1283007500.842543
 02 6A 31 9E 54 07 D2 01

000:STREAM                     1283007500.848545
 02 6C 31 9E 54 07 DE 01

000:STREAM                     1283007500.852542
 02 6D 31 9D 54 07 D7 01

000:STREAM                     1283007500.856548
 02 6E 31 9D 54 07 DF 01

000:STREAM                     1283007500.860542
 02 6F 31 9C 54 07 E2 01

000:STREAM                     1283007500.866550
 02 70 31 9D 54 07 DD 01

000:STREAM                     1283007500.870547
 02 72 31 9D 54 07 DC 01

000:STREAM                     1283007500.874548
 02 73 31 9D 54 07 DC 01

000:STREAM                     1283007500.878543
 02 75 31 9D 54 07 DC 01

000:STREAM                     1283007500.882543
 02 76 31 9D 54 07 E1 01

000:STREAM                     1283007500.888541
 02 77 31 9C 54 07 E7 01

000:STREAM                     1283007500.892553
 02 78 31 9C 54 07 DA 01

000:STREAM                     1283007500.896526
 02 78 31 9C 54 07 E5 01

000:STREAM                     1283007500.900549
 02 78 31 9C 54 07 DE 01

000:STREAM                     1283007500.906548
 02 78 31 9B 54 07 E2 01

000:STREAM                     1283007500.910552
 02 79 31 9C 54 07 E8 01

000:STREAM                     1283007500.914546
 02 7A 31 9C 54 07 E5 01

000:STREAM                     1283007500.918535
 02 7A 31 9D 54 07 E9 01

000:STREAM                     1283007500.922547
 02 79 31 9D 54 07 E5 01

000:STREAM                     1283007500.928549
 02 78 31 9E 54 07 E9 01

000:STREAM                     1283007500.932546
 02 78 31 9F 54 07 EF 01

000:STREAM                     1283007500.936547
 02 79 31 9F 54 07 E7 01

000:STREAM                     1283007500.940544
 02 7B 31 9E 54 07 F9 01

000:STREAM                     1283007500.946541
 02 7C 31 9F 54 07 F4 01

000:STREAM                     1283007500.950545
 02 7D 31 A0 54 07 F3 01

000:STREAM                     1283007500.954547
 02 7E 31 A1 54 07 F7 01

000:STREAM                     1283007500.958536
 02 7F 31 A2 54 07 F9 01

000:STREAM                     1283007500.962541
 02 7F 31 A2 54 07 FF 01

000:STREAM                     1283007500.968536
 02 7F 31 A1 54 07 05 02

000:STREAM                     1283007500.972534
 02 7F 31 A0 54 07 07 02

000:STREAM                     1283007500.976543
 02 7F 31 A0 54 07 08 02

000:STREAM                     1283007500.980539
 02 7F 31 A0 54 07 FE 01

000:STREAM                     1283007500.986548
 02 7F 31 A0 54 07 0B 02

000:STREAM                     1283007500.990547
 02 7F 31 A0 54 07 04 02

000:STREAM                     1283007500.994539
 02 7F 31 A0 54 07 02 02

000:STREAM                     1283007500.998541
 02 80 31 A1 54 07 FC 01

000:STREAM                     1283007501.004545
 02 80 31 A2 54 07 FA 01

000:STREAM                     1283007501.008542
 02 80 31 A3 54 07 FF 01

000:STREAM                     1283007501.012540
 02 81 31 A3 54 07 0B 02

000:STREAM                     1283007501.016538
 02 82 31 A3 54 07 13 02

000:STREAM                     1283007501.020549
 02 83 31 A3 54 07 11 02

000:STREAM                     1283007501.026549
 02 84 31 A4 54 07 0B 02

000:STREAM                     1283007501.030564
 02 85 31 A5 54 07 0F 02

000:STREAM                     1283007501.034547
 02 87 31 A5 54 07 15 02

000:STREAM                     1283007501.038535
 02 89 31 A6 54 07 1C 02

000:STREAM                     1283007501.044541
 02 8A 31 A7 54 07 19 02

000:STREAM                     1283007501.048541
 02 8B 31 A8 54 07 18 02

000:STREAM                     1283007501.052543
 02 8C 31 A9 54 07 22 02

000:STREAM                     1283007501.056538
 02 8E 31 AB 54 07 25 02

000:STREAM                     1283007501.060548
 02 8F 31 AC 54 07 2B 02

000:STREAM                     1283007501.066548
 02 90 31 AC 54 07 23 02

000:STREAM                     1283007501.070562
 02 91 31 AC 54 07 20 02

000:STREAM                     1283007501.074547
 02 92 31 AC 54 07 24 02

000:STREAM                     1283007501.078534
 02 92 31 AC 54 07 26 02

000:STREAM                     1283007501.084541
 02 92 31 AC 54 07 2C 02

000:STREAM                     1283007501.088547
 02 92 31 AC 54 07 28 02

000:STREAM                     1283007501.092542
 02 92 31 AC 54 07 27 02

000:STREAM                     1283007501.096542
 02 92 31 AC 54 07 22 02

000:STREAM                     1283007501.102548
 02 92 31 AC 54 07 2A 02

000:STREAM                     1283007501.106544
 02 93 31 AC 54 07 2D 02

000:STREAM                     1283007501.110533
 02 94 31 AC 54 07 24 02

000:STREAM                     1283007501.114542
 02 95 31 AC 54 07 21 02

000:STREAM                     1283007501.118543
 02 95 31 AC 54 07 20 02

000:STREAM                     1283007501.124541
 02 96 31 AC 54 07 20 02

000:STREAM                     1283007501.128541
 02 97 31 AC 54 07 2A 02

000:STREAM                     1283007501.132540
 02 98 31 AD 54 07 32 02

000:STREAM                     1283007501.136549
 02 99 31 AD 54 07 2F 02

000:STREAM                     1283007501.142548
 02 9A 31 AE 54 07 33 02

000:STREAM                     1283007501.146549
 02 9B 31 AF 54 07 2A 02

000:STREAM                     1283007501.150544
 02 9C 31 AF 54 07 32 02

000:STREAM                     1283007501.154541
 02 9D 31 B0 54 07 2F 02

000:STREAM                     1283007501.160544
 02 9E 31 B0 54 07 39 02

000:STREAM                     1283007501.164538
 02 A0 31 B0 54 07 32 02

000:STREAM                     1283007501.168549
 02 A0 31 B0 54 07 3A 02

000:STREAM                     1283007501.172538
 02 A0 31 AF 54 07 3C 02

000:STREAM                     1283007501.176537
 02 A0 31 AE 54 07 37 02

000:STREAM                     1283007501.182548
 02 A0 31 AD 54 07 31 02

000:STREAM                     1283007501.186546
 02 A0 31 AD 54 07 34 02

000:STREAM                     1283007501.190533
 02 A0 31 AC 54 07 30 02

000:STREAM                     1283007501.194541
 02 A0 31 AD 54 07 2F 02

000:STREAM                     1283007501.200550
 02 A0 31 AD 54 07 39 02

000:STREAM                     1283007501.204542
 02 A1 31 AD 54 07 3C 02

000:STREAM                     1283007501.208539
 02 A1 31 AD 54 07 33 02

000:STREAM                     1283007501.212547
 02 A1 31 AD 54 07 3A 02

000:STREAM                     1283007501.218547
 02 A2 31 AD 54 07 3C 02

000:STREAM                     1283007501.222563
 02 A3 31 AD 54 07 33 02

000:STREAM                     1283007501.226543
 02 A3 31 AE 54 07 35 02

000:STREAM                     1283007501.230531
 02 A3 31 AE 54 07 40 02

000:STREAM                     1283007501.234541
 02 A3 31 AE 54 07 3E 02

000:STREAM                     1283007501.240541
 02 A3 31 AE 54 07 38 02

000:STREAM                     1283007501.244537
 02 A3 31 AF 54 07 31 02

000:STREAM                     1283007501.248548
 02 A2 31 B0 54 07 39 02

000:STREAM                     1283007501.252540
 02 A2 31 AF 54 07 3C 02

000:STREAM                     1283007501.258542
 02 A2 31 AF 54 07 37 02

000:STREAM                     1283007501.262566
 02 A2 31 AF 54 07 36 02

000:STREAM                     1283007501.266546
 02 A2 31 AF 54 07 36 02

000:STREAM                     1283007501.270532
 02 A2 31 AF 54 07 3B 02

000:STREAM                     1283007501.276541
 02 A2 31 AF 54 07 2D 02

000:STREAM                     1283007501.280548
 02 A2 31 AF 54 07 38 02

000:STREAM                     1283007501.284547
 02 A2 31 AF 54 07 3C 02

000:STREAM                     1283007501.288541
 02 A2 31 AF 54 07 37 02

000:STREAM                     1283007501.294541
 02 A2 31 AF 54 07 3B 02

000:STREAM                     1283007501.298550
 02 A2 31 AF 54 07 37 02

000:STREAM                     1283007501.302544
 02 A2 31 AF 54 07 31 02

000:STREAM                     1283007501.306534
 02 A2 31 AF 54 07 34 02

000:STREAM                     1283007501.310538
 02 A2 31 AF 54 07 30 02

000:STREAM                     1283007501.316544
 02 A2 31 AF 54 07 3E 02

000:STREAM                     1283007501.320539
 02 A2 31 AF 54 07 38 02

000:STREAM                     1283007501.324539
 02 A2 31 AF 54 07 40 02

000:STREAM                     1283007501.328542
 02 A2 31 AF 54 07 3E 02

000:STREAM                     1283007501.334548
 02 A2 31 AF 54 07 42 02

000:STREAM                     1283007501.338547
 02 A2 31 AF 54 07 3F 02

000:STREAM                     1283007501.342531
 02 A2 31 AF 54 07 38 02

000:STREAM                     1283007501.346540
 02 A2 31 AF 54 07 40 02

000:STREAM                     1283007501.352545
 02 A2 31 AF 54 07 39 02

000:STREAM                     1283007501.356546
 02 A2 31 AF 54 07 36 02

000:STREAM                     1283007501.360540
 02 A2 31 AF 54 07 36 02

000:STREAM                     1283007501.364540
 02 A2 31 AF 54 07 3B 02

000:STREAM                     1283007501.368540
 02 A2 31 AF 54 07 32 02

000:STREAM                     1283007501.374540
 02 A2 31 AF 54 07 2F 02

000:STREAM                     1283007501.378522
 02 A2 31 AF 54 07 2F 02

000:STREAM                     1283007501.382552
 02 A2 31 AF 54 07 33 02

000:STREAM                     1283007501.386544
 02 A2 31 AF 54 07 2A 02

000:STREAM                     1283007501.392543
 02 A2 31 AF 54 07 3C 02

000:STREAM                     1283007501.396545
 02 A2 31 AF 54 07 37 02

000:STREAM                     1283007501.400541
 02 A2 31 AF 54 07 40 02

000:STREAM                     1283007501.404539
 02 A2 31 AF 54 07 39 02

000:STREAM                     1283007501.410543
 02 A2 31 AF 54 07 41 02

000:STREAM                     1283007501.414543
 02 A2 31 AF 54 07 3E 02

000:STREAM                     1283007501.418536
 02 A2 31 AF 54 07 3E 02

000:STREAM                     1283007501.422538
 02 A2 31 AF 54 07 3E 02

000:STREAM                     1283007501.426555
 02 A2 31 AF 54 07 3E 02

000:STREAM                     1283007501.432541
 02 A2 31 AF 54 07 42 02

000:STREAM                     1283007501.436524
 02 A2 31 AF 54 07 44 02

000:STREAM                     1283007501.440537
 02 A2 31 AF 54 07 3F 02

000:STREAM                     1283007501.444523
 02 A2 31 AF 54 07 43 02

000:STREAM                     1283007501.450549
 02 A2 31 AF 54 07 3F 02

000:STREAM                     1283007501.454548
 02 A2 31 AF 54 07 43 02

000:STREAM                     1283007501.458543
 02 A2 31 AF 54 07 44 02

000:STREAM                     1283007501.462538
 02 A2 31 AF 54 07 44 02

000:STREAM                     1283007501.468538
 02 A2 31 AF 54 07 3A 02

000:STREAM                     1283007501.472545
 02 A2 31 AF 54 07 32 02

000:STREAM                     1283007501.476538
 02 A2 31 AF 54 07 34 02

000:STREAM                     1283007501.480540
 02 A2 31 AF 54 07 3F 02

000:STREAM                     1283007501.484535
 02 A2 31 AF 54 07 3E 02

000:STREAM                     1283007501.490548
 02 A2 31 AF 54 07 33 02

000:STREAM                     1283007501.494566
 02 A2 31 AF 54 07 3F 02

000:STREAM                     1283007501.498542
 02 A2 31 AF 54 07 38 02

000:STREAM                     1283007501.502534
 02 A2 31 AF 54 07 36 02

000:STREAM                     1283007501.508547
 02 A2 31 AF 54 07 40 02

000:STREAM                     1283007501.512547
 02 A2 31 AF 54 07 43 02

000:STREAM                     1283007501.516540
 02 A2 31 AF 54 07 35 02

000:STREAM                     1283007501.520542
 02 A2 31 AF 54 07 3B 02

000:STREAM                     1283007501.526547
 02 A2 31 AF 54 07 3D 02

000:STREAM                     1283007501.530545
 02 A2 31 AF 54 07 42 02

000:STREAM                     1283007501.534531
 02 A2 31 AF 54 07 3F 02

000:STREAM                     1283007501.538538
 02 A2 31 AF 54 07 3E 02

000:STREAM                     1283007501.544541
 02 A2 31 AF 54 07 42 02

000:STREAM                     1283007501.548532
 02 A2 31 AF 54 07 44 02

000:STREAM                     1283007501.552541
 02 A2 31 AF 54 07 3F 02

000:STREAM                     1283007501.556531
 02 A2 31 AF 54 07 3E 02

000:STREAM                     1283007501.560534
 02 A2 31 AF 54 07 38 02

000:STREAM                     1283007501.566547
 02 A2 31 AF 54 07 31 02

000:STREAM                     1283007501.570543
 02 A2 31 AF 54 07 3E 02

000:STREAM                     1283007501.574533
 02 A2 31 AF 54 07 3E 02

000:STREAM                     1283007501.578547
 02 A2 31 AF 54 07 42 02

000:STREAM                     1283007501.584540
 02 A2 31 AF 54 07 44 02

000:STREAM                     1283007501.588538
 02 A2 31 AF 54 07 44 02

000:STREAM                     1283007501.592547
 02 A2 31 AF 54 07 3F 02

000:STREAM                     1283007501.596539
 02 A2 31 AF 54 07 3E 02

000:STREAM                     1283007501.602546
 02 A2 31 AF 54 07 42 02

000:STREAM                     1283007501.606543
 02 A2 31 AF 54 07 3F 02

000:STREAM                     1283007501.610545
 02 A2 31 AF 54 07 3E 02

000:STREAM                     1283007501.614536
 02 A2 31 AF 54 07 42 02

000:STREAM                     1283007501.620537
 02 A2 31 AF 54 07 39 02

000:STREAM                     1283007501.624546
 02 A2 31 AF 54 07 41 02

000:STREAM                     1283007501.628539
 02 A2 31 AF 54 07 39 02

000:STREAM                     1283007501.632545
 02 A2 31 AF 54 07 36 02

000:STREAM                     1283007501.636537
 02 A2 31 AF 54 07 40 02

000:STREAM                     1283007501.642551
 02 A2 31 AF 54 07 43 02

000:STREAM                     1283007501.646535
 02 A2 31 AF 54 07 44 02

000:STREAM                     1283007501.650536
 02 A2 31 AF 54 07 44 02

000:STREAM                     1283007501.654554
 02 A2 31 AF 54 07 3A 02

000:STREAM                     1283007501.660541
 02 A2 31 AF 54 07 3C 02

000:STREAM                     1283007501.664522
 02 A2 31 AF 54 07 33 02

000:STREAM                     1283007501.668536
 02 A2 31 AF 54 07 35 02

000:STREAM                     1283007501.672537
 02 A2 31 AF 54 07 40 02

000:STREAM                     1283007501.678539
 02 A2 31 AF 54 07 39 02

000:STREAM                     1283007501.682542
 02 A2 31 AF 54 07 36 02

000:STREAM                     1283007501.686542
 02 A2 31 AF 54 07 40 02

000:STREAM                     1283007501.690532
 02 A2 31 AF 54 07 3E 02

000:STREAM                     1283007501.694539
 02 A2 31 AF 54 07 38 02

000:STREAM                     1283007501.700540
 02 A2 31 AF 54 07 36 02

000:STREAM                     1283007501.704529
 02 A2 31 AE 54 07 3B 02

000:STREAM                     1283007501.708535
 02 A3 31 AE 54 07 41 02

000:STREAM                     1283007501.712537
 02 A3 31 AD 54 07 39 02

000:STREAM                     1283007501.718538
 02 A4 31 AD 54 07 41 02

000:STREAM                     1283007501.722547
 02 A5 31 AE 54 07 34 02

000:STREAM                     1283007501.726543
 02 A4 31 AE 54 07 3F 02

000:STREAM                     1283007501.730537
 02 A4 31 AE 54 07 34 02

000:STREAM                     1283007501.736540
 02 A4 31 AE 54 07 3F 02

000:STREAM                     1283007501.740544
 02 A4 31 AE 54 07 48 02

000:STREAM                     1283007501.744542
 02 A5 31 AE 54 07 41 02

000:STREAM                     1283007501.748544
 02 A4 31 AF 54 07 43 02

000:STREAM                     1283007501.752542
 02 A4 31 AF 54 07 3F 02

000:STREAM                     1283007501.758545
 02 A4 31 AF 54 07 3E 02

000:STREAM                     1283007501.762544
 02 A4 31 AF 54 07 38 02

000:STREAM                     1283007501.766545
 02 A5 31 AE 54 07 3C 02

000:STREAM                     1283007501.770532
 02 A4 31 AE 54 07 37 02

000:STREAM                     1283007501.776537
 02 A4 31 AE 54 07 3B 02

000:STREAM                     1283007501.780545
 02 A4 31 AE 54 07 37 02

000:STREAM                     1283007501.784539
 02 A4 31 AE 54 07 3B 02

000:STREAM                     1283007501.788535
 02 A4 31 AE 54 07 41 02

000:STREAM                     1283007501.794537
 02 A4 31 AE 54 07 34 02

000:STREAM                     1283007501.798520
 02 A4 31 AE 54 07 3A 02

000:STREAM                     1283007501.802550
 02 A4 31 AE 54 07 3C 02

000:STREAM                     1283007501.806543
 02 A4 31 AE 54 07 42 02

000:STREAM                     1283007501.812539
 02 A4 31 AE 54 07 34 02

000:STREAM                     1283007501.816546
 02 A4 31 AE 54 07 3A 02

000:STREAM                     1283007501.820538
 02 A4 31 AE 54 07 37 02

000:STREAM                     1283007501.824535
 02 A4 31 AE 54 07 3B 02

000:STREAM                     1283007501.828536
 02 A4 31 AE 54 07 37 02

000:STREAM                     1283007501.834544
 02 A4 31 AE 54 07 3B 02

000:STREAM                     1283007501.838544
 02 A4 31 AE 54 07 37 02

000:STREAM                     1283007501.842543
 02 A4 31 AE 54 07 36 02

000:STREAM                     1283007501.845630
 02 A4 31 AE 54 07 31 02

000:STREAM                     1283007501.852565
 02 A4 31 AE 54 07 34 02

000:STREAM                     1283007501.856533
 02 A4 31 AE 54 07 3F 02

000:STREAM                     1283007501.861427
 02 A4 31 AE 54 07 38 02

000:STREAM                     1283007501.864541
 02 A4 31 AE 54 07 40 02

000:STREAM                     1283007501.870552
 02 A4 31 AE 54 07 43 02

000:STREAM                     1283007501.874535
 02 A4 31 AE 54 07 44 02

000:STREAM                     1283007501.878545
 02 A4 31 AE 54 07 44 02

000:STREAM                     1283007501.882551
 02 A4 31 AE 54 07 3A 02

000:STREAM                     1283007501.886536
 02 A4 31 AE 54 07 47 02

000:STREAM                     1283007501.892540
 02 A4 31 AE 54 07 3B 02

000:STREAM                     1283007501.896539
 02 A4 31 AE 54 07 41 02

000:STREAM                     1283007501.900545
 02 A4 31 AE 54 07 43 02

000:STREAM                     1283007501.904544
 02 A4 31 AE 54 07 44 02

000:STREAM                     1283007501.910545
 02 A4 31 AE 54 07 44 02

000:STREAM                     1283007501.914549
 02 A4 31 AE 54 07 3F 02

000:STREAM                     1283007501.918539
 02 A4 31 AE 54 07 3E 02

000:STREAM                     1283007501.922529
 02 A4 31 AE 54 07 42 02

000:STREAM                     1283007501.928541
 02 A4 31 AE 54 07 3F 02

000:STREAM                     1283007501.932531
 02 A4 31 AE 54 07 34 02

000:STREAM                     1283007501.936539
 02 A4 31 AE 54 07 2B 02

000:STREAM                     1283007501.940530
 02 A4 31 AE 54 07 1D 02

000:STREAM                     1283007501.946537
 02 A4 31 AE 54 07 19 02

000:STREAM                     1283007501.950564
 02 A4 31 AE 54 07 0E 02

000:STREAM                     1283007501.954539
 02 A6 31 AE 54 07 FB 01

000:STREAM                     1283007501.958531
 02 A9 31 AB 54 07 E0 01

000:STREAM                     1283007501.962610
 02 AB 31 A9 54 07 BE 01

000:STREAM                     1283007501.968551
 02 AE 31 A6 54 07 A9 01

000:STREAM                     1283007501.972544
 02 B2 31 A2 54 07 89 01

000:STREAM                     1283007501.976535
 02 B5 31 9D 54 07 56 01

000:STREAM                     1283007501.980520
 02 B9 31 97 54 07 2C 01

000:STREAM                     1283007501.986536
 02 BC 31 90 54 07 FB 00

000:STREAM                     1283007501.990520
 02 BD 31 88 54 07 C7 00

000:STREAM                     1283007501.994548
 02 BD 31 7F 54 07 79 00

000:STREAM                     1283007501.998542
 02 B8 31 69 54 03 0C 00

000:STREAM                     1283007502.002535
 02 AF 31 54 54 03 0C 00

000:STREAM                     1283007502.008537
 02 A0 31 3F 54 03 08 00

000:STREAM                     1283007502.012532
 02 90 31 29 54 03 0B 00

000:STREAM                     1283007502.016533
 02 7E 31 15 54 03 08 00

000:STREAM                     1283007502.020532
 02 6C 31 00 54 03 0B 00

000:STREAM                     1283007502.024535
 02 58 31 EC 53 03 0A 00

000:STREAM                     1283007502.028540
 02 45 31 DC 53 03 08 00

000:STREAM                     1283007502.034543
 02 34 31 CE 53 03 0C 00

000:STREAM                     1283007502.038541
 02 2C 31 C9 53 03 0C 00

000:STREAM                     1283007502.042530
 02 25 31 C4 53 03 0A 00

000:STREAM                     1283007502.046536
 02 1E 31 C1 53 03 0B 00

000:STREAM                     1283007502.050544
 02 17 31 BF 53 03 0B 00

000:STREAM                     1283007502.056529
 02 10 31 BE 53 03 0C 00

000:STREAM                     1283007502.060537
 02 0A 31 BC 53 03 0C 00

000:STREAM                     1283007502.064533
 02 04 31 BC 53 03 0A 00

000:STREAM                     1283007502.068542
 02 00 31 BD 53 03 0C 00

000:STREAM                     1283007502.072536
 02 F8 30 C0 53 03 0C 00

000:STREAM                     1283007502.076540
 02 F0 30 C3 53 03 0C 00

000:STREAM                     1283007502.082544
 02 E6 30 C5 53 03 0B 00

000:STREAM                     1283007502.086545
 02 DC 30 C8 53 03 0B 00

000:STREAM                     1283007502.090529
 02 D1 30 CD 53 03 0B 00

000:STREAM                     1283007502.094539
 02 C8 30 D2 53 03 0B 00

000:STREAM                     1283007502.098560
 02 BE 30 D8 53 03 0C 00

000:STREAM                     1283007502.104538
 02 B3 30 DF 53 03 0B 00

000:STREAM                     1283007502.108521
 02 A9 30 E7 53 03 0B 00

000:STREAM                     1283007502.112537
 02 A0 30 EE 53 03 0B 00

000:STREAM                     1283007502.116543
 02 98 30 F6 53 03 0C 00

000:STREAM                     1283007502.120531
 02 91 30 00 54 03 0C 00

000:STREAM                     1283007502.124530
 02 8B 30 0C 54 03 0B 00

000:STREAM                     1283007502.130536
 02 86 30 1A 54 03 0B 00

000:STREAM                     1283007502.134561
 02 81 30 27 54 03 0A 00

000:STREAM                     1283007502.138541
 02 7D 30 35 54 03 0C 00

000:STREAM                     1283007502.142532
 02 7A 30 40 54 03 0B 00

000:STREAM                     1283007502.146546
 02 79 30 4B 54 03 0C 00

000:STREAM                     1283007502.152546
 02 79 30 58 54 03 0A 00

000:STREAM                     1283007502.156535
 02 7A 30 63 54 03 0B 00

000:STREAM                     1283007502.160543
 02 7A 30 6D 54 03 0B 00

000:STREAM                     1283007502.164537
 02 7A 30 77 54 03 0B 00

000:STREAM                     1283007502.168536
 02 7A 30 80 54 03 0B 00

000:STREAM                     1283007502.172533
 02 79 30 88 54 03 0B 00

000:STREAM                     1283007502.178543
 02 79 30 8E 54 03 0A 00

000:STREAM                     1283007502.182541
 02 78 30 94 54 03 0B 00

000:STREAM                     1283007502.186532
 02 76 30 99 54 03 0B 00

000:STREAM                     1283007502.190536
 02 75 30 A0 54 03 0B 00

000:STREAM                     1283007502.194551
 02 73 30 A4 54 03 0B 00

000:STREAM                     1283007502.200538
 02 70 30 A8 54 03 0A 00

000:STREAM                     1283007502.204519
 02 6D 30 A9 54 03 0B 00

000:STREAM                     1283007502.208533
 02 69 30 AD 54 03 0C 00

000:STREAM                     1283007502.212535
 02 65 30 B1 54 03 0B 00

000:STREAM                     1283007502.216537
 02 62 30 B3 54 03 0B 00

000:STREAM                     1283007502.220536
 02 5F 30 B7 54 03 0B 00

000:STREAM                     1283007502.226541
 02 5B 30 BA 54 03 0C 00

000:STREAM                     1283007502.230542
 02 58 30 C1 54 03 0C 00

000:STREAM                     1283007502.234529
 02 57 30 C5 54 03 0B 00

000:STREAM                     1283007502.238535
 02 56 30 CB 54 03 0A 00

000:STREAM                     1283007502.242549
 02 52 30 D0 54 03 0A 00

000:STREAM                     1283007502.248538
 02 4E 30 D6 54 03 0B 00

000:STREAM                     1283007502.252519
 02 4E 30 DB 54 03 0B 00

000:STREAM                     1283007502.256541
 02 4D 30 E1 54 03 0B 00

000:STREAM                     1283007502.260536
 02 4E 30 E5 54 03 0B 00

000:STREAM                     1283007502.264529
 02 4F 30 E9 54 03 0C 00

000:STREAM                     1283007502.268536
 02 4F 30 EE 54 03 0B 00

000:STREAM                     1283007502.274544
 02 51 30 F3 54 03 0B 00

000:STREAM                     1283007502.278544
 02 53 30 F8 54 03 0C 00

000:STREAM                     1283007502.282540
 02 55 30 FF 54 03 0C 00

000:STREAM                     1283007502.286529
 02 59 30 03 55 03 0C 00

000:STREAM                     1283007502.290534
 02 5C 30 07 55 03 0C 00

000:STREAM                     1283007502.296539
 02 5F 30 09 55 03 0A 00

000:STREAM                     1283007502.300533
 02 61 30 0A 55 03 0B 00

000:STREAM                     1283007502.304536
 02 64 30 0C 55 03 0B 00

000:STREAM                     1283007502.308543
 02 67 30 0C 55 03 0A 00

000:STREAM                     1283007502.312538
 02 68 30 0D 55 03 0A 00

000:STREAM                     1283007502.316533
 02 69 30 0D 55 03 0A 00

000:STREAM                     1283007502.322542
 02 6A 30 0D 55 03 0B 00

000:STREAM                     1283007502.326540
 02 69 30 0D 55 03 0B 00

000:STREAM                     1283007502.330531
 02 6B 30 0D 55 03 0A 00

000:STREAM                     1283007502.334536
 02 6D 30 0B 55 03 0B 00

000:STREAM                     1283007502.338544
 02 6D 30 09 55 03 0C 00

000:STREAM                     1283007502.344543
 02 6D 30 0A 55 03 0A 00

000:STREAM                     1283007502.348534
 02 6F 30 09 55 03 0C 00

000:STREAM                     1283007502.352535
 02 6E 30 06 55 03 0B 00

000:STREAM                     1283007502.356543
 02 6E 30 06 55 03 0C 00

000:STREAM                     1283007502.360533
 02 6E 30 05 55 03 0C 00

000:STREAM                     1283007502.364542
 02 6E 30 01 55 03 0A 00

000:STREAM                     1283007502.370536
 02 6E 30 FD 54 03 0B 00

000:STREAM                     1283007502.374518
 02 70 30 F9 54 03 0B 00

000:STREAM                     1283007502.378546
 02 71 30 F7 54 03 0C 00

000:STREAM                     1283007502.382544
 02 72 30 F4 54 03 0C 00

000:STREAM                     1283007502.386533
 02 74 30 F1 54 03 0A 00

000:STREAM                     1283007502.392535
 02 76 30 EF 54 03 0B 00

000:STREAM                     1283007502.396526
 02 77 30 ED 54 03 0A 00

000:STREAM                     1283007502.400535
 02 79 30 EE 54 03 0C 00

000:STREAM                     1283007502.404528
 02 7D 30 EE 54 03 0C 00

000:STREAM                     1283007502.408532
 02 81 30 EC 54 03 0C 00

000:STREAM                     1283007502.414538
 02 84 30 EB 54 03 0C 00

000:STREAM                     1283007502.418556
 02 89 30 EC 54 03 0B 00

000:STREAM                     1283007502.422541
 02 8E 30 EC 54 03 0A 00

000:STREAM                     1283007502.426538
 02 93 30 ED 54 03 0A 00

000:STREAM                     1283007502.430535
 02 98 30 EF 54 03 0B 00

000:STREAM                     1283007502.434518
 02 9E 30 F2 54 03 0C 00

000:STREAM                     1283007502.440531
 02 A3 30 F4 54 03 0C 00

000:STREAM                     1283007502.444538
 02 A9 30 F6 54 03 0B 00

000:STREAM                     1283007502.448547
 02 AE 30 F9 54 03 0C 00

000:STREAM                     1283007502.452539
 02 B3 30 FC 54 03 0B 00

000:STREAM                     1283007502.456553
 02 B9 30 FE 54 03 0B 00

000:STREAM                     1283007502.460543
 02 BE 30 01 55 03 0B 00

000:STREAM                     1283007502.466542
 02 C4 30 03 55 03 0B 00

000:STREAM                     1283007502.470538
 02 CA 30 06 55 03 0B 00

000:STREAM                     1283007502.474529
 02 CF 30 08 55 03 0B 00

000:STREAM                     1283007502.478535
 02 D4 30 0D 55 03 0B 00

000:STREAM                     1283007502.482559
 02 D8 30 0F 55 03 0B 00

000:STREAM                     1283007502.488537
 02 DD 30 12 55 03 0C 00

000:STREAM                     1283007502.492518
 02 E2 30 15 55 03 0C 00

000:STREAM                     1283007502.496534
 02 E8 30 17 55 03 0C 00

000:STREAM                     1283007502.500535
 02 EE 30 19 55 03 0C 00

000:STREAM                     1283007502.504534
 02 F3 30 1B 55 03 0A 00

000:STREAM                     1283007502.508532
 02 F9 30 1C 55 03 0B 00

000:STREAM                     1283007502.514540
 02 FF 30 1E 55 03 0A 00

000:STREAM                     1283007502.518541
 02 05 31 20 55 03 0A 00

000:STREAM                     1283007502.522527
 02 0C 31 22 55 03 0B 00

000:STREAM                     1283007502.526534
 02 13 31 23 55 03 0A 00

000:STREAM                     1283007502.530550
 02 1A 31 24 55 03 0C 00

000:STREAM                     1283007502.536532
 02 21 31 25 55 03 0C 00

000:STREAM                     1283007502.540518
 02 28 31 25 55 03 0B 00

000:STREAM                     1283007502.544538
 02 30 31 25 55 03 0B 00

000:STREAM                     1283007502.548535
 02 3E 31 27 55 03 0B 00

000:STREAM                     1283007502.552533
 02 49 31 28 55 03 0C 00

000:STREAM                     1283007502.556532
 02 52 31 26 55 03 0B 00

000:STREAM                     1283007502.562539
 02 5B 31 22 55 03 0C 00

000:STREAM                     1283007502.566540
 02 61 31 1F 55 03 0B 00

000:STREAM                     1283007502.570531
 02 66 31 1C 55 03 0A 00

000:STREAM                     1283007502.574534
 02 6B 31 1A 55 03 0C 00

000:STREAM                     1283007502.578549
 02 6F 31 15 55 03 0B 00

000:STREAM                     1283007502.584537
 02 74 31 11 55 03 0C 00

000:STREAM                     1283007502.588518
 02 75 31 0E 55 03 0B 00

000:STREAM                     1283007502.592541
 02 78 31 0B 55 03 0B 00

000:STREAM                     1283007502.596534
 02 79 31 09 55 03 0C 00

000:STREAM                     1283007502.600535
 02 7C 31 06 55 03 0A 00

000:STREAM                     1283007502.606534
 02 7C 31 02 55 03 0A 00

000:STREAM                     1283007502.610518
 02 7E 31 00 55 03 0A 00

000:STREAM                     1283007502.614543
 02 82 31 FF 54 03 0B 00

000:STREAM                     1283007502.618541
 02 85 31 FE 54 03 0B 00

000:STREAM                     1283007502.622529
 02 87 31 FE 54 03 0B 00

000:STREAM                     1283007502.626534
 02 89 31 02 55 03 0B 00

000:STREAM                     1283007502.632536
 02 8B 31 05 55 03 0C 00

000:STREAM                     1283007502.636529
 02 8E 31 08 55 03 0C 00

000:STREAM                     1283007502.654541
 02 A5 31 13 55 07 DD 00

000:STREAM                     1283007502.658541
 02 A5 31 13 55 07 F1 00

000:STREAM                     1283007502.662528
 02 A5 31 13 55 07 F7 00

000:STREAM                     1283007502.666535
 02 A5 31 13 55 07 F9 00

000:STREAM                     1283007502.670552
 02 A5 31 13 55 07 FF 00

000:STREAM                     1283007502.676534
 02 A5 31 13 55 07 10 01

000:STREAM                     1283007502.680517
 02 A5 31 13 55 07 0B 01

000:STREAM                     1283007502.684429
 02 A5 31 13 55 07 1A 01

000:STREAM                     1283007502.688542
 02 A5 31 13 55 07 1E 01

000:STREAM                     1283007502.694541
 02 A5 31 13 55 07 20 01

000:STREAM                     1283007502.698544
 02 A5 31 13 55 07 20 01

000:STREAM                     1283007502.702538
 02 A5 31 13 55 07 2F 01

000:STREAM                     1283007502.706527
 02 A5 31 13 55 07 3A 01

000:STREAM                     1283007502.710531
 02 A5 31 13 55 07 42 01

000:STREAM                     1283007502.716535
 02 A5 31 13 55 07 3F 01

000:STREAM                     1283007502.720538
 02 A5 31 13 55 07 49 01

000:STREAM                     1283007502.724533
 02 A5 31 13 55 07 5B 01

000:STREAM                     1283007502.728542
 02 A5 31 13 55 07 61 01

000:STREAM                     1283007502.734541
 02 A5 31 13 55 07 68 01

000:STREAM                     1283007502.738556
 02 A5 31 13 55 07 6A 01

000:STREAM                     1283007502.742539
 02 A5 31 13 55 07 7A 01

000:STREAM                     1283007502.746529
 02 A5 31 13 55 07 85 01

000:STREAM                     1283007502.752532
 02 A5 31 13 55 07 8D 01

000:STREAM                     1283007502.756540
 02 A6 31 13 55 07 85 01

000:STREAM                     1283007502.760533
 02 A8 31 14 55 07 8D 01

000:STREAM                     1283007502.764536
 02 AB 31 15 55 07 A4 01

000:STREAM                     1283007502.768534
 02 AE 31 16 55 07 A6 01

000:STREAM                     1283007502.774538
 02 B1 31 17 55 07 AC 01

000:STREAM                     1283007502.778539
 02 B4 31 19 55 07 B8 01

000:STREAM                     1283007502.782526
 02 B6 31 1A 55 07 B7 01

000:STREAM                     1283007502.786533
 02 B8 31 1B 55 07 C6 01

000:STREAM                     1283007502.792539
 02 BA 31 1C 55 07 D0 01

000:STREAM                     1283007502.796537
 02 BD 31 1D 55 07 D3 01

000:STREAM                     1283007502.800533
 02 BF 31 1D 55 07 D4 01

000:STREAM                     1283007502.804532
 02 C0 31 1D 55 07 DF 01

000:STREAM                     1283007502.808530
 02 C1 31 1E 55 07 DC 01

000:STREAM                     1283007502.814537
 02 C2 31 1E 55 07 E1 01

000:STREAM                     1283007502.818538
 02 C4 31 1E 55 07 DD 01

000:STREAM                     1283007502.822527
 02 C5 31 1E 55 07 E6 01

000:STREAM                     1283007502.826532
 02 C6 31 1D 55 07 F9 01

000:STREAM                     1283007502.832535
 02 C8 31 1C 55 07 FF 01

000:STREAM                     1283007502.836541
 02 CB 31 1C 55 07 05 02

000:STREAM                     1283007502.840534
 02 CD 31 1C 55 07 F8 01

000:STREAM                     1283007502.844533
 02 CD 31 1B 55 07 09 02

000:STREAM                     1283007502.850542
 02 D0 31 1B 55 07 0E 02

000:STREAM                     1283007502.854557
 02 D2 31 1B 55 07 05 02

000:STREAM                     1283007502.858538
 02 D4 31 1B 55 07 0D 02

000:STREAM                     1283007502.862530
 02 D5 31 1A 55 07 0A 02

000:STREAM                     1283007502.866541
 02 D7 31 19 55 07 09 02

000:STREAM                     1283007502.872534
 02 D8 31 19 55 07 0E 02

000:STREAM                     1283007502.876533
 02 D9 31 19 55 07 14 02

000:STREAM                     1283007502.880540
 02 DA 31 19 55 07 1C 02

000:STREAM                     1283007502.884533
 02 DB 31 19 55 07 19 02

000:STREAM                     1283007502.890540
 02 DC 31 19 55 07 18 02

000:STREAM                     1283007502.894548
 02 DE 31 19 55 07 13 02

000:STREAM                     1283007502.898537
 02 DF 31 19 55 07 16 02

000:STREAM                     1283007502.902540
 02 E0 31 19 55 07 1C 02

000:STREAM                     1283007502.906532
 02 E1 31 19 55 07 29 02

000:STREAM                     1283007502.912544
 02 E2 31 19 55 07 22 02

000:STREAM                     1283007502.916531
 02 E3 31 19 55 07 2A 02

000:STREAM                     1283007502.920545
 02 E4 31 19 55 07 2D 02

000:STREAM                     1283007502.924533
 02 E5 31 19 55 07 28 02

000:STREAM                     1283007502.930532
 02 E6 31 1A 55 07 2C 02

000:STREAM                     1283007502.934544
 02 E6 31 1B 55 07 2E 02

000:STREAM                     1283007502.938537
 02 E7 31 1B 55 07 2E 02

000:STREAM                     1283007502.942527
 02 E8 31 1B 55 07 33 02

000:STREAM                     1283007502.948531
 02 E9 31 1A 55 07 35 02

000:STREAM                     1283007502.952539
 02 E9 31 1A 55 07 35 02

000:STREAM                     1283007502.956533
 02 E9 31 19 55 07 3B 02

000:STREAM                     1283007502.960532
 02 EB 31 18 55 07 32 02

000:STREAM                     1283007502.964530
 02 EC 31 18 55 07 2F 02

000:STREAM                     1283007502.970535
 02 ED 31 17 55 07 29 02

000:STREAM                     1283007502.974539
 02 EE 31 17 55 07 2D 02

000:STREAM                     1283007502.978524
 02 EF 31 17 55 07 2E 02

000:STREAM                     1283007502.982531
 02 EF 31 17 55 07 2E 02

000:STREAM                     1283007502.988540
 02 F0 31 17 55 07 33 02

000:STREAM                     1283007502.992535
 02 F2 31 17 55 07 3A 02

000:STREAM                     1283007502.996533
 02 F2 31 17 55 07 32 02

000:STREAM                     1283007503.000531
 02 F3 31 18 55 07 34 02

000:STREAM                     1283007503.006530
 02 F4 31 19 55 07 35 02

000:STREAM                     1283007503.010515
 02 F4 31 1A 55 07 3B 02

000:STREAM                     1283007503.014541
 02 F4 31 1B 55 07 37 02

000:STREAM                     1283007503.018540
 02 F5 31 1C 55 07 31 02

000:STREAM                     1283007503.022530
 02 F6 31 1C 55 07 39 02

000:STREAM                     1283007503.028540
 02 F7 31 1C 55 07 3C 02

000:STREAM                     1283007503.032530
 02 F8 31 1C 55 07 37 02

000:STREAM                     1283007503.036528
 02 F7 31 1D 55 07 36 02

000:STREAM                     1283007503.040534
 02 F8 31 1E 55 07 3B 02

000:STREAM                     1283007503.046532
 02 FA 31 1E 55 07 32 02

000:STREAM                     1283007503.050537
 02 FB 31 1D 55 07 3A 02

000:STREAM                     1283007503.054534
 02 FB 31 1C 55 07 3C 02

000:STREAM                     1283007503.058540
 02 FB 31 1C 55 07 3D 02

000:STREAM                     1283007503.064543
 02 FA 31 1C 55 07 3D 02

000:STREAM                     1283007503.068531
 02 FA 31 1C 55 07 3D 02

000:STREAM                     1283007503.072530
 02 FA 31 1C 55 07 42 02

000:STREAM                     1283007503.076539
 02 FA 31 1C 55 07 44 02

000:STREAM                     1283007503.080529
 02 FA 31 1C 55 07 35 02

000:STREAM                     1283007503.086531
 02 FA 31 1C 55 07 40 02

000:STREAM                     1283007503.090515
 02 FA 31 1C 55 07 34 02

000:STREAM                     1283007503.094536
 02 FA 31 1C 55 07 35 02

000:STREAM                     1283007503.098538
 02 FA 31 1C 55 07 35 02

000:STREAM                     1283007503.104533
 02 FB 31 1C 55 07 3B 02

000:STREAM                     1283007503.108514
 02 FB 31 1C 55 07 41 02

000:STREAM                     1283007503.112532
 02 FB 31 1C 55 07 39 02

000:STREAM                     1283007503.116532
 02 FC 31 1D 55 07 36 02

000:STREAM                     1283007503.122538
 02 FD 31 1E 55 07 40 02

000:STREAM                     1283007503.126539
 02 FE 31 1F 55 07 43 02

000:STREAM                     1283007503.130537
 02 FF 31 1F 55 07 3A 02

000:STREAM                     1283007503.134530
 02 01 32 20 55 07 3C 02

000:STREAM                     1283007503.138532
 02 01 32 21 55 07 42 02

000:STREAM                     1283007503.144535
 02 00 32 20 55 07 3F 02

000:STREAM                     1283007503.148527
 02 00 32 20 55 07 3E 02

000:STREAM                     1283007503.152529
 02 00 32 20 55 07 3E 02

000:STREAM                     1283007503.156525
 02 00 32 20 55 07 3E 02

000:STREAM                     1283007503.162532
 02 00 32 20 55 07 38 02

000:STREAM                     1283007503.166556
 02 00 32 20 55 07 40 02

000:STREAM                     1283007503.170535
 02 00 32 20 55 07 34 02

000:STREAM                     1283007503.174529
 02 00 32 20 55 07 35 02

000:STREAM                     1283007503.180531
 02 00 32 20 55 07 35 02

000:STREAM                     1283007503.184544
 02 00 32 20 55 07 40 02

000:STREAM                     1283007503.188531
 02 00 32 20 55 07 43 02

000:STREAM                     1283007503.192533
 02 00 32 20 55 07 3F 02

000:STREAM                     1283007503.196538
 02 00 32 20 55 07 38 02

000:STREAM                     1283007503.202539
 02 00 32 20 55 07 36 02

000:STREAM                     1283007503.206537
 02 00 32 20 55 07 40 02

000:STREAM                     1283007503.210536
 02 00 32 20 55 07 34 02

000:STREAM                     1283007503.214531
 02 00 32 20 55 07 3F 02

000:STREAM                     1283007503.220533
 02 00 32 20 55 07 43 02

000:STREAM                     1283007503.224531
 02 00 32 20 55 07 3F 02

000:STREAM                     1283007503.228537
 02 00 32 20 55 07 3E 02

000:STREAM                     1283007503.232529
 02 00 32 20 55 07 42 02

000:STREAM                     1283007503.238530
 02 00 32 20 55 07 3F 02

000:STREAM                     1283007503.242515
 02 00 32 20 55 07 3E 02

000:STREAM                     1283007503.246543
 02 00 32 20 55 07 42 02

000:STREAM                     1283007503.250536
 02 00 32 20 55 07 3F 02

000:STREAM                     1283007503.254542
 02 00 32 20 55 07 3E 02

000:STREAM                     1283007503.260532
 02 00 32 20 55 07 33 02

000:STREAM                     1283007503.264540
 02 00 32 20 55 07 35 02

000:STREAM                     1283007503.268531
 02 00 32 20 55 07 40 02

000:STREAM                     1283007503.272529
 02 00 32 20 55 07 3E 02

000:STREAM                     1283007503.278537
 02 00 32 20 55 07 3E 02

000:STREAM                     1283007503.282535
 02 00 32 20 55 07 38 02

000:STREAM                     1283007503.286523
 02 00 32 20 55 07 3C 02

000:STREAM                     1283007503.290532
 02 00 32 20 55 07 42 02

000:STREAM                     1283007503.296531
 02 00 32 20 55 07 3F 02

000:STREAM                     1283007503.300531
 02 00 32 20 55 07 43 02

000:STREAM                     1283007503.304532
 02 00 32 20 55 07 3F 02

000:STREAM                     1283007503.308529
 02 00 32 20 55 07 43 02

000:STREAM                     1283007503.314540
 02 00 32 20 55 07 3F 02

000:STREAM                     1283007503.318553
 02 00 32 20 55 07 38 02

000:STREAM                     1283007503.322534
 02 00 32 20 55 07 40 02

000:STREAM                     1283007503.326529
 02 00 32 20 55 07 3E 02

000:STREAM                     1283007503.330539
 02 00 32 20 55 07 48 02

000:STREAM                     1283007503.336532
 02 00 32 20 55 07 45 02

000:STREAM                     1283007503.340533
 02 00 32 20 55 07 45 02

000:STREAM                     1283007503.344531
 02 00 32 20 55 07 4A 02

000:STREAM                     1283007503.348531
 02 00 32 20 55 07 4C 02

000:STREAM                     1283007503.354538
 02 00 32 20 55 07 4C 02

000:STREAM                     1283007503.358555
 02 00 32 20 55 07 47 02

000:STREAM                     1283007503.362533
 02 00 32 20 55 07 4B 02

000:STREAM                     1283007503.366526
 02 00 32 20 55 07 3C 02

000:STREAM                     1283007503.372531
 02 00 32 20 55 07 42 02

000:STREAM                     1283007503.376536
 02 00 32 20 55 07 49 02

000:STREAM                     1283007503.380528
 02 00 32 20 55 07 46 02

000:STREAM                     1283007503.384531
 02 00 32 20 55 07 4A 02

000:STREAM                     1283007503.390537
 02 00 32 20 55 07 41 02

000:STREAM                     1283007503.394537
 02 00 32 20 55 07 43 02

000:STREAM                     1283007503.398536
 02 00 32 20 55 07 44 02

000:STREAM                     1283007503.402531
 02 00 32 20 55 07 44 02

000:STREAM                     1283007503.406530
 02 00 32 20 55 07 44 02

000:STREAM                     1283007503.412532
 02 00 32 20 55 07 3F 02

000:STREAM                     1283007503.416531
 02 00 32 20 55 07 48 02

000:STREAM                     1283007503.420537
 02 00 32 20 55 07 41 02

000:STREAM                     1283007503.424529
 02 00 32 20 55 07 49 02

000:STREAM                     1283007503.430535
 02 00 32 20 55 07 4B 02

000:STREAM                     1283007503.434552
 02 00 32 20 55 07 4C 02

000:STREAM                     1283007503.438532
 02 00 32 20 55 07 47 02

000:STREAM                     1283007503.442523
 02 00 32 20 55 07 4B 02

000:STREAM                     1283007503.448531
 02 00 32 20 55 07 42 02

000:STREAM                     1283007503.452536
 02 00 32 20 55 07 49 02

000:STREAM                     1283007503.456530
 02 00 32 20 55 07 41 02

000:STREAM                     1283007503.460534
 02 00 32 20 55 07 49 02

000:STREAM                     1283007503.466529
 02 00 32 20 55 07 50 02

000:STREAM                     1283007503.470513
 02 00 32 20 55 07 4D 02

000:STREAM                     1283007503.474539
 02 00 32 20 55 07 47 02

000:STREAM                     1283007503.478533
 02 00 32 20 55 07 45 02

000:STREAM                     1283007503.482532
 02 00 32 20 55 07 40 02

000:STREAM                     1283007503.488537
 02 00 32 20 55 07 3E 02

000:STREAM                     1283007503.492530
 02 00 32 20 55 07 48 02

000:STREAM                     1283007503.496527
 02 00 32 20 55 07 50 02

000:STREAM                     1283007503.500526
 02 00 32 20 55 07 48 02

000:STREAM                     1283007503.506535
 02 00 32 20 55 07 41 02

000:STREAM                     1283007503.510535
 02 00 32 20 55 07 3E 02

000:STREAM                     1283007503.514520
 02 00 32 20 55 07 42 02

000:STREAM                     1283007503.518530
 02 00 32 21 55 07 44 02

000:STREAM                     1283007503.524531
 02 FF 31 22 55 07 3A 02

000:STREAM                     1283007503.528525
 02 FD 31 23 55 07 47 02

000:STREAM                     1283007503.532529
 02 FC 31 24 55 07 4B 02

000:STREAM                     1283007503.536531
 02 FB 31 25 55 07 4C 02

000:STREAM                     1283007503.542538
 02 FB 31 26 55 07 47 02

000:STREAM                     1283007503.546533
 02 FC 31 27 55 07 40 02

000:STREAM                     1283007503.550534
 02 FB 31 28 55 07 43 02

000:STREAM                     1283007503.554522
 02 FA 31 29 55 07 44 02

000:STREAM                     1283007503.558528
 02 F9 31 29 55 07 4A 02

000:STREAM                     1283007503.564532
 02 F7 31 28 55 07 4C 02

000:STREAM                     1283007503.568527
 02 F6 31 28 55 07 47 02

000:STREAM                     1283007503.572529
 02 F5 31 28 55 07 45 02

000:STREAM                     1283007503.576518
 02 F6 31 28 55 07 45 02

000:STREAM                     1283007503.582539
 02 F5 31 29 55 07 40 02

000:STREAM                     1283007503.586534
 02 F3 31 29 55 07 43 02

000:STREAM                     1283007503.590525
 02 F2 31 28 55 07 3A 02

000:STREAM                     1283007503.594536
 02 F1 31 27 55 07 47 02

000:STREAM                     1283007503.600540
 02 F1 31 27 55 07 45 02

000:STREAM                     1283007503.604529
 02 F1 31 27 55 07 45 02

000:STREAM                     1283007503.608529
 02 F1 31 27 55 07 40 02

000:STREAM                     1283007503.612536
 02 F2 31 27 55 07 3E 02

000:STREAM                     1283007503.618536
 02 F2 31 27 55 07 48 02

000:STREAM                     1283007503.622553
 02 F2 31 27 55 07 3B 02

000:STREAM                     1283007503.626533
 02 F2 31 27 55 07 41 02

000:STREAM                     1283007503.630522
 02 F2 31 27 55 07 3E 02

000:STREAM                     1283007503.634529
 02 F2 31 27 55 07 42 02

000:STREAM                     1283007503.640543
 02 F2 31 27 55 07 44 02

000:STREAM                     1283007503.644532
 02 F2 31 27 55 07 3F 02

000:STREAM                     1283007503.648529
 02 F3 31 27 55 07 43 02

000:STREAM                     1283007503.652529
 02 F3 31 26 55 07 44 02

000:STREAM                     1283007503.658529
 02 F5 31 25 55 07 35 02

000:STREAM                     1283007503.662533
 02 F6 31 24 55 07 35 02

000:STREAM                     1283007503.666536
 02 F7 31 24 55 07 2B 02

000:STREAM                     1283007503.670529
 02 F8 31 23 55 07 13 02

000:STREAM                     1283007503.676530
 02 F9 31 22 55 07 07 02

000:STREAM                     1283007503.680528
 02 FA 31 22 55 07 F9 01

000:STREAM                     1283007503.684536
 02 FC 31 21 55 07 DA 01

000:STREAM                     1283007503.688528
 02 FD 31 21 55 07 C1 01

000:STREAM                     1283007503.692525
 02 FD 31 20 55 07 AA 01

000:STREAM                     1283007503.698537
 02 FD 31 1D 55 07 7F 01

000:STREAM                     1283007503.702529
 02 FC 31 1B 55 07 4D 01

000:STREAM                     1283007503.706525
 02 FA 31 18 55 07 24 01

000:STREAM                     1283007503.710530
 02 F8 31 13 55 07 EE 00

000:STREAM                     1283007503.716538
 02 F6 31 0E 55 07 8B 00

000:STREAM                     1283007503.720529
 02 EE 31 00 55 03 0D 00

000:STREAM                     1283007503.724526
 02 E9 31 F0 54 03 0C 00

000:STREAM                     1283007503.728537
 02 E2 31 E2 54 03 0B 00

000:STREAM                     1283007503.732530
 02 DC 31 D3 54 03 0B 00

000:STREAM                     1283007503.736533
 02 D9 31 C5 54 03 0C 00

000:STREAM                     1283007503.742537
 02 D7 31 B8 54 03 0B 00

000:STREAM                     1283007503.746533
 02 D8 31 B1 54 03 0C 00

000:STREAM                     1283007503.750529
 02 DB 31 AC 54 03 0B 00

000:STREAM                     1283007503.754530
 02 DF 31 A8 54 03 0C 00

000:STREAM                     1283007503.758534
 02 E3 31 A4 54 03 0D 00

000:STREAM                     1283007503.764530
 02 EA 31 A1 54 03 0D 00

000:STREAM                     1283007503.768529
 02 F2 31 A1 54 03 0C 00

000:STREAM                     1283007503.772526
 02 FB 31 A0 54 03 0C 00

000:STREAM                     1283007503.776536
 02 02 32 9C 54 03 0C 00

000:STREAM                     1283007503.780528
 02 08 32 9A 54 03 0C 00

000:STREAM                     1283007503.784532
 02 0F 32 99 54 03 0C 00

000:STREAM                     1283007503.878537
 02 0F 32 99 54 00 00 00

