000:STREAM                     1283007484.382656
 FF FF 0A 01 01 00 00 00

000:STREAM                     1283007484.386636
 0A 01 01 00 00 00 00 00

000:STREAM                     1283007484.390628
 FF FF 0A 01 01 00 00 00

000:STREAM                     1283007484.394618
 0A 01 01 00 00 00 00 00

000:STREAM                     1283007484.400626
 FF FF 0A 01 01 00 00 00

000:STREAM                     1283007484.402610
 0A 01 01 00 00 00 00 00

000:STREAM                     1283007484.408629
 FF FF 0A 01 01 00 00 00

000:STREAM                     1283007484.412603
 0A 01 01 00 00 00 00 00

000:STREAM                     1283007484.416616
 FF FF 0A 01 01 00 00 00

000:STREAM                     1283007484.420617
 0A 01 01 00 00 00 00 00

000:STREAM                     1283007484.426622
 0A 01 01 00 00 00 00 00

000:STREAM                     1283007484.772695
 FF FF 0A 01 01 00 00 00

000:STREAM                     1283007484.776600
 0A 01 01 00 00 00 00 00

000:STREAM                     1283007484.780623
 FF FF 0A 01 01 00 00 00

000:STREAM                     1283007484.784620
 0A 01 01 00 00 00 00 00

000:STREAM                     1283007484.790624
 FF FF 0A 01 01 00 00 00

000:STREAM                     1283007484.792603
 0A 01 01 00 00 00 00 00

000:STREAM                     1283007484.798623
 FF FF 0A 01 01 00 00 00

000:STREAM                     1283007484.802631
 0A 01 01 00 00 00 00 00

000:STREAM                     1283007484.806623
 FF FF 0A 01 01 00 00 00

000:STREAM                     1283007484.810611
 0A 01 01 00 00 00 00 00

000:STREAM                     1283007484.816620
 0A 01 01 00 00 00 00 00

000:STREAM                     1283007485.212625
 FF FF 0A 01 01 00 00 00

000:STREAM                     1283007485.216596
 0A 01 01 00 00 00 00 00

000:STREAM                     1283007485.222617
 FF FF 0A 01 01 00 00 00

000:STREAM                     1283007485.224601
 0A 01 01 00 00 00 00 00

000:STREAM                     1283007485.230619
 FF FF 0A 01 01 00 00 00

000:STREAM                     1283007485.234627
 0A 01 01 00 00 00 00 00

000:STREAM                     1283007485.238619
 FF FF 0A 01 01 00 00 00

000:STREAM                     1283007485.242613
 0A 01 01 00 00 00 00 00

000:STREAM                     1283007485.248626
 FF FF 0A 01 01 00 00 00

000:STREAM                     1283007485.250599
 0A 01 01 00 00 00 00 00

000:STREAM                     1283007485.256620
 0A 01 01 00 00 00 00 00

