000:STREAM                     1283007475.186699
 FF FF 0A 01 00 00 00 00

000:STREAM                     1283007475.190711
 0A 01 00 00 00 00 00 00

000:STREAM                     1283007475.196674
 FF FF 0A 01 00 00 00 00

000:STREAM                     1283007475.198648
 0A 01 00 00 00 00 00 00

000:STREAM                     1283007475.204673
 FF FF 0A 01 00 00 00 00

000:STREAM                     1283007475.208652
 0A 01 00 00 00 00 00 00

000:STREAM                     1283007475.212688
 FF FF 0A 01 00 00 00 00

000:STREAM                     1283007475.216652
 0A 01 00 00 00 00 00 00

000:STREAM                     1283007475.222665
 FF FF 0A 01 00 00 00 00

000:STREAM                     1283007475.224653
 0A 01 00 00 00 00 00 00

000:STREAM                     1283007475.230668
 0A 01 00 00 00 00 00 00

000:STREAM                     1283007475.754676
 FF FF 0A 01 00 00 00 00

000:STREAM                     1283007475.758662
 0A 01 00 00 00 00 00 00

000:STREAM                     1283007475.764668
 FF FF 0A 01 00 00 00 00

000:STREAM                     1283007475.766646
 0A 01 00 00 00 00 00 00

000:STREAM                     1283007475.772724
 FF FF 0A 01 00 00 00 00

000:STREAM                     1283007475.776707
 0A 01 00 00 00 00 00 00

000:STREAM                     1283007475.780679
 FF FF 0A 01 00 00 00 00

000:STREAM                     1283007475.784684
 0A 01 00 00 00 00 00 00

000:STREAM                     1283007475.790663
 FF FF 0A 01 00 00 00 00

000:STREAM                     1283007475.792669
 0A 01 00 00 00 00 00 00

000:STREAM                     1283007475.798667
 0A 01 00 00 00 00 00 00

000:STREAM                     1283007476.194671
 FF FF 0A 01 00 00 00 00

000:STREAM                     1283007476.198665
 0A 01 00 00 00 00 00 00

000:STREAM                     1283007476.202657
 FF FF 0A 01 00 00 00 00

000:STREAM                     1283007476.206659
 0A 01 00 00 00 00 00 00

000:STREAM                     1283007476.212693
 FF FF 0A 01 00 00 00 00

000:STREAM                     1283007476.214668
 0A 01 00 00 00 00 00 00

000:STREAM                     1283007476.220694
 FF FF 0A 01 00 00 00 00

000:STREAM                     1283007476.224692
 0A 01 00 00 00 00 00 00

000:STREAM                     1283007476.228688
 FF FF 0A 01 00 00 00 00

000:STREAM                     1283007476.232696
 0A 01 00 00 00 00 00 00

000:STREAM                     1283007476.238665
 0A 01 00 00 00 00 00 00

