000:STREAM                     1283007350.547298
 0A 02 00 00 00 00 00 07

000:STREAM                     1283007350.549250
 0A 02 00 00 00 00 00 1A

000:STREAM                     1283007350.551272
 0A 02 00 00 00 00 00 59

000:STREAM                     1283007350.553266
 0A 02 00 00 00 00 00 98

000:STREAM                     1283007350.555271
 0A 02 00 00 00 00 00 D7

000:STREAM                     1283007350.557399
 0A 02 00 00 00 00 00 16

000:STREAM                     1283007350.559249
 0A 02 00 00 00 00 00 55

000:STREAM                     1283007350.561275
 0A 02 00 00 00 00 00 94

000:STREAM                     1283007350.563249
 0A 02 00 00 00 00 00 D3

000:STREAM                     1283007350.565267
 0A 02 00 00 00 00 00 12

000:STREAM                     1283007350.567507
 0A 02 00 00 00 00 00 51

000:STREAM                     1283007350.569249
 0A 02 00 00 00 00 00 90

000:STREAM                     1283007350.571275
 0A 02 00 00 00 00 00 CF

000:STREAM                     1283007350.573260
 0A 02 00 00 00 00 00 0E

000:STREAM                     1283007350.575265
 0A 02 00 00 00 00 00 4D

000:STREAM                     1283007350.577421
 0A 02 00 00 00 00 00 8C

000:STREAM                     1283007350.579243
 0A 02 00 00 00 00 00 CB

000:STREAM                     1283007350.581269
 0A 02 00 00 00 00 00 0A

000:STREAM                     1283007350.583243
 0A 02 00 00 00 00 00 49

000:STREAM                     1283007350.585261
 0A 02 00 00 00 00 00 88

000:STREAM                     1283007350.587503
 0A 02 00 00 00 00 00 C7

000:STREAM                     1283007350.589248
 0A 02 00 00 00 00 00 06

000:STREAM                     1283007350.591273
 0A 02 00 00 00 00 00 45

000:STREAM                     1283007350.593259
 0A 02 00 00 00 00 00 84

000:STREAM                     1283007350.595264
 0A 02 00 00 00 00 00 C3

000:STREAM                     1283007350.597396
 0A 02 00 00 00 00 00 02

000:STREAM                     1283007350.599246
 0A 02 00 00 00 00 00 41

000:STREAM                     1283007350.601266
 0A 02 00 00 00 00 00 80

000:STREAM                     1283007350.603286
 0A 02 00 00 00 00 00 BF

000:STREAM                     1283007350.605260
 0A 02 00 00 00 00 00 FE

000:STREAM                     1283007350.607255
 0A 02 00 00 00 00 00 3D

000:STREAM                     1283007350.609250
 0A 02 00 00 00 00 00 7C

000:STREAM                     1283007350.611346
 0A 02 00 00 00 00 00 BB

000:STREAM                     1283007350.613249
 0A 02 00 00 00 00 00 FA

000:STREAM                     1283007350.615264
 0A 02 00 00 00 00 00 39

000:STREAM                     1283007350.617257
 0A 02 00 00 00 00 00 78

000:STREAM                     1283007350.619262
 0A 02 00 00 00 00 00 B7

000:STREAM                     1283007350.621383
 0A 02 00 00 00 00 00 F6

000:STREAM                     1283007350.625271
 0A 02 00 00 00 00 00 35

000:STREAM                     1283007350.627245
 0A 02 00 00 00 00 00 B4

000:STREAM                     1283007350.629266
 0A 02 00 00 00 00 00 F3

000:STREAM                     1283007350.631245
 0A 02 00 00 00 00 00 32

000:STREAM                     1283007350.633266
 0A 02 00 00 00 00 00 71

000:STREAM                     1283007350.635243
 0A 02 00 00 00 00 00 B0

000:STREAM                     1283007350.637269
 0A 02 00 00 00 00 00 EF

000:STREAM                     1283007350.639257
 0A 02 00 00 00 00 00 2E

000:STREAM                     1283007350.641263
 0A 02 00 00 00 00 00 6D

000:STREAM                     1283007350.643488
 0A 02 00 00 00 00 00 AC

000:STREAM                     1283007350.645244
 0A 02 00 00 00 00 00 EB

000:STREAM                     1283007350.647260
 0A 02 00 00 00 00 00 2A

000:STREAM                     1283007350.649244
 0A 02 00 00 00 00 00 69

000:STREAM                     1283007350.651252
 0A 02 00 00 00 00 00 A8

000:STREAM                     1283007350.653369
 0A 02 00 00 00 00 00 E7

000:STREAM                     1283007350.655246
 0A 02 00 00 00 00 00 26

000:STREAM                     1283007350.656738
 0A 02 00 00 00 00 00 65

000:STREAM                     1283007350.659248
 0A 02 00 00 00 00 00 A4

000:STREAM                     1283007350.661273
 0A 02 00 00 00 00 00 E3

000:STREAM                     1283007350.663244
 0A 02 00 00 00 00 00 22

000:STREAM                     1283007350.665271
 0A 02 00 00 00 00 00 61

000:STREAM                     1283007350.667246
 0A 02 00 00 00 00 00 A0

000:STREAM                     1283007350.669263
 0A 02 00 00 00 00 00 DF

000:STREAM                     1283007350.671253
 0A 02 00 00 00 00 00 1E

000:STREAM                     1283007350.673251
 0A 02 00 00 00 00 00 5D

000:STREAM                     1283007350.675360
 0A 02 00 00 00 00 00 9C

000:STREAM                     1283007350.677248
 0A 02 00 00 00 00 00 DB

000:STREAM                     1283007350.679265
 0A 02 00 00 00 00 00 1A

000:STREAM                     1283007350.681253
 0A 02 00 00 00 00 00 59

000:STREAM                     1283007350.683264
 0A 02 00 00 00 00 00 98

000:STREAM                     1283007350.685354
 0A 02 00 00 00 00 00 D7

000:STREAM                     1283007350.689266
 0A 02 00 00 00 00 00 16

000:STREAM                     1283007350.691241
 0A 02 00 00 00 00 00 79

000:STREAM                     1283007350.885267
 0A 02 00 00 00 00 00 7A

000:STREAM                     1283007350.887241
 0A 02 00 00 00 00 00 9F

000:STREAM                     1283007350.889238
 0A 02 00 00 00 00 00 DE

000:STREAM                     1283007350.891274
 0A 02 00 00 00 00 00 1D

000:STREAM                     1283007350.893251
 0A 02 00 00 00 00 00 5C

000:STREAM                     1283007350.895275
 0A 02 00 00 00 00 00 9B

000:STREAM                     1283007350.897245
 0A 02 00 00 00 00 00 DA

000:STREAM                     1283007350.899255
 0A 02 00 00 00 00 00 19

000:STREAM                     1283007350.901271
 0A 02 00 00 00 00 00 58

000:STREAM                     1283007350.903240
 0A 02 00 00 00 00 00 97

000:STREAM                     1283007350.904739
 0A 02 00 00 00 00 00 D6

000:STREAM                     1283007350.907250
 0A 02 00 00 00 00 00 15

000:STREAM                     1283007350.909254
 0A 02 00 00 00 00 00 54

000:STREAM                     1283007350.911263
 0A 02 00 00 00 00 00 93

000:STREAM                     1283007350.913263
 0A 02 00 00 00 00 00 D2

000:STREAM                     1283007350.915264
 0A 02 00 00 00 00 00 11

000:STREAM                     1283007350.917244
 0A 02 00 00 00 00 00 50

000:STREAM                     1283007350.919259
 0A 02 00 00 00 00 00 8F

000:STREAM                     1283007350.921259
 0A 02 00 00 00 00 00 CE

000:STREAM                     1283007350.923256
 0A 02 00 00 00 00 00 0D

000:STREAM                     1283007350.925264
 0A 02 00 00 00 00 00 4C

000:STREAM                     1283007350.927271
 0A 02 00 00 00 00 00 8B

000:STREAM                     1283007350.929255
 0A 02 00 00 00 00 00 CA

000:STREAM                     1283007350.931260
 0A 02 00 00 00 00 00 09

000:STREAM                     1283007350.933270
 0A 02 00 00 00 00 00 48

000:STREAM                     1283007350.935234
 0A 02 00 00 00 00 00 87

000:STREAM                     1283007350.937265
 0A 02 00 00 00 00 00 C6

000:STREAM                     1283007350.939270
 0A 02 00 00 00 00 00 05

000:STREAM                     1283007350.941250
 0A 02 00 00 00 00 00 44

000:STREAM                     1283007350.943263
 0A 02 00 00 00 00 00 83

000:STREAM                     1283007350.945267
 0A 02 00 00 00 00 00 C2

000:STREAM                     1283007350.947238
 0A 02 00 00 00 00 00 01

000:STREAM                     1283007350.949265
 0A 02 00 00 00 00 00 40

000:STREAM                     1283007350.951263
 0A 02 00 00 00 00 00 7F

000:STREAM                     1283007350.953257
 0A 02 00 00 00 00 00 BE

000:STREAM                     1283007350.955263
 0A 02 00 00 00 00 00 FD

000:STREAM                     1283007350.957265
 0A 02 00 00 00 00 00 3C

000:STREAM                     1283007350.959242
 0A 02 00 00 00 00 00 7B

000:STREAM                     1283007350.961267
 0A 02 00 00 00 00 00 BA

000:STREAM                     1283007350.963269
 0A 02 00 00 00 00 00 F9

000:STREAM                     1283007350.965250
 0A 02 00 00 00 00 00 38

000:STREAM                     1283007350.967262
 0A 02 00 00 00 00 00 77

000:STREAM                     1283007350.969266
 0A 02 00 00 00 00 00 B6

000:STREAM                     1283007350.971242
 0A 02 00 00 00 00 00 F5

000:STREAM                     1283007350.973267
 0A 02 00 00 00 00 00 34

000:STREAM                     1283007350.975262
 0A 02 00 00 00 00 00 73

000:STREAM                     1283007350.977258
 0A 02 00 00 00 00 00 B2

000:STREAM                     1283007350.979263
 0A 02 00 00 00 00 00 F1

000:STREAM                     1283007350.981265
 0A 02 00 00 00 00 00 30

000:STREAM                     1283007350.983242
 0A 02 00 00 00 00 00 6F

000:STREAM                     1283007350.985264
 0A 02 00 00 00 00 00 AE

000:STREAM                     1283007350.987259
 0A 02 00 00 00 00 00 ED

000:STREAM                     1283007350.989255
 0A 02 00 00 00 00 00 2C

000:STREAM                     1283007350.991261
 0A 02 00 00 00 00 00 6B

000:STREAM                     1283007350.993269
 0A 02 00 00 00 00 00 AA

000:STREAM                     1283007350.995245
 0A 02 00 00 00 00 00 E9

000:STREAM                     1283007350.997269
 0A 02 00 00 00 00 00 28

000:STREAM                     1283007350.999269
 0A 02 00 00 00 00 00 67

000:STREAM                     1283007351.001250
 0A 02 00 00 00 00 00 A6

000:STREAM                     1283007351.003262
 0A 02 00 00 00 00 00 E5

000:STREAM                     1283007351.005269
 0A 02 00 00 00 00 00 24

000:STREAM                     1283007351.007243
 0A 02 00 00 00 00 00 63

000:STREAM                     1283007351.009265
 0A 02 00 00 00 00 00 A2

000:STREAM                     1283007351.011259
 0A 02 00 00 00 00 00 E1

000:STREAM                     1283007351.013259
 0A 02 00 00 00 00 00 20

000:STREAM                     1283007351.015259
 0A 02 00 00 00 00 00 5F

000:STREAM                     1283007351.017271
 0A 02 00 00 00 00 00 9E

000:STREAM                     1283007351.019243
 0A 02 00 00 00 00 00 DD

000:STREAM                     1283007351.021268
 0A 02 00 00 00 00 00 1C

000:STREAM                     1283007351.023268
 0A 02 00 00 00 00 00 5B

000:STREAM                     1283007351.025250
 0A 02 00 00 00 00 00 9A

000:STREAM                     1283007351.027261
 0A 02 00 00 00 00 00 D7

000:STREAM                     1283007351.263266
 0A 02 00 00 00 00 00 D8

000:STREAM                     1283007351.265240
 0A 02 00 00 00 00 00 01

000:STREAM                     1283007351.267264
 0A 02 00 00 00 00 00 40

000:STREAM                     1283007351.269258
 0A 02 00 00 00 00 00 7F

000:STREAM                     1283007351.271263
 0A 02 00 00 00 00 00 BE

000:STREAM                     1283007351.273267
 0A 02 00 00 00 00 00 FD

000:STREAM                     1283007351.275237
 0A 02 00 00 00 00 00 3C

000:STREAM                     1283007351.277263
 0A 02 00 00 00 00 00 7B

000:STREAM                     1283007351.279264
 0A 02 00 00 00 00 00 BA

000:STREAM                     1283007351.281247
 0A 02 00 00 00 00 00 F9

000:STREAM                     1283007351.283261
 0A 02 00 00 00 00 00 38

000:STREAM                     1283007351.285266
 0A 02 00 00 00 00 00 77

000:STREAM                     1283007351.287240
 0A 02 00 00 00 00 00 B6

000:STREAM                     1283007351.289266
 0A 02 00 00 00 00 00 F5

000:STREAM                     1283007351.291261
 0A 02 00 00 00 00 00 34

000:STREAM                     1283007351.293255
 0A 02 00 00 00 00 00 73

000:STREAM                     1283007351.295257
 0A 02 00 00 00 00 00 B2

000:STREAM                     1283007351.297268
 0A 02 00 00 00 00 00 F1

000:STREAM                     1283007351.299236
 0A 02 00 00 00 00 00 30

000:STREAM                     1283007351.301266
 0A 02 00 00 00 00 00 6F

000:STREAM                     1283007351.303257
 0A 02 00 00 00 00 00 AE

000:STREAM                     1283007351.305252
 0A 02 00 00 00 00 00 ED

000:STREAM                     1283007351.307258
 0A 02 00 00 00 00 00 2C

000:STREAM                     1283007351.309265
 0A 02 00 00 00 00 00 6B

000:STREAM                     1283007351.311242
 0A 02 00 00 00 00 00 AA

000:STREAM                     1283007351.313262
 0A 02 00 00 00 00 00 E9

000:STREAM                     1283007351.315260
 0A 02 00 00 00 00 00 28

000:STREAM                     1283007351.317252
 0A 02 00 00 00 00 00 67

000:STREAM                     1283007351.319260
 0A 02 00 00 00 00 00 A6

000:STREAM                     1283007351.321264
 0A 02 00 00 00 00 00 E5

000:STREAM                     1283007351.323242
 0A 02 00 00 00 00 00 24

000:STREAM                     1283007351.325264
 0A 02 00 00 00 00 00 63

000:STREAM                     1283007351.327259
 0A 02 00 00 00 00 00 A2

000:STREAM                     1283007351.329266
 0A 02 00 00 00 00 00 E1

000:STREAM                     1283007351.331261
 0A 02 00 00 00 00 00 20

000:STREAM                     1283007351.333266
 0A 02 00 00 00 00 00 5F

000:STREAM                     1283007351.335241
 0A 02 00 00 00 00 00 9E

000:STREAM                     1283007351.337261
 0A 02 00 00 00 00 00 DD

000:STREAM                     1283007351.339269
 0A 02 00 00 00 00 00 1C

000:STREAM                     1283007351.341256
 0A 02 00 00 00 00 00 5B

000:STREAM                     1283007351.343260
 0A 02 00 00 00 00 00 9A

000:STREAM                     1283007351.345268
 0A 02 00 00 00 00 00 D9

000:STREAM                     1283007351.347243
 0A 02 00 00 00 00 00 18

000:STREAM                     1283007351.349263
 0A 02 00 00 00 00 00 57

000:STREAM                     1283007351.351258
 0A 02 00 00 00 00 00 96

000:STREAM                     1283007351.353255
 0A 02 00 00 00 00 00 D5

000:STREAM                     1283007351.355262
 0A 02 00 00 00 00 00 14

000:STREAM                     1283007351.357266
 0A 02 00 00 00 00 00 53

000:STREAM                     1283007351.359234
 0A 02 00 00 00 00 00 92

000:STREAM                     1283007351.361264
 0A 02 00 00 00 00 00 D1

000:STREAM                     1283007351.363257
 0A 02 00 00 00 00 00 10

000:STREAM                     1283007351.365245
 0A 02 00 00 00 00 00 4F

000:STREAM                     1283007351.367260
 0A 02 00 00 00 00 00 8E

000:STREAM                     1283007351.369265
 0A 02 00 00 00 00 00 CD

000:STREAM                     1283007351.371241
 0A 02 00 00 00 00 00 0C

000:STREAM                     1283007351.373265
 0A 02 00 00 00 00 00 4B

000:STREAM                     1283007351.375259
 0A 02 00 00 00 00 00 8A

000:STREAM                     1283007351.377250
 0A 02 00 00 00 00 00 C9

000:STREAM                     1283007351.379259
 0A 02 00 00 00 00 00 08

000:STREAM                     1283007351.381266
 0A 02 00 00 00 00 00 47

000:STREAM                     1283007351.383241
 0A 02 00 00 00 00 00 86

000:STREAM                     1283007351.385263
 0A 02 00 00 00 00 00 C5

000:STREAM                     1283007351.387258
 0A 02 00 00 00 00 00 04

000:STREAM                     1283007351.389260
 0A 02 00 00 00 00 00 43

000:STREAM                     1283007351.391260
 0A 02 00 00 00 00 00 82

000:STREAM                     1283007351.393264
 0A 02 00 00 00 00 00 C1

000:STREAM                     1283007351.395241
 0A 02 00 00 00 00 00 00

000:STREAM                     1283007351.397265
 0A 02 00 00 00 00 00 3F

000:STREAM                     1283007351.399261
 0A 02 00 00 00 00 00 7E

000:STREAM                     1283007351.401253
 0A 02 00 00 00 00 00 BD

000:STREAM                     1283007351.403257
 0A 02 00 00 00 00 00 FC

000:STREAM                     1283007351.404789
 0A 02 00 00 00 00 00 3B

000:STREAM                     1283007351.407250
 0A 02 00 00 00 00 00 7A

000:STREAM                     1283007351.409264
 0A 02 00 00 00 00 00 B9

000:STREAM                     1283007351.411252
 0A 02 00 00 00 00 00 F8

000:STREAM                     1283007351.413245
 0A 02 00 00 00 00 00 37

000:STREAM                     1283007351.415260
 0A 02 00 00 00 00 00 76

000:STREAM                     1283007351.417262
 0A 02 00 00 00 00 00 B5

000:STREAM                     1283007351.419252
 0A 02 00 00 00 00 00 F4

000:STREAM                     1283007351.421263
 0A 02 00 00 00 00 00 33

000:STREAM                     1283007351.423250
 0A 02 00 00 00 00 00 72

000:STREAM                     1283007351.425246
 0A 02 00 00 00 00 00 B1

000:STREAM                     1283007351.427262
 0A 02 00 00 00 00 00 F0

000:STREAM                     1283007351.429254
 0A 02 00 00 00 00 00 2F

000:STREAM                     1283007351.431249
 0A 02 00 00 00 00 00 6E

000:STREAM                     1283007351.433266
 0A 02 00 00 00 00 00 AD

000:STREAM                     1283007351.435248
 0A 02 00 00 00 00 00 EC

000:STREAM                     1283007351.437257
 0A 02 00 00 00 00 00 2B

000:STREAM                     1283007351.439267
 0A 02 00 00 00 00 00 6A

000:STREAM                     1283007351.441253
 0A 02 00 00 00 00 00 A9

000:STREAM                     1283007351.443260
 0A 02 00 00 00 00 00 E8

000:STREAM                     1283007351.445266
 0A 02 00 00 00 00 00 27

000:STREAM                     1283007351.447242
 0A 02 00 00 00 00 00 66

000:STREAM                     1283007351.449264
 0A 02 00 00 00 00 00 6D

000:STREAM                     1283007351.675266
 0A 02 00 00 00 00 00 6E

000:STREAM                     1283007351.677238
 0A 02 00 00 00 00 00 8C

000:STREAM                     1283007351.679263
 0A 02 00 00 00 00 00 CB

000:STREAM                     1283007351.681257
 0A 02 00 00 00 00 00 0A

000:STREAM                     1283007351.683264
 0A 02 00 00 00 00 00 49

000:STREAM                     1283007351.685267
 0A 02 00 00 00 00 00 88

000:STREAM                     1283007351.687240
 0A 02 00 00 00 00 00 C7

000:STREAM                     1283007351.689261
 0A 02 00 00 00 00 00 06

000:STREAM                     1283007351.691264
 0A 02 00 00 00 00 00 45

000:STREAM                     1283007351.693252
 0A 02 00 00 00 00 00 84

000:STREAM                     1283007351.695258
 0A 02 00 00 00 00 00 C3

000:STREAM                     1283007351.697264
 0A 02 00 00 00 00 00 02

000:STREAM                     1283007351.699233
 0A 02 00 00 00 00 00 41

000:STREAM                     1283007351.701265
 0A 02 00 00 00 00 00 80

000:STREAM                     1283007351.703266
 0A 02 00 00 00 00 00 BF

000:STREAM                     1283007351.705248
 0A 02 00 00 00 00 00 FE

000:STREAM                     1283007351.707258
 0A 02 00 00 00 00 00 3D

000:STREAM                     1283007351.709264
 0A 02 00 00 00 00 00 7C

000:STREAM                     1283007351.711239
 0A 02 00 00 00 00 00 BB

000:STREAM                     1283007351.713261
 0A 02 00 00 00 00 00 FA

000:STREAM                     1283007351.715258
 0A 02 00 00 00 00 00 39

000:STREAM                     1283007351.717246
 0A 02 00 00 00 00 00 78

000:STREAM                     1283007351.719258
 0A 02 00 00 00 00 00 B7

000:STREAM                     1283007351.721264
 0A 02 00 00 00 00 00 F6

000:STREAM                     1283007351.723231
 0A 02 00 00 00 00 00 35

000:STREAM                     1283007351.725264
 0A 02 00 00 00 00 00 74

000:STREAM                     1283007351.727267
 0A 02 00 00 00 00 00 B3

000:STREAM                     1283007351.729248
 0A 02 00 00 00 00 00 F2

000:STREAM                     1283007351.731256
 0A 02 00 00 00 00 00 31

000:STREAM                     1283007351.733264
 0A 02 00 00 00 00 00 70

000:STREAM                     1283007351.735238
 0A 02 00 00 00 00 00 AF

000:STREAM                     1283007351.737261
 0A 02 00 00 00 00 00 EE

000:STREAM                     1283007351.739254
 0A 02 00 00 00 00 00 2D

000:STREAM                     1283007351.741255
 0A 02 00 00 00 00 00 6C

000:STREAM                     1283007351.743260
 0A 02 00 00 00 00 00 AB

000:STREAM                     1283007351.745266
 0A 02 00 00 00 00 00 EA

000:STREAM                     1283007351.747239
 0A 02 00 00 00 00 00 29

000:STREAM                     1283007351.749263
 0A 02 00 00 00 00 00 68

000:STREAM                     1283007351.751257
 0A 02 00 00 00 00 00 A7

000:STREAM                     1283007351.753253
 0A 02 00 00 00 00 00 E6

000:STREAM                     1283007351.754282
 0A 02 00 00 00 00 00 25

000:STREAM                     1283007351.757266
 0A 02 00 00 00 00 00 64

000:STREAM                     1283007351.759238
 0A 02 00 00 00 00 00 A3

000:STREAM                     1283007351.761256
 0A 02 00 00 00 00 00 E2

000:STREAM                     1283007351.763263
 0A 02 00 00 00 00 00 21

000:STREAM                     1283007351.765241
 0A 02 00 00 00 00 00 60

000:STREAM                     1283007351.767270
 0A 02 00 00 00 00 00 9F

000:STREAM                     1283007351.769266
 0A 02 00 00 00 00 00 DE

000:STREAM                     1283007351.771234
 0A 02 00 00 00 00 00 1D

000:STREAM                     1283007351.773257
 0A 02 00 00 00 00 00 5C

000:STREAM                     1283007351.775264
 0A 02 00 00 00 00 00 9B

000:STREAM                     1283007351.777249
 0A 02 00 00 00 00 00 DA

000:STREAM                     1283007351.779271
 0A 02 00 00 00 00 00 19

000:STREAM                     1283007351.781264
 0A 02 00 00 00 00 00 58

000:STREAM                     1283007351.783239
 0A 02 00 00 00 00 00 97

000:STREAM                     1283007351.785256
 0A 02 00 00 00 00 00 D6

000:STREAM                     1283007351.787267
 0A 02 00 00 00 00 00 15

000:STREAM                     1283007351.789250
 0A 02 00 00 00 00 00 54

000:STREAM                     1283007351.791266
 0A 02 00 00 00 00 00 93

000:STREAM                     1283007351.793263
 0A 02 00 00 00 00 00 D2

000:STREAM                     1283007351.795237
 0A 02 00 00 00 00 00 11

000:STREAM                     1283007351.797258
 0A 02 00 00 00 00 00 50

000:STREAM                     1283007351.799264
 0A 02 00 00 00 00 00 8F

000:STREAM                     1283007351.801251
 0A 02 00 00 00 00 00 CE

000:STREAM                     1283007351.803270
 0A 02 00 00 00 00 00 0D

000:STREAM                     1283007351.805266
 0A 02 00 00 00 00 00 4C

000:STREAM                     1283007351.807237
 0A 02 00 00 00 00 00 8B

000:STREAM                     1283007351.809260
 0A 02 00 00 00 00 00 CA

000:STREAM                     1283007351.811270
 0A 02 00 00 00 00 00 09

000:STREAM                     1283007351.813252
 0A 02 00 00 00 00 00 48

000:STREAM                     1283007351.815263
 0A 02 00 00 00 00 00 88

000:STREAM                     1283007351.817267
 0A 02 00 00 00 00 00 C7

000:STREAM                     1283007351.819237
 0A 02 00 00 00 00 00 06

000:STREAM                     1283007351.821258
 0A 02 00 00 00 00 00 45

000:STREAM                     1283007351.823277
 0A 02 00 00 00 00 00 84

000:STREAM                     1283007351.825256
 0A 02 00 00 00 00 00 C3

000:STREAM                     1283007351.827266
 0A 02 00 00 00 00 00 02

000:STREAM                     1283007351.829253
 0A 02 00 00 00 00 00 41

000:STREAM                     1283007351.831244
 0A 02 00 00 00 00 00 80

000:STREAM                     1283007351.833259
 0A 02 00 00 00 00 00 BF

000:STREAM                     1283007351.835250
 0A 02 00 00 00 00 00 FE

000:STREAM                     1283007351.837260
 0A 02 00 00 00 00 00 3D

000:STREAM                     1283007351.839264
 0A 02 00 00 00 00 00 7C

000:STREAM                     1283007351.841240
 0A 02 00 00 00 00 00 BB

000:STREAM                     1283007351.843266
 0A 02 00 00 00 00 00 FA

000:STREAM                     1283007351.845262
 0A 02 00 00 00 00 00 28

000:STREAM                     1283007352.103268
 0A 02 00 00 00 00 00 29

000:STREAM                     1283007352.105236
 0A 02 00 00 00 00 00 50

000:STREAM                     1283007352.107263
 0A 02 00 00 00 00 00 8F

000:STREAM                     1283007352.109254
 0A 02 00 00 00 00 00 CE

000:STREAM                     1283007352.111261
 0A 02 00 00 00 00 00 0D

000:STREAM                     1283007352.113267
 0A 02 00 00 00 00 00 4C

000:STREAM                     1283007352.115398
 0A 02 00 00 00 00 00 8B

000:STREAM                     1283007352.117258
 0A 02 00 00 00 00 00 CA

000:STREAM                     1283007352.119265
 0A 02 00 00 00 00 00 09

000:STREAM                     1283007352.121247
 0A 02 00 00 00 00 00 48

000:STREAM                     1283007352.123258
 0A 02 00 00 00 00 00 87

000:STREAM                     1283007352.125262
 0A 02 00 00 00 00 00 C6

000:STREAM                     1283007352.127238
 0A 02 00 00 00 00 00 05

000:STREAM                     1283007352.129263
 0A 02 00 00 00 00 00 44

000:STREAM                     1283007352.131257
 0A 02 00 00 00 00 00 83

000:STREAM                     1283007352.133244
 0A 02 00 00 00 00 00 C2

000:STREAM                     1283007352.135261
 0A 02 00 00 00 00 00 01

000:STREAM                     1283007352.137260
 0A 02 00 00 00 00 00 40

000:STREAM                     1283007352.139245
 0A 02 00 00 00 00 00 7F

000:STREAM                     1283007352.141264
 0A 02 00 00 00 00 00 BE

000:STREAM                     1283007352.143240
 0A 02 00 00 00 00 00 FD

000:STREAM                     1283007352.144769
 0A 02 00 00 00 00 00 3C

000:STREAM                     1283007352.147262
 0A 02 00 00 00 00 00 7B

000:STREAM                     1283007352.149252
 0A 02 00 00 00 00 00 BA

000:STREAM                     1283007352.151255
 0A 02 00 00 00 00 00 F9

000:STREAM                     1283007352.153263
 0A 02 00 00 00 00 00 38

000:STREAM                     1283007352.155235
 0A 02 00 00 00 00 00 77

000:STREAM                     1283007352.157260
 0A 02 00 00 00 00 00 B6

000:STREAM                     1283007352.159266
 0A 02 00 00 00 00 00 F5

000:STREAM                     1283007352.161247
 0A 02 00 00 00 00 00 34

000:STREAM                     1283007352.163257
 0A 02 00 00 00 00 00 73

000:STREAM                     1283007352.165262
 0A 02 00 00 00 00 00 B2

000:STREAM                     1283007352.167230
 0A 02 00 00 00 00 00 F1

000:STREAM                     1283007352.169262
 0A 02 00 00 00 00 00 30

000:STREAM                     1283007352.171256
 0A 02 00 00 00 00 00 6F

000:STREAM                     1283007352.173259
 0A 02 00 00 00 00 00 AE

000:STREAM                     1283007352.175257
 0A 02 00 00 00 00 00 ED

000:STREAM                     1283007352.177263
 0A 02 00 00 00 00 00 2C

000:STREAM                     1283007352.179238
 0A 02 00 00 00 00 00 6B

000:STREAM                     1283007352.181259
 0A 02 00 00 00 00 00 AA

000:STREAM                     1283007352.183266
 0A 02 00 00 00 00 00 E9

000:STREAM                     1283007352.185250
 0A 02 00 00 00 00 00 28

000:STREAM                     1283007352.187258
 0A 02 00 00 00 00 00 67

000:STREAM                     1283007352.189265
 0A 02 00 00 00 00 00 A6

000:STREAM                     1283007352.191235
 0A 02 00 00 00 00 00 E5

000:STREAM                     1283007352.193262
 0A 02 00 00 00 00 00 24

000:STREAM                     1283007352.195263
 0A 02 00 00 00 00 00 63

000:STREAM                     1283007352.197249
 0A 02 00 00 00 00 00 A2

000:STREAM                     1283007352.199254
 0A 02 00 00 00 00 00 E1

000:STREAM                     1283007352.201259
 0A 02 00 00 00 00 00 20

000:STREAM                     1283007352.203240
 0A 02 00 00 00 00 00 5F

000:STREAM                     1283007352.205260
 0A 02 00 00 00 00 00 9E

000:STREAM                     1283007352.207261
 0A 02 00 00 00 00 00 DD

000:STREAM                     1283007352.209248
 0A 02 00 00 00 00 00 1C

000:STREAM                     1283007352.211259
 0A 02 00 00 00 00 00 5B

000:STREAM                     1283007352.213261
 0A 02 00 00 00 00 00 9A

000:STREAM                     1283007352.215237
 0A 02 00 00 00 00 00 D9

000:STREAM                     1283007352.217264
 0A 02 00 00 00 00 00 18

000:STREAM                     1283007352.219263
 0A 02 00 00 00 00 00 57

000:STREAM                     1283007352.221250
 0A 02 00 00 00 00 00 96

000:STREAM                     1283007352.223254
 0A 02 00 00 00 00 00 D5

000:STREAM                     1283007352.225258
 0A 02 00 00 00 00 00 14

000:STREAM                     1283007352.227246
 0A 02 00 00 00 00 00 53

000:STREAM                     1283007352.229266
 0A 02 00 00 00 00 00 92

000:STREAM                     1283007352.231260
 0A 02 00 00 00 00 00 D1

000:STREAM                     1283007352.233251
 0A 02 00 00 00 00 00 10

000:STREAM                     1283007352.235259
 0A 02 00 00 00 00 00 4F

000:STREAM                     1283007352.237252
 0A 02 00 00 00 00 00 8E

000:STREAM                     1283007352.239256
 0A 02 00 00 00 00 00 CD

000:STREAM                     1283007352.241260
 0A 02 00 00 00 00 00 0C

000:STREAM                     1283007352.243264
 0A 02 00 00 00 00 00 4B

000:STREAM                     1283007352.245247
 0A 02 00 00 00 00 00 8A

000:STREAM                     1283007352.247258
 0A 02 00 00 00 00 00 C9

000:STREAM                     1283007352.249262
 0A 02 00 00 00 00 00 08

000:STREAM                     1283007352.251235
 0A 02 00 00 00 00 00 47

000:STREAM                     1283007352.253259
 0A 02 00 00 00 00 00 86

000:STREAM                     1283007352.255260
 0A 02 00 00 00 00 00 C5

000:STREAM                     1283007352.257249
 0A 02 00 00 00 00 00 04

000:STREAM                     1283007352.259255
 0A 02 00 00 00 00 00 43

000:STREAM                     1283007352.261262
 0A 02 00 00 00 00 00 82

000:STREAM                     1283007352.263227
 0A 02 00 00 00 00 00 8F

000:STREAM                     1283007352.493261
 0A 02 00 00 00 00 00 90

000:STREAM                     1283007352.495243
 0A 02 00 00 00 00 00 B1

000:STREAM                     1283007352.497232
 0A 02 00 00 00 00 00 F0

000:STREAM                     1283007352.499264
 0A 02 00 00 00 00 00 2F

000:STREAM                     1283007352.501247
 0A 02 00 00 00 00 00 6E

000:STREAM                     1283007352.503257
 0A 02 00 00 00 00 00 AD

000:STREAM                     1283007352.505235
 0A 02 00 00 00 00 00 EC

000:STREAM                     1283007352.507263
 0A 02 00 00 00 00 00 2B

000:STREAM                     1283007352.509241
 0A 02 00 00 00 00 00 6A

000:STREAM                     1283007352.511259
 0A 02 00 00 00 00 00 A9

000:STREAM                     1283007352.513250
 0A 02 00 00 00 00 00 E8

000:STREAM                     1283007352.515231
 0A 02 00 00 00 00 00 27

000:STREAM                     1283007352.517236
 0A 02 00 00 00 00 00 66

000:STREAM                     1283007352.519260
 0A 02 00 00 00 00 00 A5

000:STREAM                     1283007352.521249
 0A 02 00 00 00 00 00 E4

000:STREAM                     1283007352.523256
 0A 02 00 00 00 00 00 23

000:STREAM                     1283007352.525260
 0A 02 00 00 00 00 00 62

000:STREAM                     1283007352.527227
 0A 02 00 00 00 00 00 A1

000:STREAM                     1283007352.529283
 0A 02 00 00 00 00 00 E0

000:STREAM                     1283007352.531264
 0A 02 00 00 00 00 00 1F

000:STREAM                     1283007352.533247
 0A 02 00 00 00 00 00 5E

000:STREAM                     1283007352.535258
 0A 02 00 00 00 00 00 9D

000:STREAM                     1283007352.537240
 0A 02 00 00 00 00 00 DC

000:STREAM                     1283007352.539238
 0A 02 00 00 00 00 00 1B

000:STREAM                     1283007352.541234
 0A 02 00 00 00 00 00 5A

000:STREAM                     1283007352.543261
 0A 02 00 00 00 00 00 99

000:STREAM                     1283007352.545253
 0A 02 00 00 00 00 00 D8

000:STREAM                     1283007352.547255
 0A 02 00 00 00 00 00 17

000:STREAM                     1283007352.549231
 0A 02 00 00 00 00 00 56

000:STREAM                     1283007352.551260
 0A 02 00 00 00 00 00 95

000:STREAM                     1283007352.553253
 0A 02 00 00 00 00 00 D4

000:STREAM                     1283007352.555259
 0A 02 00 00 00 00 00 13

000:STREAM                     1283007352.557230
 0A 02 00 00 00 00 00 52

000:STREAM                     1283007352.559270
 0A 02 00 00 00 00 00 91

000:STREAM                     1283007352.561257
 0A 02 00 00 00 00 00 D0

000:STREAM                     1283007352.563240
 0A 02 00 00 00 00 00 0F

000:STREAM                     1283007352.565248
 0A 02 00 00 00 00 00 4E

000:STREAM                     1283007352.567260
 0A 02 00 00 00 00 00 8D

000:STREAM                     1283007352.569248
 0A 02 00 00 00 00 00 CC

000:STREAM                     1283007352.571262
 0A 02 00 00 00 00 00 0B

000:STREAM                     1283007352.573256
 0A 02 00 00 00 00 00 4A

000:STREAM                     1283007352.575238
 0A 02 00 00 00 00 00 89

000:STREAM                     1283007352.577261
 0A 02 00 00 00 00 00 C8

000:STREAM                     1283007352.579264
 0A 02 00 00 00 00 00 07

000:STREAM                     1283007352.581248
 0A 02 00 00 00 00 00 46

000:STREAM                     1283007352.583263
 0A 02 00 00 00 00 00 85

000:STREAM                     1283007352.585259
 0A 02 00 00 00 00 00 C4

000:STREAM                     1283007352.587238
 0A 02 00 00 00 00 00 03

000:STREAM                     1283007352.589262
 0A 02 00 00 00 00 00 42

000:STREAM                     1283007352.591258
 0A 02 00 00 00 00 00 81

000:STREAM                     1283007352.593246
 0A 02 00 00 00 00 00 C0

000:STREAM                     1283007352.595264
 0A 02 00 00 00 00 00 FF

000:STREAM                     1283007352.597259
 0A 02 00 00 00 00 00 3E

000:STREAM                     1283007352.599232
 0A 02 00 00 00 00 00 7D

000:STREAM                     1283007352.601261
 0A 02 00 00 00 00 00 BC

000:STREAM                     1283007352.603259
 0A 02 00 00 00 00 00 FB

000:STREAM                     1283007352.605250
 0A 02 00 00 00 00 00 3A

000:STREAM                     1283007352.607259
 0A 02 00 00 00 00 00 79

000:STREAM                     1283007352.609261
 0A 02 00 00 00 00 00 B8

000:STREAM                     1283007352.611236
 0A 02 00 00 00 00 00 F7

000:STREAM                     1283007352.613260
 0A 02 00 00 00 00 00 36

000:STREAM                     1283007352.615261
 0A 02 00 00 00 00 00 75

000:STREAM                     1283007352.617247
 0A 02 00 00 00 00 00 B4

000:STREAM                     1283007352.619262
 0A 02 00 00 00 00 00 F3

000:STREAM                     1283007352.621259
 0A 02 00 00 00 00 00 32

000:STREAM                     1283007352.623236
 0A 02 00 00 00 00 00 71

000:STREAM                     1283007352.625260
 0A 02 00 00 00 00 00 B0

000:STREAM                     1283007352.627259
 0A 02 00 00 00 00 00 EF

000:STREAM                     1283007352.629244
 0A 02 00 00 00 00 00 2E

000:STREAM                     1283007352.631260
 0A 02 00 00 00 00 00 6D

000:STREAM                     1283007352.633262
 0A 02 00 00 00 00 00 AC

000:STREAM                     1283007352.635234
 0A 02 00 00 00 00 00 EB

000:STREAM                     1283007352.637260
 0A 02 00 00 00 00 00 2A

000:STREAM                     1283007352.639260
 0A 02 00 00 00 00 00 69

000:STREAM                     1283007352.640781
 0A 02 00 00 00 00 00 A8

000:STREAM                     1283007352.643255
 0A 02 00 00 00 00 00 E7

000:STREAM                     1283007352.645260
 0A 02 00 00 00 00 00 26

000:STREAM                     1283007352.647234
 0A 02 00 00 00 00 00 65

000:STREAM                     1283007352.649259
 0A 02 00 00 00 00 00 A4

000:STREAM                     1283007352.651259
 0A 02 00 00 00 00 00 E3

000:STREAM                     1283007352.653249
 0A 02 00 00 00 00 00 22

000:STREAM                     1283007352.655255
 0A 02 00 00 00 00 00 61

000:STREAM                     1283007352.657258
 0A 02 00 00 00 00 00 A0

000:STREAM                     1283007352.659235
 0A 02 00 00 00 00 00 DF

000:STREAM                     1283007352.661263
 0A 02 00 00 00 00 00 1E

000:STREAM                     1283007352.663258
 0A 02 00 00 00 00 00 5D

000:STREAM                     1283007352.665252
 0A 02 00 00 00 00 00 9C

000:STREAM                     1283007352.667256
 0A 02 00 00 00 00 00 DB

000:STREAM                     1283007352.669260
 0A 02 00 00 00 00 00 1A

000:STREAM                     1283007352.671233
 0A 02 00 00 00 00 00 59

000:STREAM                     1283007352.673263
 0A 02 00 00 00 00 00 92

000:STREAM                     1283007352.881261
 0A 02 00 00 00 00 00 93

000:STREAM                     1283007352.883231
 0A 02 00 00 00 00 00 99

000:STREAM                     1283007352.885230
 0A 02 00 00 00 00 00 D8

000:STREAM                     1283007352.887262
 0A 02 00 00 00 00 00 17

000:STREAM                     1283007352.889250
 0A 02 00 00 00 00 00 56

000:STREAM                     1283007352.890754
 0A 02 00 00 00 00 00 95

000:STREAM                     1283007352.893244
 0A 02 00 00 00 00 00 D4

000:STREAM                     1283007352.895261
 0A 02 00 00 00 00 00 13

000:STREAM                     1283007352.897244
 0A 02 00 00 00 00 00 52

000:STREAM                     1283007352.899261
 0A 02 00 00 00 00 00 91

000:STREAM                     1283007352.901254
 0A 02 00 00 00 00 00 D0

000:STREAM                     1283007352.903239
 0A 02 00 00 00 00 00 0F

000:STREAM                     1283007352.905250
 0A 02 00 00 00 00 00 4E

000:STREAM                     1283007352.907258
 0A 02 00 00 00 00 00 8D

000:STREAM                     1283007352.909243
 0A 02 00 00 00 00 00 CC

000:STREAM                     1283007352.911263
 0A 02 00 00 00 00 00 0C

000:STREAM                     1283007352.913257
 0A 02 00 00 00 00 00 4B

000:STREAM                     1283007352.915234
 0A 02 00 00 00 00 00 8A

000:STREAM                     1283007352.917260
 0A 02 00 00 00 00 00 C9

000:STREAM                     1283007352.919259
 0A 02 00 00 00 00 00 08

000:STREAM                     1283007352.921242
 0A 02 00 00 00 00 00 47

000:STREAM                     1283007352.923261
 0A 02 00 00 00 00 00 86

000:STREAM                     1283007352.925255
 0A 02 00 00 00 00 00 C5

000:STREAM                     1283007352.927236
 0A 02 00 00 00 00 00 04

000:STREAM                     1283007352.929261
 0A 02 00 00 00 00 00 43

000:STREAM                     1283007352.931261
 0A 02 00 00 00 00 00 82

000:STREAM                     1283007352.933239
 0A 02 00 00 00 00 00 C1

000:STREAM                     1283007352.935262
 0A 02 00 00 00 00 00 00

000:STREAM                     1283007352.937258
 0A 02 00 00 00 00 00 3F

000:STREAM                     1283007352.939226
 0A 02 00 00 00 00 00 7E

000:STREAM                     1283007352.941248
 0A 02 00 00 00 00 00 BD

000:STREAM                     1283007352.943256
 0A 02 00 00 00 00 00 FC

000:STREAM                     1283007352.945240
 0A 02 00 00 00 00 00 3B

000:STREAM                     1283007352.947267
 0A 02 00 00 00 00 00 7A

000:STREAM                     1283007352.949262
 0A 02 00 00 00 00 00 B9

000:STREAM                     1283007352.951232
 0A 02 00 00 00 00 00 F8

000:STREAM                     1283007352.953249
 0A 02 00 00 00 00 00 37

000:STREAM                     1283007352.955285
 0A 02 00 00 00 00 00 76

000:STREAM                     1283007352.957256
 0A 02 00 00 00 00 00 B5

000:STREAM                     1283007352.959260
 0A 02 00 00 00 00 00 F4

000:STREAM                     1283007352.961250
 0A 02 00 00 00 00 00 33

000:STREAM                     1283007352.963237
 0A 02 00 00 00 00 00 72

000:STREAM                     1283007352.965251
 0A 02 00 00 00 00 00 B1

000:STREAM                     1283007352.967241
 0A 02 00 00 00 00 00 F0

000:STREAM                     1283007352.969258
 0A 02 00 00 00 00 00 2F

000:STREAM                     1283007352.971259
 0A 02 00 00 00 00 00 6E

000:STREAM                     1283007352.973235
 0A 02 00 00 00 00 00 AD

000:STREAM                     1283007352.975263
 0A 02 00 00 00 00 00 EC

000:STREAM                     1283007352.977260
 0A 02 00 00 00 00 00 2B

000:STREAM                     1283007352.979234
 0A 02 00 00 00 00 00 6A

000:STREAM                     1283007352.981247
 0A 02 00 00 00 00 00 A9

000:STREAM                     1283007352.983260
 0A 02 00 00 00 00 00 E8

000:STREAM                     1283007352.985243
 0A 02 00 00 00 00 00 27

000:STREAM                     1283007352.987263
 0A 02 00 00 00 00 00 66

000:STREAM                     1283007352.989263
 0A 02 00 00 00 00 00 A5

000:STREAM                     1283007352.991234
 0A 02 00 00 00 00 00 E4

000:STREAM                     1283007352.993255
 0A 02 00 00 00 00 00 23

000:STREAM                     1283007352.995264
 0A 02 00 00 00 00 00 62

000:STREAM                     1283007352.997257
 0A 02 00 00 00 00 00 A1

000:STREAM                     1283007352.999259
 0A 02 00 00 00 00 00 E0

000:STREAM                     1283007353.001229
 0A 02 00 00 00 00 00 1F

000:STREAM                     1283007353.003256
 0A 02 00 00 00 00 00 5E

000:STREAM                     1283007353.005255
 0A 02 00 00 00 00 00 9D

000:STREAM                     1283007353.007232
 0A 02 00 00 00 00 00 DC

000:STREAM                     1283007353.009249
 0A 02 00 00 00 00 00 1B

000:STREAM                     1283007353.011259
 0A 02 00 00 00 00 00 5A

000:STREAM                     1283007353.013237
 0A 02 00 00 00 00 00 99

000:STREAM                     1283007353.015262
 0A 02 00 00 00 00 00 D8

000:STREAM                     1283007353.017257
 0A 02 00 00 00 00 00 17

000:STREAM                     1283007353.019227
 0A 02 00 00 00 00 00 56

000:STREAM                     1283007353.021252
 0A 02 00 00 00 00 00 95

000:STREAM                     1283007353.023259
 0A 02 00 00 00 00 00 D4

000:STREAM                     1283007353.025233
 0A 02 00 00 00 00 00 13

000:STREAM                     1283007353.027261
 0A 02 00 00 00 00 00 52

000:STREAM                     1283007353.029260
 0A 02 00 00 00 00 00 91

000:STREAM                     1283007353.031233
 0A 02 00 00 00 00 00 D0

000:STREAM                     1283007353.033249
 0A 02 00 00 00 00 00 0F

000:STREAM                     1283007353.035263
 0A 02 00 00 00 00 00 4E

000:STREAM                     1283007353.037236
 0A 02 00 00 00 00 00 8D

000:STREAM                     1283007353.039261
 0A 02 00 00 00 00 00 CC

000:STREAM                     1283007353.041256
 0A 02 00 00 00 00 00 0B

000:STREAM                     1283007353.043230
 0A 02 00 00 00 00 00 4A

000:STREAM                     1283007353.045253
 0A 02 00 00 00 00 00 89

000:STREAM                     1283007353.047258
 0A 02 00 00 00 00 00 C8

000:STREAM                     1283007353.049242
 0A 02 00 00 00 00 00 07

000:STREAM                     1283007353.051264
 0A 02 00 00 00 00 00 46

000:STREAM                     1283007353.053258
 0A 02 00 00 00 00 00 85

000:STREAM                     1283007353.055233
 0A 02 00 00 00 00 00 C4

000:STREAM                     1283007353.057249
 0A 02 00 00 00 00 00 03

000:STREAM                     1283007353.059255
 0A 02 00 00 00 00 00 42

000:STREAM                     1283007353.061241
 0A 02 00 00 00 00 00 81

000:STREAM                     1283007353.063262
 0A 02 00 00 00 00 00 C0

000:STREAM                     1283007353.065260
 0A 02 00 00 00 00 00 FF

000:STREAM                     1283007353.067234
 0A 02 00 00 00 00 00 2C

000:STREAM                     1283007353.257257
 0A 02 00 00 00 00 00 2D

000:STREAM                     1283007353.259230
 0A 02 00 00 00 00 00 57

000:STREAM                     1283007353.261228
 0A 02 00 00 00 00 00 96

000:STREAM                     1283007353.263226
 0A 02 00 00 00 00 00 D5

000:STREAM                     1283007353.265240
 0A 02 00 00 00 00 00 14

000:STREAM                     1283007353.267262
 0A 02 00 00 00 00 00 53

000:STREAM                     1283007353.269231
 0A 02 00 00 00 00 00 92

000:STREAM                     1283007353.271234
 0A 02 00 00 00 00 00 D1

000:STREAM                     1283007353.273245
 0A 02 00 00 00 00 00 10

000:STREAM                     1283007353.275256
 0A 02 00 00 00 00 00 4F

000:STREAM                     1283007353.277244
 0A 02 00 00 00 00 00 8E

000:STREAM                     1283007353.279261
 0A 02 00 00 00 00 00 CD

000:STREAM                     1283007353.281257
 0A 02 00 00 00 00 00 0C

000:STREAM                     1283007353.283232
 0A 02 00 00 00 00 00 4B

000:STREAM                     1283007353.285249
 0A 02 00 00 00 00 00 8A

000:STREAM                     1283007353.287261
 0A 02 00 00 00 00 00 C9

000:STREAM                     1283007353.289241
 0A 02 00 00 00 00 00 08

000:STREAM                     1283007353.291263
 0A 02 00 00 00 00 00 47

000:STREAM                     1283007353.293254
 0A 02 00 00 00 00 00 86

000:STREAM                     1283007353.295233
 0A 02 00 00 00 00 00 C5

000:STREAM                     1283007353.297250
 0A 02 00 00 00 00 00 04

000:STREAM                     1283007353.299272
 0A 02 00 00 00 00 00 43

000:STREAM                     1283007353.301233
 0A 02 00 00 00 00 00 82

000:STREAM                     1283007353.303261
 0A 02 00 00 00 00 00 C1

000:STREAM                     1283007353.305246
 0A 02 00 00 00 00 00 00

000:STREAM                     1283007353.307261
 0A 02 00 00 00 00 00 3F

000:STREAM                     1283007353.309250
 0A 02 00 00 00 00 00 7E

000:STREAM                     1283007353.311245
 0A 02 00 00 00 00 00 BD

000:STREAM                     1283007353.313252
 0A 02 00 00 00 00 00 FC

000:STREAM                     1283007353.315255
 0A 02 00 00 00 00 00 3B

000:STREAM                     1283007353.317246
 0A 02 00 00 00 00 00 7A

000:STREAM                     1283007353.319258
 0A 02 00 00 00 00 00 B9

000:STREAM                     1283007353.321234
 0A 02 00 00 00 00 00 F8

000:STREAM                     1283007353.323260
 0A 02 00 00 00 00 00 37

000:STREAM                     1283007353.325252
 0A 02 00 00 00 00 00 76

000:STREAM                     1283007353.327226
 0A 02 00 00 00 00 00 B5

000:STREAM                     1283007353.329249
 0A 02 00 00 00 00 00 F4

000:STREAM                     1283007353.331259
 0A 02 00 00 00 00 00 33

000:STREAM                     1283007353.333243
 0A 02 00 00 00 00 00 72

000:STREAM                     1283007353.335259
 0A 02 00 00 00 00 00 B1

000:STREAM                     1283007353.337258
 0A 02 00 00 00 00 00 F0

000:STREAM                     1283007353.339232
 0A 02 00 00 00 00 00 2F

000:STREAM                     1283007353.341256
 0A 02 00 00 00 00 00 6E

000:STREAM                     1283007353.343257
 0A 02 00 00 00 00 00 AD

000:STREAM                     1283007353.345244
 0A 02 00 00 00 00 00 EC

000:STREAM                     1283007353.347260
 0A 02 00 00 00 00 00 2B

000:STREAM                     1283007353.349255
 0A 02 00 00 00 00 00 6A

000:STREAM                     1283007353.351232
 0A 02 00 00 00 00 00 A9

000:STREAM                     1283007353.353258
 0A 02 00 00 00 00 00 E8

000:STREAM                     1283007353.355261
 0A 02 00 00 00 00 00 27

000:STREAM                     1283007353.357224
 0A 02 00 00 00 00 00 66

000:STREAM                     1283007353.359255
 0A 02 00 00 00 00 00 A5

000:STREAM                     1283007353.361258
 0A 02 00 00 00 00 00 E4

000:STREAM                     1283007353.363235
 0A 02 00 00 00 00 00 23

000:STREAM                     1283007353.365247
 0A 02 00 00 00 00 00 62

000:STREAM                     1283007353.367256
 0A 02 00 00 00 00 00 A1

000:STREAM                     1283007353.369239
 0A 02 00 00 00 00 00 E0

000:STREAM                     1283007353.371260
 0A 02 00 00 00 00 00 1F

000:STREAM                     1283007353.373273
 0A 02 00 00 00 00 00 5E

000:STREAM                     1283007353.375233
 0A 02 00 00 00 00 00 9D

000:STREAM                     1283007353.377251
 0A 02 00 00 00 00 00 DC

000:STREAM                     1283007353.379252
 0A 02 00 00 00 00 00 1B

000:STREAM                     1283007353.381255
 0A 02 00 00 00 00 00 5A

000:STREAM                     1283007353.383256
 0A 02 00 00 00 00 00 99

000:STREAM                     1283007353.384717
 0A 02 00 00 00 00 00 D8

000:STREAM                     1283007353.387245
 0A 02 00 00 00 00 00 17

000:STREAM                     1283007353.389255
 0A 02 00 00 00 00 00 56

000:STREAM                     1283007353.391246
 0A 02 00 00 00 00 00 95

000:STREAM                     1283007353.393254
 0A 02 00 00 00 00 00 D4

000:STREAM                     1283007353.395254
 0A 02 00 00 00 00 00 13

000:STREAM                     1283007353.397255
 0A 02 00 00 00 00 00 52

000:STREAM                     1283007353.399258
 0A 02 00 00 00 00 00 91

000:STREAM                     1283007353.401260
 0A 02 00 00 00 00 00 D0

000:STREAM                     1283007353.403237
 0A 02 00 00 00 00 00 0F

000:STREAM                     1283007353.405254
 0A 02 00 00 00 00 00 4E

000:STREAM                     1283007353.407235
 0A 02 00 00 00 00 00 8D

000:STREAM                     1283007353.409248
 0A 02 00 00 00 00 00 CC

000:STREAM                     1283007353.411256
 0A 02 00 00 00 00 00 0B

000:STREAM                     1283007353.413238
 0A 02 00 00 00 00 00 4A

000:STREAM                     1283007353.415253
 0A 02 00 00 00 00 00 89

000:STREAM                     1283007353.417255
 0A 02 00 00 00 00 00 C8

000:STREAM                     1283007353.419225
 0A 02 00 00 00 00 00 07

000:STREAM                     1283007353.421255
 0A 02 00 00 00 00 00 46

000:STREAM                     1283007353.423264
 0A 02 00 00 00 00 00 85

000:STREAM                     1283007353.425238
 0A 02 00 00 00 00 00 C4

000:STREAM                     1283007353.427252
 0A 02 00 00 00 00 00 03

000:STREAM                     1283007353.429254
 0A 02 00 00 00 00 00 42

000:STREAM                     1283007353.431231
 0A 02 00 00 00 00 00 81

000:STREAM                     1283007353.433254
 0A 02 00 00 00 00 00 C0

000:STREAM                     1283007353.435259
 0A 02 00 00 00 00 00 FF

000:STREAM                     1283007353.437240
 0A 02 00 00 00 00 00 3E

000:STREAM                     1283007353.438276
 0A 02 00 00 00 00 00 7D

000:STREAM                     1283007353.441258
 0A 02 00 00 00 00 00 BC

000:STREAM                     1283007353.443231
 0A 02 00 00 00 00 00 FB

000:STREAM                     1283007353.445250
 0A 02 00 00 00 00 00 3A

000:STREAM                     1283007353.447258
 0A 02 00 00 00 00 00 79

000:STREAM                     1283007353.449235
 0A 02 00 00 00 00 00 B8

000:STREAM                     1283007353.451262
 0A 02 00 00 00 00 00 F7

000:STREAM                     1283007353.453255
 0A 02 00 00 00 00 00 37

000:STREAM                     1283007353.455230
 0A 02 00 00 00 00 00 76

000:STREAM                     1283007353.457247
 0A 02 00 00 00 00 00 B5

000:STREAM                     1283007353.459256
 0A 02 00 00 00 00 00 F4

000:STREAM                     1283007353.461233
 0A 02 00 00 00 00 00 33

000:STREAM                     1283007353.463258
 0A 02 00 00 00 00 00 72

000:STREAM                     1283007353.465257
 0A 02 00 00 00 00 00 B1

000:STREAM                     1283007353.467227
 0A 02 00 00 00 00 00 F0

000:STREAM                     1283007353.469245
 0A 02 00 00 00 00 00 2F

000:STREAM                     1283007353.471257
 0A 02 00 00 00 00 00 6E

000:STREAM                     1283007353.473234
 0A 02 00 00 00 00 00 92

000:STREAM                     1283007353.677244
 0A 02 00 00 00 00 00 93

000:STREAM                     1283007353.679228
 0A 02 00 00 00 00 00 AC

000:STREAM                     1283007353.681225
 0A 02 00 00 00 00 00 EB

000:STREAM                     1283007353.683225
 0A 02 00 00 00 00 00 2A

000:STREAM                     1283007353.685234
 0A 02 00 00 00 00 00 69

000:STREAM                     1283007353.687262
 0A 02 00 00 00 00 00 A8

000:STREAM                     1283007353.689228
 0A 02 00 00 00 00 00 E7

000:STREAM                     1283007353.691233
 0A 02 00 00 00 00 00 26

000:STREAM                     1283007353.693244
 0A 02 00 00 00 00 00 65

000:STREAM                     1283007353.695259
 0A 02 00 00 00 00 00 A4

000:STREAM                     1283007353.697243
 0A 02 00 00 00 00 00 E3

000:STREAM                     1283007353.699256
 0A 02 00 00 00 00 00 22

000:STREAM                     1283007353.701263
 0A 02 00 00 00 00 00 61

000:STREAM                     1283007353.703230
 0A 02 00 00 00 00 00 A0

000:STREAM                     1283007353.705249
 0A 02 00 00 00 00 00 DF

000:STREAM                     1283007353.707262
 0A 02 00 00 00 00 00 1E

000:STREAM                     1283007353.709244
 0A 02 00 00 00 00 00 5D

000:STREAM                     1283007353.711254
 0A 02 00 00 00 00 00 9C

000:STREAM                     1283007353.713255
 0A 02 00 00 00 00 00 DB

000:STREAM                     1283007353.715235
 0A 02 00 00 00 00 00 1A

000:STREAM                     1283007353.717253
 0A 02 00 00 00 00 00 59

000:STREAM                     1283007353.719240
 0A 02 00 00 00 00 00 98

000:STREAM                     1283007353.721252
 0A 02 00 00 00 00 00 D7

000:STREAM                     1283007353.723259
 0A 02 00 00 00 00 00 16

000:STREAM                     1283007353.725234
 0A 02 00 00 00 00 00 55

000:STREAM                     1283007353.727260
 0A 02 00 00 00 00 00 94

000:STREAM                     1283007353.729258
 0A 02 00 00 00 00 00 D3

000:STREAM                     1283007353.731229
 0A 02 00 00 00 00 00 12

000:STREAM                     1283007353.733245
 0A 02 00 00 00 00 00 51

000:STREAM                     1283007353.735252
 0A 02 00 00 00 00 00 90

000:STREAM                     1283007353.737238
 0A 02 00 00 00 00 00 CF

000:STREAM                     1283007353.739263
 0A 02 00 00 00 00 00 0E

000:STREAM                     1283007353.741266
 0A 02 00 00 00 00 00 4D

000:STREAM                     1283007353.743233
 0A 02 00 00 00 00 00 8C

000:STREAM                     1283007353.745252
 0A 02 00 00 00 00 00 CB

000:STREAM                     1283007353.747261
 0A 02 00 00 00 00 00 0A

000:STREAM                     1283007353.749248
 0A 02 00 00 00 00 00 49

000:STREAM                     1283007353.751253
 0A 02 00 00 00 00 00 88

000:STREAM                     1283007353.753231
 0A 02 00 00 00 00 00 C7

000:STREAM                     1283007353.755252
 0A 02 00 00 00 00 00 06

000:STREAM                     1283007353.757252
 0A 02 00 00 00 00 00 45

000:STREAM                     1283007353.759230
 0A 02 00 00 00 00 00 84

000:STREAM                     1283007353.761245
 0A 02 00 00 00 00 00 C3

000:STREAM                     1283007353.763255
 0A 02 00 00 00 00 00 02

000:STREAM                     1283007353.765235
 0A 02 00 00 00 00 00 41

000:STREAM                     1283007353.767257
 0A 02 00 00 00 00 00 80

000:STREAM                     1283007353.769254
 0A 02 00 00 00 00 00 BF

000:STREAM                     1283007353.771230
 0A 02 00 00 00 00 00 FF

000:STREAM                     1283007353.773248
 0A 02 00 00 00 00 00 3E

000:STREAM                     1283007353.775255
 0A 02 00 00 00 00 00 7D

000:STREAM                     1283007353.777236
 0A 02 00 00 00 00 00 BC

000:STREAM                     1283007353.779256
 0A 02 00 00 00 00 00 FB

000:STREAM                     1283007353.781255
 0A 02 00 00 00 00 00 3A

000:STREAM                     1283007353.783229
 0A 02 00 00 00 00 00 79

000:STREAM                     1283007353.785251
 0A 02 00 00 00 00 00 B8

000:STREAM                     1283007353.787255
 0A 02 00 00 00 00 00 F7

000:STREAM                     1283007353.789235
 0A 02 00 00 00 00 00 36

000:STREAM                     1283007353.791259
 0A 02 00 00 00 00 00 75

000:STREAM                     1283007353.793254
 0A 02 00 00 00 00 00 B4

000:STREAM                     1283007353.795224
 0A 02 00 00 00 00 00 F3

000:STREAM                     1283007353.797247
 0A 02 00 00 00 00 00 32

000:STREAM                     1283007353.799262
 0A 02 00 00 00 00 00 71

000:STREAM                     1283007353.801233
 0A 02 00 00 00 00 00 B0

000:STREAM                     1283007353.803259
 0A 02 00 00 00 00 00 EF

000:STREAM                     1283007353.805253
 0A 02 00 00 00 00 00 2E

000:STREAM                     1283007353.807227
 0A 02 00 00 00 00 00 6D

000:STREAM                     1283007353.809245
 0A 02 00 00 00 00 00 AC

000:STREAM                     1283007353.811254
 0A 02 00 00 00 00 00 EB

000:STREAM                     1283007353.813241
 0A 02 00 00 00 00 00 2A

000:STREAM                     1283007353.815254
 0A 02 00 00 00 00 00 69

000:STREAM                     1283007353.817255
 0A 02 00 00 00 00 00 A8

000:STREAM                     1283007353.819228
 0A 02 00 00 00 00 00 E7

000:STREAM                     1283007353.821249
 0A 02 00 00 00 00 00 26

000:STREAM                     1283007353.823253
 0A 02 00 00 00 00 00 65

000:STREAM                     1283007353.825243
 0A 02 00 00 00 00 00 A4

000:STREAM                     1283007353.827256
 0A 02 00 00 00 00 00 E3

000:STREAM                     1283007353.829257
 0A 02 00 00 00 00 00 22

000:STREAM                     1283007353.831229
 0A 02 00 00 00 00 00 61

000:STREAM                     1283007353.833247
 0A 02 00 00 00 00 00 A0

000:STREAM                     1283007353.835262
 0A 02 00 00 00 00 00 DF

000:STREAM                     1283007353.837240
 0A 02 00 00 00 00 00 1E

000:STREAM                     1283007353.839257
 0A 02 00 00 00 00 00 5D

000:STREAM                     1283007353.841257
 0A 02 00 00 00 00 00 9C

000:STREAM                     1283007353.843229
 0A 02 00 00 00 00 00 DB

000:STREAM                     1283007353.845247
 0A 02 00 00 00 00 00 1A

000:STREAM                     1283007353.847274
 0A 02 00 00 00 00 00 46

000:STREAM                     1283007356.233245
 0A 02 01 00 00 00 00 47

000:STREAM                     1283007356.313242
 0A 02 01 00 00 00 00 48

000:STREAM                     1283007356.351242
 0A 02 01 00 00 00 00 49

000:STREAM                     1283007356.383244
 0A 02 01 00 00 00 00 4A

000:STREAM                     1283007356.455247
 0A 02 01 00 00 00 00 4B

000:STREAM                     1283007356.489235
 0A 02 01 00 00 00 00 4C

000:STREAM                     1283007356.531245
 0A 02 01 00 00 00 00 4D

000:STREAM                     1283007356.583240
 0A 02 01 00 00 00 00 4E

000:STREAM                     1283007356.615238
 0A 02 01 00 00 00 00 4F

000:STREAM                     1283007356.667240
 0A 02 01 00 00 00 00 50

000:STREAM                     1283007356.707242
 0A 02 01 00 00 00 00 51

000:STREAM                     1283007356.737239
 0A 02 01 00 00 00 00 52

000:STREAM                     1283007356.777241
 0A 02 01 00 00 00 00 53

000:STREAM                     1283007356.807241
 0A 02 01 00 00 00 00 54

000:STREAM                     1283007356.833240
 0A 02 01 00 00 00 00 55

000:STREAM                     1283007356.875242
 0A 02 01 00 00 00 00 56

000:STREAM                     1283007356.909239
 0A 02 01 00 00 00 00 57

000:STREAM                     1283007356.943237
 0A 02 01 00 00 00 00 58

000:STREAM                     1283007356.967234
 0A 02 01 00 00 00 00 59

000:STREAM                     1283007356.989237
 0A 02 01 00 00 00 00 5A

000:STREAM                     1283007357.007237
 0A 02 01 00 00 00 00 5B

000:STREAM                     1283007357.035237
 0A 02 01 00 00 00 00 5C

000:STREAM                     1283007357.077236
 0A 02 01 00 00 00 00 5D

000:STREAM                     1283007357.107235
 0A 02 01 00 00 00 00 5E

000:STREAM                     1283007357.129240
 0A 02 01 00 00 00 00 5F

000:STREAM                     1283007357.149236
 0A 02 01 00 00 00 00 60

000:STREAM                     1283007357.165234
 0A 02 01 00 00 00 00 61

000:STREAM                     1283007357.185235
 0A 02 01 00 00 00 00 62

000:STREAM                     1283007357.207234
 0A 02 01 00 00 00 00 63

000:STREAM                     1283007357.233239
 0A 02 01 00 00 00 00 64

000:STREAM                     1283007357.257238
 0A 02 01 00 00 00 00 65

000:STREAM                     1283007357.275234
 0A 02 01 00 00 00 00 66

000:STREAM                     1283007357.291237
 0A 02 01 00 00 00 00 67

000:STREAM                     1283007357.309238
 0A 02 01 00 00 00 00 68

000:STREAM                     1283007357.339235
 0A 02 01 00 00 00 00 69

000:STREAM                     1283007357.367239
 0A 02 01 00 00 00 00 6A

000:STREAM                     1283007357.387235
 0A 02 01 00 00 00 00 6B

000:STREAM                     1283007357.413238
 0A 02 01 00 00 00 00 6C

000:STREAM                     1283007357.437234
 0A 02 01 00 00 00 00 6D

000:STREAM                     1283007357.461236
 0A 02 01 00 00 00 00 6E

000:STREAM                     1283007357.483231
 0A 02 01 00 00 00 00 6F

000:STREAM                     1283007357.505236
 0A 02 01 00 00 00 00 70

000:STREAM                     1283007357.523229
 0A 02 01 00 00 00 00 71

000:STREAM                     1283007357.549230
 0A 02 01 00 00 00 00 72

000:STREAM                     1283007357.585238
 0A 02 01 00 00 00 00 73

000:STREAM                     1283007357.607233
 0A 02 01 00 00 00 00 74

000:STREAM                     1283007357.623236
 0A 02 01 00 00 00 00 75

000:STREAM                     1283007357.639234
 0A 02 01 00 00 00 00 76

000:STREAM                     1283007357.655235
 0A 02 01 00 00 00 00 77

000:STREAM                     1283007357.675238
 0A 02 01 00 00 00 00 78

000:STREAM                     1283007357.697235
 0A 02 01 00 00 00 00 79

000:STREAM                     1283007357.715233
 0A 02 01 00 00 00 00 7A

000:STREAM                     1283007357.729236
 0A 02 01 00 00 00 00 7B

000:STREAM                     1283007357.741235
 0A 02 01 00 00 00 00 7C

000:STREAM                     1283007357.757232
 0A 02 01 00 00 00 00 7D

000:STREAM                     1283007357.779233
 0A 02 01 00 00 00 00 7E

000:STREAM                     1283007357.805235
 0A 02 01 00 00 00 00 7F

000:STREAM                     1283007357.839234
 0A 02 01 00 00 00 00 80

000:STREAM                     1283007357.863234
 0A 02 01 00 00 00 00 81

000:STREAM                     1283007357.883236
 0A 02 01 00 00 00 00 82

000:STREAM                     1283007357.897234
 0A 02 01 00 00 00 00 83

000:STREAM                     1283007357.915232
 0A 02 01 00 00 00 00 84

000:STREAM                     1283007357.935235
 0A 02 01 00 00 00 00 85

000:STREAM                     1283007357.975235
 0A 02 01 00 00 00 00 86

000:STREAM                     1283007358.065232
 0A 02 01 00 00 00 00 87

000:STREAM                     1283007358.215241
 0A 02 FF 00 00 00 00 88

000:STREAM                     1283007358.263233
 0A 02 FF 00 00 00 00 89

000:STREAM                     1283007358.283229
 0A 02 FF 00 00 00 00 8A

000:STREAM                     1283007358.301232
 0A 02 FF 00 00 00 00 8B

000:STREAM                     1283007358.317231
 0A 02 FF 00 00 00 00 8C

000:STREAM                     1283007358.337229
 0A 02 FF 00 00 00 00 8D

000:STREAM                     1283007358.365234
 0A 02 FF 00 00 00 00 8E

000:STREAM                     1283007358.401234
 0A 02 FF 00 00 00 00 8F

000:STREAM                     1283007358.441231
 0A 02 FF 00 00 00 00 90

000:STREAM                     1283007358.461228
 0A 02 FF 00 00 00 00 91

000:STREAM                     1283007358.481227
 0A 02 FF 00 00 00 00 92

000:STREAM                     1283007358.505230
 0A 02 FF 00 00 00 00 93

000:STREAM                     1283007358.535229
 0A 02 FF 00 00 00 00 94

000:STREAM                     1283007358.571232
 0A 02 FF 00 00 00 00 95

000:STREAM                     1283007358.619230
 0A 02 FF 00 00 00 00 96

000:STREAM                     1283007358.641229
 0A 02 FF 00 00 00 00 97

000:STREAM                     1283007358.655228
 0A 02 FF 00 00 00 00 98

000:STREAM                     1283007358.669228
 0A 02 FF 00 00 00 00 99

000:STREAM                     1283007358.683229
 0A 02 FF 00 00 00 00 9A

000:STREAM                     1283007358.701226
 0A 02 FF 00 00 00 00 9B

000:STREAM                     1283007358.727230
 0A 02 FF 00 00 00 00 9C

000:STREAM                     1283007358.753232
 0A 02 FF 00 00 00 00 9D

000:STREAM                     1283007358.775226
 0A 02 FF 00 00 00 00 9E

000:STREAM                     1283007358.791240
 0A 02 FF 00 00 00 00 9F

000:STREAM                     1283007358.807227
 0A 02 FF 00 00 00 00 A0

000:STREAM                     1283007358.823229
 0A 02 FF 00 00 00 00 A1

000:STREAM                     1283007358.840762
 0A 02 FF 00 00 00 00 A2

000:STREAM                     1283007358.859228
 0A 02 FF 00 00 00 00 A3

000:STREAM                     1283007358.883227
 0A 02 FF 00 00 00 00 A4

000:STREAM                     1283007358.907233
 0A 02 FF 00 00 00 00 A5

000:STREAM                     1283007358.933235
 0A 02 FF 00 00 00 00 A6

000:STREAM                     1283007358.955226
 0A 02 FF 00 00 00 00 A7

000:STREAM                     1283007358.979229
 0A 02 FF 00 00 00 00 A8

000:STREAM                     1283007359.001226
 0A 02 FF 00 00 00 00 A9

000:STREAM                     1283007359.019228
 0A 02 FF 00 00 00 00 AA

000:STREAM                     1283007359.035225
 0A 02 FF 00 00 00 00 AB

000:STREAM                     1283007359.053224
 0A 02 FF 00 00 00 00 AC

000:STREAM                     1283007359.071226
 0A 02 FF 00 00 00 00 AD

000:STREAM                     1283007359.097224
 0A 02 FF 00 00 00 00 AE

000:STREAM                     1283007359.123224
 0A 02 FF 00 00 00 00 AF

000:STREAM                     1283007359.151228
 0A 02 FF 00 00 00 00 B0

000:STREAM                     1283007359.167230
 0A 02 FF 00 00 00 00 B1

000:STREAM                     1283007359.183228
 0A 02 FF 00 00 00 00 B2

000:STREAM                     1283007359.201227
 0A 02 FF 00 00 00 00 B3

000:STREAM                     1283007359.221223
 0A 02 FF 00 00 00 00 B4

000:STREAM                     1283007359.237224
 0A 02 FF 00 00 00 00 B5

000:STREAM                     1283007359.257229
 0A 02 FF 00 00 00 00 B6

000:STREAM                     1283007359.277225
 0A 02 FF 00 00 00 00 B7

000:STREAM                     1283007359.305226
 0A 02 FF 00 00 00 00 B8

000:STREAM                     1283007359.809226
 0A 02 00 01 00 00 00 B9

000:STREAM                     1283007359.901224
 0A 02 00 00 00 00 00 BA

000:STREAM                     1283007360.079227
 0A 02 00 01 00 00 00 BB

000:STREAM                     1283007360.189223
 0A 02 00 00 00 00 00 BC

000:STREAM                     1283007360.315221
 0A 02 00 01 00 00 00 BD

000:STREAM                     1283007360.417224
 0A 02 00 00 00 00 00 BE

000:STREAM                     1283007360.551225
 0A 02 00 01 00 00 00 BF

000:STREAM                     1283007360.643218
 0A 02 00 00 00 00 00 C0

000:STREAM                     1283007360.779217
 0A 02 00 01 00 00 00 C1

000:STREAM                     1283007360.873220
 0A 02 00 00 00 00 00 C2

000:STREAM                     1283007361.015221
 0A 02 00 01 00 00 00 C3

000:STREAM                     1283007361.099216
 0A 02 00 00 00 00 00 C4

000:STREAM                     1283007361.243220
 0A 02 00 01 00 00 00 C5

000:STREAM                     1283007361.345218
 0A 02 00 00 00 00 00 C6

