000:STREAM                     1283007409.117020
 0A 04 00 00 00 00 00 C5

000:STREAM                     1283007409.118970
 0A 04 00 00 00 00 00 F2

000:STREAM                     1283007409.120966
 0A 04 00 00 00 00 00 31

000:STREAM                     1283007409.123024
 0A 04 00 00 00 00 00 70

000:STREAM                     1283007409.124980
 0A 04 00 00 00 00 00 AF

000:STREAM                     1283007409.127077
 0A 04 00 00 00 00 00 EE

000:STREAM                     1283007409.128984
 0A 04 00 00 00 00 00 2D

000:STREAM                     1283007409.130966
 0A 04 00 00 00 00 00 6C

000:STREAM                     1283007409.132981
 0A 04 00 00 00 00 00 AB

000:STREAM                     1283007409.135006
 0A 04 00 00 00 00 00 EA

000:STREAM                     1283007409.136987
 0A 04 00 00 00 00 00 29

000:STREAM                     1283007409.138991
 0A 04 00 00 00 00 00 68

000:STREAM                     1283007409.141071
 0A 04 00 00 00 00 00 A7

000:STREAM                     1283007409.142992
 0A 04 00 00 00 00 00 E6

000:STREAM                     1283007409.145002
 0A 04 00 00 00 00 00 25

000:STREAM                     1283007409.146990
 0A 04 00 00 00 00 00 64

000:STREAM                     1283007409.148976
 0A 04 00 00 00 00 00 A3

000:STREAM                     1283007409.150978
 0A 04 00 00 00 00 00 E2

000:STREAM                     1283007409.153172
 0A 04 00 00 00 00 00 21

000:STREAM                     1283007409.154968
 0A 04 00 00 00 00 00 60

000:STREAM                     1283007409.156984
 0A 04 00 00 00 00 00 9F

000:STREAM                     1283007409.158967
 0A 04 00 00 00 00 00 DE

000:STREAM                     1283007409.160986
 0A 04 00 00 00 00 00 1D

000:STREAM                     1283007409.162966
 0A 04 00 00 00 00 00 5C

000:STREAM                     1283007409.164987
 0A 04 00 00 00 00 00 9B

000:STREAM                     1283007409.166971
 0A 04 00 00 00 00 00 DA

000:STREAM                     1283007409.168988
 0A 04 00 00 00 00 00 19

000:STREAM                     1283007409.170968
 0A 04 00 00 00 00 00 58

000:STREAM                     1283007409.172976
 0A 04 00 00 00 00 00 97

000:STREAM                     1283007409.174973
 0A 04 00 00 00 00 00 D6

000:STREAM                     1283007409.176969
 0A 04 00 00 00 00 00 15

000:STREAM                     1283007409.178974
 0A 04 00 00 00 00 00 54

000:STREAM                     1283007409.180978
 0A 04 00 00 00 00 00 8F

000:STREAM                     1283007409.418992
 0A 04 00 00 00 00 00 90

000:STREAM                     1283007409.420963
 0A 04 00 00 00 00 00 B7

000:STREAM                     1283007409.422988
 0A 04 00 00 00 00 00 F6

000:STREAM                     1283007409.425182
 0A 04 00 00 00 00 00 35

000:STREAM                     1283007409.428989
 0A 04 00 00 00 00 00 74

000:STREAM                     1283007409.430987
 0A 04 00 00 00 00 00 F3

000:STREAM                     1283007409.432753
 0A 04 00 00 00 00 00 32

000:STREAM                     1283007409.434970
 0A 04 00 00 00 00 00 71

000:STREAM                     1283007409.436971
 0A 04 00 00 00 00 00 B0

000:STREAM                     1283007409.438987
 0A 04 00 00 00 00 00 EF

000:STREAM                     1283007409.440976
 0A 04 00 00 00 00 00 2E

000:STREAM                     1283007409.442981
 0A 04 00 00 00 00 00 6D

000:STREAM                     1283007409.444982
 0A 04 00 00 00 00 00 AC

000:STREAM                     1283007409.446975
 0A 04 00 00 00 00 00 EB

000:STREAM                     1283007409.448987
 0A 04 00 00 00 00 00 2A

000:STREAM                     1283007409.450967
 0A 04 00 00 00 00 00 69

000:STREAM                     1283007409.452989
 0A 04 00 00 00 00 00 A8

000:STREAM                     1283007409.455210
 0A 04 00 00 00 00 00 E7

000:STREAM                     1283007409.456978
 0A 04 00 00 00 00 00 26

000:STREAM                     1283007409.458984
 0A 04 00 00 00 00 00 65

000:STREAM                     1283007409.461059
 0A 04 00 00 00 00 00 A4

000:STREAM                     1283007409.464976
 0A 04 00 00 00 00 00 E3

000:STREAM                     1283007409.466970
 0A 04 00 00 00 00 00 61

000:STREAM                     1283007409.469004
 0A 04 00 00 00 00 00 A0

000:STREAM                     1283007409.470984
 0A 04 00 00 00 00 00 DF

000:STREAM                     1283007409.472966
 0A 04 00 00 00 00 00 1E

000:STREAM                     1283007409.475035
 0A 04 00 00 00 00 00 5D

000:STREAM                     1283007409.476973
 0A 04 00 00 00 00 00 9C

000:STREAM                     1283007409.478987
 0A 04 00 00 00 00 00 DB

000:STREAM                     1283007409.480968
 0A 04 00 00 00 00 00 1A

000:STREAM                     1283007409.482988
 0A 04 00 00 00 00 00 59

000:STREAM                     1283007409.484981
 0A 04 00 00 00 00 00 98

000:STREAM                     1283007409.486985
 0A 04 00 00 00 00 00 D7

000:STREAM                     1283007409.488979
 0A 04 00 00 00 00 00 16

000:STREAM                     1283007409.490975
 0A 04 00 00 00 00 00 55

000:STREAM                     1283007409.493163
 0A 04 00 00 00 00 00 94

000:STREAM                     1283007409.494964
 0A 04 00 00 00 00 00 D3

000:STREAM                     1283007409.496991
 0A 04 00 00 00 00 00 12

000:STREAM                     1283007409.498973
 0A 04 00 00 00 00 00 51

000:STREAM                     1283007409.500980
 0A 04 00 00 00 00 00 90

000:STREAM                     1283007409.503027
 0A 04 00 00 00 00 00 CF

000:STREAM                     1283007409.504976
 0A 04 00 00 00 00 00 0E

000:STREAM                     1283007409.506969
 0A 04 00 00 00 00 00 4D

000:STREAM                     1283007409.508976
 0A 04 00 00 00 00 00 8C

000:STREAM                     1283007409.510970
 0A 04 00 00 00 00 00 CB

000:STREAM                     1283007409.512969
 0A 04 00 00 00 00 00 0A

000:STREAM                     1283007409.515252
 0A 04 00 00 00 00 00 49

000:STREAM                     1283007409.516976
 0A 04 00 00 00 00 00 88

000:STREAM                     1283007409.518988
 0A 04 00 00 00 00 00 C7

000:STREAM                     1283007409.520972
 0A 04 00 00 00 00 00 06

000:STREAM                     1283007409.522988
 0A 04 00 00 00 00 00 45

000:STREAM                     1283007409.524971
 0A 04 00 00 00 00 00 5E

000:STREAM                     1283007409.774987
 0A 04 00 00 00 00 00 5F

000:STREAM                     1283007409.776971
 0A 04 00 00 00 00 00 7F

000:STREAM                     1283007409.778991
 0A 04 00 00 00 00 00 BE

000:STREAM                     1283007409.781152
 0A 04 00 00 00 00 00 FD

000:STREAM                     1283007409.784979
 0A 04 00 00 00 00 00 3C

000:STREAM                     1283007409.786969
 0A 04 00 00 00 00 00 BB

000:STREAM                     1283007409.788976
 0A 04 00 00 00 00 00 FA

000:STREAM                     1283007409.790988
 0A 04 00 00 00 00 00 39

000:STREAM                     1283007409.792979
 0A 04 00 00 00 00 00 78

000:STREAM                     1283007409.794982
 0A 04 00 00 00 00 00 B7

000:STREAM                     1283007409.796973
 0A 04 00 00 00 00 00 F6

000:STREAM                     1283007409.798956
 0A 04 00 00 00 00 00 35

000:STREAM                     1283007409.800954
 0A 04 00 00 00 00 00 74

000:STREAM                     1283007409.802982
 0A 04 00 00 00 00 00 B3

000:STREAM                     1283007409.804978
 0A 04 00 00 00 00 00 F2

000:STREAM                     1283007409.806985
 0A 04 00 00 00 00 00 31

000:STREAM                     1283007409.808967
 0A 04 00 00 00 00 00 70

000:STREAM                     1283007409.810970
 0A 04 00 00 00 00 00 AF

000:STREAM                     1283007409.812986
 0A 04 00 00 00 00 00 EE

000:STREAM                     1283007409.814977
 0A 04 00 00 00 00 00 2D

000:STREAM                     1283007409.816978
 0A 04 00 00 00 00 00 6C

000:STREAM                     1283007409.818991
 0A 04 00 00 00 00 00 AB

000:STREAM                     1283007409.820973
 0A 04 00 00 00 00 00 EA

000:STREAM                     1283007409.822978
 0A 04 00 00 00 00 00 29

000:STREAM                     1283007409.824981
 0A 04 00 00 00 00 00 68

000:STREAM                     1283007409.826964
 0A 04 00 00 00 00 00 A7

000:STREAM                     1283007409.828980
 0A 04 00 00 00 00 00 E6

000:STREAM                     1283007409.830988
 0A 04 00 00 00 00 00 25

000:STREAM                     1283007409.832976
 0A 04 00 00 00 00 00 64

000:STREAM                     1283007409.834988
 0A 04 00 00 00 00 00 A3

000:STREAM                     1283007409.837002
 0A 04 00 00 00 00 00 E2

000:STREAM                     1283007409.838961
 0A 04 00 00 00 00 00 21

000:STREAM                     1283007409.840982
 0A 04 00 00 00 00 00 60

000:STREAM                     1283007409.842987
 0A 04 00 00 00 00 00 9F

000:STREAM                     1283007409.844981
 0A 04 00 00 00 00 00 DE

000:STREAM                     1283007409.846993
 0A 04 00 00 00 00 00 1D

000:STREAM                     1283007409.848980
 0A 04 00 00 00 00 00 5C

000:STREAM                     1283007409.850967
 0A 04 00 00 00 00 00 9B

000:STREAM                     1283007409.852982
 0A 04 00 00 00 00 00 DA

000:STREAM                     1283007409.854965
 0A 04 00 00 00 00 00 19

000:STREAM                     1283007409.856975
 0A 04 00 00 00 00 00 58

000:STREAM                     1283007409.858989
 0A 04 00 00 00 00 00 97

000:STREAM                     1283007409.860975
 0A 04 00 00 00 00 00 D6

000:STREAM                     1283007409.862990
 0A 04 00 00 00 00 00 15

000:STREAM                     1283007409.864982
 0A 04 00 00 00 00 00 54

000:STREAM                     1283007409.866961
 0A 04 00 00 00 00 00 93

000:STREAM                     1283007409.868977
 0A 04 00 00 00 00 00 D2

000:STREAM                     1283007409.870989
 0A 04 00 00 00 00 00 11

000:STREAM                     1283007409.872974
 0A 04 00 00 00 00 00 50

000:STREAM                     1283007409.874987
 0A 04 00 00 00 00 00 8F

000:STREAM                     1283007409.876982
 0A 04 00 00 00 00 00 CE

000:STREAM                     1283007409.878955
 0A 04 00 00 00 00 00 0D

000:STREAM                     1283007409.880978
 0A 04 00 00 00 00 00 4C

000:STREAM                     1283007409.882990
 0A 04 00 00 00 00 00 8B

000:STREAM                     1283007409.884969
 0A 04 00 00 00 00 00 CA

000:STREAM                     1283007409.886989
 0A 04 00 00 00 00 00 09

000:STREAM                     1283007409.888987
 0A 04 00 00 00 00 00 48

000:STREAM                     1283007409.890961
 0A 04 00 00 00 00 00 87

000:STREAM                     1283007409.892979
 0A 04 00 00 00 00 00 C6

000:STREAM                     1283007409.894985
 0A 04 00 00 00 00 00 05

000:STREAM                     1283007409.896973
 0A 04 00 00 00 00 00 44

000:STREAM                     1283007409.898991
 0A 04 00 00 00 00 00 83

000:STREAM                     1283007409.900999
 0A 04 00 00 00 00 00 C2

000:STREAM                     1283007409.902960
 0A 04 00 00 00 00 00 01

000:STREAM                     1283007409.904981
 0A 04 00 00 00 00 00 40

000:STREAM                     1283007409.906991
 0A 04 00 00 00 00 00 7F

000:STREAM                     1283007409.908980
 0A 04 00 00 00 00 00 AE

000:STREAM                     1283007410.096987
 0A 04 00 00 00 00 00 AF

000:STREAM                     1283007410.098957
 0A 04 00 00 00 00 00 B6

000:STREAM                     1283007410.100956
 0A 04 00 00 00 00 00 F5

000:STREAM                     1283007410.102984
 0A 04 00 00 00 00 00 34

000:STREAM                     1283007410.104985
 0A 04 00 00 00 00 00 73

000:STREAM                     1283007410.106992
 0A 04 00 00 00 00 00 B2

000:STREAM                     1283007410.108980
 0A 04 00 00 00 00 00 F1

000:STREAM                     1283007410.110985
 0A 04 00 00 00 00 00 30

000:STREAM                     1283007410.112983
 0A 04 00 00 00 00 00 6F

000:STREAM                     1283007410.114978
 0A 04 00 00 00 00 00 AE

000:STREAM                     1283007410.116984
 0A 04 00 00 00 00 00 ED

000:STREAM                     1283007410.118960
 0A 04 00 00 00 00 00 2C

000:STREAM                     1283007410.120002
 0A 04 00 00 00 00 00 6B

000:STREAM                     1283007410.122986
 0A 04 00 00 00 00 00 AA

000:STREAM                     1283007410.124970
 0A 04 00 00 00 00 00 E9

000:STREAM                     1283007410.126981
 0A 04 00 00 00 00 00 28

000:STREAM                     1283007410.128982
 0A 04 00 00 00 00 00 67

000:STREAM                     1283007410.130961
 0A 04 00 00 00 00 00 A6

000:STREAM                     1283007410.132982
 0A 04 00 00 00 00 00 E5

000:STREAM                     1283007410.134986
 0A 04 00 00 00 00 00 24

000:STREAM                     1283007410.136969
 0A 04 00 00 00 00 00 63

000:STREAM                     1283007410.138982
 0A 04 00 00 00 00 00 A2

000:STREAM                     1283007410.140982
 0A 04 00 00 00 00 00 E1

000:STREAM                     1283007410.142961
 0A 04 00 00 00 00 00 20

000:STREAM                     1283007410.144983
 0A 04 00 00 00 00 00 5F

000:STREAM                     1283007410.146987
 0A 04 00 00 00 00 00 9E

000:STREAM                     1283007410.148967
 0A 04 00 00 00 00 00 DD

000:STREAM                     1283007410.150979
 0A 04 00 00 00 00 00 1C

000:STREAM                     1283007410.152985
 0A 04 00 00 00 00 00 5B

000:STREAM                     1283007410.154960
 0A 04 00 00 00 00 00 9A

000:STREAM                     1283007410.156983
 0A 04 00 00 00 00 00 D9

000:STREAM                     1283007410.158993
 0A 04 00 00 00 00 00 18

000:STREAM                     1283007410.160964
 0A 04 00 00 00 00 00 57

000:STREAM                     1283007410.162982
 0A 04 00 00 00 00 00 96

000:STREAM                     1283007410.164980
 0A 04 00 00 00 00 00 D5

000:STREAM                     1283007410.166961
 0A 04 00 00 00 00 00 14

000:STREAM                     1283007410.168985
 0A 04 00 00 00 00 00 53

000:STREAM                     1283007410.170994
 0A 04 00 00 00 00 00 92

000:STREAM                     1283007410.172970
 0A 04 00 00 00 00 00 D1

000:STREAM                     1283007410.174981
 0A 04 00 00 00 00 00 10

000:STREAM                     1283007410.176985
 0A 04 00 00 00 00 00 4F

000:STREAM                     1283007410.178961
 0A 04 00 00 00 00 00 8E

000:STREAM                     1283007410.180738
 0A 04 00 00 00 00 00 CD

000:STREAM                     1283007410.182986
 0A 04 00 00 00 00 00 0C

000:STREAM                     1283007410.184974
 0A 04 00 00 00 00 00 4B

000:STREAM                     1283007410.186980
 0A 04 00 00 00 00 00 8A

000:STREAM                     1283007410.188981
 0A 04 00 00 00 00 00 C9

000:STREAM                     1283007410.190961
 0A 04 00 00 00 00 00 08

000:STREAM                     1283007410.192986
 0A 04 00 00 00 00 00 47

000:STREAM                     1283007410.194991
 0A 04 00 00 00 00 00 86

000:STREAM                     1283007410.196975
 0A 04 00 00 00 00 00 C5

000:STREAM                     1283007410.198981
 0A 04 00 00 00 00 00 04

000:STREAM                     1283007410.200979
 0A 04 00 00 00 00 00 43

000:STREAM                     1283007410.202964
 0A 04 00 00 00 00 00 82

000:STREAM                     1283007410.204987
 0A 04 00 00 00 00 00 C1

000:STREAM                     1283007410.206988
 0A 04 00 00 00 00 00 00

000:STREAM                     1283007410.208974
 0A 04 00 00 00 00 00 3F

000:STREAM                     1283007410.210980
 0A 04 00 00 00 00 00 7E

000:STREAM                     1283007410.212986
 0A 04 00 00 00 00 00 BD

000:STREAM                     1283007410.214960
 0A 04 00 00 00 00 00 FC

000:STREAM                     1283007410.216988
 0A 04 00 00 00 00 00 3B

000:STREAM                     1283007410.218986
 0A 04 00 00 00 00 00 7A

000:STREAM                     1283007410.220970
 0A 04 00 00 00 00 00 9C

000:STREAM                     1283007413.016975
 0A 04 01 00 00 00 00 9D

000:STREAM                     1283007413.100978
 0A 04 01 00 00 00 00 9E

000:STREAM                     1283007413.168969
 0A 04 01 00 00 00 00 9F

000:STREAM                     1283007413.240972
 0A 04 01 00 00 00 00 A0

000:STREAM                     1283007413.306976
 0A 04 01 00 00 00 00 A1

000:STREAM                     1283007413.364968
 0A 04 01 00 00 00 00 A2

000:STREAM                     1283007413.410965
 0A 04 01 00 00 00 00 A3

000:STREAM                     1283007413.452972
 0A 04 01 00 00 00 00 A4

000:STREAM                     1283007413.516970
 0A 04 01 00 00 00 00 A5

000:STREAM                     1283007413.566970
 0A 04 01 00 00 00 00 A6

000:STREAM                     1283007413.606972
 0A 04 01 00 00 00 00 A7

000:STREAM                     1283007413.646967
 0A 04 01 00 00 00 00 A8

000:STREAM                     1283007413.688968
 0A 04 01 00 00 00 00 A9

000:STREAM                     1283007413.730970
 0A 04 01 00 00 00 00 AA

000:STREAM                     1283007413.760969
 0A 04 01 00 00 00 00 AB

000:STREAM                     1283007413.800971
 0A 04 01 00 00 00 00 AC

000:STREAM                     1283007413.836969
 0A 04 01 00 00 00 00 AD

000:STREAM                     1283007413.860967
 0A 04 01 00 00 00 00 AE

000:STREAM                     1283007413.892967
 0A 04 01 00 00 00 00 AF

000:STREAM                     1283007413.926967
 0A 04 01 00 00 00 00 B0

000:STREAM                     1283007413.958965
 0A 04 01 00 00 00 00 B1

000:STREAM                     1283007414.004967
 0A 04 01 00 00 00 00 B2

000:STREAM                     1283007414.040966
 0A 04 01 00 00 00 00 B3

000:STREAM                     1283007414.080968
 0A 04 01 00 00 00 00 B4

000:STREAM                     1283007414.138965
 0A 04 01 00 00 00 00 B5

000:STREAM                     1283007414.170966
 0A 04 01 00 00 00 00 B6

000:STREAM                     1283007414.204966
 0A 04 01 00 00 00 00 B7

000:STREAM                     1283007414.240966
 0A 04 01 00 00 00 00 B8

000:STREAM                     1283007414.280966
 0A 04 01 00 00 00 00 B9

000:STREAM                     1283007414.308968
 0A 04 01 00 00 00 00 BA

000:STREAM                     1283007414.332967
 0A 04 01 00 00 00 00 BB

000:STREAM                     1283007414.358967
 0A 04 01 00 00 00 00 BC

000:STREAM                     1283007414.384968
 0A 04 01 00 00 00 00 BD

000:STREAM                     1283007414.418964
 0A 04 01 00 00 00 00 BE

000:STREAM                     1283007414.482964
 0A 04 01 00 00 00 00 BF

000:STREAM                     1283007414.518968
 0A 04 01 00 00 00 00 C0

000:STREAM                     1283007414.554966
 0A 04 01 00 00 00 00 C1

000:STREAM                     1283007414.580966
 0A 04 01 00 00 00 00 C2

000:STREAM                     1283007414.608962
 0A 04 01 00 00 00 00 C3

000:STREAM                     1283007414.652961
 0A 04 01 00 00 00 00 C4

000:STREAM                     1283007414.692966
 0A 04 01 00 00 00 00 C5

000:STREAM                     1283007414.726964
 0A 04 01 00 00 00 00 C6

000:STREAM                     1283007414.776964
 0A 04 01 00 00 00 00 C7

000:STREAM                     1283007414.824957
 0A 04 01 00 00 00 00 C8

000:STREAM                     1283007414.860959
 0A 04 01 00 00 00 00 C9

000:STREAM                     1283007414.884964
 0A 04 01 00 00 00 00 CA

000:STREAM                     1283007414.914960
 0A 04 01 00 00 00 00 CB

000:STREAM                     1283007414.948961
 0A 04 01 00 00 00 00 CC

000:STREAM                     1283007414.990963
 0A 04 01 00 00 00 00 CD

000:STREAM                     1283007415.042964
 0A 04 01 00 00 00 00 CE

000:STREAM                     1283007415.076964
 0A 04 01 00 00 00 00 CF

000:STREAM                     1283007415.102963
 0A 04 01 00 00 00 00 D0

000:STREAM                     1283007415.140960
 0A 04 01 00 00 00 00 D1

000:STREAM                     1283007415.168964
 0A 04 01 00 00 00 00 D2

000:STREAM                     1283007415.196961
 0A 04 01 00 00 00 00 D3

000:STREAM                     1283007415.236960
 0A 04 01 00 00 00 00 D4

000:STREAM                     1283007415.280963
 0A 04 01 00 00 00 00 D5

000:STREAM                     1283007415.306960
 0A 04 01 00 00 00 00 D6

000:STREAM                     1283007415.338965
 0A 04 01 00 00 00 00 D7

000:STREAM                     1283007415.364961
 0A 04 01 00 00 00 00 D8

000:STREAM                     1283007415.392959
 0A 04 01 00 00 00 00 D9

000:STREAM                     1283007415.418963
 0A 04 01 00 00 00 00 DA

000:STREAM                     1283007415.450960
 0A 04 01 00 00 00 00 DB

000:STREAM                     1283007415.490958
 0A 04 01 00 00 00 00 DC

000:STREAM                     1283007415.526966
 0A 04 01 00 00 00 00 DD

000:STREAM                     1283007415.556963
 0A 04 01 00 00 00 00 DE

000:STREAM                     1283007415.584962
 0A 04 01 00 00 00 00 DF

000:STREAM                     1283007415.616958
 0A 04 01 00 00 00 00 E0

000:STREAM                     1283007415.658957
 0A 04 01 00 00 00 00 E1

000:STREAM                     1283007415.706961
 0A 04 01 00 00 00 00 E2

000:STREAM                     1283007415.742957
 0A 04 01 00 00 00 00 E3

000:STREAM                     1283007415.780960
 0A 04 01 00 00 00 00 E4

000:STREAM                     1283007415.810959
 0A 04 01 00 00 00 00 E5

000:STREAM                     1283007415.844959
 0A 04 01 00 00 00 00 E6

000:STREAM                     1283007415.888955
 0A 04 01 00 00 00 00 E7

000:STREAM                     1283007415.936958
 0A 04 01 00 00 00 00 E8

000:STREAM                     1283007415.974959
 0A 04 01 00 00 00 00 E9

000:STREAM                     1283007416.004961
 0A 04 01 00 00 00 00 EA

000:STREAM                     1283007416.036960
 0A 04 01 00 00 00 00 EB

000:STREAM                     1283007416.060958
 0A 04 01 00 00 00 00 EC

000:STREAM                     1283007416.086961
 0A 04 01 00 00 00 00 ED

000:STREAM                     1283007416.118957
 0A 04 01 00 00 00 00 EE

000:STREAM                     1283007416.156958
 0A 04 01 00 00 00 00 EF

000:STREAM                     1283007416.186955
 0A 04 01 00 00 00 00 F0

000:STREAM                     1283007416.230957
 0A 04 01 00 00 00 00 F1

000:STREAM                     1283007416.260956
 0A 04 01 00 00 00 00 F2

000:STREAM                     1283007416.288956
 0A 04 01 00 00 00 00 F3

000:STREAM                     1283007416.310958
 0A 04 01 00 00 00 00 F4

000:STREAM                     1283007416.344955
 0A 04 01 00 00 00 00 F5

000:STREAM                     1283007416.482954
 0A 04 01 00 00 00 00 F6

000:STREAM                     1283007416.942953
 0A 04 FF 00 00 00 00 F7

000:STREAM                     1283007416.980954
 0A 04 FF 00 00 00 00 F8

000:STREAM                     1283007417.014951
 0A 04 FF 00 00 00 00 F9

000:STREAM                     1283007417.040952
 0A 04 FF 00 00 00 00 FA

000:STREAM                     1283007417.080958
 0A 04 FF 00 00 00 00 FB

000:STREAM                     1283007417.112947
 0A 04 FF 00 00 00 00 FC

000:STREAM                     1283007417.136953
 0A 04 FF 00 00 00 00 FD

000:STREAM                     1283007417.168955
 0A 04 FF 00 00 00 00 FE

000:STREAM                     1283007417.194947
 0A 04 FF 00 00 00 00 FF

000:STREAM                     1283007417.218952
 0A 04 FF 00 00 00 00 00

000:STREAM                     1283007417.248945
 0A 04 FF 00 00 00 00 01

000:STREAM                     1283007417.276950
 0A 04 FF 00 00 00 00 02

000:STREAM                     1283007417.304950
 0A 04 FF 00 00 00 00 03

000:STREAM                     1283007417.336949
 0A 04 FF 00 00 00 00 04

000:STREAM                     1283007417.376950
 0A 04 FF 00 00 00 00 05

000:STREAM                     1283007417.410952
 0A 04 FF 00 00 00 00 06

000:STREAM                     1283007417.446952
 0A 04 FF 00 00 00 00 07

000:STREAM                     1283007417.478952
 0A 04 FF 00 00 00 00 08

000:STREAM                     1283007417.516953
 0A 04 FF 00 00 00 00 09

000:STREAM                     1283007417.552951
 0A 04 FF 00 00 00 00 0A

000:STREAM                     1283007417.586949
 0A 04 FF 00 00 00 00 0B

000:STREAM                     1283007417.620942
 0A 04 FF 00 00 00 00 0C

000:STREAM                     1283007417.650951
 0A 04 FF 00 00 00 00 0D

000:STREAM                     1283007417.674952
 0A 04 FF 00 00 00 00 0E

000:STREAM                     1283007417.708947
 0A 04 FF 00 00 00 00 0F

000:STREAM                     1283007417.750948
 0A 04 FF 00 00 00 00 10

000:STREAM                     1283007417.796951
 0A 04 FF 00 00 00 00 11

000:STREAM                     1283007417.822950
 0A 04 FF 00 00 00 00 12

000:STREAM                     1283007417.852950
 0A 04 FF 00 00 00 00 13

000:STREAM                     1283007417.876947
 0A 04 FF 00 00 00 00 14

000:STREAM                     1283007417.904947
 0A 04 FF 00 00 00 00 15

000:STREAM                     1283007417.930947
 0A 04 FF 00 00 00 00 16

000:STREAM                     1283007417.952954
 0A 04 FF 00 00 00 00 17

000:STREAM                     1283007417.972947
 0A 04 FF 00 00 00 00 18

000:STREAM                     1283007417.996948
 0A 04 FF 00 00 00 00 19

000:STREAM                     1283007418.024949
 0A 04 FF 00 00 00 00 1A

000:STREAM                     1283007418.060950
 0A 04 FF 00 00 00 00 1B

000:STREAM                     1283007418.102949
 0A 04 FF 00 00 00 00 1C

000:STREAM                     1283007418.146952
 0A 04 FF 00 00 00 00 1D

000:STREAM                     1283007418.184951
 0A 04 FF 00 00 00 00 1E

000:STREAM                     1283007418.224950
 0A 04 FF 00 00 00 00 1F

000:STREAM                     1283007418.262946
 0A 04 FF 00 00 00 00 20

000:STREAM                     1283007418.296951
 0A 04 FF 00 00 00 00 21

000:STREAM                     1283007418.332949
 0A 04 FF 00 00 00 00 22

000:STREAM                     1283007418.358946
 0A 04 FF 00 00 00 00 23

000:STREAM                     1283007418.386947
 0A 04 FF 00 00 00 00 24

000:STREAM                     1283007418.428949
 0A 04 FF 00 00 00 00 25

000:STREAM                     1283007418.462947
 0A 04 FF 00 00 00 00 26

000:STREAM                     1283007418.492949
 0A 04 FF 00 00 00 00 27

000:STREAM                     1283007418.520950
 0A 04 FF 00 00 00 00 28

000:STREAM                     1283007418.544944
 0A 04 FF 00 00 00 00 29

000:STREAM                     1283007418.568944
 0A 04 FF 00 00 00 00 2A

000:STREAM                     1283007418.594946
 0A 04 FF 00 00 00 00 2B

000:STREAM                     1283007418.630942
 0A 04 FF 00 00 00 00 2C

000:STREAM                     1283007419.520931
 0A 04 00 01 00 00 00 2D

000:STREAM                     1283007419.630941
 0A 04 00 00 00 00 00 2E

000:STREAM                     1283007419.842940
 0A 04 00 01 00 00 00 2F

000:STREAM                     1283007419.950935
 0A 04 00 00 00 00 00 30

000:STREAM                     1283007420.178941
 0A 04 00 01 00 00 00 31

000:STREAM                     1283007420.288940
 0A 04 00 00 00 00 00 32

000:STREAM                     1283007420.566934
 0A 04 00 01 00 00 00 33

000:STREAM                     1283007420.684934
 0A 04 00 00 00 00 00 34

000:STREAM                     1283007420.880934
 0A 04 00 01 00 00 00 35

000:STREAM                     1283007421.006934
 0A 04 00 00 00 00 00 36

000:STREAM                     1283007421.452930
 0A 04 00 01 00 00 00 37

000:STREAM                     1283007421.580931
 0A 04 00 00 00 00 00 38

000:STREAM                     1283007421.740930
 0A 04 00 01 00 00 00 39

000:STREAM                     1283007421.832810
 0A 04 00 00 00 00 00 3A

000:STREAM                     1283007422.026933
 0A 04 00 01 00 00 00 3B

000:STREAM                     1283007422.136929
 0A 04 00 00 00 00 00 3C

