000:STREAM                     1283007387.553116
 0A 03 00 00 00 00 00 1D

000:STREAM                     1283007387.555063
 0A 03 00 00 00 00 00 2C

000:STREAM                     1283007387.557059
 0A 03 00 00 00 00 00 6B

000:STREAM                     1283007387.559090
 0A 03 00 00 00 00 00 AA

000:STREAM                     1283007387.561073
 0A 03 00 00 00 00 00 E9

000:STREAM                     1283007387.563080
 0A 03 00 00 00 00 00 28

000:STREAM                     1283007387.565079
 0A 03 00 00 00 00 00 67

000:STREAM                     1283007387.567153
 0A 03 00 00 00 00 00 A6

000:STREAM                     1283007387.569065
 0A 03 00 00 00 00 00 E5

000:STREAM                     1283007387.571088
 0A 03 00 00 00 00 00 24

000:STREAM                     1283007387.573260
 0A 03 00 00 00 00 00 63

000:STREAM                     1283007387.577344
 0A 03 00 00 00 00 00 A2

000:STREAM                     1283007387.579071
 0A 03 00 00 00 00 00 21

000:STREAM                     1283007387.581084
 0A 03 00 00 00 00 00 60

000:STREAM                     1283007387.583080
 0A 03 00 00 00 00 00 9F

000:STREAM                     1283007387.585078
 0A 03 00 00 00 00 00 DE

000:STREAM                     1283007387.587070
 0A 03 00 00 00 00 00 1D

000:STREAM                     1283007387.589079
 0A 03 00 00 00 00 00 5C

000:STREAM                     1283007387.591070
 0A 03 00 00 00 00 00 9B

000:STREAM                     1283007387.593068
 0A 03 00 00 00 00 00 DA

000:STREAM                     1283007387.595153
 0A 03 00 00 00 00 00 19

000:STREAM                     1283007387.597080
 0A 03 00 00 00 00 00 58

000:STREAM                     1283007387.599099
 0A 03 00 00 00 00 00 97

000:STREAM                     1283007387.601075
 0A 03 00 00 00 00 00 D6

000:STREAM                     1283007387.603097
 0A 03 00 00 00 00 00 15

000:STREAM                     1283007387.605193
 0A 03 00 00 00 00 00 54

000:STREAM                     1283007387.607082
 0A 03 00 00 00 00 00 93

000:STREAM                     1283007387.608770
 0A 03 00 00 00 00 00 D2

000:STREAM                     1283007387.611091
 0A 03 00 00 00 00 00 11

000:STREAM                     1283007387.613611
 0A 03 00 00 00 00 00 50

000:STREAM                     1283007387.615072
 0A 03 00 00 00 00 00 8F

000:STREAM                     1283007387.617106
 0A 03 00 00 00 00 00 CE

000:STREAM                     1283007387.619250
 0A 03 00 00 00 00 00 0D

000:STREAM                     1283007387.623212
 0A 03 00 00 00 00 00 4C

000:STREAM                     1283007387.627088
 0A 03 00 00 00 00 00 CA

000:STREAM                     1283007387.629067
 0A 03 00 00 00 00 00 49

000:STREAM                     1283007387.631069
 0A 03 00 00 00 00 00 88

000:STREAM                     1283007387.633087
 0A 03 00 00 00 00 00 C7

000:STREAM                     1283007387.635078
 0A 03 00 00 00 00 00 06

000:STREAM                     1283007387.637074
 0A 03 00 00 00 00 00 45

000:STREAM                     1283007387.639102
 0A 03 00 00 00 00 00 84

000:STREAM                     1283007387.641079
 0A 03 00 00 00 00 00 C3

000:STREAM                     1283007387.643085
 0A 03 00 00 00 00 00 02

000:STREAM                     1283007387.645072
 0A 03 00 00 00 00 00 41

000:STREAM                     1283007387.647087
 0A 03 00 00 00 00 00 80

000:STREAM                     1283007387.649323
 0A 03 00 00 00 00 00 BF

000:STREAM                     1283007387.651068
 0A 03 00 00 00 00 00 FE

000:STREAM                     1283007387.653092
 0A 03 00 00 00 00 00 3D

000:STREAM                     1283007387.655085
 0A 03 00 00 00 00 00 7C

000:STREAM                     1283007387.657075
 0A 03 00 00 00 00 00 BB

000:STREAM                     1283007387.659237
 0A 03 00 00 00 00 00 FA

000:STREAM                     1283007387.661077
 0A 03 00 00 00 00 00 39

000:STREAM                     1283007387.663092
 0A 03 00 00 00 00 00 78

000:STREAM                     1283007387.665079
 0A 03 00 00 00 00 00 B7

000:STREAM                     1283007387.667085
 0A 03 00 00 00 00 00 F6

000:STREAM                     1283007387.669288
 0A 03 00 00 00 00 00 35

000:STREAM                     1283007387.671071
 0A 03 00 00 00 00 00 74

000:STREAM                     1283007387.673092
 0A 03 00 00 00 00 00 B3

000:STREAM                     1283007387.675088
 0A 03 00 00 00 00 00 F2

000:STREAM                     1283007387.677074
 0A 03 00 00 00 00 00 31

000:STREAM                     1283007387.679081
 0A 03 00 00 00 00 00 70

000:STREAM                     1283007387.681095
 0A 03 00 00 00 00 00 AF

000:STREAM                     1283007387.683091
 0A 03 00 00 00 00 00 EE

000:STREAM                     1283007387.685084
 0A 03 00 00 00 00 00 21

000:STREAM                     1283007388.071093
 0A 03 00 00 00 00 00 22

000:STREAM                     1283007388.073065
 0A 03 00 00 00 00 00 3F

000:STREAM                     1283007388.075091
 0A 03 00 00 00 00 00 7E

000:STREAM                     1283007388.077074
 0A 03 00 00 00 00 00 BD

000:STREAM                     1283007388.079097
 0A 03 00 00 00 00 00 FC

000:STREAM                     1283007388.081078
 0A 03 00 00 00 00 00 3B

000:STREAM                     1283007388.083086
 0A 03 00 00 00 00 00 7A

000:STREAM                     1283007388.085074
 0A 03 00 00 00 00 00 B9

000:STREAM                     1283007388.087086
 0A 03 00 00 00 00 00 F8

000:STREAM                     1283007388.089086
 0A 03 00 00 00 00 00 37

000:STREAM                     1283007388.091080
 0A 03 00 00 00 00 00 76

000:STREAM                     1283007388.093075
 0A 03 00 00 00 00 00 B5

000:STREAM                     1283007388.095087
 0A 03 00 00 00 00 00 F4

000:STREAM                     1283007388.097073
 0A 03 00 00 00 00 00 33

000:STREAM                     1283007388.099082
 0A 03 00 00 00 00 00 72

000:STREAM                     1283007388.101087
 0A 03 00 00 00 00 00 B1

000:STREAM                     1283007388.103073
 0A 03 00 00 00 00 00 F0

000:STREAM                     1283007388.104749
 0A 03 00 00 00 00 00 2F

000:STREAM                     1283007388.107089
 0A 03 00 00 00 00 00 6E

000:STREAM                     1283007388.109074
 0A 03 00 00 00 00 00 AD

000:STREAM                     1283007388.111087
 0A 03 00 00 00 00 00 EC

000:STREAM                     1283007388.113090
 0A 03 00 00 00 00 00 2B

000:STREAM                     1283007388.115083
 0A 03 00 00 00 00 00 6A

000:STREAM                     1283007388.117092
 0A 03 00 00 00 00 00 A9

000:STREAM                     1283007388.119098
 0A 03 00 00 00 00 00 E8

000:STREAM                     1283007388.121074
 0A 03 00 00 00 00 00 27

000:STREAM                     1283007388.123086
 0A 03 00 00 00 00 00 66

000:STREAM                     1283007388.125090
 0A 03 00 00 00 00 00 A5

000:STREAM                     1283007388.127066
 0A 03 00 00 00 00 00 E4

000:STREAM                     1283007388.129090
 0A 03 00 00 00 00 00 23

000:STREAM                     1283007388.131105
 0A 03 00 00 00 00 00 62

000:STREAM                     1283007388.133076
 0A 03 00 00 00 00 00 A1

000:STREAM                     1283007388.135086
 0A 03 00 00 00 00 00 E0

000:STREAM                     1283007388.137112
 0A 03 00 00 00 00 00 1F

000:STREAM                     1283007388.139069
 0A 03 00 00 00 00 00 5E

000:STREAM                     1283007388.141084
 0A 03 00 00 00 00 00 9D

000:STREAM                     1283007388.143085
 0A 03 00 00 00 00 00 DC

000:STREAM                     1283007388.145088
 0A 03 00 00 00 00 00 1B

000:STREAM                     1283007388.147091
 0A 03 00 00 00 00 00 5A

000:STREAM                     1283007388.149074
 0A 03 00 00 00 00 00 99

000:STREAM                     1283007388.151082
 0A 03 00 00 00 00 00 D8

000:STREAM                     1283007388.153083
 0A 03 00 00 00 00 00 17

000:STREAM                     1283007388.155080
 0A 03 00 00 00 00 00 56

000:STREAM                     1283007388.157086
 0A 03 00 00 00 00 00 95

000:STREAM                     1283007388.159102
 0A 03 00 00 00 00 00 D4

000:STREAM                     1283007388.161084
 0A 03 00 00 00 00 00 13

000:STREAM                     1283007388.163090
 0A 03 00 00 00 00 00 52

000:STREAM                     1283007388.165088
 0A 03 00 00 00 00 00 91

000:STREAM                     1283007388.167072
 0A 03 00 00 00 00 00 D0

000:STREAM                     1283007388.169090
 0A 03 00 00 00 00 00 0F

000:STREAM                     1283007388.171068
 0A 03 00 00 00 00 00 4E

000:STREAM                     1283007388.173082
 0A 03 00 00 00 00 00 8D

000:STREAM                     1283007388.175088
 0A 03 00 00 00 00 00 CC

000:STREAM                     1283007388.177079
 0A 03 00 00 00 00 00 0B

000:STREAM                     1283007388.179087
 0A 03 00 00 00 00 00 4A

000:STREAM                     1283007388.181088
 0A 03 00 00 00 00 00 89

000:STREAM                     1283007388.183066
 0A 03 00 00 00 00 00 C8

000:STREAM                     1283007388.185089
 0A 03 00 00 00 00 00 07

000:STREAM                     1283007388.187091
 0A 03 00 00 00 00 00 46

000:STREAM                     1283007388.189073
 0A 03 00 00 00 00 00 85

000:STREAM                     1283007388.191085
 0A 03 00 00 00 00 00 C4

000:STREAM                     1283007388.193088
 0A 03 00 00 00 00 00 03

000:STREAM                     1283007388.195066
 0A 03 00 00 00 00 00 42

000:STREAM                     1283007388.197090
 0A 03 00 00 00 00 00 81

000:STREAM                     1283007388.199093
 0A 03 00 00 00 00 00 C0

000:STREAM                     1283007388.201077
 0A 03 00 00 00 00 00 FF

000:STREAM                     1283007388.203085
 0A 03 00 00 00 00 00 3E

000:STREAM                     1283007388.205088
 0A 03 00 00 00 00 00 7D

000:STREAM                     1283007388.207057
 0A 03 00 00 00 00 00 BC

000:STREAM                     1283007388.209095
 0A 03 00 00 00 00 00 FB

000:STREAM                     1283007388.211091
 0A 03 00 00 00 00 00 3A

000:STREAM                     1283007388.213075
 0A 03 00 00 00 00 00 79

000:STREAM                     1283007388.215091
 0A 03 00 00 00 00 00 B8

000:STREAM                     1283007388.217089
 0A 03 00 00 00 00 00 F7

000:STREAM                     1283007388.219066
 0A 03 00 00 00 00 00 36

000:STREAM                     1283007388.221088
 0A 03 00 00 00 00 00 75

000:STREAM                     1283007388.223089
 0A 03 00 00 00 00 00 B4

000:STREAM                     1283007388.225076
 0A 03 00 00 00 00 00 D3

000:STREAM                     1283007390.649086
 0A 03 01 00 00 00 00 D4

000:STREAM                     1283007390.759074
 0A 03 01 00 00 00 00 D5

000:STREAM                     1283007390.825076
 0A 03 01 00 00 00 00 D6

000:STREAM                     1283007390.899078
 0A 03 01 00 00 00 00 D7

000:STREAM                     1283007390.949080
 0A 03 01 00 00 00 00 D8

000:STREAM                     1283007390.999077
 0A 03 01 00 00 00 00 D9

000:STREAM                     1283007391.043073
 0A 03 01 00 00 00 00 DA

000:STREAM                     1283007391.085071
 0A 03 01 00 00 00 00 DB

000:STREAM                     1283007391.121075
 0A 03 01 00 00 00 00 DC

000:STREAM                     1283007391.165075
 0A 03 01 00 00 00 00 DD

000:STREAM                     1283007391.199075
 0A 03 01 00 00 00 00 DE

000:STREAM                     1283007391.235079
 0A 03 01 00 00 00 00 DF

000:STREAM                     1283007391.267073
 0A 03 01 00 00 00 00 E0

000:STREAM                     1283007391.305076
 0A 03 01 00 00 00 00 E1

000:STREAM                     1283007391.335074
 0A 03 01 00 00 00 00 E2

000:STREAM                     1283007391.363073
 0A 03 01 00 00 00 00 E3

000:STREAM                     1283007391.389077
 0A 03 01 00 00 00 00 E4

000:STREAM                     1283007391.445074
 0A 03 01 00 00 00 00 E5

000:STREAM                     1283007391.467069
 0A 03 01 00 00 00 00 E6

000:STREAM                     1283007391.487075
 0A 03 01 00 00 00 00 E7

000:STREAM                     1283007391.507072
 0A 03 01 00 00 00 00 E8

000:STREAM                     1283007391.537075
 0A 03 01 00 00 00 00 E9

000:STREAM                     1283007391.563075
 0A 03 01 00 00 00 00 EA

000:STREAM                     1283007391.591074
 0A 03 01 00 00 00 00 EB

000:STREAM                     1283007391.621074
 0A 03 01 00 00 00 00 EC

000:STREAM                     1283007391.655072
 0A 03 01 00 00 00 00 ED

000:STREAM                     1283007391.689071
 0A 03 01 00 00 00 00 EE

000:STREAM                     1283007391.717072
 0A 03 01 00 00 00 00 EF

000:STREAM                     1283007391.745071
 0A 03 01 00 00 00 00 F0

000:STREAM                     1283007391.789071
 0A 03 01 00 00 00 00 F1

000:STREAM                     1283007391.823071
 0A 03 01 00 00 00 00 F2

000:STREAM                     1283007391.855081
 0A 03 01 00 00 00 00 F3

000:STREAM                     1283007391.889062
 0A 03 01 00 00 00 00 F4

000:STREAM                     1283007391.923074
 0A 03 01 00 00 00 00 F5

000:STREAM                     1283007391.951070
 0A 03 01 00 00 00 00 F6

000:STREAM                     1283007391.981073
 0A 03 01 00 00 00 00 F7

000:STREAM                     1283007392.005073
 0A 03 01 00 00 00 00 F8

000:STREAM                     1283007392.035072
 0A 03 01 00 00 00 00 F9

000:STREAM                     1283007392.063075
 0A 03 01 00 00 00 00 FA

000:STREAM                     1283007392.099069
 0A 03 01 00 00 00 00 FB

000:STREAM                     1283007392.139074
 0A 03 01 00 00 00 00 FC

000:STREAM                     1283007392.163072
 0A 03 01 00 00 00 00 FD

000:STREAM                     1283007392.191069
 0A 03 01 00 00 00 00 FE

000:STREAM                     1283007392.219071
 0A 03 01 00 00 00 00 FF

000:STREAM                     1283007392.247068
 0A 03 01 00 00 00 00 00

000:STREAM                     1283007392.281068
 0A 03 01 00 00 00 00 01

000:STREAM                     1283007392.307070
 0A 03 01 00 00 00 00 02

000:STREAM                     1283007392.333068
 0A 03 01 00 00 00 00 03

000:STREAM                     1283007392.379070
 0A 03 01 00 00 00 00 04

000:STREAM                     1283007392.423069
 0A 03 01 00 00 00 00 05

000:STREAM                     1283007392.445073
 0A 03 01 00 00 00 00 06

000:STREAM                     1283007392.465071
 0A 03 01 00 00 00 00 07

000:STREAM                     1283007392.487066
 0A 03 01 00 00 00 00 08

000:STREAM                     1283007392.533070
 0A 03 01 00 00 00 00 09

000:STREAM                     1283007392.563071
 0A 03 01 00 00 00 00 0A

000:STREAM                     1283007392.581070
 0A 03 01 00 00 00 00 0B

000:STREAM                     1283007392.603066
 0A 03 01 00 00 00 00 0C

000:STREAM                     1283007392.631070
 0A 03 01 00 00 00 00 0D

000:STREAM                     1283007392.659064
 0A 03 01 00 00 00 00 0E

000:STREAM                     1283007392.697069
 0A 03 01 00 00 00 00 0F

000:STREAM                     1283007392.737068
 0A 03 01 00 00 00 00 10

000:STREAM                     1283007392.759066
 0A 03 01 00 00 00 00 11

000:STREAM                     1283007392.777070
 0A 03 01 00 00 00 00 12

000:STREAM                     1283007392.799068
 0A 03 01 00 00 00 00 13

000:STREAM                     1283007392.823064
 0A 03 01 00 00 00 00 14

000:STREAM                     1283007392.851072
 0A 03 01 00 00 00 00 15

000:STREAM                     1283007392.879066
 0A 03 01 00 00 00 00 16

000:STREAM                     1283007392.923067
 0A 03 01 00 00 00 00 17

000:STREAM                     1283007392.961066
 0A 03 01 00 00 00 00 18

000:STREAM                     1283007392.985069
 0A 03 01 00 00 00 00 19

000:STREAM                     1283007393.009065
 0A 03 01 00 00 00 00 1A

000:STREAM                     1283007393.055067
 0A 03 01 00 00 00 00 1B

000:STREAM                     1283007393.089067
 0A 03 01 00 00 00 00 1C

000:STREAM                     1283007393.125068
 0A 03 01 00 00 00 00 1D

000:STREAM                     1283007393.147064
 0A 03 01 00 00 00 00 1E

000:STREAM                     1283007393.167069
 0A 03 01 00 00 00 00 1F

000:STREAM                     1283007393.183062
 0A 03 01 00 00 00 00 20

000:STREAM                     1283007393.207068
 0A 03 01 00 00 00 00 21

000:STREAM                     1283007393.305063
 0A 03 01 00 00 00 00 22

000:STREAM                     1283007393.349070
 0A 03 01 00 00 00 00 23

000:STREAM                     1283007393.383068
 0A 03 01 00 00 00 00 24

000:STREAM                     1283007393.415067
 0A 03 01 00 00 00 00 25

000:STREAM                     1283007393.441061
 0A 03 01 00 00 00 00 26

000:STREAM                     1283007393.475073
 0A 03 01 00 00 00 00 27

000:STREAM                     1283007393.513062
 0A 03 01 00 00 00 00 28

000:STREAM                     1283007393.547063
 0A 03 01 00 00 00 00 29

000:STREAM                     1283007393.575064
 0A 03 01 00 00 00 00 2A

000:STREAM                     1283007393.607064
 0A 03 01 00 00 00 00 2B

000:STREAM                     1283007393.631065
 0A 03 01 00 00 00 00 2C

000:STREAM                     1283007393.653061
 0A 03 01 00 00 00 00 2D

000:STREAM                     1283007393.675064
 0A 03 01 00 00 00 00 2E

000:STREAM                     1283007393.703064
 0A 03 01 00 00 00 00 2F

000:STREAM                     1283007393.749066
 0A 03 01 00 00 00 00 30

000:STREAM                     1283007393.777064
 0A 03 01 00 00 00 00 31

000:STREAM                     1283007393.799059
 0A 03 01 00 00 00 00 32

000:STREAM                     1283007393.827062
 0A 03 01 00 00 00 00 33

000:STREAM                     1283007393.859063
 0A 03 01 00 00 00 00 34

000:STREAM                     1283007393.889063
 0A 03 01 00 00 00 00 35

000:STREAM                     1283007393.915066
 0A 03 01 00 00 00 00 36

000:STREAM                     1283007393.947063
 0A 03 01 00 00 00 00 37

000:STREAM                     1283007393.985062
 0A 03 01 00 00 00 00 38

000:STREAM                     1283007394.015062
 0A 03 01 00 00 00 00 39

000:STREAM                     1283007394.037062
 0A 03 01 00 00 00 00 3A

000:STREAM                     1283007394.061060
 0A 03 01 00 00 00 00 3B

000:STREAM                     1283007394.085059
 0A 03 01 00 00 00 00 3C

000:STREAM                     1283007394.115061
 0A 03 01 00 00 00 00 3D

000:STREAM                     1283007394.151062
 0A 03 01 00 00 00 00 3E

000:STREAM                     1283007394.175063
 0A 03 01 00 00 00 00 3F

000:STREAM                     1283007394.191059
 0A 03 01 00 00 00 00 40

000:STREAM                     1283007394.213062
 0A 03 01 00 00 00 00 41

000:STREAM                     1283007394.259063
 0A 03 01 00 00 00 00 42

000:STREAM                     1283007394.297065
 0A 03 01 00 00 00 00 43

000:STREAM                     1283007394.329059
 0A 03 01 00 00 00 00 44

000:STREAM                     1283007394.367057
 0A 03 01 00 00 00 00 45

000:STREAM                     1283007394.395061
 0A 03 01 00 00 00 00 46

000:STREAM                     1283007394.431057
 0A 03 01 00 00 00 00 47

000:STREAM                     1283007394.465063
 0A 03 01 00 00 00 00 48

000:STREAM                     1283007394.509059
 0A 03 01 00 00 00 00 49

000:STREAM                     1283007394.545060
 0A 03 01 00 00 00 00 4A

000:STREAM                     1283007394.569063
 0A 03 01 00 00 00 00 4B

000:STREAM                     1283007394.593059
 0A 03 01 00 00 00 00 4C

000:STREAM                     1283007394.617058
 0A 03 01 00 00 00 00 4D

000:STREAM                     1283007394.637054
 0A 03 01 00 00 00 00 4E

000:STREAM                     1283007394.659056
 0A 03 01 00 00 00 00 4F

000:STREAM                     1283007394.681060
 0A 03 01 00 00 00 00 50

000:STREAM                     1283007394.709058
 0A 03 01 00 00 00 00 51

000:STREAM                     1283007394.737057
 0A 03 01 00 00 00 00 52

000:STREAM                     1283007394.773059
 0A 03 01 00 00 00 00 53

000:STREAM                     1283007394.807055
 0A 03 01 00 00 00 00 54

000:STREAM                     1283007394.829076
 0A 03 01 00 00 00 00 55

000:STREAM                     1283007394.843054
 0A 03 01 00 00 00 00 56

000:STREAM                     1283007394.861058
 0A 03 01 00 00 00 00 57

000:STREAM                     1283007394.897058
 0A 03 01 00 00 00 00 58

000:STREAM                     1283007394.959054
 0A 03 01 00 00 00 00 59

000:STREAM                     1283007395.007060
 0A 03 01 00 00 00 00 5A

000:STREAM                     1283007395.048788
 0A 03 01 00 00 00 00 5B

000:STREAM                     1283007395.069055
 0A 03 01 00 00 00 00 5C

000:STREAM                     1283007395.109054
 0A 03 01 00 00 00 00 5D

000:STREAM                     1283007395.167055
 0A 03 01 00 00 00 00 5E

000:STREAM                     1283007395.199057
 0A 03 01 00 00 00 00 5F

000:STREAM                     1283007395.227054
 0A 03 01 00 00 00 00 60

000:STREAM                     1283007395.257056
 0A 03 01 00 00 00 00 61

000:STREAM                     1283007395.289059
 0A 03 01 00 00 00 00 62

000:STREAM                     1283007395.331059
 0A 03 01 00 00 00 00 63

000:STREAM                     1283007395.365054
 0A 03 01 00 00 00 00 64

000:STREAM                     1283007395.393056
 0A 03 01 00 00 00 00 65

000:STREAM                     1283007395.419054
 0A 03 01 00 00 00 00 66

000:STREAM                     1283007395.451059
 0A 03 01 00 00 00 00 67

000:STREAM                     1283007395.487052
 0A 03 01 00 00 00 00 68

000:STREAM                     1283007395.527056
 0A 03 01 00 00 00 00 69

000:STREAM                     1283007395.557053
 0A 03 01 00 00 00 00 6A

000:STREAM                     1283007395.583053
 0A 03 01 00 00 00 00 6B

000:STREAM                     1283007395.613060
 0A 03 01 00 00 00 00 6C

000:STREAM                     1283007395.643054
 0A 03 01 00 00 00 00 6D

000:STREAM                     1283007395.665059
 0A 03 01 00 00 00 00 6E

000:STREAM                     1283007395.693049
 0A 03 01 00 00 00 00 6F

000:STREAM                     1283007395.727052
 0A 03 01 00 00 00 00 70

000:STREAM                     1283007395.755057
 0A 03 01 00 00 00 00 71

000:STREAM                     1283007395.781058
 0A 03 01 00 00 00 00 72

000:STREAM                     1283007395.813054
 0A 03 01 00 00 00 00 73

000:STREAM                     1283007395.847053
 0A 03 01 00 00 00 00 74

000:STREAM                     1283007395.873055
 0A 03 01 00 00 00 00 75

000:STREAM                     1283007395.897053
 0A 03 01 00 00 00 00 76

000:STREAM                     1283007395.923051
 0A 03 01 00 00 00 00 77

000:STREAM                     1283007395.949053
 0A 03 01 00 00 00 00 78

000:STREAM                     1283007395.979054
 0A 03 01 00 00 00 00 79

000:STREAM                     1283007396.011054
 0A 03 01 00 00 00 00 7A

000:STREAM                     1283007396.043045
 0A 03 01 00 00 00 00 7B

000:STREAM                     1283007396.081055
 0A 03 01 00 00 00 00 7C

000:STREAM                     1283007396.121054
 0A 03 01 00 00 00 00 7D

000:STREAM                     1283007396.145052
 0A 03 01 00 00 00 00 7E

000:STREAM                     1283007396.177055
 0A 03 01 00 00 00 00 7F

000:STREAM                     1283007396.213050
 0A 03 01 00 00 00 00 80

000:STREAM                     1283007396.249053
 0A 03 01 00 00 00 00 81

000:STREAM                     1283007396.288786
 0A 03 01 00 00 00 00 82

000:STREAM                     1283007396.323054
 0A 03 01 00 00 00 00 83

000:STREAM                     1283007396.345050
 0A 03 01 00 00 00 00 84

000:STREAM                     1283007396.371051
 0A 03 01 00 00 00 00 85

000:STREAM                     1283007396.399055
 0A 03 01 00 00 00 00 86

000:STREAM                     1283007396.435048
 0A 03 01 00 00 00 00 87

000:STREAM                     1283007396.477051
 0A 03 01 00 00 00 00 88

000:STREAM                     1283007396.513053
 0A 03 01 00 00 00 00 89

000:STREAM                     1283007396.536797
 0A 03 01 00 00 00 00 8A

000:STREAM                     1283007396.565050
 0A 03 01 00 00 00 00 8B

000:STREAM                     1283007396.969045
 0A 03 FF 00 00 00 00 8C

000:STREAM                     1283007396.995050
 0A 03 FF 00 00 00 00 8D

000:STREAM                     1283007397.027048
 0A 03 FF 00 00 00 00 8E

000:STREAM                     1283007397.069046
 0A 03 FF 00 00 00 00 8F

000:STREAM                     1283007397.103049
 0A 03 FF 00 00 00 00 90

000:STREAM                     1283007397.133052
 0A 03 FF 00 00 00 00 91

000:STREAM                     1283007397.157046
 0A 03 FF 00 00 00 00 92

000:STREAM                     1283007397.181045
 0A 03 FF 00 00 00 00 93

000:STREAM                     1283007397.201043
 0A 03 FF 00 00 00 00 94

000:STREAM                     1283007397.219044
 0A 03 FF 00 00 00 00 95

000:STREAM                     1283007397.237047
 0A 03 FF 00 00 00 00 96

000:STREAM                     1283007397.257048
 0A 03 FF 00 00 00 00 97

000:STREAM                     1283007397.289044
 0A 03 FF 00 00 00 00 98

000:STREAM                     1283007397.317046
 0A 03 FF 00 00 00 00 99

000:STREAM                     1283007397.345044
 0A 03 FF 00 00 00 00 9A

000:STREAM                     1283007397.377046
 0A 03 FF 00 00 00 00 9B

000:STREAM                     1283007397.397043
 0A 03 FF 00 00 00 00 9C

000:STREAM                     1283007397.415043
 0A 03 FF 00 00 00 00 9D

000:STREAM                     1283007397.435046
 0A 03 FF 00 00 00 00 9E

000:STREAM                     1283007397.455048
 0A 03 FF 00 00 00 00 9F

000:STREAM                     1283007397.477043
 0A 03 FF 00 00 00 00 A0

000:STREAM                     1283007397.505044
 0A 03 FF 00 00 00 00 A1

000:STREAM                     1283007397.533043
 0A 03 FF 00 00 00 00 A2

000:STREAM                     1283007397.559044
 0A 03 FF 00 00 00 00 A3

000:STREAM                     1283007397.579050
 0A 03 FF 00 00 00 00 A4

000:STREAM                     1283007397.599044
 0A 03 FF 00 00 00 00 A5

000:STREAM                     1283007397.625050
 0A 03 FF 00 00 00 00 A6

000:STREAM                     1283007397.655044
 0A 03 FF 00 00 00 00 A7

000:STREAM                     1283007397.677049
 0A 03 FF 00 00 00 00 A8

000:STREAM                     1283007397.697045
 0A 03 FF 00 00 00 00 A9

000:STREAM                     1283007397.713046
 0A 03 FF 00 00 00 00 AA

000:STREAM                     1283007397.733043
 0A 03 FF 00 00 00 00 AB

000:STREAM                     1283007397.749042
 0A 03 FF 00 00 00 00 AC

000:STREAM                     1283007397.771043
 0A 03 FF 00 00 00 00 AD

000:STREAM                     1283007397.805045
 0A 03 FF 00 00 00 00 AE

000:STREAM                     1283007397.831047
 0A 03 FF 00 00 00 00 AF

000:STREAM                     1283007397.855046
 0A 03 FF 00 00 00 00 B0

000:STREAM                     1283007397.881042
 0A 03 FF 00 00 00 00 B1

000:STREAM                     1283007397.901042
 0A 03 FF 00 00 00 00 B2

000:STREAM                     1283007397.919040
 0A 03 FF 00 00 00 00 B3

000:STREAM                     1283007397.937041
 0A 03 FF 00 00 00 00 B4

000:STREAM                     1283007397.961042
 0A 03 FF 00 00 00 00 B5

000:STREAM                     1283007397.989040
 0A 03 FF 00 00 00 00 B6

000:STREAM                     1283007398.021047
 0A 03 FF 00 00 00 00 B7

000:STREAM                     1283007398.047045
 0A 03 FF 00 00 00 00 B8

000:STREAM                     1283007398.075045
 0A 03 FF 00 00 00 00 B9

000:STREAM                     1283007398.101042
 0A 03 FF 00 00 00 00 BA

000:STREAM                     1283007398.611039
 0A 03 00 01 00 00 00 BB

000:STREAM                     1283007398.705045
 0A 03 00 00 00 00 00 BC

000:STREAM                     1283007398.831036
 0A 03 00 01 00 00 00 BD

000:STREAM                     1283007398.907039
 0A 03 00 00 00 00 00 BE

000:STREAM                     1283007399.025036
 0A 03 00 01 00 00 00 BF

000:STREAM                     1283007399.109039
 0A 03 00 00 00 00 00 C0

000:STREAM                     1283007399.237038
 0A 03 00 01 00 00 00 C1

000:STREAM                     1283007399.287036
 0A 03 00 00 00 00 00 C2

000:STREAM                     1283007399.431040
 0A 03 00 01 00 00 00 C3

000:STREAM                     1283007399.515029
 0A 03 00 00 00 00 00 C4

