000:STREAM                     1281181062.453798
 01 00 00 00 01 00 00 00

000:STREAM                     1281181062.485769
 01 00 00 00 01 00 00 00

000:STREAM                     1281181062.617760
 01 00 00 00 01 00 00 00

000:STREAM                     1281181062.657764
 01 00 00 00 01 00 00 00

000:STREAM                     1281181062.673761
 01 00 00 00 01 00 00 00

000:STREAM                     1281181062.705765
 01 00 00 00 01 00 00 00

000:STREAM                     1281181062.725766
 01 00 00 00 01 00 00 00

000:STREAM                     1281181062.773758
 01 00 00 00 01 00 00 00

000:STREAM                     1281181062.805769
 01 00 00 00 01 00 00 00

000:STREAM                     1281181062.837767
 01 00 00 00 01 00 00 00

000:STREAM                     1281181062.865760
 01 00 00 00 01 00 00 00

000:STREAM                     1281181062.897767
 01 00 00 00 01 00 00 00

000:STREAM                     1281181062.913763
 01 00 00 00 01 00 00 00

000:STREAM                     1281181062.945766
 01 00 00 00 01 00 00 00

000:STREAM                     1281181062.961767
 01 00 00 00 01 00 00 00

000:STREAM                     1281181062.993772
 01 00 00 00 01 00 00 00

000:STREAM                     1281181063.013767
 01 00 00 00 01 00 00 00

000:STREAM                     1281181063.029766
 01 00 00 00 01 00 00 00

000:STREAM                     1281181063.105764
 01 00 00 00 01 00 00 00

000:STREAM                     1281181063.137768
 01 00 00 00 01 00 00 00

000:STREAM                     1281181063.157765
 01 00 00 00 01 00 00 00

000:STREAM                     1281181063.253767
 01 00 00 00 01 00 00 00

000:STREAM                     1281181063.297765
 01 00 00 00 01 00 00 00

000:STREAM                     1281181063.337771
 01 00 00 00 01 00 00 00

000:STREAM                     1281181063.381764
 01 00 00 00 01 00 00 00

000:STREAM                     1281181063.413766
 01 00 00 00 01 00 00 00

000:STREAM                     1281181063.453765
 01 00 00 00 01 00 00 00

000:STREAM                     1281181063.485766
 01 00 00 00 01 00 00 00

000:STREAM                     1281181063.517766
 01 00 00 00 01 00 00 00

000:STREAM                     1281181063.549764
 01 00 00 00 01 00 00 00

000:STREAM                     1281181063.605764
 01 00 00 00 01 00 00 00

000:STREAM                     1281181064.253767
 01 00 00 00 01 00 00 00

000:STREAM                     1281181064.285758
 01 00 00 00 01 00 00 00

000:STREAM                     1281181064.305764
 01 00 00 00 01 00 00 00

000:STREAM                     1281181064.369760
 01 00 00 00 01 00 00 00

000:STREAM                     1281181064.389765
 01 00 00 00 01 00 00 00

000:STREAM                     1281181064.421751
 01 00 00 00 01 00 00 00

000:STREAM                     1281181064.453765
 01 00 00 00 01 00 00 00

000:STREAM                     1281181064.521751
 01 00 00 00 01 00 00 00

000:STREAM                     1281181064.565758
 01 00 00 00 01 00 00 00

000:STREAM                     1281181064.597763
 01 00 00 00 01 00 00 00

000:STREAM                     1281181064.617761
 01 00 00 00 01 00 00 00

000:STREAM                     1281181064.649750
 01 00 00 00 01 00 00 00

000:STREAM                     1281181064.665752
 01 00 00 00 01 00 00 00

000:STREAM                     1281181064.697753
 01 00 00 00 01 00 00 00

000:STREAM                     1281181064.717753
 01 00 00 00 01 00 00 00

000:STREAM                     1281181064.745752
 01 00 00 00 01 00 00 00

000:STREAM                     1281181064.761753
 01 00 00 00 01 00 00 00

000:STREAM                     1281181064.781754
 01 00 00 00 01 00 00 00

000:STREAM                     1281181064.797752
 01 00 00 00 01 00 00 00

000:STREAM                     1281181064.813753
 01 00 00 00 01 00 00 00

000:STREAM                     1281181064.829750
 01 00 00 00 01 00 00 00

000:STREAM                     1281181064.845741
 01 00 00 00 01 00 00 00

000:STREAM                     1281181064.877759
 01 00 00 00 01 00 00 00

000:STREAM                     1281181064.893754
 01 00 00 00 01 00 00 00

000:STREAM                     1281181064.925753
 01 00 00 00 01 00 00 00

000:STREAM                     1281181064.945752
 01 00 00 00 01 00 00 00

000:STREAM                     1281181064.961747
 01 00 00 00 01 00 00 00

000:STREAM                     1281181064.993754
 01 00 00 00 01 00 00 00

000:STREAM                     1281181065.093754
 01 00 00 00 01 00 00 00

000:STREAM                     1281181065.109749
 01 00 00 00 01 00 00 00

