000:STREAM                     1281181095.729647
 0C 02 00 00 00 00 00 00

000:STREAM                     1281181095.961593
 0C 02 00 00 00 00 00 00

000:STREAM                     1281181096.005606
 0C 02 00 00 00 00 00 00

000:STREAM                     1281181096.037606
 0C 02 00 00 00 00 00 00

000:STREAM                     1281181096.105617
 0C 02 00 00 00 00 00 00

000:STREAM                     1281181096.129607
 0C 02 00 00 00 00 00 00

000:STREAM                     1281181096.161606
 0C 02 00 00 00 00 00 00

000:STREAM                     1281181096.217608
 0C 02 00 00 00 00 00 00

000:STREAM                     1281181096.249606
 0C 02 00 00 00 00 00 00

000:STREAM                     1281181096.281607
 0C 02 00 00 00 00 00 00

000:STREAM                     1281181096.325607
 0C 02 00 00 00 00 00 00

000:STREAM                     1281181096.345605
 0C 02 00 00 00 00 00 00

000:STREAM                     1281181096.361603
 0C 02 00 00 00 00 00 00

000:STREAM                     1281181096.393608
 0C 02 00 00 00 00 00 00

000:STREAM                     1281181096.485606
 0C 02 00 00 00 00 00 00

000:STREAM                     1281181096.517608
 0C 02 00 00 00 00 00 00

000:STREAM                     1281181096.549604
 0C 02 00 00 00 00 00 00

000:STREAM                     1281181096.565605
 0C 02 00 00 00 00 00 00

000:STREAM                     1281181096.597609
 0C 02 00 00 00 00 00 00

000:STREAM                     1281181096.629609
 0C 02 00 00 00 00 00 00

000:STREAM                     1281181096.697609
 0C 02 00 00 00 00 00 00

000:STREAM                     1281181096.729607
 0C 02 00 00 00 00 00 00

000:STREAM                     1281181096.761602
 0C 02 00 00 00 00 00 00

000:STREAM                     1281181096.781603
 0C 02 00 00 00 00 00 00

000:STREAM                     1281181096.797598
 0C 02 00 00 00 00 00 00

000:STREAM                     1281181096.813601
 0C 02 00 00 00 00 00 00

000:STREAM                     1281181096.845605
 0C 02 00 00 00 00 00 00

000:STREAM                     1281181096.893604
 0C 02 00 00 00 00 00 00

000:STREAM                     1281181096.949606
 0C 02 00 00 00 00 00 00

000:STREAM                     1281181096.981608
 0C 02 00 00 00 00 00 00

000:STREAM                     1281181097.013602
 0C 02 00 00 00 00 00 00

000:STREAM                     1281181097.045604
 0C 02 00 00 00 00 00 00

000:STREAM                     1281181097.077606
 0C 02 00 00 00 00 00 00

000:STREAM                     1281181097.121611
 0C 02 00 00 00 00 00 00

000:STREAM                     1281181097.153604
 0C 02 00 00 00 00 00 00

000:STREAM                     1281181097.185611
 0C 02 00 00 00 00 00 00

000:STREAM                     1281181097.217607
 0C 02 00 00 00 00 00 00

000:STREAM                     1281181097.325603
 0C 02 00 00 00 00 00 00

000:STREAM                     1281181097.353607
 0C 02 00 00 00 00 00 00

000:STREAM                     1281181097.385606
 0C 02 00 00 00 00 00 00

000:STREAM                     1281181097.405603
 0C 02 00 00 00 00 00 00

000:STREAM                     1281181097.437606
 0C 02 00 00 00 00 00 00

000:STREAM                     1281181097.453598
 0C 02 00 00 00 00 00 00

000:STREAM                     1281181097.485605
 0C 02 00 00 00 00 00 00

000:STREAM                     1281181097.501597
 0C 02 00 00 00 00 00 00

000:STREAM                     1281181097.533601
 0C 02 00 00 00 00 00 00

000:STREAM                     1281181097.549606
 0C 02 00 00 00 00 00 00

000:STREAM                     1281181097.581598
 0C 02 00 00 00 00 00 00

000:STREAM                     1281181097.613600
 0C 02 00 00 00 00 00 00

000:STREAM                     1281181097.909596
 0C 02 00 00 00 00 00 00

000:STREAM                     1281181097.929601
 0C 02 00 00 00 00 00 00

000:STREAM                     1281181097.973602
 0C 02 00 00 00 00 00 00

000:STREAM                     1281181097.989596
 0C 02 00 00 00 00 00 00

000:STREAM                     1281181098.021598
 0C 02 00 00 00 00 00 00

000:STREAM                     1281181098.041602
 0C 02 00 00 00 00 00 00

000:STREAM                     1281181098.061599
 0C 02 00 00 00 00 00 00

000:STREAM                     1281181098.093602
 0C 02 00 00 00 00 00 00

000:STREAM                     1281181098.125600
 0C 02 00 00 00 00 00 00

000:STREAM                     1281181098.157606
 0C 02 00 00 00 00 00 00

000:STREAM                     1281181098.185600
 0C 02 00 00 00 00 00 00

000:STREAM                     1281181098.217602
 0C 02 00 00 00 00 00 00

000:STREAM                     1281181098.237594
 0C 02 00 00 00 00 00 00

000:STREAM                     1281181098.257597
 0C 02 00 00 00 00 00 00

000:STREAM                     1281181098.305604
 0C 02 00 00 00 00 00 00

000:STREAM                     1281181098.409596
 0C 02 00 00 00 00 00 00

000:STREAM                     1281181098.441607
 0C 02 00 00 00 00 00 00

000:STREAM                     1281181098.473597
 0C 02 00 00 00 00 00 00

000:STREAM                     1281181098.513598
 0C 02 00 00 00 00 00 00

000:STREAM                     1281181098.529600
 0C 02 00 00 00 00 00 00

000:STREAM                     1281181098.561597
 0C 02 00 00 00 00 00 00

000:STREAM                     1281181098.577594
 0C 02 00 00 00 00 00 00

000:STREAM                     1281181098.665595
 0C 02 00 00 00 00 00 00

000:STREAM                     1281181098.697599
 0C 02 00 00 00 00 00 00

000:STREAM                     1281181098.757594
 0C 02 00 00 00 00 00 00

000:STREAM                     1281181098.789598
 0C 02 00 00 00 00 00 00

000:STREAM                     1281181098.833591
 0C 02 00 00 00 00 00 00

000:STREAM                     1281181098.865594
 0C 02 00 00 00 00 00 00

000:STREAM                     1281181098.881589
 0C 02 00 00 00 00 00 00

000:STREAM                     1281181098.901604
 0C 02 00 00 00 00 00 00

000:STREAM                     1281181098.933589
 0C 02 00 00 00 00 00 00

000:STREAM                     1281181098.981590
 0C 02 00 00 00 00 00 00

000:STREAM                     1281181099.001598
 0C 02 00 00 00 00 00 00

000:STREAM                     1281181099.081597
 0C 02 00 00 00 00 00 00

000:STREAM                     1281181099.097597
 0C 02 00 00 00 00 00 00

000:STREAM                     1281181099.129591
 0C 02 00 00 00 00 00 00

000:STREAM                     1281181099.161601
 0C 02 00 00 00 00 00 00

