000:STREAM                     1281181054.229827
 01 00 00 00 FF 00 00 00

000:STREAM                     1281181054.273813
 01 00 00 00 FF 00 00 00

000:STREAM                     1281181054.305804
 01 00 00 00 FF 00 00 00

000:STREAM                     1281181054.325812
 01 00 00 00 FF 00 00 00

000:STREAM                     1281181054.357805
 01 00 00 00 FF 00 00 00

000:STREAM                     1281181054.401818
 01 00 00 00 FF 00 00 00

000:STREAM                     1281181054.469804
 01 00 00 00 FF 00 00 00

000:STREAM                     1281181054.517810
 01 00 00 00 FF 00 00 00

000:STREAM                     1281181054.577807
 01 00 00 00 FF 00 00 00

000:STREAM                     1281181054.641803
 01 00 00 00 FF 00 00 00

000:STREAM                     1281181054.661807
 01 00 00 00 FF 00 00 00

000:STREAM                     1281181054.733803
 01 00 00 00 FF 00 00 00

000:STREAM                     1281181054.749799
 01 00 00 00 FF 00 00 00

000:STREAM                     1281181054.781805
 01 00 00 00 FF 00 00 00

000:STREAM                     1281181054.829808
 01 00 00 00 FF 00 00 00

000:STREAM                     1281181054.845787
 01 00 00 00 FF 00 00 00

000:STREAM                     1281181055.469799
 01 00 00 00 FF 00 00 00

000:STREAM                     1281181055.537800
 01 00 00 00 FF 00 00 00

000:STREAM                     1281181055.581794
 01 00 00 00 FF 00 00 00

000:STREAM                     1281181055.609804
 01 00 00 00 FF 00 00 00

000:STREAM                     1281181055.641797
 01 00 00 00 FF 00 00 00

000:STREAM                     1281181055.685795
 01 00 00 00 FF 00 00 00

000:STREAM                     1281181055.713798
 01 00 00 00 FF 00 00 00

000:STREAM                     1281181055.753799
 01 00 00 00 FF 00 00 00

000:STREAM                     1281181055.797802
 01 00 00 00 FF 00 00 00

000:STREAM                     1281181055.813799
 01 00 00 00 FF 00 00 00

000:STREAM                     1281181055.829784
 01 00 00 00 FF 00 00 00

000:STREAM                     1281181055.901799
 01 00 00 00 FF 00 00 00

000:STREAM                     1281181056.029801
 01 00 00 00 FF 00 00 00

000:STREAM                     1281181056.045797
 01 00 00 00 FF 00 00 00

000:STREAM                     1281181056.065800
 01 00 00 00 FF 00 00 00

000:STREAM                     1281181056.085801
 01 00 00 00 FF 00 00 00

000:STREAM                     1281181056.145800
 01 00 00 00 FF 00 00 00

000:STREAM                     1281181056.213800
 01 00 00 00 FF 00 00 00

000:STREAM                     1281181056.233798
 01 00 00 00 FF 00 00 00

000:STREAM                     1281181056.249793
 01 00 00 00 FF 00 00 00

000:STREAM                     1281181056.293792
 01 00 00 00 FF 00 00 00

