000:STREAM                     1281181433.360028
 0C 04 00 00 00 00 00 00

000:STREAM                     1281181433.788003
 0C 04 00 00 00 00 00 00

000:STREAM                     1281181434.132002
 0C 04 00 00 00 00 00 00

000:STREAM                     1281181434.511992
 0C 04 00 00 00 00 00 00

000:STREAM                     1281181435.447982
 0C 04 00 00 00 00 00 00

000:STREAM                     1281181435.803993
 0C 04 00 00 00 00 00 00

000:STREAM                     1281181436.123984
 0C 04 00 00 00 00 00 00

000:STREAM                     1281181436.467994
 0C 04 00 00 00 00 00 00

000:STREAM                     1281181436.787989
 0C 04 00 00 00 00 00 00

000:STREAM                     1281181437.095988
 0C 04 00 00 00 00 00 00

000:STREAM                     1281181437.463984
 0C 04 00 00 00 00 00 00

000:STREAM                     1281181437.771978
 0C 04 00 00 00 00 00 00

