000:STREAM                     1281181449.347961
 0D 00 00 2C 00 00 00 00

000:STREAM                     1281181449.487918
 0D 00 00 00 00 00 00 00

000:STREAM                     1281181449.691931
 0D 00 00 2C 00 00 00 00

000:STREAM                     1281181449.771924
 0D 00 00 00 00 00 00 00

000:STREAM                     1281181450.023914
 0D 00 00 2C 00 00 00 00

000:STREAM                     1281181450.151918
 0D 00 00 00 00 00 00 00

000:STREAM                     1281181450.379926
 0D 00 00 2C 00 00 00 00

000:STREAM                     1281181450.495921
 0D 00 00 00 00 00 00 00

000:STREAM                     1281181451.111917
 0D 00 00 2C 00 00 00 00

000:STREAM                     1281181451.195918
 0D 00 00 00 00 00 00 00

000:STREAM                     1281181451.455919
 0D 00 00 2C 00 00 00 00

000:STREAM                     1281181451.595918
 0D 00 00 00 00 00 00 00

000:STREAM                     1281181451.823913
 0D 00 00 2C 00 00 00 00

000:STREAM                     1281181451.963919
 0D 00 00 00 00 00 00 00

000:STREAM                     1281181452.223921
 0D 00 00 2C 00 00 00 00

000:STREAM                     1281181452.367917
 0D 00 00 00 00 00 00 00

000:STREAM                     1281181452.579910
 0D 00 00 2C 00 00 00 00

000:STREAM                     1281181452.687901
 0D 00 00 00 00 00 00 00

000:STREAM                     1281181453.019895
 0D 00 00 2C 00 00 00 00

000:STREAM                     1281181453.171909
 0D 00 00 00 00 00 00 00

000:STREAM                     1281181453.411901
 0D 00 00 2C 00 00 00 00

000:STREAM                     1281181453.527915
 0D 00 00 00 00 00 00 00

000:STREAM                     1281181453.731906
 0D 00 00 2C 00 00 00 00

000:STREAM                     1281181453.871903
 0D 00 00 00 00 00 00 00

000:STREAM                     1281181454.075905
 0D 00 00 2C 00 00 00 00

000:STREAM                     1281181454.191904
 0D 00 00 00 00 00 00 00

000:STREAM                     1281181454.527904
 0D 00 00 2C 00 00 00 00

000:STREAM                     1281181454.683900
 0D 00 00 00 00 00 00 00

000:STREAM                     1281181454.883903
 0D 00 00 2C 00 00 00 00

000:STREAM                     1281181455.023892
 0D 00 00 00 00 00 00 00

000:STREAM                     1281181455.227891
 0D 00 00 2C 00 00 00 00

000:STREAM                     1281181455.347898
 0D 00 00 00 00 00 00 00

000:STREAM                     1281181455.559909
 0D 00 00 2C 00 00 00 00

000:STREAM                     1281181455.687889
 0D 00 00 00 00 00 00 00

