000:STREAM                     1281181127.825478
 0D 00 00 30 00 00 00 00

000:STREAM                     1281181127.828424
 0D 00 00 00 00 00 00 00

000:STREAM                     1281181127.929453
 0D 00 00 30 00 00 00 00

000:STREAM                     1281181127.933437
 0D 00 00 00 00 00 00 00

000:STREAM                     1281181127.973450
 0D 00 00 30 00 00 00 00

000:STREAM                     1281181127.976419
 0D 00 00 00 00 00 00 00

000:STREAM                     1281181128.017453
 0D 00 00 30 00 00 00 00

000:STREAM                     1281181128.020420
 0D 00 00 00 00 00 00 00

000:STREAM                     1281181128.061456
 0D 00 00 30 00 00 00 00

000:STREAM                     1281181128.064417
 0D 00 00 00 00 00 00 00

000:STREAM                     1281181128.105454
 0D 00 00 30 00 00 00 00

000:STREAM                     1281181128.108428
 0D 00 00 00 00 00 00 00

000:STREAM                     1281181128.137455
 0D 00 00 30 00 00 00 00

000:STREAM                     1281181128.140419
 0D 00 00 00 00 00 00 00

000:STREAM                     1281181128.185457
 0D 00 00 30 00 00 00 00

000:STREAM                     1281181128.189434
 0D 00 00 00 00 00 00 00

000:STREAM                     1281181128.205458
 0D 00 00 30 00 00 00 00

000:STREAM                     1281181128.209431
 0D 00 00 00 00 00 00 00

000:STREAM                     1281181128.261457
 0D 00 00 30 00 00 00 00

000:STREAM                     1281181128.265433
 0D 00 00 00 00 00 00 00

000:STREAM                     1281181128.297458
 0D 00 00 30 00 00 00 00

000:STREAM                     1281181128.301440
 0D 00 00 00 00 00 00 00

000:STREAM                     1281181128.317458
 0D 00 00 30 00 00 00 00

000:STREAM                     1281181128.321430
 0D 00 00 00 00 00 00 00

000:STREAM                     1281181128.337454
 0D 00 00 30 00 00 00 00

000:STREAM                     1281181128.340425
 0D 00 00 00 00 00 00 00

000:STREAM                     1281181128.373458
 0D 00 00 30 00 00 00 00

000:STREAM                     1281181128.377434
 0D 00 00 00 00 00 00 00

000:STREAM                     1281181128.393448
 0D 00 00 30 00 00 00 00

000:STREAM                     1281181128.397428
 0D 00 00 00 00 00 00 00

000:STREAM                     1281181128.425451
 0D 00 00 30 00 00 00 00

000:STREAM                     1281181128.428450
 0D 00 00 00 00 00 00 00

000:STREAM                     1281181128.457452
 0D 00 00 30 00 00 00 00

000:STREAM                     1281181128.461435
 0D 00 00 00 00 00 00 00

000:STREAM                     1281181128.501445
 0D 00 00 30 00 00 00 00

000:STREAM                     1281181128.505441
 0D 00 00 00 00 00 00 00

000:STREAM                     1281181128.537452
 0D 00 00 30 00 00 00 00

000:STREAM                     1281181128.541442
 0D 00 00 00 00 00 00 00

000:STREAM                     1281181128.557453
 0D 00 00 30 00 00 00 00

000:STREAM                     1281181128.561432
 0D 00 00 00 00 00 00 00

000:STREAM                     1281181128.649463
 0D 00 00 30 00 00 00 00

000:STREAM                     1281181128.652435
 0D 00 00 00 00 00 00 00

000:STREAM                     1281181128.705455
 0D 00 00 30 00 00 00 00

000:STREAM                     1281181128.708423
 0D 00 00 00 00 00 00 00

000:STREAM                     1281181128.737446
 0D 00 00 30 00 00 00 00

000:STREAM                     1281181128.740442
 0D 00 00 00 00 00 00 00

000:STREAM                     1281181128.773454
 0D 00 00 30 00 00 00 00

000:STREAM                     1281181128.776450
 0D 00 00 00 00 00 00 00

000:STREAM                     1281181128.809455
 0D 00 00 30 00 00 00 00

000:STREAM                     1281181128.813435
 0D 00 00 00 00 00 00 00

000:STREAM                     1281181128.833450
 0D 00 00 30 00 00 00 00

000:STREAM                     1281181128.836473
 0D 00 00 00 00 00 00 00

000:STREAM                     1281181128.853452
 0D 00 00 30 00 00 00 00

000:STREAM                     1281181128.857432
 0D 00 00 00 00 00 00 00

000:STREAM                     1281181128.889454
 0D 00 00 30 00 00 00 00

000:STREAM                     1281181128.892435
 0D 00 00 00 00 00 00 00

000:STREAM                     1281181128.925456
 0D 00 00 30 00 00 00 00

000:STREAM                     1281181128.928424
 0D 00 00 00 00 00 00 00

000:STREAM                     1281181129.025448
 0D 00 00 30 00 00 00 00

000:STREAM                     1281181129.028424
 0D 00 00 00 00 00 00 00

000:STREAM                     1281181129.341444
 0D 00 00 30 00 00 00 00

000:STREAM                     1281181129.345440
 0D 00 00 00 00 00 00 00

000:STREAM                     1281181129.385452
 0D 00 00 30 00 00 00 00

000:STREAM                     1281181129.388485
 0D 00 00 00 00 00 00 00

000:STREAM                     1281181129.453450
 0D 00 00 30 00 00 00 00

000:STREAM                     1281181129.456486
 0D 00 00 00 00 00 00 00

000:STREAM                     1281181129.489439
 0D 00 00 30 00 00 00 00

000:STREAM                     1281181129.492490
 0D 00 00 00 00 00 00 00

000:STREAM                     1281181129.509448
 0D 00 00 30 00 00 00 00

000:STREAM                     1281181129.513430
 0D 00 00 00 00 00 00 00

000:STREAM                     1281181129.529454
 0D 00 00 30 00 00 00 00

000:STREAM                     1281181129.533425
 0D 00 00 00 00 00 00 00

000:STREAM                     1281181129.573452
 0D 00 00 30 00 00 00 00

000:STREAM                     1281181129.577426
 0D 00 00 00 00 00 00 00

000:STREAM                     1281181129.617448
 0D 00 00 30 00 00 00 00

000:STREAM                     1281181129.620491
 0D 00 00 00 00 00 00 00

000:STREAM                     1281181129.637448
 0D 00 00 30 00 00 00 00

000:STREAM                     1281181129.640463
 0D 00 00 00 00 00 00 00

000:STREAM                     1281181129.721450
 0D 00 00 30 00 00 00 00

000:STREAM                     1281181129.724478
 0D 00 00 00 00 00 00 00

000:STREAM                     1281181129.741441
 0D 00 00 30 00 00 00 00

000:STREAM                     1281181129.745437
 0D 00 00 00 00 00 00 00

000:STREAM                     1281181129.761446
 0D 00 00 30 00 00 00 00

000:STREAM                     1281181129.765427
 0D 00 00 00 00 00 00 00

000:STREAM                     1281181129.797441
 0D 00 00 30 00 00 00 00

000:STREAM                     1281181129.800487
 0D 00 00 00 00 00 00 00

000:STREAM                     1281181129.841440
 0D 00 00 30 00 00 00 00

000:STREAM                     1281181129.844439
 0D 00 00 00 00 00 00 00

000:STREAM                     1281181129.877441
 0D 00 00 30 00 00 00 00

000:STREAM                     1281181129.880483
 0D 00 00 00 00 00 00 00

000:STREAM                     1281181129.913451
 0D 00 00 30 00 00 00 00

000:STREAM                     1281181129.916479
 0D 00 00 00 00 00 00 00

000:STREAM                     1281181129.933442
 0D 00 00 30 00 00 00 00

000:STREAM                     1281181129.937430
 0D 00 00 00 00 00 00 00

000:STREAM                     1281181129.953441
 0D 00 00 30 00 00 00 00

000:STREAM                     1281181129.957429
 0D 00 00 00 00 00 00 00

000:STREAM                     1281181129.973449
 0D 00 00 30 00 00 00 00

000:STREAM                     1281181129.976469
 0D 00 00 00 00 00 00 00

000:STREAM                     1281181130.021442
 0D 00 00 30 00 00 00 00

000:STREAM                     1281181130.025426
 0D 00 00 00 00 00 00 00

000:STREAM                     1281181130.137443
 0D 00 00 30 00 00 00 00

000:STREAM                     1281181130.141432
 0D 00 00 00 00 00 00 00

000:STREAM                     1281181130.173440
 0D 00 00 30 00 00 00 00

000:STREAM                     1281181130.176464
 0D 00 00 00 00 00 00 00

000:STREAM                     1281181130.193443
 0D 00 00 30 00 00 00 00

000:STREAM                     1281181130.196502
 0D 00 00 00 00 00 00 00

000:STREAM                     1281181130.213449
 0D 00 00 30 00 00 00 00

000:STREAM                     1281181130.216412
 0D 00 00 00 00 00 00 00

000:STREAM                     1281181130.233443
 0D 00 00 30 00 00 00 00

000:STREAM                     1281181130.237421
 0D 00 00 00 00 00 00 00

000:STREAM                     1281181130.253442
 0D 00 00 30 00 00 00 00

000:STREAM                     1281181130.257428
 0D 00 00 00 00 00 00 00

000:STREAM                     1281181130.297443
 0D 00 00 30 00 00 00 00

000:STREAM                     1281181130.301421
 0D 00 00 00 00 00 00 00

000:STREAM                     1281181130.317442
 0D 00 00 30 00 00 00 00

000:STREAM                     1281181130.320461
 0D 00 00 00 00 00 00 00

000:STREAM                     1281181130.353450
 0D 00 00 30 00 00 00 00

000:STREAM                     1281181130.357420
 0D 00 00 00 00 00 00 00

000:STREAM                     1281181130.373443
 0D 00 00 30 00 00 00 00

000:STREAM                     1281181130.377424
 0D 00 00 00 00 00 00 00

000:STREAM                     1281181130.393444
 0D 00 00 30 00 00 00 00

000:STREAM                     1281181130.397427
 0D 00 00 00 00 00 00 00

000:STREAM                     1281181130.429444
 0D 00 00 30 00 00 00 00

000:STREAM                     1281181130.432491
 0D 00 00 00 00 00 00 00

000:STREAM                     1281181130.449444
 0D 00 00 30 00 00 00 00

000:STREAM                     1281181130.453421
 0D 00 00 00 00 00 00 00

000:STREAM                     1281181130.481440
 0D 00 00 30 00 00 00 00

000:STREAM                     1281181130.484493
 0D 00 00 00 00 00 00 00

000:STREAM                     1281181130.501443
 0D 00 00 30 00 00 00 00

000:STREAM                     1281181130.504414
 0D 00 00 00 00 00 00 00

000:STREAM                     1281181130.537445
 0D 00 00 30 00 00 00 00

000:STREAM                     1281181130.541420
 0D 00 00 00 00 00 00 00

000:STREAM                     1281181130.557450
 0D 00 00 30 00 00 00 00

000:STREAM                     1281181130.561415
 0D 00 00 00 00 00 00 00

000:STREAM                     1281181130.621445
 0D 00 00 30 00 00 00 00

000:STREAM                     1281181130.624481
 0D 00 00 00 00 00 00 00

000:STREAM                     1281181130.641443
 0D 00 00 30 00 00 00 00

000:STREAM                     1281181130.645424
 0D 00 00 00 00 00 00 00

000:STREAM                     1281181130.661437
 0D 00 00 30 00 00 00 00

000:STREAM                     1281181130.665424
 0D 00 00 00 00 00 00 00

000:STREAM                     1281181130.681441
 0D 00 00 30 00 00 00 00

000:STREAM                     1281181130.684455
 0D 00 00 00 00 00 00 00

000:STREAM                     1281181130.725437
 0D 00 00 30 00 00 00 00

000:STREAM                     1281181130.729424
 0D 00 00 00 00 00 00 00

000:STREAM                     1281181130.769440
 0D 00 00 30 00 00 00 00

000:STREAM                     1281181130.773428
 0D 00 00 00 00 00 00 00

000:STREAM                     1281181130.789442
 0D 00 00 30 00 00 00 00

000:STREAM                     1281181130.793425
 0D 00 00 00 00 00 00 00

000:STREAM                     1281181130.809439
 0D 00 00 30 00 00 00 00

000:STREAM                     1281181130.812466
 0D 00 00 00 00 00 00 00

000:STREAM                     1281181130.845433
 0D 00 00 30 00 00 00 00

000:STREAM                     1281181130.849429
 0D 00 00 00 00 00 00 00

000:STREAM                     1281181130.865428
 0D 00 00 30 00 00 00 00

000:STREAM                     1281181130.869416
 0D 00 00 00 00 00 00 00

000:STREAM                     1281181130.885441
 0D 00 00 30 00 00 00 00

000:STREAM                     1281181130.889414
 0D 00 00 00 00 00 00 00

000:STREAM                     1281181130.905439
 0D 00 00 30 00 00 00 00

000:STREAM                     1281181130.908467
 0D 00 00 00 00 00 00 00

000:STREAM                     1281181131.025438
 0D 00 00 30 00 00 00 00

000:STREAM                     1281181131.028490
 0D 00 00 00 00 00 00 00

000:STREAM                     1281181131.045435
 0D 00 00 30 00 00 00 00

000:STREAM                     1281181131.048490
 0D 00 00 00 00 00 00 00

000:STREAM                     1281181131.081439
 0D 00 00 30 00 00 00 00

000:STREAM                     1281181131.084479
 0D 00 00 00 00 00 00 00

000:STREAM                     1281181131.101436
 0D 00 00 30 00 00 00 00

000:STREAM                     1281181131.105417
 0D 00 00 00 00 00 00 00

000:STREAM                     1281181131.121438
 0D 00 00 30 00 00 00 00

000:STREAM                     1281181131.125419
 0D 00 00 00 00 00 00 00

000:STREAM                     1281181131.141431
 0D 00 00 30 00 00 00 00

000:STREAM                     1281181131.145414
 0D 00 00 00 00 00 00 00

000:STREAM                     1281181131.161434
 0D 00 00 30 00 00 00 00

000:STREAM                     1281181131.164465
 0D 00 00 00 00 00 00 00

000:STREAM                     1281181131.181439
 0D 00 00 30 00 00 00 00

000:STREAM                     1281181131.185414
 0D 00 00 00 00 00 00 00

