000:STREAM                     1281180945.958347
 01 00 00 00 01 00 00 00

000:STREAM                     1281180946.014328
 01 00 00 00 01 00 00 00

000:STREAM                     1281180946.078321
 01 00 00 00 01 00 00 00

000:STREAM                     1281180946.134321
 01 00 00 00 01 00 00 00

000:STREAM                     1281180946.190327
 01 00 00 00 01 00 00 00

000:STREAM                     1281180946.246320
 01 00 00 00 01 00 00 00

000:STREAM                     1281180946.302326
 01 00 00 00 01 00 00 00

000:STREAM                     1281180946.354312
 01 00 00 00 01 00 00 00

000:STREAM                     1281180946.398330
 01 00 00 00 01 00 00 00

000:STREAM                     1281180946.454311
 01 00 00 00 01 00 00 00

000:STREAM                     1281180946.522322
 01 00 00 00 01 00 00 00

000:STREAM                     1281180946.554314
 01 00 00 00 01 00 00 00

000:STREAM                     1281180946.586320
 01 00 00 00 01 00 00 00

000:STREAM                     1281180946.618326
 01 00 00 00 01 00 00 00

000:STREAM                     1281180946.658315
 01 00 00 00 01 00 00 00

000:STREAM                     1281180946.702315
 01 00 00 00 01 00 00 00

000:STREAM                     1281180947.102323
 01 00 00 00 FF 00 00 00

000:STREAM                     1281180947.170317
 01 00 00 00 FF 00 00 00

000:STREAM                     1281180947.222318
 01 00 00 00 FF 00 00 00

000:STREAM                     1281180947.254317
 01 00 00 00 FF 00 00 00

000:STREAM                     1281180947.298317
 01 00 00 00 FF 00 00 00

000:STREAM                     1281180947.330318
 01 00 00 00 FF 00 00 00

000:STREAM                     1281180947.374319
 01 00 00 00 FF 00 00 00

000:STREAM                     1281180947.402317
 01 00 00 00 FF 00 00 00

000:STREAM                     1281180947.434315
 01 00 00 00 FF 00 00 00

000:STREAM                     1281180947.478316
 01 00 00 00 FF 00 00 00

000:STREAM                     1281180947.506305
 01 00 00 00 FF 00 00 00

000:STREAM                     1281180947.550310
 01 00 00 00 FF 00 00 00

000:STREAM                     1281180947.582310
 01 00 00 00 FF 00 00 00

000:STREAM                     1281180947.626313
 01 00 00 00 FF 00 00 00

000:STREAM                     1281180947.658313
 01 00 00 00 FF 00 00 00

000:STREAM                     1281180947.690302
 01 00 00 00 FF 00 00 00

000:STREAM                     1281180947.722308
 01 00 00 00 FF 00 00 00

000:STREAM                     1281180947.762308
 01 00 00 00 FF 00 00 00

000:STREAM                     1281180947.806307
 01 00 00 00 FF 00 00 00

000:STREAM                     1281180947.850309
 01 00 00 00 FF 00 00 00

000:STREAM                     1281180947.906319
 01 00 00 00 FF 00 00 00

000:STREAM                     1281180948.010318
 01 00 00 00 FF 00 00 00

000:STREAM                     1281180948.346312
 01 00 00 00 01 00 00 00

000:STREAM                     1281180948.402312
 01 00 00 00 01 00 00 00

000:STREAM                     1281180948.458310
 01 00 00 00 01 00 00 00

000:STREAM                     1281180948.478311
 01 00 00 00 01 00 00 00

000:STREAM                     1281180948.510313
 01 00 00 00 01 00 00 00

000:STREAM                     1281180948.542310
 01 00 00 00 01 00 00 00

000:STREAM                     1281180948.586306
 01 00 00 00 01 00 00 00

000:STREAM                     1281180948.618308
 01 00 00 00 01 00 00 00

000:STREAM                     1281180948.658310
 01 00 00 00 01 00 00 00

000:STREAM                     1281180948.702303
 01 00 00 00 01 00 00 00

000:STREAM                     1281180948.746311
 01 00 00 00 01 00 00 00

000:STREAM                     1281180948.790318
 01 00 00 00 01 00 00 00

000:STREAM                     1281180948.834305
 01 00 00 00 01 00 00 00

000:STREAM                     1281180948.866312
 01 00 00 00 01 00 00 00

000:STREAM                     1281180948.962306
 01 00 00 00 01 00 00 00

000:STREAM                     1281180948.990309
 01 00 00 00 01 00 00 00

000:STREAM                     1281180949.034312
 01 00 00 00 01 00 00 00

000:STREAM                     1281180949.078305
 01 00 00 00 01 00 00 00

000:STREAM                     1281180949.122312
 01 00 00 00 01 00 00 00

000:STREAM                     1281180949.450306
 01 00 00 00 FF 00 00 00

000:STREAM                     1281180949.506299
 01 00 00 00 FF 00 00 00

000:STREAM                     1281180949.550287
 01 00 00 00 FF 00 00 00

000:STREAM                     1281180949.582299
 01 00 00 00 FF 00 00 00

000:STREAM                     1281180949.614307
 01 00 00 00 FF 00 00 00

000:STREAM                     1281180949.642305
 01 00 00 00 FF 00 00 00

000:STREAM                     1281180949.674299
 01 00 00 00 FF 00 00 00

000:STREAM                     1281180949.718300
 01 00 00 00 FF 00 00 00

000:STREAM                     1281180949.750299
 01 00 00 00 FF 00 00 00

000:STREAM                     1281180949.794300
 01 00 00 00 FF 00 00 00

000:STREAM                     1281180949.826312
 01 00 00 00 FF 00 00 00

000:STREAM                     1281180949.858307
 01 00 00 00 FF 00 00 00

000:STREAM                     1281180949.902302
 01 00 00 00 FF 00 00 00

000:STREAM                     1281180949.942301
 01 00 00 00 FF 00 00 00

000:STREAM                     1281180949.974301
 01 00 00 00 FF 00 00 00

000:STREAM                     1281180950.018302
 01 00 00 00 FF 00 00 00

000:STREAM                     1281180950.062302
 01 00 00 00 FF 00 00 00

000:STREAM                     1281180950.106307
 01 00 00 00 FF 00 00 00

000:STREAM                     1281180950.174302
 01 00 00 00 FF 00 00 00

