000:STREAM                     1280570827.875554
 0D 00 00 30 00 00 00 00

000:STREAM                     1280570827.879506
 0D 00 00 00 00 00 00 00

000:STREAM                     1280570827.943533
 0D 00 00 30 00 00 00 00

000:STREAM                     1280570827.947526
 0D 00 00 00 00 00 00 00

000:STREAM                     1280570827.999531
 0D 00 00 30 00 00 00 00

000:STREAM                     1280570828.003521
 0D 00 00 00 00 00 00 00

000:STREAM                     1280570828.035532
 0D 00 00 30 00 00 00 00

000:STREAM                     1280570828.039502
 0D 00 00 00 00 00 00 00

000:STREAM                     1280570828.071533
 0D 00 00 30 00 00 00 00

000:STREAM                     1280570828.075504
 0D 00 00 00 00 00 00 00

000:STREAM                     1280570828.107531
 0D 00 00 30 00 00 00 00

000:STREAM                     1280570828.111504
 0D 00 00 00 00 00 00 00

000:STREAM                     1280570828.151533
 0D 00 00 30 00 00 00 00

000:STREAM                     1280570828.155503
 0D 00 00 00 00 00 00 00

000:STREAM                     1280570828.223533
 0D 00 00 30 00 00 00 00

000:STREAM                     1280570828.227697
 0D 00 00 00 00 00 00 00

000:STREAM                     1280570828.271534
 0D 00 00 30 00 00 00 00

000:STREAM                     1280570828.275503
 0D 00 00 00 00 00 00 00

000:STREAM                     1280570828.327536
 0D 00 00 30 00 00 00 00

000:STREAM                     1280570828.331504
 0D 00 00 00 00 00 00 00

000:STREAM                     1280570828.383534
 0D 00 00 30 00 00 00 00

000:STREAM                     1280570828.387521
 0D 00 00 00 00 00 00 00

000:STREAM                     1280570828.403532
 0D 00 00 30 00 00 00 00

000:STREAM                     1280570828.407503
 0D 00 00 00 00 00 00 00

000:STREAM                     1280570828.463533
 0D 00 00 30 00 00 00 00

000:STREAM                     1280570828.467502
 0D 00 00 00 00 00 00 00

000:STREAM                     1280570828.519532
 0D 00 00 30 00 00 00 00

000:STREAM                     1280570828.523523
 0D 00 00 00 00 00 00 00

000:STREAM                     1280570828.567535
 0D 00 00 30 00 00 00 00

000:STREAM                     1280570828.571503
 0D 00 00 00 00 00 00 00

000:STREAM                     1280570828.615535
 0D 00 00 30 00 00 00 00

000:STREAM                     1280570828.619706
 0D 00 00 00 00 00 00 00

000:STREAM                     1280570828.671534
 0D 00 00 30 00 00 00 00

000:STREAM                     1280570828.675639
 0D 00 00 00 00 00 00 00

000:STREAM                     1280570828.715533
 0D 00 00 30 00 00 00 00

000:STREAM                     1280570828.719515
 0D 00 00 00 00 00 00 00

000:STREAM                     1280570828.759534
 0D 00 00 30 00 00 00 00

000:STREAM                     1280570828.763504
 0D 00 00 00 00 00 00 00

000:STREAM                     1280570828.815533
 0D 00 00 30 00 00 00 00

000:STREAM                     1280570828.819504
 0D 00 00 00 00 00 00 00

000:STREAM                     1280570828.851531
 0D 00 00 30 00 00 00 00

000:STREAM                     1280570828.855503
 0D 00 00 00 00 00 00 00

000:STREAM                     1280570828.875538
 0D 00 00 30 00 00 00 00

000:STREAM                     1280570828.879526
 0D 00 00 00 00 00 00 00

000:STREAM                     1280570828.923531
 0D 00 00 30 00 00 00 00

000:STREAM                     1280570828.927503
 0D 00 00 00 00 00 00 00

000:STREAM                     1280570828.971535
 0D 00 00 30 00 00 00 00

000:STREAM                     1280570828.975504
 0D 00 00 00 00 00 00 00

000:STREAM                     1280570829.007528
 0D 00 00 30 00 00 00 00

000:STREAM                     1280570829.011503
 0D 00 00 00 00 00 00 00

000:STREAM                     1280570829.043532
 0D 00 00 30 00 00 00 00

000:STREAM                     1280570829.047503
 0D 00 00 00 00 00 00 00

000:STREAM                     1280570829.079531
 0D 00 00 30 00 00 00 00

000:STREAM                     1280570829.083506
 0D 00 00 00 00 00 00 00

000:STREAM                     1280570829.115533
 0D 00 00 30 00 00 00 00

000:STREAM                     1280570829.119505
 0D 00 00 00 00 00 00 00

000:STREAM                     1280570829.147533
 0D 00 00 30 00 00 00 00

000:STREAM                     1280570829.151504
 0D 00 00 00 00 00 00 00

000:STREAM                     1280570829.195532
 0D 00 00 30 00 00 00 00

000:STREAM                     1280570829.199505
 0D 00 00 00 00 00 00 00

000:STREAM                     1280570829.243535
 0D 00 00 30 00 00 00 00

000:STREAM                     1280570829.247518
 0D 00 00 00 00 00 00 00

000:STREAM                     1280570829.287533
 0D 00 00 30 00 00 00 00

000:STREAM                     1280570829.291524
 0D 00 00 00 00 00 00 00

000:STREAM                     1280570829.323536
 0D 00 00 30 00 00 00 00

000:STREAM                     1280570829.326538
 0D 00 00 00 00 00 00 00

000:STREAM                     1280570829.343537
 0D 00 00 30 00 00 00 00

000:STREAM                     1280570829.347502
 0D 00 00 00 00 00 00 00

000:STREAM                     1280570829.371533
 0D 00 00 30 00 00 00 00

000:STREAM                     1280570829.375502
 0D 00 00 00 00 00 00 00

000:STREAM                     1280570829.451536
 0D 00 00 30 00 00 00 00

000:STREAM                     1280570829.455522
 0D 00 00 00 00 00 00 00

000:STREAM                     1280570829.487533
 0D 00 00 30 00 00 00 00

000:STREAM                     1280570829.491503
 0D 00 00 00 00 00 00 00

000:STREAM                     1280570829.579532
 0D 00 00 30 00 00 00 00

000:STREAM                     1280570829.583504
 0D 00 00 00 00 00 00 00

000:STREAM                     1280570830.419534
 0D 00 00 2F 00 00 00 00

000:STREAM                     1280570830.423512
 0D 00 00 00 00 00 00 00

000:STREAM                     1280570830.463534
 0D 00 00 2F 00 00 00 00

000:STREAM                     1280570830.467505
 0D 00 00 00 00 00 00 00

000:STREAM                     1280570830.483531
 0D 00 00 2F 00 00 00 00

000:STREAM                     1280570830.487503
 0D 00 00 00 00 00 00 00

000:STREAM                     1280570830.519536
 0D 00 00 2F 00 00 00 00

000:STREAM                     1280570830.523697
 0D 00 00 00 00 00 00 00

000:STREAM                     1280570830.555540
 0D 00 00 2F 00 00 00 00

000:STREAM                     1280570830.559505
 0D 00 00 00 00 00 00 00

000:STREAM                     1280570830.611534
 0D 00 00 2F 00 00 00 00

000:STREAM                     1280570830.615526
 0D 00 00 00 00 00 00 00

000:STREAM                     1280570830.643533
 0D 00 00 2F 00 00 00 00

000:STREAM                     1280570830.647503
 0D 00 00 00 00 00 00 00

000:STREAM                     1280570830.691535
 0D 00 00 2F 00 00 00 00

000:STREAM                     1280570830.695504
 0D 00 00 00 00 00 00 00

000:STREAM                     1280570830.727534
 0D 00 00 2F 00 00 00 00

000:STREAM                     1280570830.731688
 0D 00 00 00 00 00 00 00

000:STREAM                     1280570830.763531
 0D 00 00 2F 00 00 00 00

000:STREAM                     1280570830.767504
 0D 00 00 00 00 00 00 00

000:STREAM                     1280570830.799536
 0D 00 00 2F 00 00 00 00

000:STREAM                     1280570830.803503
 0D 00 00 00 00 00 00 00

000:STREAM                     1280570830.831533
 0D 00 00 2F 00 00 00 00

000:STREAM                     1280570830.835504
 0D 00 00 00 00 00 00 00

000:STREAM                     1280570830.867531
 0D 00 00 2F 00 00 00 00

000:STREAM                     1280570830.871504
 0D 00 00 00 00 00 00 00

000:STREAM                     1280570830.887533
 0D 00 00 2F 00 00 00 00

000:STREAM                     1280570830.891636
 0D 00 00 00 00 00 00 00

000:STREAM                     1280570830.935532
 0D 00 00 2F 00 00 00 00

000:STREAM                     1280570830.939642
 0D 00 00 00 00 00 00 00

000:STREAM                     1280570830.995531
 0D 00 00 2F 00 00 00 00

000:STREAM                     1280570830.999523
 0D 00 00 00 00 00 00 00

000:STREAM                     1280570831.051534
 0D 00 00 2F 00 00 00 00

000:STREAM                     1280570831.055503
 0D 00 00 00 00 00 00 00

000:STREAM                     1280570831.095533
 0D 00 00 2F 00 00 00 00

000:STREAM                     1280570831.099504
 0D 00 00 00 00 00 00 00

000:STREAM                     1280570831.139535
 0D 00 00 2F 00 00 00 00

000:STREAM                     1280570831.143639
 0D 00 00 00 00 00 00 00

000:STREAM                     1280570831.195535
 0D 00 00 2F 00 00 00 00

000:STREAM                     1280570831.199692
 0D 00 00 00 00 00 00 00

000:STREAM                     1280570831.259530
 0D 00 00 2F 00 00 00 00

000:STREAM                     1280570831.263504
 0D 00 00 00 00 00 00 00

000:STREAM                     1280570831.295534
 0D 00 00 2F 00 00 00 00

000:STREAM                     1280570831.299521
 0D 00 00 00 00 00 00 00

000:STREAM                     1280570831.343532
 0D 00 00 2F 00 00 00 00

000:STREAM                     1280570831.347503
 0D 00 00 00 00 00 00 00

000:STREAM                     1280570831.363534
 0D 00 00 2F 00 00 00 00

000:STREAM                     1280570831.367700
 0D 00 00 00 00 00 00 00

000:STREAM                     1280570831.383599
 0D 00 00 2F 00 00 00 00

000:STREAM                     1280570831.387519
 0D 00 00 00 00 00 00 00

000:STREAM                     1280570831.419536
 0D 00 00 2F 00 00 00 00

000:STREAM                     1280570831.423696
 0D 00 00 00 00 00 00 00

000:STREAM                     1280570831.455536
 0D 00 00 2F 00 00 00 00

000:STREAM                     1280570831.459504
 0D 00 00 00 00 00 00 00

000:STREAM                     1280570831.499535
 0D 00 00 2F 00 00 00 00

000:STREAM                     1280570831.503498
 0D 00 00 00 00 00 00 00

000:STREAM                     1280570831.535538
 0D 00 00 2F 00 00 00 00

000:STREAM                     1280570831.539708
 0D 00 00 00 00 00 00 00

000:STREAM                     1280570831.571538
 0D 00 00 2F 00 00 00 00

000:STREAM                     1280570831.575502
 0D 00 00 00 00 00 00 00

000:STREAM                     1280570831.607535
 0D 00 00 2F 00 00 00 00

000:STREAM                     1280570831.611500
 0D 00 00 00 00 00 00 00

000:STREAM                     1280570831.627534
 0D 00 00 2F 00 00 00 00

000:STREAM                     1280570831.631496
 0D 00 00 00 00 00 00 00

000:STREAM                     1280570831.659532
 0D 00 00 2F 00 00 00 00

000:STREAM                     1280570831.663528
 0D 00 00 00 00 00 00 00

000:STREAM                     1280570831.715508
 0D 00 00 2F 00 00 00 00

000:STREAM                     1280570831.719504
 0D 00 00 00 00 00 00 00

000:STREAM                     1280570831.751537
 0D 00 00 2F 00 00 00 00

000:STREAM                     1280570831.755503
 0D 00 00 00 00 00 00 00

000:STREAM                     1280570831.795532
 0D 00 00 2F 00 00 00 00

000:STREAM                     1280570831.799634
 0D 00 00 00 00 00 00 00

000:STREAM                     1280570831.867535
 0D 00 00 2F 00 00 00 00

000:STREAM                     1280570831.871505
 0D 00 00 00 00 00 00 00

000:STREAM                     1280570831.915532
 0D 00 00 2F 00 00 00 00

000:STREAM                     1280570831.919526
 0D 00 00 00 00 00 00 00

000:STREAM                     1280570831.987513
 0D 00 00 2F 00 00 00 00

000:STREAM                     1280570831.991504
 0D 00 00 00 00 00 00 00

000:STREAM                     1280570832.023533
 0D 00 00 2F 00 00 00 00

000:STREAM                     1280570832.027504
 0D 00 00 00 00 00 00 00

000:STREAM                     1280570832.055535
 0D 00 00 2F 00 00 00 00

000:STREAM                     1280570832.059503
 0D 00 00 00 00 00 00 00

000:STREAM                     1280570832.091535
 0D 00 00 2F 00 00 00 00

000:STREAM                     1280570832.095523
 0D 00 00 00 00 00 00 00

000:STREAM                     1280570832.111535
 0D 00 00 2F 00 00 00 00

000:STREAM                     1280570832.115504
 0D 00 00 00 00 00 00 00

000:STREAM                     1280570832.159533
 0D 00 00 2F 00 00 00 00

000:STREAM                     1280570832.163504
 0D 00 00 00 00 00 00 00

000:STREAM                     1280570832.179533
 0D 00 00 2F 00 00 00 00

000:STREAM                     1280570832.183504
 0D 00 00 00 00 00 00 00

000:STREAM                     1280570832.199534
 0D 00 00 2F 00 00 00 00

000:STREAM                     1280570832.203515
 0D 00 00 00 00 00 00 00

000:STREAM                     1280570832.219536
 0D 00 00 2F 00 00 00 00

000:STREAM                     1280570832.223503
 0D 00 00 00 00 00 00 00

000:STREAM                     1280570832.239535
 0D 00 00 2F 00 00 00 00

000:STREAM                     1280570832.243638
 0D 00 00 00 00 00 00 00

000:STREAM                     1280570832.259536
 0D 00 00 2F 00 00 00 00

000:STREAM                     1280570832.263695
 0D 00 00 00 00 00 00 00

000:STREAM                     1280570832.347533
 0D 00 00 2F 00 00 00 00

000:STREAM                     1280570832.351504
 0D 00 00 00 00 00 00 00

000:STREAM                     1280570832.367533
 0D 00 00 2F 00 00 00 00

000:STREAM                     1280570832.371503
 0D 00 00 00 00 00 00 00

000:STREAM                     1280570832.415535
 0D 00 00 2F 00 00 00 00

000:STREAM                     1280570832.419503
 0D 00 00 00 00 00 00 00

000:STREAM                     1280570832.435534
 0D 00 00 2F 00 00 00 00

000:STREAM                     1280570832.439523
 0D 00 00 00 00 00 00 00

000:STREAM                     1280570832.519532
 0D 00 00 2F 00 00 00 00

000:STREAM                     1280570832.523522
 0D 00 00 00 00 00 00 00

000:STREAM                     1280570832.567532
 0D 00 00 2F 00 00 00 00

000:STREAM                     1280570832.571505
 0D 00 00 00 00 00 00 00

000:STREAM                     1280570832.611533
 0D 00 00 2F 00 00 00 00

000:STREAM                     1280570832.615525
 0D 00 00 00 00 00 00 00

000:STREAM                     1280570832.667532
 0D 00 00 2F 00 00 00 00

000:STREAM                     1280570832.671505
 0D 00 00 00 00 00 00 00

000:STREAM                     1280570832.703536
 0D 00 00 2F 00 00 00 00

000:STREAM                     1280570832.707505
 0D 00 00 00 00 00 00 00

000:STREAM                     1280570832.739533
 0D 00 00 2F 00 00 00 00

000:STREAM                     1280570832.743504
 0D 00 00 00 00 00 00 00

000:STREAM                     1280570832.787535
 0D 00 00 2F 00 00 00 00

000:STREAM                     1280570832.791699
 0D 00 00 00 00 00 00 00

000:STREAM                     1280570832.875532
 0D 00 00 2F 00 00 00 00

000:STREAM                     1280570832.879640
 0D 00 00 00 00 00 00 00

000:STREAM                     1280570832.895537
 0D 00 00 2F 00 00 00 00

000:STREAM                     1280570832.899505
 0D 00 00 00 00 00 00 00

000:STREAM                     1280570832.915533
 0D 00 00 2F 00 00 00 00

000:STREAM                     1280570832.919505
 0D 00 00 00 00 00 00 00

000:STREAM                     1280570832.935535
 0D 00 00 2F 00 00 00 00

000:STREAM                     1280570832.939503
 0D 00 00 00 00 00 00 00

000:STREAM                     1280570832.979532
 0D 00 00 2F 00 00 00 00

000:STREAM                     1280570832.983524
 0D 00 00 00 00 00 00 00

000:STREAM                     1280570833.015533
 0D 00 00 2F 00 00 00 00

000:STREAM                     1280570833.019525
 0D 00 00 00 00 00 00 00

000:STREAM                     1280570833.051535
 0D 00 00 2F 00 00 00 00

000:STREAM                     1280570833.055503
 0D 00 00 00 00 00 00 00

000:STREAM                     1280570833.099537
 0D 00 00 2F 00 00 00 00

000:STREAM                     1280570833.103697
 0D 00 00 00 00 00 00 00

000:STREAM                     1280570833.135533
 0D 00 00 2F 00 00 00 00

000:STREAM                     1280570833.139702
 0D 00 00 00 00 00 00 00

000:STREAM                     1280570833.203512
 0D 00 00 2F 00 00 00 00

000:STREAM                     1280570833.207514
 0D 00 00 00 00 00 00 00

000:STREAM                     1280570833.259537
 0D 00 00 2F 00 00 00 00

000:STREAM                     1280570833.263694
 0D 00 00 00 00 00 00 00

000:STREAM                     1280570833.375532
 0D 00 00 2F 00 00 00 00

000:STREAM                     1280570833.379525
 0D 00 00 00 00 00 00 00

000:STREAM                     1280570833.423537
 0D 00 00 2F 00 00 00 00

000:STREAM                     1280570833.427521
 0D 00 00 00 00 00 00 00

000:STREAM                     1280570833.587530
 0D 00 00 2F 00 00 00 00

000:STREAM                     1280570833.591503
 0D 00 00 00 00 00 00 00

