007:002:002:STREAM             1416515071.322929
 03 04 3D 00 00 00 00 00

007:002:002:STREAM             1416515071.506898
 03 00 00 00 00 00 00 00

007:002:002:STREAM             1416515072.842876
 03 01 16 00 00 00 00 00

007:002:002:STREAM             1416515073.010843
 03 00 00 00 00 00 00 00

007:002:002:STREAM             1416515074.010813
 03 02 56 00 00 00 00 00

007:002:002:STREAM             1416515074.194802
 03 00 00 00 00 00 00 00

007:002:002:STREAM             1416515075.242769
 03 02 57 00 00 00 00 00

007:002:002:STREAM             1416515075.426760
 03 00 00 00 00 00 00 00

007:002:002:STREAM             1416515078.506627
 03 01 1A 00 00 00 00 00

007:002:002:STREAM             1416515078.666647
 03 00 00 00 00 00 00 00

007:002:002:STREAM             1416515079.250627
 03 01 19 00 00 00 00 00

007:002:002:STREAM             1416515079.418619
 03 00 00 00 00 00 00 00

007:002:002:STREAM             1416515079.842607
 03 01 1B 00 00 00 00 00

007:002:002:STREAM             1416515080.010599
 03 00 00 00 00 00 00 00

007:002:002:STREAM             1416515080.594578
 03 01 06 00 00 00 00 00

007:002:002:STREAM             1416515080.730575
 03 00 00 00 00 00 00 00

