007:002:000:STREAM             1416514929.765880
 09 00 89 03 53 03 00 00

007:002:000:STREAM             1416514929.849845
 09 00 8B 03 53 03 00 00

007:002:000:STREAM             1416514929.897845
 09 00 8D 03 50 03 00 00

007:002:000:STREAM             1416514929.951842
 09 00 8E 03 50 03 00 00

007:002:000:STREAM             1416514930.167835
 09 00 90 03 50 03 00 00

007:002:000:STREAM             1416514930.289831
 09 00 92 03 50 03 00 00

007:002:000:STREAM             1416514930.359828
 09 00 93 03 50 03 00 00

007:002:000:STREAM             1416514930.483824
 09 00 95 03 50 03 00 00

007:002:000:STREAM             1416514930.683814
 09 00 96 03 50 03 00 00

007:002:000:STREAM             1416514930.743812
 09 00 96 03 52 03 00 00

007:002:000:STREAM             1416514930.781812
 09 00 96 03 53 03 00 00

007:002:000:STREAM             1416514930.817768
 09 00 97 03 54 03 00 00

007:002:000:STREAM             1416514930.857809
 09 00 97 03 55 03 00 00

007:002:000:STREAM             1416514930.935808
 09 00 98 03 55 03 00 00

007:002:000:STREAM             1416514930.995803
 09 00 99 03 55 03 00 00

007:002:000:STREAM             1416514931.047803
 09 00 9B 03 55 03 00 00

007:002:000:STREAM             1416514931.107801
 09 00 9B 03 53 03 00 00

007:002:000:STREAM             1416514931.111777
 09 00 9C 03 53 03 00 00

007:002:000:STREAM             1416514931.425797
 09 00 9D 03 53 03 00 00

007:002:000:STREAM             1416514931.643788
 09 00 9F 03 53 03 00 00

007:002:000:STREAM             1416514931.937776
 09 00 9F 03 55 03 00 00

007:002:000:STREAM             1416514932.067766
 09 00 9F 03 56 03 00 00

007:002:000:STREAM             1416514932.349756
 09 00 9F 03 58 03 00 00

007:002:000:STREAM             1416514932.383733
 09 00 9F 03 59 03 00 00

007:002:000:STREAM             1416514932.395749
 09 00 9F 03 59 03 00 00

007:002:000:STREAM             1416514932.405753
 09 00 9F 03 5A 03 00 00

007:002:000:STREAM             1416514932.425753
 09 02 9F 03 5B 03 00 00

007:002:000:STREAM             1416514932.449752
 09 02 A0 03 5C 03 00 00

007:002:000:STREAM             1416514932.483751
 09 02 A0 03 5D 03 00 00

007:002:000:STREAM             1416514932.729743
 09 02 A0 03 5C 03 00 00

007:002:000:STREAM             1416514932.743721
 09 02 A0 03 5B 03 00 00

007:002:000:STREAM             1416514932.753737
 09 02 A0 03 5A 03 00 00

007:002:000:STREAM             1416514932.761692
 09 00 A0 03 5A 03 00 00

007:002:000:STREAM             1416514932.767672
 09 00 2F 00 49 00 00 00

007:002:000:STREAM             1416514932.791715
 09 00 6B 03 A0 03 00 00

007:002:000:STREAM             1416514932.795707
 09 00 7A 03 8C 03 00 00

007:002:000:STREAM             1416514932.799722
 09 00 85 03 7D 03 00 00

007:002:000:STREAM             1416514932.805724
 09 00 8D 03 73 03 00 00

007:002:000:STREAM             1416514932.809724
 09 00 93 03 6B 03 00 00

007:002:000:STREAM             1416514932.813719
 09 00 97 03 65 03 00 00

007:002:000:STREAM             1416514932.817723
 09 00 9A 03 61 03 00 00

007:002:000:STREAM             1416514932.823685
 09 00 9C 03 5F 03 00 00

007:002:000:STREAM             1416514932.827676
 09 00 9D 03 5D 03 00 00

007:002:000:STREAM             1416514932.831695
 09 00 9E 03 5C 03 00 00

007:002:000:STREAM             1416514932.835694
 09 00 9F 03 5C 03 00 00

007:002:000:STREAM             1416514932.841696
 09 00 9F 03 5B 03 00 00

007:002:000:STREAM             1416514932.947694
 09 00 A0 03 5A 03 00 00

007:002:000:STREAM             1416514932.975675
 09 00 A0 03 59 03 00 00

007:002:000:STREAM             1416514933.259728
 09 00 A0 03 58 03 00 00

007:002:000:STREAM             1416514933.367717
 09 00 9F 03 58 03 00 00

007:002:000:STREAM             1416514933.371721
 09 00 9F 03 5A 03 00 00

007:002:000:STREAM             1416514933.395699
 09 00 9F 03 5B 03 00 00

007:002:000:STREAM             1416514933.439724
 09 00 9E 03 5B 03 00 00

007:002:000:STREAM             1416514933.459693
 09 00 9D 03 5B 03 00 00

007:002:000:STREAM             1416514933.467717
 09 00 9D 03 5C 03 00 00

007:002:000:STREAM             1416514933.485657
 09 00 9D 03 5E 03 00 00

007:002:000:STREAM             1416514933.489680
 09 00 9C 03 5E 03 00 00

007:002:000:STREAM             1416514933.507719
 09 00 9C 03 5F 03 00 00

007:002:000:STREAM             1416514933.525690
 09 00 9B 03 5F 03 00 00

007:002:000:STREAM             1416514933.543677
 09 00 9A 03 5F 03 00 00

007:002:000:STREAM             1416514933.553672
 09 00 9A 03 60 03 00 00

007:002:000:STREAM             1416514933.561671
 09 00 99 03 60 03 00 00

007:002:000:STREAM             1416514933.607673
 09 00 98 03 60 03 00 00

007:002:000:STREAM             1416514933.629674
 09 00 97 03 60 03 00 00

007:002:000:STREAM             1416514933.665671
 09 00 96 03 60 03 00 00

007:002:000:STREAM             1416514933.731713
 09 00 95 03 60 03 00 00

007:002:000:STREAM             1416514933.753709
 09 00 94 03 60 03 00 00

007:002:000:STREAM             1416514933.799711
 09 00 93 03 60 03 00 00

007:002:000:STREAM             1416514933.803699
 09 00 93 03 61 03 00 00

007:002:000:STREAM             1416514933.821703
 09 00 92 03 62 03 00 00

007:002:000:STREAM             1416514933.879704
 09 00 92 03 63 03 00 00

007:002:000:STREAM             1416514933.911654
 09 00 91 03 63 03 00 00

007:002:000:STREAM             1416514933.933707
 09 00 91 03 64 03 00 00

007:002:000:STREAM             1416514933.941656
 09 00 90 03 64 03 00 00

007:002:000:STREAM             1416514934.127699
 09 00 90 03 63 03 00 00

007:002:000:STREAM             1416514934.145696
 09 00 90 03 62 03 00 00

007:002:000:STREAM             1416514934.193691
 09 00 90 03 61 03 00 00

007:002:000:STREAM             1416514934.315687
 09 00 91 03 61 03 00 00

007:002:000:STREAM             1416514934.409692
 09 00 92 03 61 03 00 00

007:002:000:STREAM             1416514934.413680
 09 00 92 03 5F 03 00 00

007:002:000:STREAM             1416514934.417675
 09 00 92 03 5F 03 00 00

007:002:000:STREAM             1416514934.433683
 09 05 92 03 5F 03 01 00

007:002:000:STREAM             1416514934.447620
 09 05 92 03 60 03 01 00

007:002:000:STREAM             1416514934.477624
 09 05 93 03 60 03 01 00

007:002:000:STREAM             1416514934.497680
 09 05 93 03 60 03 02 00

007:002:000:STREAM             1416514934.517635
 09 05 93 03 60 03 01 00

007:002:000:STREAM             1416514934.553634
 09 05 93 03 61 03 01 00

007:002:000:STREAM             1416514934.577631
 09 05 93 03 62 03 01 00

007:002:000:STREAM             1416514934.643630
 09 05 93 03 63 03 01 00

007:002:000:STREAM             1416514934.647630
 09 05 92 03 63 03 01 00

007:002:000:STREAM             1416514934.657600
 09 05 92 03 64 03 01 00

007:002:000:STREAM             1416514934.667628
 09 00 92 03 64 03 00 00

007:002:000:STREAM             1416514934.899673
 09 00 92 03 65 03 00 00

007:002:000:STREAM             1416514934.913649
 09 00 92 03 66 03 00 00

007:002:000:STREAM             1416514934.927645
 09 00 92 03 67 03 00 00

007:002:000:STREAM             1416514934.941661
 09 00 92 03 68 03 00 00

007:002:000:STREAM             1416514934.951662
 09 00 92 03 69 03 00 00

007:002:000:STREAM             1416514934.955642
 09 00 91 03 69 03 00 00

007:002:000:STREAM             1416514934.969665
 09 00 91 03 6A 03 00 00

007:002:000:STREAM             1416514934.979662
 09 00 91 03 6B 03 00 00

007:002:000:STREAM             1416514935.009662
 09 00 90 03 6C 03 00 00

007:002:000:STREAM             1416514935.027644
 09 00 90 03 6D 03 00 00

007:002:000:STREAM             1416514935.071667
 09 00 90 03 6C 03 00 00

007:002:000:STREAM             1416514935.081656
 09 00 90 03 6B 03 00 00

007:002:000:STREAM             1416514935.095641
 09 00 91 03 6B 03 00 00

007:002:000:STREAM             1416514935.125661
 09 00 92 03 6B 03 00 00

007:002:000:STREAM             1416514935.149637
 09 00 93 03 6B 03 00 00

007:002:000:STREAM             1416514935.159653
 09 00 93 03 6C 03 00 00

007:002:000:STREAM             1416514935.179634
 09 00 94 03 6C 03 00 00

007:002:000:STREAM             1416514935.189621
 09 00 94 03 6D 03 00 00

007:002:000:STREAM             1416514935.203650
 09 00 95 03 6D 03 00 00

007:002:000:STREAM             1416514935.213654
 09 00 95 03 6E 03 00 00

007:002:000:STREAM             1416514935.279610
 09 00 95 03 6F 03 00 00

007:002:000:STREAM             1416514935.289608
 09 00 96 03 6F 03 00 00

007:002:000:STREAM             1416514935.333608
 09 00 97 03 6F 03 00 00

007:002:000:STREAM             1416514935.353613
 09 00 97 03 6E 03 00 00

007:002:000:STREAM             1416514935.363649
 09 00 98 03 6E 03 00 00

007:002:000:STREAM             1416514935.393649
 09 00 98 03 6D 03 00 00

007:002:000:STREAM             1416514935.525649
 09 00 99 03 6D 03 00 00

007:002:000:STREAM             1416514935.565626
 09 00 99 03 6C 03 00 00

007:002:000:STREAM             1416514935.855629
 09 00 99 03 6D 03 00 00

007:002:000:STREAM             1416514935.891636
 09 00 99 03 6E 03 00 00

007:002:000:STREAM             1416514935.957630
 09 00 99 03 6F 03 00 00

007:002:000:STREAM             1416514935.971628
 09 00 99 03 70 03 00 00

007:002:000:STREAM             1416514935.987607
 09 00 99 03 71 03 00 00

007:002:000:STREAM             1416514936.007627
 09 00 99 03 72 03 00 00

007:002:000:STREAM             1416514936.197625
 09 00 99 03 73 03 00 00

007:002:000:STREAM             1416514936.213603
 09 00 99 03 74 03 00 00

007:002:000:STREAM             1416514936.233600
 09 00 99 03 75 03 00 00

007:002:000:STREAM             1416514936.249619
 09 00 99 03 76 03 00 00

007:002:000:STREAM             1416514936.263622
 09 00 99 03 77 03 00 00

007:002:000:STREAM             1416514936.279615
 09 00 99 03 78 03 00 00

007:002:000:STREAM             1416514936.285616
 09 00 99 03 79 03 00 00

007:002:000:STREAM             1416514936.307621
 09 02 99 03 7A 03 00 00

007:002:000:STREAM             1416514936.317597
 09 02 99 03 7B 03 00 00

007:002:000:STREAM             1416514936.333620
 09 02 99 03 7C 03 00 00

007:002:000:STREAM             1416514936.349674
 09 02 99 03 7D 03 00 00

007:002:000:STREAM             1416514936.361576
 09 02 9A 03 7D 03 00 00

007:002:000:STREAM             1416514936.367573
 09 02 9A 03 7E 03 00 00

007:002:000:STREAM             1416514936.393574
 09 02 9A 03 7F 03 00 00

007:002:000:STREAM             1416514936.453615
 09 02 9A 03 7E 03 00 00

007:002:000:STREAM             1416514936.481594
 09 02 9A 03 7D 03 00 00

007:002:000:STREAM             1416514936.497607
 09 02 9A 03 7C 03 00 00

007:002:000:STREAM             1416514936.513569
 09 02 9A 03 7B 03 00 00

007:002:000:STREAM             1416514936.519591
 09 02 9A 03 7A 03 00 00

007:002:000:STREAM             1416514936.529603
 09 02 9A 03 79 03 00 00

007:002:000:STREAM             1416514936.535607
 09 02 99 03 79 03 00 00

007:002:000:STREAM             1416514936.541604
 09 02 99 03 78 03 00 00

007:002:000:STREAM             1416514936.545593
 09 02 9A 03 77 03 00 00

007:002:000:STREAM             1416514936.551604
 09 00 9A 03 76 03 00 00

007:002:000:STREAM             1416514936.561607
 09 00 9A 03 75 03 00 00

007:002:000:STREAM             1416514936.571606
 09 00 9A 03 74 03 00 00

007:002:000:STREAM             1416514936.585606
 09 00 9A 03 73 03 00 00

007:002:000:STREAM             1416514936.641562
 09 00 99 03 73 03 00 00

007:002:000:STREAM             1416514936.651559
 09 00 99 03 74 03 00 00

007:002:000:STREAM             1416514936.737559
 09 00 99 03 73 03 00 00

007:002:000:STREAM             1416514936.761556
 09 00 99 03 72 03 00 00

007:002:000:STREAM             1416514936.777555
 09 00 9A 03 72 03 00 00

007:002:000:STREAM             1416514936.801575
 09 00 9A 03 71 03 00 00

007:002:000:STREAM             1416514936.843602
 09 00 9A 03 70 03 00 00

007:002:000:STREAM             1416514936.877593
 09 00 9A 03 6F 03 00 00

007:002:000:STREAM             1416514936.927595
 09 00 9A 03 6E 03 00 00

007:002:000:STREAM             1416514936.953600
 09 00 9A 03 6D 03 00 00

007:002:000:STREAM             1416514936.983598
 09 00 9A 03 6C 03 00 00

007:002:000:STREAM             1416514937.071599
 09 00 9A 03 6D 03 00 00

007:002:000:STREAM             1416514937.091570
 09 00 99 03 6D 03 00 00

007:002:000:STREAM             1416514937.293588
 09 00 98 03 6D 03 00 00

007:002:000:STREAM             1416514937.353583
 09 00 97 03 6D 03 00 00

007:002:000:STREAM             1416514937.389581
 09 00 96 03 6D 03 00 00

007:002:000:STREAM             1416514937.413561
 09 00 95 03 6C 03 00 00

007:002:000:STREAM             1416514937.419543
 09 00 95 03 6C 03 00 00

007:002:000:STREAM             1416514937.433577
 09 01 95 03 6C 03 07 00

007:002:000:STREAM             1416514937.445555
 09 01 95 03 6C 03 08 00

007:002:000:STREAM             1416514937.449560
 09 01 94 03 6C 03 08 00

007:002:000:STREAM             1416514937.469577
 09 01 94 03 6C 03 09 00

007:002:000:STREAM             1416514937.479501
 09 01 94 03 6C 03 0A 00

007:002:000:STREAM             1416514937.521532
 09 01 94 03 6C 03 08 00

007:002:000:STREAM             1416514937.525528
 09 01 94 03 6C 03 01 00

007:002:000:STREAM             1416514937.531527
 09 00 94 03 6C 03 00 00

007:002:000:STREAM             1416514937.541532
 09 00 93 03 6C 03 00 00

007:002:000:STREAM             1416514937.803568
 09 00 93 03 6B 03 00 00

007:002:000:STREAM             1416514938.205553
 09 00 93 03 6A 03 00 00

007:002:000:STREAM             1416514938.471547
 09 00 93 03 6A 03 00 00

007:002:000:STREAM             1416514938.487535
 09 05 93 03 6A 03 01 00

007:002:000:STREAM             1416514938.527544
 09 05 92 03 6A 03 01 00

007:002:000:STREAM             1416514938.533521
 09 05 92 03 6B 03 01 00

007:002:000:STREAM             1416514938.547542
 09 00 92 03 6B 03 00 00

007:002:000:STREAM             1416514938.553538
 09 00 92 03 6B 03 00 00

007:002:000:STREAM             1416514938.559538
 09 00 92 03 6C 03 00 00

007:002:000:STREAM             1416514938.569521
 09 05 92 03 6C 03 01 00

007:002:000:STREAM             1416514938.573495
 09 00 92 03 6C 03 00 00

007:002:000:STREAM             1416514938.583492
 09 00 92 03 6C 03 00 00

007:002:000:STREAM             1416514938.599474
 09 00 92 03 6C 03 00 00

007:002:000:STREAM             1416514938.603490
 09 00 92 03 6C 03 00 00

007:002:000:STREAM             1416514938.609488
 09 00 92 03 6C 03 00 00

007:002:000:STREAM             1416514938.615491
 09 00 92 03 6D 03 00 00

007:002:000:STREAM             1416514938.629495
 09 00 92 03 6D 03 00 00

007:002:000:STREAM             1416514938.635534
 09 00 92 03 6D 03 00 00

007:002:000:STREAM             1416514938.639510
 09 00 91 03 6D 03 00 00

007:002:000:STREAM             1416514938.649534
 09 00 91 03 6D 03 00 00

007:002:000:STREAM             1416514938.665534
 09 00 91 03 6D 03 00 00

007:002:000:STREAM             1416514938.669530
 09 00 91 03 6D 03 00 00

007:002:000:STREAM             1416514938.709537
 09 00 91 03 6D 03 00 00

007:002:000:STREAM             1416514938.719479
 09 00 91 03 6D 03 00 00

007:002:000:STREAM             1416514938.725470
 09 00 91 03 6E 03 00 00

007:002:000:STREAM             1416514938.749476
 09 00 91 03 6E 03 00 00

007:002:000:STREAM             1416514938.763488
 09 00 91 03 6F 03 00 00

007:002:000:STREAM             1416514939.015485
 09 00 91 03 6E 03 00 00

007:002:000:STREAM             1416514939.019483
 09 00 92 03 6E 03 00 00

007:002:000:STREAM             1416514939.293475
 09 00 92 03 6D 03 00 00

007:002:000:STREAM             1416514939.355516
 09 00 92 03 6C 03 00 00

007:002:000:STREAM             1416514939.447511
 09 00 92 03 6D 03 00 00

007:002:000:STREAM             1416514939.501509
 09 00 93 03 6D 03 00 00

007:002:000:STREAM             1416514939.573505
 09 00 94 03 6D 03 00 00

007:002:000:STREAM             1416514939.657502
 09 00 94 03 6E 03 00 00

007:002:000:STREAM             1416514939.665499
 09 00 94 03 6F 03 00 00

007:002:000:STREAM             1416514939.691435
 09 00 94 03 70 03 00 00

007:002:000:STREAM             1416514939.709461
 09 00 94 03 71 03 00 00

007:002:000:STREAM             1416514939.769457
 09 00 94 03 72 03 00 00

007:002:000:STREAM             1416514939.807497
 09 00 94 03 73 03 00 00

007:002:000:STREAM             1416514939.827496
 09 00 95 03 73 03 00 00

007:002:000:STREAM             1416514939.847496
 09 00 95 03 74 03 00 00

007:002:000:STREAM             1416514939.885454
 09 00 95 03 75 03 00 00

007:002:000:STREAM             1416514940.059450
 09 00 95 03 76 03 00 00

007:002:000:STREAM             1416514940.175480
 09 00 96 03 76 03 00 00

007:002:000:STREAM             1416514940.215462
 09 00 96 03 77 03 00 00

007:002:000:STREAM             1416514940.219480
 09 00 96 03 78 03 00 00

007:002:000:STREAM             1416514940.231479
 09 00 96 03 79 03 00 00

007:002:000:STREAM             1416514940.235738
 09 00 97 03 7A 03 00 00

007:002:000:STREAM             1416514940.241467
 09 00 97 03 7B 03 00 00

007:002:000:STREAM             1416514940.247488
 09 00 97 03 7C 03 00 00

007:002:000:STREAM             1416514940.251471
 09 02 97 03 7E 03 00 00

007:002:000:STREAM             1416514940.257471
 09 02 97 03 7F 03 00 00

007:002:000:STREAM             1416514940.263474
 09 02 97 03 81 03 00 00

007:002:000:STREAM             1416514940.269462
 09 02 97 03 83 03 00 00

007:002:000:STREAM             1416514940.273461
 09 02 97 03 84 03 00 00

007:002:000:STREAM             1416514940.279419
 09 02 97 03 86 03 00 00

007:002:000:STREAM             1416514940.285414
 09 02 97 03 87 03 00 00

007:002:000:STREAM             1416514940.291432
 09 02 97 03 89 03 00 00

007:002:000:STREAM             1416514940.295431
 09 02 97 03 8A 03 00 00

007:002:000:STREAM             1416514940.301407
 09 02 97 03 8B 03 00 00

007:002:000:STREAM             1416514940.307414
 09 02 98 03 8C 03 00 00

007:002:000:STREAM             1416514940.317413
 09 02 98 03 8D 03 00 00

007:002:000:STREAM             1416514940.323413
 09 02 98 03 8E 03 00 00

007:002:000:STREAM             1416514940.339479
 09 02 98 03 8F 03 00 00

007:002:000:STREAM             1416514940.403425
 09 02 98 03 8E 03 00 00

007:002:000:STREAM             1416514940.415440
 09 02 98 03 8D 03 00 00

007:002:000:STREAM             1416514940.425429
 09 02 98 03 8C 03 00 00

007:002:000:STREAM             1416514940.431405
 09 02 97 03 8B 03 00 00

007:002:000:STREAM             1416514940.435409
 09 02 97 03 8A 03 00 00

007:002:000:STREAM             1416514940.441412
 09 02 97 03 89 03 00 00

007:002:000:STREAM             1416514940.445425
 09 02 97 03 88 03 00 00

007:002:000:STREAM             1416514940.451427
 09 02 97 03 87 03 00 00

007:002:000:STREAM             1416514940.457424
 09 02 97 03 85 03 00 00

007:002:000:STREAM             1416514940.461405
 09 02 97 03 84 03 00 00

007:002:000:STREAM             1416514940.467408
 09 02 97 03 83 03 00 00

007:002:000:STREAM             1416514940.471426
 09 02 97 03 82 03 00 00

007:002:000:STREAM             1416514940.477407
 09 00 97 03 81 03 00 00

007:002:000:STREAM             1416514940.481424
 09 00 97 03 80 03 00 00

007:002:000:STREAM             1416514940.487424
 09 00 97 03 7F 03 00 00

007:002:000:STREAM             1416514940.491424
 09 00 97 03 7E 03 00 00

007:002:000:STREAM             1416514940.497408
 09 00 97 03 7D 03 00 00

007:002:000:STREAM             1416514940.501424
 09 00 97 03 7C 03 00 00

007:002:000:STREAM             1416514940.521406
 09 00 97 03 7B 03 00 00

007:002:000:STREAM             1416514940.535472
 09 00 97 03 7A 03 00 00

007:002:000:STREAM             1416514940.613424
 09 00 97 03 79 03 00 00

007:002:000:STREAM             1416514940.661420
 09 00 97 03 78 03 00 00

007:002:000:STREAM             1416514940.759417
 09 00 97 03 77 03 00 00

007:002:000:STREAM             1416514940.941410
 09 00 97 03 76 03 00 00

007:002:000:STREAM             1416514941.295399
 09 00 97 03 77 03 00 00

007:002:000:STREAM             1416514941.395395
 09 00 97 03 76 03 00 00

007:002:000:STREAM             1416514941.779435
 09 00 97 03 75 03 00 00

007:002:000:STREAM             1416514941.847424
 09 00 97 03 76 03 00 00

007:002:000:STREAM             1416514941.895421
 09 00 96 03 76 03 00 00

007:002:000:STREAM             1416514941.943423
 09 00 96 03 77 03 00 00

007:002:000:STREAM             1416514942.013375
 09 00 95 03 77 03 00 00

007:002:000:STREAM             1416514942.023417
 09 00 95 03 76 03 00 00

007:002:000:STREAM             1416514942.029399
 09 00 94 03 76 03 00 00

007:002:000:STREAM             1416514942.039375
 09 00 94 03 77 03 00 00

007:002:000:STREAM             1416514942.045376
 09 05 94 03 77 03 07 00

007:002:000:STREAM             1416514942.051423
 09 05 94 03 78 03 07 00

007:002:000:STREAM             1416514942.061412
 09 05 94 03 79 03 06 00

007:002:000:STREAM             1416514942.067414
 09 05 94 03 79 03 04 00

007:002:000:STREAM             1416514942.073462
 09 05 94 03 7A 03 04 00

007:002:000:STREAM             1416514942.083372
 09 05 94 03 7B 03 04 00

007:002:000:STREAM             1416514942.125421
 09 05 94 03 7B 03 02 00

007:002:000:STREAM             1416514942.131412
 09 05 94 03 7C 03 01 00

007:002:000:STREAM             1416514942.163412
 09 05 94 03 7D 03 01 00

007:002:000:STREAM             1416514942.167378
 09 05 94 03 7D 03 02 00

007:002:000:STREAM             1416514942.173368
 09 05 94 03 7D 03 01 00

007:002:000:STREAM             1416514942.189367
 09 05 94 03 7E 03 01 00

007:002:000:STREAM             1416514942.213366
 09 05 93 03 7E 03 01 00

007:002:000:STREAM             1416514942.219364
 09 05 93 03 7F 03 01 00

007:002:000:STREAM             1416514942.229358
 09 00 93 03 7F 03 00 00

007:002:000:STREAM             1416514942.233347
 09 00 93 03 7F 03 00 00

007:002:000:STREAM             1416514942.239365
 09 00 93 03 7F 03 00 00

007:002:000:STREAM             1416514942.243346
 09 00 93 03 7F 03 00 00

007:002:000:STREAM             1416514942.249363
 09 00 93 03 7F 03 00 00

007:002:000:STREAM             1416514942.307365
 09 00 94 03 7F 03 00 00

007:002:000:STREAM             1416514942.595356
 09 00 94 03 80 03 00 00

007:002:000:STREAM             1416514942.603352
 09 00 94 03 81 03 00 00

007:002:000:STREAM             1416514942.619353
 09 00 94 03 82 03 00 00

007:002:000:STREAM             1416514942.623358
 09 00 93 03 82 03 00 00

007:002:000:STREAM             1416514942.627349
 09 00 93 03 83 03 00 00

007:002:000:STREAM             1416514942.689398
 09 00 93 03 82 03 00 00

007:002:000:STREAM             1416514942.697392
 09 00 93 03 81 03 00 00

007:002:000:STREAM             1416514942.711391
 09 00 93 03 80 03 00 00

007:002:000:STREAM             1416514943.163336
 09 00 93 03 81 03 00 00

007:002:000:STREAM             1416514943.197330
 09 00 93 03 82 03 00 00

007:002:000:STREAM             1416514943.215330
 09 00 93 03 83 03 00 00

007:002:000:STREAM             1416514943.239329
 09 00 93 03 84 03 00 00

007:002:000:STREAM             1416514943.637318
 09 00 93 03 85 03 00 00

007:002:000:STREAM             1416514943.657315
 09 00 93 03 86 03 00 00

007:002:000:STREAM             1416514943.741359
 09 00 93 03 87 03 00 00

007:002:000:STREAM             1416514943.803357
 09 00 93 03 88 03 00 00

007:002:000:STREAM             1416514943.813354
 09 00 94 03 88 03 00 00

007:002:000:STREAM             1416514943.817335
 09 00 94 03 89 03 00 00

007:002:000:STREAM             1416514943.841354
 09 00 94 03 8A 03 00 00

007:002:000:STREAM             1416514943.855423
 09 00 94 03 8B 03 00 00

007:002:000:STREAM             1416514943.879296
 09 00 95 03 8B 03 00 00

007:002:000:STREAM             1416514943.889292
 09 00 95 03 8C 03 00 00

007:002:000:STREAM             1416514943.913312
 09 00 95 03 8D 03 00 00

007:002:000:STREAM             1416514943.923312
 09 00 93 03 8D 03 00 00

007:002:000:STREAM             1416514943.927295
 09 00 93 03 8E 03 00 00

007:002:000:STREAM             1416514943.933283
 09 00 93 03 8F 03 00 00

007:002:000:STREAM             1416514943.939311
 09 00 94 03 8F 03 00 00

007:002:000:STREAM             1416514943.943310
 09 02 94 03 90 03 00 00

007:002:000:STREAM             1416514943.949309
 09 02 95 03 90 03 00 00

007:002:000:STREAM             1416514943.953308
 09 02 96 03 90 03 00 00

007:002:000:STREAM             1416514943.965317
 09 02 96 03 91 03 00 00

007:002:000:STREAM             1416514943.969327
 09 02 97 03 91 03 00 00

007:002:000:STREAM             1416514944.001305
 09 02 98 03 91 03 00 00

007:002:000:STREAM             1416514944.007302
 09 02 98 03 90 03 00 00

007:002:000:STREAM             1416514944.029302
 09 02 98 03 8F 03 00 00

007:002:000:STREAM             1416514944.065346
 09 02 99 03 8F 03 00 00

007:002:000:STREAM             1416514944.133344
 09 02 99 03 8E 03 00 00

007:002:000:STREAM             1416514944.201301
 09 02 99 03 8D 03 00 00

007:002:000:STREAM             1416514944.217300
 09 02 99 03 8C 03 00 00

007:002:000:STREAM             1416514944.227281
 09 02 99 03 8B 03 00 00

007:002:000:STREAM             1416514944.233282
 09 02 99 03 8A 03 00 00

007:002:000:STREAM             1416514944.243298
 09 02 99 03 89 03 00 00

007:002:000:STREAM             1416514944.253300
 09 02 99 03 88 03 00 00

007:002:000:STREAM             1416514944.259297
 09 00 99 03 87 03 00 00

007:002:000:STREAM             1416514944.273301
 09 00 99 03 86 03 00 00

007:002:000:STREAM             1416514944.281299
 09 00 99 03 85 03 00 00

007:002:000:STREAM             1416514944.309297
 09 00 99 03 84 03 00 00

007:002:000:STREAM             1416514944.329279
 09 00 99 03 83 03 00 00

007:002:000:STREAM             1416514944.343295
 09 00 99 03 82 03 00 00

007:002:000:STREAM             1416514944.375337
 09 00 99 03 81 03 00 00

007:002:000:STREAM             1416514944.405334
 09 00 99 03 80 03 00 00

007:002:000:STREAM             1416514944.461333
 09 00 99 03 7F 03 00 00

007:002:000:STREAM             1416514944.507331
 09 00 99 03 7E 03 00 00

007:002:000:STREAM             1416514944.643326
 09 00 99 03 7D 03 00 00

007:002:000:STREAM             1416514944.699324
 09 00 99 03 7C 03 00 00

007:002:000:STREAM             1416514944.741323
 09 00 99 03 7B 03 00 00

007:002:000:STREAM             1416514944.905275
 09 00 99 03 7A 03 00 00

007:002:000:STREAM             1416514944.959274
 09 00 99 03 79 03 00 00

007:002:000:STREAM             1416514945.271307
 09 00 98 03 79 03 00 00

007:002:000:STREAM             1416514945.315304
 09 00 97 03 79 03 00 00

007:002:000:STREAM             1416514945.337281
 09 00 96 03 79 03 00 00

007:002:000:STREAM             1416514945.351298
 09 00 95 03 79 03 00 00

007:002:000:STREAM             1416514945.367283
 09 00 94 03 79 03 00 00

007:002:000:STREAM             1416514945.385265
 09 00 93 03 79 03 00 00

007:002:000:STREAM             1416514945.405260
 09 00 92 03 79 03 00 00

007:002:000:STREAM             1416514945.427239
 09 00 90 03 79 03 00 00

007:002:000:STREAM             1416514945.455281
 09 00 90 03 79 03 00 00

