003:002:002:STREAM             1524717515.238366
 03 01 06 00 00 00 00 00

003:002:002:STREAM             1524717515.358408
 03 00 00 00 00 00 00 00

003:002:002:STREAM             1524717516.166533
 03 01 1B 00 00 00 00 00

003:002:002:STREAM             1524717516.278550
 03 00 00 00 00 00 00 00

003:002:002:STREAM             1524717517.174695
 03 01 19 00 00 00 00 00

003:002:002:STREAM             1524717517.342720
 03 00 00 00 00 00 00 00

003:002:002:STREAM             1524717518.702855
 03 01 1A 00 00 00 00 00

003:002:002:STREAM             1524717518.886948
 03 00 00 00 00 00 00 00

003:002:002:STREAM             1524717519.863108
 03 02 57 00 00 00 00 00

003:002:002:STREAM             1524717520.087098
 03 00 00 00 00 00 00 00

003:002:002:STREAM             1524717520.983281
 03 02 56 00 00 00 00 00

003:002:002:STREAM             1524717521.191266
 03 00 00 00 00 00 00 00

