003:011:002:STREAM             1436696547.215921
 03 00 08 00 00 00 00 00

003:011:002:STREAM             1436696547.543865
 03 00 00 00 00 00 00 00

003:011:002:STREAM             1436696549.319970
 03 01 1D 00 00 00 00 00

003:011:002:STREAM             1436696549.647846
 03 00 00 00 00 00 00 00

003:011:002:STREAM             1436696551.927827
 03 03 11 00 00 00 00 00

003:011:002:STREAM             1436696552.239863
 03 00 00 00 00 00 00 00

003:011:000:STREAM             1436696553.537840
 07 C2 00 00 00 00 00 00

003:011:000:STREAM             1436696553.907911
 07 C0 00 00 00 00 00 00

003:011:001:STREAM             1436696554.589842
 01 02 00 00 00 00 00 00

003:011:001:STREAM             1436696554.973795
 01 00 00 00 00 00 00 00

003:011:001:STREAM             1436696555.617812
 01 00 00 00 00 00 01 00

003:011:001:STREAM             1436696555.949785
 01 00 00 00 00 00 00 00

