003:009:000:STREAM             1436696384.953252
 07 80 2C 47 0B 25 00 00

003:009:000:STREAM             1436696384.957253
 07 80 2C 47 0B 25 00 00

003:009:000:STREAM             1436696384.959255
 07 80 2C 47 06 25 00 00

003:009:000:STREAM             1436696384.963335
 07 80 2C 47 01 25 00 00

003:009:000:STREAM             1436696384.967252
 07 80 27 47 FB 24 00 00

003:009:000:STREAM             1436696384.971352
 07 80 1F 47 F5 24 00 00

003:009:000:STREAM             1436696384.973336
 07 80 17 47 F5 24 00 00

003:009:000:STREAM             1436696384.977272
 07 80 0F 47 F5 24 00 00

003:009:000:STREAM             1436696384.981222
 07 80 07 47 EF 24 00 00

003:009:000:STREAM             1436696384.985232
 07 80 FF 46 EF 24 00 00

003:009:000:STREAM             1436696384.989348
 07 80 F0 46 EF 24 00 00

003:009:000:STREAM             1436696384.991280
 07 80 E4 46 EF 24 00 00

003:009:000:STREAM             1436696384.995351
 07 80 D1 46 EF 24 00 00

003:009:000:STREAM             1436696384.999347
 07 80 C1 46 EF 24 00 00

003:009:000:STREAM             1436696385.003290
 07 80 B4 46 F3 24 00 00

003:009:000:STREAM             1436696385.005334
 07 80 A4 46 F8 24 00 00

003:009:000:STREAM             1436696385.009348
 07 80 8D 46 F8 24 00 00

003:009:000:STREAM             1436696385.013273
 07 80 7A 46 F8 24 00 00

003:009:000:STREAM             1436696385.017246
 07 80 66 46 F8 24 00 00

003:009:000:STREAM             1436696385.019226
 07 80 51 46 F8 24 00 00

003:009:000:STREAM             1436696385.023253
 07 80 3C 46 F8 24 00 00

003:009:000:STREAM             1436696385.027253
 07 80 25 46 F8 24 00 00

003:009:000:STREAM             1436696385.031254
 07 80 0C 46 FC 24 00 00

003:009:000:STREAM             1436696385.033252
 07 80 F3 45 FC 24 00 00

003:009:000:STREAM             1436696385.037252
 07 80 D9 45 FC 24 00 00

003:009:000:STREAM             1436696385.041252
 07 80 C4 45 FC 24 00 00

003:009:000:STREAM             1436696385.045252
 07 80 AD 45 F7 24 00 00

003:009:000:STREAM             1436696385.047228
 07 80 99 45 F7 24 00 00

003:009:000:STREAM             1436696385.051222
 07 80 87 45 F7 24 00 00

003:009:000:STREAM             1436696385.055214
 07 80 74 45 F7 24 00 00

003:009:000:STREAM             1436696385.057217
 07 80 68 45 F7 24 00 00

003:009:000:STREAM             1436696385.061349
 07 80 5D 45 F1 24 00 00

003:009:000:STREAM             1436696385.065347
 07 80 50 45 EB 24 00 00

003:009:000:STREAM             1436696385.067339
 07 80 45 45 EB 24 00 00

003:009:000:STREAM             1436696385.071347
 07 80 3E 45 EB 24 00 00

003:009:000:STREAM             1436696385.075284
 07 80 38 45 EB 24 00 00

003:009:000:STREAM             1436696385.079236
 07 80 32 45 EB 24 00 00

003:009:000:STREAM             1436696385.081259
 07 80 2C 45 EB 24 00 00

003:009:000:STREAM             1436696385.085281
 07 80 24 45 EB 24 00 00

003:009:000:STREAM             1436696385.089292
 07 80 1C 45 DF 24 00 00

003:009:000:STREAM             1436696385.093343
 07 80 13 45 D9 24 00 00

003:009:000:STREAM             1436696385.095338
 07 80 08 45 D9 24 00 00

003:009:000:STREAM             1436696385.099276
 07 80 FC 44 D9 24 00 00

003:009:000:STREAM             1436696385.103350
 07 80 ED 44 D9 24 00 00

003:009:000:STREAM             1436696385.107293
 07 80 E2 44 D9 24 00 00

003:009:000:STREAM             1436696385.109237
 07 80 D7 44 D9 24 00 00

003:009:000:STREAM             1436696385.113222
 07 80 CE 44 D9 24 00 00

003:009:000:STREAM             1436696385.117306
 07 80 C4 44 D4 24 00 00

003:009:000:STREAM             1436696385.121349
 07 80 B9 44 D4 24 00 00

003:009:000:STREAM             1436696385.123337
 07 80 AF 44 D4 24 00 00

003:009:000:STREAM             1436696385.127351
 07 80 A6 44 D4 24 00 00

003:009:000:STREAM             1436696385.135352
 07 80 A0 44 D4 24 00 00

003:009:000:STREAM             1436696385.141258
 07 80 99 44 D4 24 00 00

003:009:000:STREAM             1436696385.145345
 07 80 94 44 D4 24 00 00

003:009:000:STREAM             1436696385.163288
 07 80 94 44 CC 24 00 00

003:009:000:STREAM             1436696385.171259
 07 80 94 44 C4 24 00 00

003:009:000:STREAM             1436696385.173334
 07 80 94 44 BC 24 00 00

003:009:000:STREAM             1436696385.177275
 07 80 94 44 B6 24 00 00

003:009:000:STREAM             1436696385.185258
 07 80 8D 44 B0 24 00 00

003:009:000:STREAM             1436696385.187251
 07 80 82 44 B0 24 00 00

003:009:000:STREAM             1436696385.191251
 07 80 74 44 B0 24 00 00

003:009:000:STREAM             1436696385.195253
 07 80 64 44 B0 24 00 00

003:009:000:STREAM             1436696385.199229
 07 80 53 44 B6 24 00 00

003:009:000:STREAM             1436696385.203256
 07 80 40 44 BB 24 00 00

003:009:000:STREAM             1436696385.205337
 07 80 29 44 C2 24 00 00

003:009:000:STREAM             1436696385.209342
 07 80 13 44 CB 24 00 00

003:009:000:STREAM             1436696385.213313
 07 80 FF 43 D3 24 00 00

003:009:000:STREAM             1436696385.217296
 07 80 EC 43 D3 24 00 00

003:009:000:STREAM             1436696385.221272
 07 80 DC 43 D3 24 00 00

003:009:000:STREAM             1436696385.223252
 07 80 CC 43 D8 24 00 00

003:009:000:STREAM             1436696385.227254
 07 80 BF 43 D8 24 00 00

003:009:000:STREAM             1436696385.231273
 07 80 B4 43 DD 24 00 00

003:009:000:STREAM             1436696385.235252
 07 80 AA 43 DD 24 00 00

003:009:000:STREAM             1436696385.239345
 07 80 A5 43 DD 24 00 00

003:009:000:STREAM             1436696385.253347
 07 80 9D 43 D6 24 00 00

003:009:000:STREAM             1436696385.259243
 07 80 9D 43 D0 24 00 00

003:009:000:STREAM             1436696385.263214
 07 80 9D 43 CB 24 00 00

003:009:000:STREAM             1436696385.267244
 07 80 9D 43 C2 24 00 00

003:009:000:STREAM             1436696385.271245
 07 80 9D 43 BB 24 00 00

003:009:000:STREAM             1436696385.275245
 07 80 9D 43 B5 24 00 00

003:009:000:STREAM             1436696385.277243
 07 80 A3 43 AF 24 00 00

003:009:000:STREAM             1436696385.281251
 07 80 AA 43 AF 24 00 00

003:009:000:STREAM             1436696385.285344
 07 80 AE 43 A3 24 00 00

003:009:000:STREAM             1436696385.289344
 07 80 AE 43 97 24 00 00

003:009:000:STREAM             1436696385.293282
 07 80 B4 43 8D 24 00 00

003:009:000:STREAM             1436696385.295251
 07 80 B9 43 85 24 00 00

003:009:000:STREAM             1436696385.299251
 07 80 B9 43 7F 24 00 00

003:009:000:STREAM             1436696385.303341
 07 80 BE 43 79 24 00 00

003:009:000:STREAM             1436696385.311317
 07 80 C3 43 72 24 00 00

003:009:000:STREAM             1436696385.317283
 07 80 C3 43 6B 24 00 00

003:009:000:STREAM             1436696385.321262
 07 80 CA 43 6B 24 00 00

003:009:000:STREAM             1436696385.325250
 07 80 D3 43 6B 24 00 00

003:009:000:STREAM             1436696385.329252
 07 80 DA 43 6B 24 00 00

003:009:000:STREAM             1436696385.331250
 07 80 E0 43 6B 24 00 00

003:009:000:STREAM             1436696385.335254
 07 80 E6 43 70 24 00 00

003:009:000:STREAM             1436696385.339255
 07 80 EC 43 70 24 00 00

003:009:000:STREAM             1436696385.343257
 07 80 F0 43 77 24 00 00

003:009:000:STREAM             1436696385.347258
 07 80 F9 43 7C 24 00 00

003:009:000:STREAM             1436696385.351260
 07 80 00 44 7C 24 00 00

003:009:000:STREAM             1436696385.353246
 07 80 04 44 7C 24 00 00

003:009:000:STREAM             1436696385.357337
 07 80 08 44 81 24 00 00

003:009:000:STREAM             1436696385.361345
 07 80 08 44 8A 24 00 00

003:009:000:STREAM             1436696385.365342
 07 80 10 44 8A 24 00 00

003:009:000:STREAM             1436696385.369344
 07 80 14 44 8E 24 00 00

003:009:000:STREAM             1436696385.371334
 07 80 14 44 93 24 00 00

003:009:000:STREAM             1436696385.375306
 07 80 14 44 98 24 00 00

003:009:000:STREAM             1436696385.379233
 07 80 18 44 98 24 00 00

003:009:000:STREAM             1436696385.383226
 07 80 18 44 9D 24 00 00

003:009:000:STREAM             1436696385.387210
 07 80 18 44 A4 24 00 00

003:009:000:STREAM             1436696385.391273
 07 80 18 44 AB 24 00 00

003:009:000:STREAM             1436696385.393333
 07 80 1D 44 B4 24 00 00

003:009:000:STREAM             1436696385.397344
 07 80 24 44 C1 24 00 00

003:009:000:STREAM             1436696385.401344
 07 80 2A 44 CF 24 00 00

003:009:000:STREAM             1436696385.405344
 07 80 30 44 DC 24 00 00

003:009:000:STREAM             1436696385.409343
 07 80 34 44 E9 24 00 00

003:009:000:STREAM             1436696385.413277
 07 80 34 44 F7 24 00 00

003:009:000:STREAM             1436696385.415271
 07 80 39 44 04 25 00 00

003:009:000:STREAM             1436696385.419228
 07 80 39 44 10 25 00 00

003:009:000:STREAM             1436696385.423250
 07 80 39 44 1C 25 00 00

003:009:000:STREAM             1436696385.427332
 07 80 3D 44 28 25 00 00

003:009:000:STREAM             1436696385.431344
 07 80 3D 44 32 25 00 00

003:009:000:STREAM             1436696385.435280
 07 80 3D 44 3B 25 00 00

003:009:000:STREAM             1436696385.437326
 07 80 3D 44 44 25 00 00

003:009:000:STREAM             1436696385.441342
 07 80 3D 44 4D 25 00 00

003:009:000:STREAM             1436696385.445236
 07 80 3D 44 55 25 00 00

003:009:000:STREAM             1436696385.449343
 07 80 3D 44 5B 25 00 00

003:009:000:STREAM             1436696385.453343
 07 80 3D 44 61 25 00 00

003:009:000:STREAM             1436696385.457253
 07 80 36 44 66 25 00 00

003:009:000:STREAM             1436696385.461337
 07 80 2F 44 6A 25 00 00

003:009:000:STREAM             1436696385.463332
 07 80 28 44 6A 25 00 00

003:009:000:STREAM             1436696385.467246
 07 80 22 44 6A 25 00 00

003:009:000:STREAM             1436696385.471202
 07 80 1C 44 71 25 00 00

003:009:000:STREAM             1436696385.475286
 07 80 15 44 76 25 00 00

003:009:000:STREAM             1436696385.479268
 07 80 0F 44 76 25 00 00

003:009:000:STREAM             1436696385.483345
 07 80 08 44 7C 25 00 00

003:009:000:STREAM             1436696385.487343
 07 80 01 44 7C 25 00 00

003:009:000:STREAM             1436696385.489331
 07 80 01 44 83 25 00 00

003:009:000:STREAM             1436696385.493337
 07 80 FC 43 83 25 00 00

003:009:000:STREAM             1436696385.501332
 07 80 FC 43 89 25 00 00

003:009:000:STREAM             1436696385.509259
 07 80 FC 43 8E 25 00 00

003:009:000:STREAM             1436696385.513344
 07 80 FC 43 92 25 00 00

003:009:000:STREAM             1436696385.519279
 07 80 FC 43 96 25 00 00

003:009:000:STREAM             1436696385.523345
 07 80 00 44 96 25 00 00

003:009:000:STREAM             1436696385.527330
 07 80 07 44 9C 25 00 00

003:009:000:STREAM             1436696385.531349
 07 80 0D 44 A3 25 00 00

003:009:000:STREAM             1436696385.535267
 07 80 12 44 A9 25 00 00

003:009:000:STREAM             1436696385.539233
 07 80 17 44 A9 25 00 00

003:009:000:STREAM             1436696385.543266
 07 80 1E 44 AF 25 00 00

003:009:000:STREAM             1436696385.547269
 07 80 25 44 B3 25 00 00

003:009:000:STREAM             1436696385.551329
 07 80 2D 44 B3 25 00 00

003:009:000:STREAM             1436696385.555282
 07 80 34 44 B7 25 00 00

003:009:000:STREAM             1436696385.559344
 07 80 3A 44 BC 25 00 00

003:009:000:STREAM             1436696385.563339
 07 80 40 44 C0 25 00 00

003:009:000:STREAM             1436696385.569247
 07 80 45 44 C0 25 00 00

003:009:000:STREAM             1436696385.573353
 07 80 45 44 C5 25 00 00

003:009:000:STREAM             1436696385.577283
 07 80 4B 44 CA 25 00 00

003:009:000:STREAM             1436696385.585265
 07 80 4B 44 D0 25 00 00

003:009:000:STREAM             1436696385.589265
 07 80 4B 44 D5 25 00 00

003:009:000:STREAM             1436696385.593208
 07 80 4B 44 D9 25 00 00

003:009:000:STREAM             1436696385.597229
 07 80 4B 44 DE 25 00 00

003:009:000:STREAM             1436696385.609346
 07 80 4B 44 E3 25 00 00

003:009:000:STREAM             1436696385.627237
 07 80 4B 44 E3 25 00 00

003:009:000:STREAM             1436696385.631237
 07 81 4F 44 E3 25 18 00

003:009:000:STREAM             1436696385.635255
 07 81 4F 44 DD 25 33 00

003:009:000:STREAM             1436696385.639252
 07 81 4F 44 D7 25 45 00

003:009:000:STREAM             1436696385.643256
 07 81 4F 44 D7 25 4D 00

003:009:000:STREAM             1436696385.647254
 07 81 4F 44 D1 25 51 00

003:009:000:STREAM             1436696385.651254
 07 81 4F 44 D1 25 54 00

003:009:000:STREAM             1436696385.655345
 07 81 4F 44 CB 25 58 00

003:009:000:STREAM             1436696385.659253
 07 81 4F 44 CB 25 60 00

003:009:000:STREAM             1436696385.663255
 07 81 4F 44 C6 25 70 00

003:009:000:STREAM             1436696385.667255
 07 81 4F 44 C6 25 84 00

003:009:000:STREAM             1436696385.671348
 07 81 4F 44 C0 25 9E 00

003:009:000:STREAM             1436696385.675230
 07 81 4A 44 C0 25 BE 00

003:009:000:STREAM             1436696385.681198
 07 81 4A 44 C0 25 E5 00

003:009:000:STREAM             1436696385.685196
 07 81 4A 44 C0 25 14 01

003:009:000:STREAM             1436696385.689260
 07 81 4A 44 C0 25 42 01

003:009:000:STREAM             1436696385.693255
 07 81 4A 44 C0 25 73 01

003:009:000:STREAM             1436696385.697258
 07 81 4A 44 C0 25 9B 01

003:009:000:STREAM             1436696385.701252
 07 81 4A 44 C0 25 BF 01

003:009:000:STREAM             1436696385.705247
 07 81 4A 44 C0 25 DE 01

003:009:000:STREAM             1436696385.709249
 07 81 4A 44 C0 25 FB 01

003:009:000:STREAM             1436696385.713248
 07 81 4A 44 C0 25 16 02

003:009:000:STREAM             1436696385.717247
 07 81 4A 44 C0 25 30 02

003:009:000:STREAM             1436696385.721234
 07 81 4A 44 C0 25 4C 02

003:009:000:STREAM             1436696385.725342
 07 81 4A 44 C0 25 68 02

003:009:000:STREAM             1436696385.729346
 07 81 4A 44 C0 25 8E 02

003:009:000:STREAM             1436696385.733342
 07 81 4A 44 C0 25 B7 02

003:009:000:STREAM             1436696385.737260
 07 81 4A 44 C0 25 E7 02

003:009:000:STREAM             1436696385.741254
 07 81 4A 44 C0 25 23 03

003:009:000:STREAM             1436696385.745248
 07 81 4A 44 C0 25 69 03

003:009:000:STREAM             1436696385.749247
 07 81 4A 44 C0 25 B9 03

003:009:000:STREAM             1436696385.753232
 07 81 4A 44 C0 25 16 04

003:009:000:STREAM             1436696385.757247
 07 81 4A 44 C0 25 79 04

003:009:000:STREAM             1436696385.763275
 07 81 4A 44 C0 25 D8 04

003:009:000:STREAM             1436696385.767271
 07 81 4A 44 C0 25 3B 05

003:009:000:STREAM             1436696385.771341
 07 81 4A 44 C0 25 9D 05

003:009:000:STREAM             1436696385.775340
 07 81 4A 44 C0 25 05 06

003:009:000:STREAM             1436696385.779272
 07 81 4A 44 C0 25 6F 06

003:009:000:STREAM             1436696385.783247
 07 81 44 44 C0 25 D8 06

003:009:000:STREAM             1436696385.787251
 07 81 44 44 C0 25 45 07

003:009:000:STREAM             1436696385.791340
 07 81 44 44 C0 25 B5 07

003:009:000:STREAM             1436696385.795264
 07 81 44 44 C0 25 FF 07

003:009:000:STREAM             1436696385.799246
 07 81 3F 44 C0 25 FF 07

003:009:000:STREAM             1436696385.823259
 07 81 3F 44 BB 25 FF 07

003:009:000:STREAM             1436696385.917341
 07 81 3F 44 B5 25 FF 07

003:009:000:STREAM             1436696386.033224
 07 81 3A 44 B5 25 FF 07

003:009:000:STREAM             1436696386.199342
 07 81 3A 44 B0 25 FF 07

003:009:000:STREAM             1436696386.215238
 07 81 35 44 B0 25 FF 07

003:009:000:STREAM             1436696386.497287
 07 81 35 44 AB 25 FF 07

003:009:000:STREAM             1436696386.603244
 07 81 35 44 A6 25 FF 07

003:009:000:STREAM             1436696386.659258
 07 81 30 44 A6 25 FF 07

003:009:000:STREAM             1436696386.755219
 07 81 30 44 9F 25 FF 07

003:009:000:STREAM             1436696387.045217
 07 81 30 44 9A 25 FF 07

003:009:000:STREAM             1436696387.093211
 07 81 2B 44 9A 25 FF 07

003:009:000:STREAM             1436696387.539214
 07 81 2B 44 95 25 FF 07

003:009:000:STREAM             1436696387.987220
 07 81 2B 44 9A 25 FF 07

003:009:000:STREAM             1436696388.269249
 07 81 26 44 9A 25 FF 07

003:009:000:STREAM             1436696388.561204
 07 81 21 44 9A 25 FF 07

003:009:000:STREAM             1436696389.025242
 07 81 1C 44 9A 25 FF 07

003:009:000:STREAM             1436696389.787232
 07 81 1C 44 94 25 FF 07

003:009:000:STREAM             1436696389.831197
 07 81 21 44 94 25 FF 07

003:009:000:STREAM             1436696389.839199
 07 81 26 44 94 25 FF 07

003:009:000:STREAM             1436696389.843164
 07 81 2B 44 94 25 FF 07

003:009:000:STREAM             1436696389.851167
 07 81 2F 44 94 25 FF 07

003:009:000:STREAM             1436696389.863313
 07 81 33 44 94 25 FF 07

003:009:000:STREAM             1436696389.879212
 07 81 38 44 94 25 FF 07

003:009:000:STREAM             1436696389.887313
 07 81 33 44 99 25 9A 07

003:009:000:STREAM             1436696389.891293
 07 81 29 44 99 25 47 06

003:009:000:STREAM             1436696389.895259
 07 81 19 44 9F 25 F5 04

003:009:000:STREAM             1436696389.899233
 07 81 02 44 A6 25 9C 03

003:009:000:STREAM             1436696389.903212
 07 81 E4 43 AF 25 59 02

003:009:000:STREAM             1436696389.907201
 07 81 C4 43 B8 25 47 01

003:009:000:STREAM             1436696389.911189
 07 80 A1 43 C2 25 00 00

003:009:000:STREAM             1436696389.915288
 07 80 7F 43 CC 25 00 00

003:009:000:STREAM             1436696389.919307
 07 80 61 43 D5 25 00 00

003:009:000:STREAM             1436696389.923305
 07 80 46 43 DD 25 00 00

003:009:000:STREAM             1436696389.927227
 07 80 32 43 E4 25 00 00

003:009:000:STREAM             1436696389.931212
 07 80 25 43 EC 25 00 00

003:009:000:STREAM             1436696389.935214
 07 80 1B 43 F1 25 00 00

003:009:000:STREAM             1436696389.943187
 07 80 20 43 F1 25 00 00

003:009:000:STREAM             1436696389.947251
 07 80 28 43 F1 25 00 00

003:009:000:STREAM             1436696389.949281
 07 80 35 43 F7 25 00 00

003:009:000:STREAM             1436696389.953311
 07 80 41 43 F7 25 00 00

003:009:000:STREAM             1436696389.957268
 07 80 50 43 F7 25 00 00

003:009:000:STREAM             1436696389.959236
 07 80 5C 43 02 26 00 00

003:009:000:STREAM             1436696389.963255
 07 80 69 43 02 26 00 00

003:009:000:STREAM             1436696389.967255
 07 80 71 43 06 26 00 00

003:009:000:STREAM             1436696389.969218
 07 C0 71 43 06 26 00 00

