004:011:000:STREAM             1379677331.618114
 09 00 8F 04 AA 04 00 00

004:011:000:STREAM             1379677331.622013
 09 00 8F 04 AA 04 00 00

004:011:000:STREAM             1379677331.666049
 09 02 8F 04 A9 04 00 00

004:011:000:STREAM             1379677331.681933
 09 02 90 04 A9 04 00 00

004:011:000:STREAM             1379677331.730052
 09 02 8F 04 A9 04 00 00

004:011:000:STREAM             1379677331.786053
 09 02 90 04 A9 04 00 00

004:011:000:STREAM             1379677331.790037
 09 02 90 04 AA 04 00 00

004:011:000:STREAM             1379677331.828047
 09 02 90 04 AB 04 00 00

004:011:000:STREAM             1379677331.849932
 09 02 90 04 AC 04 00 00

004:011:000:STREAM             1379677331.974047
 09 00 90 04 AB 04 00 00

004:011:000:STREAM             1379677331.979942
 09 00 90 04 AC 04 00 00

004:011:000:STREAM             1379677331.991980
 09 00 90 04 AD 04 00 00

004:011:000:STREAM             1379677332.016015
 09 00 90 04 AE 04 00 00

004:011:000:STREAM             1379677332.070048
 09 00 90 04 AD 04 00 00

004:011:000:STREAM             1379677332.073983
 09 00 90 04 AE 04 00 00

004:011:000:STREAM             1379677332.146052
 09 00 90 04 AD 04 00 00

004:011:000:STREAM             1379677332.202048
 09 00 90 04 AE 04 00 00

004:011:000:STREAM             1379677332.530130
 09 00 91 04 AE 04 00 00

004:011:000:STREAM             1379677332.710086
 09 00 91 04 AF 04 00 00

004:011:000:STREAM             1379677332.758042
 09 00 91 04 AE 04 00 00

004:011:000:STREAM             1379677332.762029
 09 00 91 04 AD 04 00 00

004:011:000:STREAM             1379677332.766006
 09 00 91 04 AC 04 00 00

004:011:000:STREAM             1379677332.780010
 09 00 91 04 AB 04 00 00

004:011:000:STREAM             1379677332.786030
 09 00 90 04 AA 04 00 00

004:011:000:STREAM             1379677332.796020
 09 00 90 04 A9 04 00 00

004:011:000:STREAM             1379677332.806021
 09 00 90 04 A9 04 00 00

004:011:000:STREAM             1379677335.398169
 09 00 8C 04 A4 04 00 00

004:011:000:STREAM             1379677335.402009
 09 00 8C 04 A4 04 00 00

004:011:000:STREAM             1379677335.668090
 09 00 8C 04 A3 04 00 00

004:011:000:STREAM             1379677335.726013
 09 00 8D 04 A3 04 00 00

004:011:000:STREAM             1379677335.772010
 09 00 8D 04 A4 04 00 00

004:011:000:STREAM             1379677335.800016
 09 00 8E 04 A4 04 00 00

004:011:000:STREAM             1379677335.826015
 09 00 8E 04 A5 04 00 00

004:011:000:STREAM             1379677335.930011
 09 00 8E 04 A6 04 00 00

004:011:000:STREAM             1379677335.941939
 09 00 8E 04 A7 04 00 00

004:011:000:STREAM             1379677335.948012
 09 00 8E 04 A8 04 00 00

004:011:000:STREAM             1379677335.957940
 09 00 8E 04 A9 04 00 00

004:011:000:STREAM             1379677335.965935
 09 00 8F 04 A9 04 00 00

004:011:000:STREAM             1379677335.976004
 09 00 8F 04 A8 04 00 00

004:011:000:STREAM             1379677335.993903
 09 00 90 04 A8 04 00 00

004:011:000:STREAM             1379677336.027979
 09 00 90 04 A9 04 00 00

004:011:000:STREAM             1379677336.050013
 09 00 90 04 AA 04 00 00

004:011:000:STREAM             1379677336.108029
 09 00 90 04 A9 04 00 00

004:011:000:STREAM             1379677336.178033
 09 00 90 04 AA 04 00 00

004:011:000:STREAM             1379677336.290028
 09 00 90 04 A9 04 00 00

004:011:000:STREAM             1379677336.345997
 09 00 90 04 AA 04 00 00

004:011:000:STREAM             1379677336.446005
 09 00 90 04 AB 04 00 00

004:011:000:STREAM             1379677336.454006
 09 00 90 04 AC 04 00 00

004:011:000:STREAM             1379677336.512021
 09 00 90 04 AB 04 00 00

004:011:000:STREAM             1379677336.562020
 09 00 90 04 AC 04 00 00

004:011:000:STREAM             1379677336.600013
 09 00 91 04 AC 04 00 00

004:011:000:STREAM             1379677336.650018
 09 00 91 04 AD 04 00 00

004:011:000:STREAM             1379677336.677960
 09 00 91 04 AE 04 00 00

004:011:000:STREAM             1379677336.758001
 09 00 91 04 AE 04 00 00

004:011:000:STREAM             1379677338.344157
 09 00 93 04 AE 04 00 00

004:011:000:STREAM             1379677338.348030
 09 00 93 04 AE 04 00 00

004:011:000:STREAM             1379677338.352012
 09 04 92 04 AD 04 00 00

004:011:000:STREAM             1379677338.496036
 09 04 92 04 AE 04 00 00

004:011:000:STREAM             1379677338.500016
 09 00 92 04 AE 04 00 00

004:011:000:STREAM             1379677338.501910
 09 00 92 04 AE 04 00 00

004:011:000:STREAM             1379677338.534032
 09 00 92 04 AF 04 00 00

004:011:000:STREAM             1379677338.573976
 09 00 93 04 AF 04 00 00

004:011:000:STREAM             1379677338.589913
 09 00 92 04 AF 04 00 00

004:011:000:STREAM             1379677338.597966
 09 00 92 04 B0 04 00 00

004:011:000:STREAM             1379677338.616022
 09 00 93 04 B0 04 00 00

004:011:000:STREAM             1379677338.674006
 09 00 93 04 AF 04 00 00

004:011:000:STREAM             1379677338.744040
 09 00 93 04 B0 04 00 00

004:011:000:STREAM             1379677338.962043
 09 00 93 04 B1 04 00 00

004:011:000:STREAM             1379677338.968044
 09 00 93 04 B2 04 00 00

004:011:000:STREAM             1379677339.080018
 09 00 94 04 B2 04 00 00

004:011:000:STREAM             1379677339.113993
 09 00 94 04 B2 04 00 00

