004:011:000:STREAM             1379677176.251148
 09 00 0F 03 F7 02 00 00

004:011:000:STREAM             1379677176.253086
 09 00 0F 03 F7 02 00 00

004:011:000:STREAM             1379677176.269100
 09 00 10 03 F7 02 00 00

004:011:000:STREAM             1379677176.271090
 09 00 11 03 F6 02 00 00

004:011:000:STREAM             1379677176.279054
 09 00 12 03 F5 02 00 00

004:011:000:STREAM             1379677176.283002
 09 00 12 03 F4 02 00 00

004:011:000:STREAM             1379677176.287050
 09 00 13 03 F3 02 00 00

004:011:000:STREAM             1379677176.291123
 09 00 14 03 F2 02 00 00

004:011:000:STREAM             1379677176.295097
 09 00 15 03 F1 02 00 00

004:011:000:STREAM             1379677176.297274
 09 00 16 03 F0 02 00 00

004:011:000:STREAM             1379677176.305123
 09 00 17 03 EF 02 00 00

004:011:000:STREAM             1379677176.309125
 09 00 18 03 EF 02 00 00

004:011:000:STREAM             1379677176.313043
 09 00 19 03 EF 02 00 00

004:011:000:STREAM             1379677176.317000
 09 00 1A 03 EF 02 00 00

004:011:000:STREAM             1379677176.318986
 09 00 1B 03 EF 02 00 00

004:011:000:STREAM             1379677176.323118
 09 00 1B 03 F0 02 00 00

004:011:000:STREAM             1379677176.327043
 09 00 1C 03 F1 02 00 00

004:011:000:STREAM             1379677176.331078
 09 00 1D 03 F2 02 00 00

004:011:000:STREAM             1379677176.335118
 09 00 1E 03 F3 02 00 00

004:011:000:STREAM             1379677176.339092
 09 00 1F 03 F4 02 00 00

004:011:000:STREAM             1379677176.343050
 09 00 20 03 F5 02 00 00

004:011:000:STREAM             1379677176.347003
 09 00 21 03 F6 02 00 00

004:011:000:STREAM             1379677176.348991
 09 00 23 03 F8 02 00 00

004:011:000:STREAM             1379677176.353121
 09 00 24 03 F9 02 00 00

004:011:000:STREAM             1379677176.357120
 09 00 25 03 FA 02 00 00

004:011:000:STREAM             1379677176.361561
 09 00 26 03 FB 02 00 00

004:011:000:STREAM             1379677176.365095
 09 00 28 03 FC 02 00 00

004:011:000:STREAM             1379677176.369112
 09 00 2A 03 FD 02 00 00

004:011:000:STREAM             1379677176.373121
 09 00 2B 03 FE 02 00 00

004:011:000:STREAM             1379677176.377002
 09 00 2D 03 FF 02 00 00

004:011:000:STREAM             1379677176.378994
 09 00 2E 03 01 03 00 00

004:011:000:STREAM             1379677176.383118
 09 00 30 03 02 03 00 00

004:011:000:STREAM             1379677176.387118
 09 00 32 03 03 03 00 00

004:011:000:STREAM             1379677176.391119
 09 00 33 03 05 03 00 00

004:011:000:STREAM             1379677176.395091
 09 00 35 03 07 03 00 00

004:011:000:STREAM             1379677176.399094
 09 00 37 03 09 03 00 00

004:011:000:STREAM             1379677176.403120
 09 00 38 03 0B 03 00 00

004:011:000:STREAM             1379677176.405022
 09 00 3A 03 0D 03 00 00

004:011:000:STREAM             1379677176.408998
 09 00 3B 03 0F 03 00 00

004:011:000:STREAM             1379677176.413005
 09 00 3D 03 11 03 00 00

004:011:000:STREAM             1379677176.417094
 09 00 3E 03 13 03 00 00

004:011:000:STREAM             1379677176.421121
 09 00 40 03 15 03 00 00

004:011:000:STREAM             1379677176.425050
 09 00 41 03 17 03 00 00

004:011:000:STREAM             1379677176.429095
 09 00 43 03 1A 03 00 00

004:011:000:STREAM             1379677176.431114
 09 00 44 03 1C 03 00 00

004:011:000:STREAM             1379677176.435050
 09 00 46 03 1E 03 00 00

004:011:000:STREAM             1379677176.439001
 09 00 47 03 1F 03 00 00

004:011:000:STREAM             1379677176.443092
 09 00 49 03 21 03 00 00

004:011:000:STREAM             1379677176.447046
 09 00 4A 03 23 03 00 00

004:011:000:STREAM             1379677176.451024
 09 00 4B 03 24 03 00 00

004:011:000:STREAM             1379677176.455093
 09 00 4D 03 26 03 00 00

004:011:000:STREAM             1379677176.457120
 09 00 4E 03 27 03 00 00

004:011:000:STREAM             1379677176.461112
 09 00 4F 03 28 03 00 00

004:011:000:STREAM             1379677176.465048
 09 00 50 03 2A 03 00 00

004:011:000:STREAM             1379677176.469001
 09 00 50 03 2B 03 00 00

004:011:000:STREAM             1379677176.473045
 09 00 51 03 2C 03 00 00

004:011:000:STREAM             1379677176.477095
 09 00 52 03 2D 03 00 00

004:011:000:STREAM             1379677176.481122
 09 00 53 03 2E 03 00 00

004:011:000:STREAM             1379677176.489123
 09 00 53 03 2F 03 00 00

004:011:000:STREAM             1379677176.491106
 09 00 54 03 30 03 00 00

004:011:000:STREAM             1379677176.495119
 09 00 54 03 31 03 00 00

004:011:000:STREAM             1379677176.503000
 09 00 55 03 32 03 00 00

004:011:000:STREAM             1379677176.507119
 09 00 55 03 33 03 00 00

004:011:000:STREAM             1379677176.515079
 09 00 56 03 34 03 00 00

004:011:000:STREAM             1379677176.531014
 09 00 57 03 34 03 00 00

004:011:000:STREAM             1379677176.537124
 09 00 57 03 33 03 00 00

004:011:000:STREAM             1379677176.541118
 09 00 58 03 33 03 00 00

004:011:000:STREAM             1379677176.545078
 09 00 58 03 32 03 00 00

004:011:000:STREAM             1379677176.549094
 09 00 58 03 31 03 00 00

004:011:000:STREAM             1379677176.553111
 09 00 59 03 30 03 00 00

004:011:000:STREAM             1379677176.557047
 09 00 59 03 2F 03 00 00

004:011:000:STREAM             1379677176.561000
 09 00 59 03 2E 03 00 00

004:011:000:STREAM             1379677176.565040
 09 00 59 03 2C 03 00 00

004:011:000:STREAM             1379677176.569119
 09 00 5A 03 2B 03 00 00

004:011:000:STREAM             1379677176.573092
 09 00 5A 03 2A 03 00 00

004:011:000:STREAM             1379677176.581122
 09 00 5B 03 2A 03 00 00

004:011:000:STREAM             1379677176.613129
 09 00 5B 03 2B 03 00 00

004:011:000:STREAM             1379677176.663125
 09 00 5A 03 2A 03 00 00

004:011:000:STREAM             1379677176.671121
 09 00 5A 03 29 03 00 00

004:011:000:STREAM             1379677176.675047
 09 00 5A 03 28 03 00 00

004:011:000:STREAM             1379677176.683093
 09 00 5A 03 27 03 00 00

004:011:000:STREAM             1379677176.687094
 09 00 5A 03 26 03 00 00

004:011:000:STREAM             1379677176.696947
 09 00 5A 03 25 03 00 00

004:011:000:STREAM             1379677176.705121
 09 00 5A 03 24 03 00 00

004:011:000:STREAM             1379677176.709097
 09 00 5A 03 23 03 00 00

004:011:000:STREAM             1379677176.717120
 09 00 5A 03 22 03 00 00

004:011:000:STREAM             1379677176.724972
 09 00 5A 03 21 03 00 00

004:011:000:STREAM             1379677176.733123
 09 00 5A 03 20 03 00 00

004:011:000:STREAM             1379677176.737119
 09 00 5B 03 20 03 00 00

004:011:000:STREAM             1379677176.743122
 09 00 5B 03 1F 03 00 00

004:011:000:STREAM             1379677176.755052
 09 00 5B 03 1E 03 00 00

004:011:000:STREAM             1379677176.771123
 09 00 5B 03 1D 03 00 00

004:011:000:STREAM             1379677176.775117
 09 00 5B 03 1C 03 00 00

004:011:000:STREAM             1379677176.785050
 09 00 5B 03 1B 03 00 00

004:011:000:STREAM             1379677176.788998
 09 00 5C 03 1B 03 00 00

004:011:000:STREAM             1379677176.793047
 09 00 5C 03 1A 03 00 00

004:011:000:STREAM             1379677176.797117
 09 00 5C 03 19 03 00 00

004:011:000:STREAM             1379677176.805094
 09 00 5C 03 18 03 00 00

004:011:000:STREAM             1379677176.811095
 09 00 5C 03 17 03 00 00

004:011:000:STREAM             1379677176.818958
 09 00 5C 03 16 03 00 00

004:011:000:STREAM             1379677176.827095
 09 00 5C 03 15 03 00 00

004:011:000:STREAM             1379677176.831107
 09 00 5D 03 15 03 00 00

004:011:000:STREAM             1379677176.837109
 09 00 5D 03 14 03 00 00

004:011:000:STREAM             1379677176.841113
 09 00 5D 03 13 03 00 00

004:011:000:STREAM             1379677176.853007
 09 00 5D 03 12 03 00 00

004:011:000:STREAM             1379677176.863096
 09 00 5D 03 11 03 00 00

004:011:000:STREAM             1379677176.875118
 09 00 5E 03 11 03 00 00

004:011:000:STREAM             1379677176.885014
 09 00 5E 03 10 03 00 00

004:011:000:STREAM             1379677176.929083
 09 00 5E 03 0F 03 00 00

004:011:000:STREAM             1379677176.943015
 09 00 5E 03 0E 03 00 00

004:011:000:STREAM             1379677176.953121
 09 00 5E 03 0D 03 00 00

004:011:000:STREAM             1379677176.963109
 09 00 5E 03 0C 03 00 00

004:011:000:STREAM             1379677176.967094
 09 00 5E 03 0B 03 00 00

004:011:000:STREAM             1379677176.981118
 09 00 5E 03 0A 03 00 00

004:011:000:STREAM             1379677176.987116
 09 01 5E 03 0A 03 28 00

004:011:000:STREAM             1379677176.991115
 09 01 5E 03 0A 03 47 00

004:011:000:STREAM             1379677176.995090
 09 01 5E 03 0A 03 64 00

004:011:000:STREAM             1379677177.001118
 09 01 5E 03 0A 03 7A 00

004:011:000:STREAM             1379677177.004997
 09 01 5E 03 09 03 89 00

004:011:000:STREAM             1379677177.008941
 09 01 5E 03 09 03 95 00

004:011:000:STREAM             1379677177.015119
 09 01 5E 03 09 03 9F 00

004:011:000:STREAM             1379677177.019115
 09 01 5E 03 09 03 A9 00

004:011:000:STREAM             1379677177.025118
 09 01 5E 03 09 03 B4 00

004:011:000:STREAM             1379677177.029067
 09 01 5E 03 09 03 C1 00

004:011:000:STREAM             1379677177.033046
 09 01 5E 03 09 03 CA 00

004:011:000:STREAM             1379677177.038995
 09 01 5E 03 09 03 D3 00

004:011:000:STREAM             1379677177.043135
 09 01 5E 03 09 03 D9 00

004:011:000:STREAM             1379677177.047091
 09 01 5E 03 09 03 DC 00

004:011:000:STREAM             1379677177.053105
 09 01 5E 03 09 03 E0 00

004:011:000:STREAM             1379677177.057117
 09 01 5E 03 09 03 E3 00

004:011:000:STREAM             1379677177.061114
 09 01 5E 03 09 03 E5 00

004:011:000:STREAM             1379677177.067533
 09 01 5E 03 09 03 EA 00

004:011:000:STREAM             1379677177.071014
 09 01 5E 03 09 03 F1 00

004:011:000:STREAM             1379677177.077091
 09 01 5E 03 09 03 FB 00

004:011:000:STREAM             1379677177.081116
 09 01 5E 03 09 03 08 01

004:011:000:STREAM             1379677177.085089
 09 01 5E 03 08 03 1A 01

004:011:000:STREAM             1379677177.091089
 09 01 5E 03 08 03 2A 01

004:011:000:STREAM             1379677177.095042
 09 01 5E 03 08 03 39 01

004:011:000:STREAM             1379677177.099015
 09 01 5E 03 08 03 4B 01

004:011:000:STREAM             1379677177.105114
 09 01 5E 03 08 03 5E 01

004:011:000:STREAM             1379677177.109113
 09 01 5E 03 08 03 7B 01

004:011:000:STREAM             1379677177.113322
 09 01 5E 03 08 03 9F 01

004:011:000:STREAM             1379677177.119115
 09 01 5E 03 08 03 BF 01

004:011:000:STREAM             1379677177.123087
 09 01 5E 03 08 03 E1 01

004:011:000:STREAM             1379677177.129012
 09 01 5E 03 08 03 03 02

004:011:000:STREAM             1379677177.133014
 09 01 5E 03 08 03 24 02

004:011:000:STREAM             1379677177.137115
 09 01 5E 03 08 03 49 02

004:011:000:STREAM             1379677177.143088
 09 01 5D 03 08 03 6D 02

004:011:000:STREAM             1379677177.147089
 09 01 5D 03 08 03 8E 02

004:011:000:STREAM             1379677177.151113
 09 01 5D 03 08 03 A7 02

004:011:000:STREAM             1379677177.157036
 09 01 5D 03 08 03 BC 02

004:011:000:STREAM             1379677177.161016
 09 01 5D 03 08 03 CD 02

004:011:000:STREAM             1379677177.165019
 09 01 5D 03 08 03 DA 02

004:011:000:STREAM             1379677177.171087
 09 01 5D 03 08 03 E2 02

004:011:000:STREAM             1379677177.175086
 09 01 5D 03 08 03 E7 02

004:011:000:STREAM             1379677177.179086
 09 01 5D 03 08 03 E8 02

004:011:000:STREAM             1379677177.185081
 09 01 5D 03 08 03 EB 02

004:011:000:STREAM             1379677177.189043
 09 01 5D 03 07 03 ED 02

004:011:000:STREAM             1379677177.195062
 09 01 5D 03 07 03 E6 02

004:011:000:STREAM             1379677177.199111
 09 01 5D 03 07 03 E8 02

004:011:000:STREAM             1379677177.203112
 09 01 5D 03 07 03 EB 02

004:011:000:STREAM             1379677177.209115
 09 01 5D 03 07 03 E9 02

004:011:000:STREAM             1379677177.223041
 09 01 5D 03 06 03 E5 02

004:011:000:STREAM             1379677177.227110
 09 01 5D 03 06 03 E8 02

004:011:000:STREAM             1379677177.231112
 09 01 5D 03 06 03 E6 02

004:011:000:STREAM             1379677177.237087
 09 01 5D 03 06 03 ED 02

004:011:000:STREAM             1379677177.241089
 09 01 5D 03 06 03 EF 02

004:011:000:STREAM             1379677177.245115
 09 01 5C 03 06 03 F4 02

004:011:000:STREAM             1379677177.251044
 09 01 5C 03 06 03 00 03

004:011:000:STREAM             1379677177.255012
 09 01 5C 03 06 03 05 03

004:011:000:STREAM             1379677177.265116
 09 01 5C 03 06 03 08 03

004:011:000:STREAM             1379677177.275116
 09 01 5C 03 06 03 04 03

004:011:000:STREAM             1379677177.279106
 09 01 5C 03 06 03 09 03

004:011:000:STREAM             1379677177.289091
 09 01 5C 03 06 03 07 03

004:011:000:STREAM             1379677177.293113
 09 01 5C 03 06 03 03 03

004:011:000:STREAM             1379677177.303118
 09 01 5C 03 06 03 FB 02

004:011:000:STREAM             1379677177.307113
 09 01 5C 03 06 03 F8 02

004:011:000:STREAM             1379677177.311114
 09 01 5C 03 06 03 F2 02

004:011:000:STREAM             1379677177.317016
 09 01 5C 03 06 03 EB 02

004:011:000:STREAM             1379677177.321113
 09 01 5C 03 06 03 E6 02

004:011:000:STREAM             1379677177.325086
 09 01 5C 03 06 03 E1 02

004:011:000:STREAM             1379677177.331084
 09 01 5C 03 06 03 DD 02

004:011:000:STREAM             1379677177.345160
 09 01 5C 03 05 03 DF 02

004:011:000:STREAM             1379677177.359090
 09 01 5C 03 05 03 DC 02

004:011:000:STREAM             1379677177.369116
 09 01 5C 03 05 03 E1 02

004:011:000:STREAM             1379677177.383117
 09 01 5C 03 05 03 E2 02

004:011:000:STREAM             1379677177.387085
 09 01 5C 03 05 03 E4 02

004:011:000:STREAM             1379677177.391112
 09 01 5C 03 05 03 E2 02

004:011:000:STREAM             1379677177.397104
 09 01 5C 03 05 03 E0 02

004:011:000:STREAM             1379677177.407039
 09 01 5C 03 05 03 E3 02

004:011:000:STREAM             1379677177.415105
 09 01 5C 03 05 03 E0 02

004:011:000:STREAM             1379677177.425114
 09 01 5C 03 05 03 DE 02

004:011:000:STREAM             1379677177.435043
 09 01 5C 03 05 03 E0 02

004:011:000:STREAM             1379677177.439013
 09 01 5C 03 05 03 E2 02

004:011:000:STREAM             1379677177.443084
 09 01 5C 03 05 03 DE 02

004:011:000:STREAM             1379677177.449012
 09 01 5C 03 05 03 DF 02

004:011:000:STREAM             1379677177.457058
 09 01 5C 03 05 03 E3 02

004:011:000:STREAM             1379677177.467041
 09 01 5C 03 05 03 E8 02

004:011:000:STREAM             1379677177.473085
 09 01 5C 03 05 03 E9 02

004:011:000:STREAM             1379677177.477108
 09 01 5C 03 05 03 EC 02

004:011:000:STREAM             1379677177.481113
 09 01 5C 03 05 03 ED 02

004:011:000:STREAM             1379677177.487113
 09 01 5C 03 05 03 EF 02

004:011:000:STREAM             1379677177.491114
 09 01 5C 03 05 03 F3 02

004:011:000:STREAM             1379677177.495087
 09 01 5C 03 05 03 F5 02

004:011:000:STREAM             1379677177.505089
 09 01 5C 03 05 03 FC 02

004:011:000:STREAM             1379677177.509086
 09 01 5C 03 05 03 01 03

004:011:000:STREAM             1379677177.515108
 09 01 5C 03 05 03 08 03

004:011:000:STREAM             1379677177.519115
 09 01 5C 03 05 03 0F 03

004:011:000:STREAM             1379677177.523111
 09 01 5C 03 05 03 1A 03

004:011:000:STREAM             1379677177.529043
 09 01 5C 03 05 03 2A 03

004:011:000:STREAM             1379677177.533010
 09 01 5C 03 05 03 3A 03

004:011:000:STREAM             1379677177.537113
 09 01 5C 03 05 03 44 03

004:011:000:STREAM             1379677177.543089
 09 01 5C 03 05 03 54 03

004:011:000:STREAM             1379677177.547112
 09 01 5C 03 05 03 58 03

004:011:000:STREAM             1379677177.553089
 09 01 5C 03 05 03 5F 03

004:011:000:STREAM             1379677177.557111
 09 01 5C 03 05 03 69 03

004:011:000:STREAM             1379677177.561034
 09 01 5C 03 05 03 71 03

004:011:000:STREAM             1379677177.567110
 09 01 5C 03 05 03 77 03

004:011:000:STREAM             1379677177.571087
 09 01 5C 03 05 03 7C 03

004:011:000:STREAM             1379677177.575087
 09 01 5C 03 05 03 81 03

004:011:000:STREAM             1379677177.581104
 09 01 5C 03 05 03 84 03

004:011:000:STREAM             1379677177.585087
 09 01 5C 03 05 03 86 03

004:011:000:STREAM             1379677177.589085
 09 01 5C 03 05 03 88 03

004:011:000:STREAM             1379677177.595015
 09 01 5C 03 05 03 8B 03

004:011:000:STREAM             1379677177.599088
 09 01 5C 03 05 03 8D 03

004:011:000:STREAM             1379677177.609091
 09 01 5C 03 05 03 91 03

004:011:000:STREAM             1379677177.613111
 09 01 5C 03 05 03 92 03

004:011:000:STREAM             1379677177.619116
 09 01 5C 03 05 03 94 03

004:011:000:STREAM             1379677177.623014
 09 01 5C 03 05 03 96 03

004:011:000:STREAM             1379677177.627110
 09 01 5C 03 05 03 98 03

004:011:000:STREAM             1379677177.633089
 09 01 5C 03 05 03 A2 03

004:011:000:STREAM             1379677177.637114
 09 01 5C 03 05 03 AA 03

004:011:000:STREAM             1379677177.641112
 09 01 5C 03 05 03 B8 03

004:011:000:STREAM             1379677177.647079
 09 01 5C 03 05 03 D1 03

004:011:000:STREAM             1379677177.651041
 09 01 5C 03 05 03 E0 03

004:011:000:STREAM             1379677177.655009
 09 01 5C 03 05 03 F6 03

004:011:000:STREAM             1379677177.661087
 09 01 5C 03 05 03 09 04

004:011:000:STREAM             1379677177.665112
 09 01 5C 03 05 03 27 04

004:011:000:STREAM             1379677177.669103
 09 01 5C 03 05 03 41 04

004:011:000:STREAM             1379677177.675113
 09 01 5C 03 05 03 5C 04

004:011:000:STREAM             1379677177.679112
 09 01 5C 03 05 03 74 04

004:011:000:STREAM             1379677177.683038
 09 01 5C 03 05 03 8D 04

004:011:000:STREAM             1379677177.689103
 09 01 5C 03 05 03 A2 04

004:011:000:STREAM             1379677177.693083
 09 01 5C 03 05 03 B1 04

004:011:000:STREAM             1379677177.699086
 09 01 5C 03 05 03 C4 04

004:011:000:STREAM             1379677177.703113
 09 01 5C 03 05 03 CB 04

004:011:000:STREAM             1379677177.707109
 09 01 5C 03 05 03 D3 04

004:011:000:STREAM             1379677177.713040
 09 01 5C 03 05 03 DC 04

004:011:000:STREAM             1379677177.717010
 09 01 5C 03 05 03 DD 04

004:011:000:STREAM             1379677177.721113
 09 01 5C 03 05 03 E3 04

004:011:000:STREAM             1379677177.727088
 09 01 5C 03 05 03 EA 04

004:011:000:STREAM             1379677177.731036
 09 01 5C 03 05 03 EC 04

004:011:000:STREAM             1379677177.735108
 09 01 5C 03 05 03 F1 04

004:011:000:STREAM             1379677177.745042
 09 01 5C 03 05 03 F7 04

004:011:000:STREAM             1379677177.749010
 09 01 5C 03 05 03 FC 04

004:011:000:STREAM             1379677177.755056
 09 01 5C 03 05 03 00 05

004:011:000:STREAM             1379677177.759086
 09 01 5C 03 05 03 05 05

004:011:000:STREAM             1379677177.763086
 09 01 5C 03 05 03 10 05

004:011:000:STREAM             1379677177.769106
 09 01 5C 03 05 03 19 05

004:011:000:STREAM             1379677177.773087
 09 01 5C 03 05 03 1E 05

004:011:000:STREAM             1379677177.777014
 09 01 5C 03 05 03 2A 05

004:011:000:STREAM             1379677177.783112
 09 01 5C 03 05 03 30 05

004:011:000:STREAM             1379677177.787086
 09 01 5C 03 05 03 3B 05

004:011:000:STREAM             1379677177.793091
 09 01 5C 03 05 03 4E 05

004:011:000:STREAM             1379677177.797111
 09 01 5C 03 05 03 60 05

004:011:000:STREAM             1379677177.801112
 09 01 5C 03 05 03 77 05

004:011:000:STREAM             1379677177.807033
 09 01 5C 03 05 03 8F 05

004:011:000:STREAM             1379677177.811040
 09 01 5C 03 05 03 A5 05

004:011:000:STREAM             1379677177.815107
 09 01 5C 03 06 03 BC 05

004:011:000:STREAM             1379677177.821087
 09 01 5C 03 06 03 D4 05

004:011:000:STREAM             1379677177.825085
 09 01 5C 03 07 03 F1 05

004:011:000:STREAM             1379677177.829111
 09 01 5C 03 08 03 0F 06

004:011:000:STREAM             1379677177.835034
 09 01 5C 03 09 03 35 06

004:011:000:STREAM             1379677177.839013
 09 01 5B 03 0A 03 52 06

004:011:000:STREAM             1379677177.843081
 09 01 5B 03 0A 03 6C 06

004:011:000:STREAM             1379677177.849111
 09 01 5B 03 0B 03 88 06

004:011:000:STREAM             1379677177.853111
 09 01 5B 03 0B 03 A1 06

004:011:000:STREAM             1379677177.857087
 09 01 5B 03 0B 03 BB 06

004:011:000:STREAM             1379677177.863087
 09 01 5B 03 0B 03 D1 06

004:011:000:STREAM             1379677177.867038
 09 01 5B 03 0B 03 E8 06

004:011:000:STREAM             1379677177.871008
 09 01 5B 03 0B 03 FC 06

004:011:000:STREAM             1379677177.877099
 09 01 5B 03 0B 03 07 07

004:011:000:STREAM             1379677177.881109
 09 01 5B 03 0B 03 0E 07

004:011:000:STREAM             1379677177.885081
 09 01 5B 03 0B 03 15 07

004:011:000:STREAM             1379677177.891110
 09 01 5B 03 0B 03 26 07

004:011:000:STREAM             1379677177.895110
 09 01 5B 03 0B 03 35 07

004:011:000:STREAM             1379677177.901033
 09 01 5A 03 0B 03 44 07

004:011:000:STREAM             1379677177.905106
 09 01 5A 03 0B 03 56 07

004:011:000:STREAM             1379677177.909082
 09 01 5A 03 0B 03 66 07

004:011:000:STREAM             1379677177.915083
 09 01 5A 03 0A 03 73 07

004:011:000:STREAM             1379677177.919109
 09 01 5A 03 0A 03 8B 07

004:011:000:STREAM             1379677177.923108
 09 01 5A 03 09 03 A6 07

004:011:000:STREAM             1379677177.929032
 09 01 59 03 09 03 BA 07

004:011:000:STREAM             1379677177.933006
 09 01 59 03 09 03 DA 07

004:011:000:STREAM             1379677177.937075
 09 01 59 03 09 03 F6 07

004:011:000:STREAM             1379677177.943108
 09 01 59 03 08 03 FF 07

004:011:000:STREAM             1379677177.960977
 09 01 59 03 07 03 FF 07

004:011:000:STREAM             1379677178.065143
 09 01 59 03 06 03 FF 07

004:011:000:STREAM             1379677178.489212
 09 01 59 03 07 03 FF 07

004:011:000:STREAM             1379677178.517036
 09 01 59 03 08 03 FF 07

004:011:000:STREAM             1379677178.527109
 09 01 5A 03 08 03 FF 07

004:011:000:STREAM             1379677178.681149
 09 01 5A 03 09 03 FF 07

004:011:000:STREAM             1379677178.823147
 09 01 5B 03 09 03 FF 07

004:011:000:STREAM             1379677178.903126
 09 01 5B 03 08 03 FF 07

004:011:000:STREAM             1379677178.973096
 09 01 5B 03 07 03 FF 07

004:011:000:STREAM             1379677179.067120
 09 01 5B 03 06 03 FF 07

004:011:000:STREAM             1379677179.091084
 09 01 5B 03 05 03 FF 07

004:011:000:STREAM             1379677179.247146
 09 01 5B 03 04 03 FF 07

004:011:000:STREAM             1379677179.627210
 09 01 5B 03 05 03 FF 07

004:011:000:STREAM             1379677179.649094
 09 01 5C 03 05 03 FF 07

004:011:000:STREAM             1379677179.753127
 09 01 5C 03 06 03 FF 07

004:011:000:STREAM             1379677180.173210
 09 01 5C 03 07 03 FF 07

004:011:000:STREAM             1379677180.265120
 09 01 5D 03 07 03 FF 07

004:011:000:STREAM             1379677180.493120
 09 01 5E 03 07 03 FF 07

004:011:000:STREAM             1379677180.847192
 09 01 5D 03 07 03 FF 07

004:011:000:STREAM             1379677180.869088
 09 01 5C 03 07 03 FF 07

004:011:000:STREAM             1379677180.907071
 09 01 5C 03 08 03 FF 07

004:011:000:STREAM             1379677180.921049
 09 01 5C 03 09 03 FF 07

004:011:000:STREAM             1379677180.967098
 09 01 5B 03 09 03 FF 07

004:011:000:STREAM             1379677180.971087
 09 01 5B 03 08 03 FF 07

004:011:000:STREAM             1379677180.985091
 09 01 5A 03 07 03 FF 07

004:011:000:STREAM             1379677180.995021
 09 01 5A 03 06 03 FF 07

004:011:000:STREAM             1379677181.009093
 09 01 59 03 06 03 FF 07

004:011:000:STREAM             1379677181.013088
 09 01 59 03 05 03 FF 07

004:011:000:STREAM             1379677181.023065
 09 01 58 03 05 03 FF 07

004:011:000:STREAM             1379677181.031014
 09 01 57 03 05 03 FF 07

004:011:000:STREAM             1379677181.037079
 09 01 56 03 05 03 FF 07

004:011:000:STREAM             1379677181.041021
 09 01 55 03 05 03 E4 06

004:011:000:STREAM             1379677181.045061
 09 01 54 03 03 03 78 03

004:011:000:STREAM             1379677181.051088
 09 01 52 03 02 03 01 00

004:011:000:STREAM             1379677181.055088
 09 00 51 03 00 03 00 00

004:011:000:STREAM             1379677181.059015
 09 00 50 03 FD 02 00 00

004:011:000:STREAM             1379677181.062987
 09 00 50 03 F9 02 00 00

004:011:000:STREAM             1379677181.067060
 09 00 50 03 F5 02 00 00

004:011:000:STREAM             1379677181.071063
 09 00 50 03 F0 02 00 00

004:011:000:STREAM             1379677181.075086
 09 00 50 03 EC 02 00 00

004:011:000:STREAM             1379677181.079063
 09 00 51 03 E8 02 00 00

004:011:000:STREAM             1379677181.081063
 09 00 52 03 E4 02 00 00

004:011:000:STREAM             1379677181.085079
 09 00 53 03 E0 02 00 00

004:011:000:STREAM             1379677181.089016
 09 00 53 03 E0 02 00 00

