 05 0D 09 01 A1 00 85 07 09 EE A1 01 09 EE 15 00
 25 7F 75 08 95 07 81 06 C0 C0 05 0C 09 01 A1 01
 85 03 15 00 26 FF 02 19 00 2A FF 02 75 10 95 01
 81 00 C0 05 01 09 00 A1 01 85 05 06 00 FF 09 01
 15 81 25 7F 75 08 95 07 B1 02 C0 05 01 09 02 A1
 01 85 08 09 01 A1 00 05 09 19 01 29 03 15 00 25
 01 95 03 75 01 81 02 95 05 81 01 05 01 09 30 09
 31 09 38 09 00 15 81 25 7F 75 08 95 04 81 06 C0
 C0 05 01 09 02 A1 01 85 09 09 01 A1 00 05 09 19
 01 29 03 15 00 25 01 95 03 75 01 81 02 95 04 81
 01 05 0D 09 32 95 01 81 02 05 01 09 30 15 00 26
 00 3C 35 00 46 00 3C 75 10 95 01 81 02 09 31 15
 00 26 00 28 35 00 46 00 28 75 10 95 01 81 02 C0
 C0 05 0D 09 01 A1 00 85 11 09 EE A1 01 09 EE 15
 00 25 7F 75 08 95 07 81 06 C0 C0 05 0D 09 02 A1
 01 85 10 09 20 A1 00 09 42 09 44 09 3C 09 45 15
 00 25 01 75 01 95 04 81 02 95 03 81 03 09 32 15
 00 25 01 95 01 81 02 05 01 09 30 75 10 95 01 A4
 55 0D 65 33 15 00 26 00 3C 35 00 46 00 3C 81 02
 09 31 26 00 28 46 00 28 81 02 05 0D 09 30 15 00
 26 FF 03 35 00 46 FF 03 81 02 75 10 C0 C0 05 0D
 09 01 A1 00 85 14 09 EE A1 01 09 EE 15 00 25 7F
 75 08 95 07 81 06 C0 C0 05 0D 09 01 A1 01 85 13
 09 20 A1 00 09 42 09 44 09 3C 09 45 15 00 25 01
 75 01 95 04 81 02 95 03 81 03 09 32 95 01 81 02
 05 01 09 30 75 10 95 01 A4 55 0D 65 33 15 00 26
 00 3C 35 00 46 00 3C 81 02 09 31 26 00 28 46 00
 28 81 02 05 0D 09 30 15 00 26 FF 03 81 02 75 10
 C0 C0 05 0D 09 01 A1 00 85 12 09 EE A1 01 09 EE
 15 00 25 7F 75 08 95 07 81 06 C0 C0

