000:STREAM                     1282391779.587446
 0D 01 00 00 00 00 00 00

000:STREAM                     1282391779.589419
 0D 01 00 2D 00 00 00 00

000:STREAM                     1282391779.591404
 0D 00 00 00 00 00 00 00

000:STREAM                     1282391779.641437
 0D 01 00 00 00 00 00 00

000:STREAM                     1282391779.643404
 0D 01 00 2D 00 00 00 00

000:STREAM                     1282391779.645426
 0D 00 00 00 00 00 00 00

000:STREAM                     1282391779.677431
 0D 01 00 00 00 00 00 00

000:STREAM                     1282391779.679403
 0D 01 00 2D 00 00 00 00

000:STREAM                     1282391779.681428
 0D 00 00 00 00 00 00 00

000:STREAM                     1282391779.719429
 0D 01 00 00 00 00 00 00

000:STREAM                     1282391779.721424
 0D 01 00 2D 00 00 00 00

000:STREAM                     1282391779.723426
 0D 00 00 00 00 00 00 00

000:STREAM                     1282391779.751432
 0D 01 00 00 00 00 00 00

000:STREAM                     1282391779.753419
 0D 01 00 2D 00 00 00 00

000:STREAM                     1282391779.755408
 0D 00 00 00 00 00 00 00

000:STREAM                     1282391779.793428
 0D 01 00 00 00 00 00 00

000:STREAM                     1282391779.795403
 0D 01 00 2D 00 00 00 00

000:STREAM                     1282391779.797427
 0D 00 00 00 00 00 00 00

000:STREAM                     1282391779.839425
 0D 01 00 00 00 00 00 00

000:STREAM                     1282391779.841420
 0D 01 00 2D 00 00 00 00

000:STREAM                     1282391779.843409
 0D 00 00 00 00 00 00 00

000:STREAM                     1282391779.875430
 0D 01 00 00 00 00 00 00

000:STREAM                     1282391779.877422
 0D 01 00 2D 00 00 00 00

000:STREAM                     1282391779.879417
 0D 00 00 00 00 00 00 00

000:STREAM                     1282391779.923426
 0D 01 00 00 00 00 00 00

000:STREAM                     1282391779.925416
 0D 01 00 2D 00 00 00 00

000:STREAM                     1282391779.927408
 0D 00 00 00 00 00 00 00

000:STREAM                     1282391779.967431
 0D 01 00 00 00 00 00 00

000:STREAM                     1282391779.969420
 0D 01 00 2D 00 00 00 00

000:STREAM                     1282391779.971406
 0D 00 00 00 00 00 00 00

000:STREAM                     1282391779.997428
 0D 01 00 00 00 00 00 00

000:STREAM                     1282391779.999402
 0D 01 00 2D 00 00 00 00

000:STREAM                     1282391780.001424
 0D 00 00 00 00 00 00 00

000:STREAM                     1282391780.027430
 0D 01 00 00 00 00 00 00

000:STREAM                     1282391780.029419
 0D 01 00 2D 00 00 00 00

000:STREAM                     1282391780.031410
 0D 00 00 00 00 00 00 00

000:STREAM                     1282391780.055432
 0D 01 00 00 00 00 00 00

000:STREAM                     1282391780.056851
 0D 01 00 2D 00 00 00 00

000:STREAM                     1282391780.059414
 0D 00 00 00 00 00 00 00

000:STREAM                     1282391780.097426
 0D 01 00 00 00 00 00 00

000:STREAM                     1282391780.099402
 0D 01 00 2D 00 00 00 00

000:STREAM                     1282391780.101422
 0D 00 00 00 00 00 00 00

000:STREAM                     1282391780.123429
 0D 01 00 00 00 00 00 00

000:STREAM                     1282391780.125416
 0D 01 00 2D 00 00 00 00

000:STREAM                     1282391780.127409
 0D 00 00 00 00 00 00 00

000:STREAM                     1282391780.147428
 0D 01 00 00 00 00 00 00

000:STREAM                     1282391780.149426
 0D 01 00 2D 00 00 00 00

000:STREAM                     1282391780.151416
 0D 00 00 00 00 00 00 00

000:STREAM                     1282391780.167427
 0D 01 00 00 00 00 00 00

000:STREAM                     1282391780.169417
 0D 01 00 2D 00 00 00 00

000:STREAM                     1282391780.171406
 0D 00 00 00 00 00 00 00

000:STREAM                     1282391780.191428
 0D 01 00 00 00 00 00 00

000:STREAM                     1282391780.193422
 0D 01 00 2D 00 00 00 00

000:STREAM                     1282391780.195426
 0D 00 00 00 00 00 00 00

000:STREAM                     1282391780.217423
 0D 01 00 00 00 00 00 00

000:STREAM                     1282391780.219402
 0D 01 00 2D 00 00 00 00

000:STREAM                     1282391780.221410
 0D 00 00 00 00 00 00 00

000:STREAM                     1282391780.249428
 0D 01 00 00 00 00 00 00

000:STREAM                     1282391780.251402
 0D 01 00 2D 00 00 00 00

000:STREAM                     1282391780.253408
 0D 00 00 00 00 00 00 00

000:STREAM                     1282391780.273426
 0D 01 00 00 00 00 00 00

000:STREAM                     1282391780.275402
 0D 01 00 2D 00 00 00 00

000:STREAM                     1282391780.277420
 0D 00 00 00 00 00 00 00

000:STREAM                     1282391780.297427
 0D 01 00 00 00 00 00 00

000:STREAM                     1282391780.299400
 0D 01 00 2D 00 00 00 00

000:STREAM                     1282391780.301424
 0D 00 00 00 00 00 00 00

000:STREAM                     1282391780.317426
 0D 01 00 00 00 00 00 00

000:STREAM                     1282391780.319403
 0D 01 00 2D 00 00 00 00

000:STREAM                     1282391780.321424
 0D 00 00 00 00 00 00 00

000:STREAM                     1282391780.349424
 0D 01 00 00 00 00 00 00

000:STREAM                     1282391780.351400
 0D 01 00 2D 00 00 00 00

000:STREAM                     1282391780.353424
 0D 00 00 00 00 00 00 00

000:STREAM                     1282391780.383427
 0D 01 00 00 00 00 00 00

000:STREAM                     1282391780.385412
 0D 01 00 2D 00 00 00 00

000:STREAM                     1282391780.387408
 0D 00 00 00 00 00 00 00

000:STREAM                     1282391780.413428
 0D 01 00 00 00 00 00 00

000:STREAM                     1282391780.415401
 0D 01 00 2D 00 00 00 00

000:STREAM                     1282391780.417425
 0D 00 00 00 00 00 00 00

000:STREAM                     1282391780.433423
 0D 01 00 00 00 00 00 00

000:STREAM                     1282391780.435401
 0D 01 00 2D 00 00 00 00

000:STREAM                     1282391780.437421
 0D 00 00 00 00 00 00 00

000:STREAM                     1282391780.459419
 0D 01 00 00 00 00 00 00

000:STREAM                     1282391780.461417
 0D 01 00 2D 00 00 00 00

000:STREAM                     1282391780.463407
 0D 00 00 00 00 00 00 00

000:STREAM                     1282391780.481426
 0D 01 00 00 00 00 00 00

000:STREAM                     1282391780.483400
 0D 01 00 2D 00 00 00 00

000:STREAM                     1282391780.485424
 0D 00 00 00 00 00 00 00

000:STREAM                     1282391780.515425
 0D 01 00 00 00 00 00 00

000:STREAM                     1282391780.517426
 0D 01 00 2D 00 00 00 00

000:STREAM                     1282391780.519412
 0D 00 00 00 00 00 00 00

000:STREAM                     1282391780.551427
 0D 01 00 00 00 00 00 00

000:STREAM                     1282391780.552797
 0D 01 00 2D 00 00 00 00

000:STREAM                     1282391780.555415
 0D 00 00 00 00 00 00 00

000:STREAM                     1282391780.593426
 0D 01 00 00 00 00 00 00

000:STREAM                     1282391780.595399
 0D 01 00 2D 00 00 00 00

000:STREAM                     1282391780.597423
 0D 00 00 00 00 00 00 00

000:STREAM                     1282391780.627424
 0D 01 00 00 00 00 00 00

000:STREAM                     1282391780.629420
 0D 01 00 2D 00 00 00 00

000:STREAM                     1282391780.631413
 0D 00 00 00 00 00 00 00

000:STREAM                     1282391780.663424
 0D 01 00 00 00 00 00 00

000:STREAM                     1282391780.665418
 0D 01 00 2D 00 00 00 00

000:STREAM                     1282391780.667408
 0D 00 00 00 00 00 00 00

000:STREAM                     1282391780.689425
 0D 01 00 00 00 00 00 00

000:STREAM                     1282391780.691397
 0D 01 00 2D 00 00 00 00

000:STREAM                     1282391780.693421
 0D 00 00 00 00 00 00 00

000:STREAM                     1282391780.721426
 0D 01 00 00 00 00 00 00

000:STREAM                     1282391780.723400
 0D 01 00 2D 00 00 00 00

000:STREAM                     1282391780.725421
 0D 00 00 00 00 00 00 00

000:STREAM                     1282391780.749423
 0D 01 00 00 00 00 00 00

000:STREAM                     1282391780.751399
 0D 01 00 2D 00 00 00 00

000:STREAM                     1282391780.753420
 0D 00 00 00 00 00 00 00

000:STREAM                     1282391780.777424
 0D 01 00 00 00 00 00 00

000:STREAM                     1282391780.779397
 0D 01 00 2D 00 00 00 00

000:STREAM                     1282391780.781419
 0D 00 00 00 00 00 00 00

000:STREAM                     1282391780.800810
 0D 01 00 00 00 00 00 00

000:STREAM                     1282391780.803396
 0D 01 00 2D 00 00 00 00

000:STREAM                     1282391780.805422
 0D 00 00 00 00 00 00 00

000:STREAM                     1282391780.831424
 0D 01 00 00 00 00 00 00

000:STREAM                     1282391780.833414
 0D 01 00 2D 00 00 00 00

000:STREAM                     1282391780.835404
 0D 00 00 00 00 00 00 00

000:STREAM                     1282391780.855427
 0D 01 00 00 00 00 00 00

000:STREAM                     1282391780.857423
 0D 01 00 2D 00 00 00 00

000:STREAM                     1282391780.859412
 0D 00 00 00 00 00 00 00

000:STREAM                     1282391780.881422
 0D 01 00 00 00 00 00 00

000:STREAM                     1282391780.883399
 0D 01 00 2D 00 00 00 00

000:STREAM                     1282391780.885422
 0D 00 00 00 00 00 00 00

000:STREAM                     1282391780.907420
 0D 01 00 00 00 00 00 00

000:STREAM                     1282391780.909422
 0D 01 00 2D 00 00 00 00

000:STREAM                     1282391780.911412
 0D 00 00 00 00 00 00 00

000:STREAM                     1282391780.935420
 0D 01 00 00 00 00 00 00

000:STREAM                     1282391780.937416
 0D 01 00 2D 00 00 00 00

000:STREAM                     1282391780.939406
 0D 00 00 00 00 00 00 00

000:STREAM                     1282391780.961424
 0D 01 00 00 00 00 00 00

000:STREAM                     1282391780.963397
 0D 01 00 2D 00 00 00 00

000:STREAM                     1282391780.965419
 0D 00 00 00 00 00 00 00

000:STREAM                     1282391780.991425
 0D 01 00 00 00 00 00 00

000:STREAM                     1282391780.993420
 0D 01 00 2D 00 00 00 00

000:STREAM                     1282391780.995410
 0D 00 00 00 00 00 00 00

000:STREAM                     1282391781.019422
 0D 01 00 00 00 00 00 00

000:STREAM                     1282391781.021422
 0D 01 00 2D 00 00 00 00

000:STREAM                     1282391781.023410
 0D 00 00 00 00 00 00 00

000:STREAM                     1282391781.047423
 0D 01 00 00 00 00 00 00

000:STREAM                     1282391781.048799
 0D 01 00 2D 00 00 00 00

000:STREAM                     1282391781.051410
 0D 00 00 00 00 00 00 00

000:STREAM                     1282391781.067422
 0D 01 00 00 00 00 00 00

000:STREAM                     1282391781.069411
 0D 01 00 2D 00 00 00 00

000:STREAM                     1282391781.071403
 0D 00 00 00 00 00 00 00

000:STREAM                     1282391781.087419
 0D 01 00 00 00 00 00 00

000:STREAM                     1282391781.089419
 0D 01 00 2D 00 00 00 00

000:STREAM                     1282391781.091413
 0D 00 00 00 00 00 00 00

000:STREAM                     1282391781.105421
 0D 01 00 00 00 00 00 00

000:STREAM                     1282391781.107397
 0D 01 00 2D 00 00 00 00

000:STREAM                     1282391781.109418
 0D 00 00 00 00 00 00 00

000:STREAM                     1282391781.135422
 0D 01 00 00 00 00 00 00

000:STREAM                     1282391781.137421
 0D 01 00 2D 00 00 00 00

000:STREAM                     1282391781.139410
 0D 00 00 00 00 00 00 00

000:STREAM                     1282391781.163422
 0D 01 00 00 00 00 00 00

000:STREAM                     1282391781.165410
 0D 01 00 2D 00 00 00 00

000:STREAM                     1282391781.167404
 0D 00 00 00 00 00 00 00

000:STREAM                     1282391781.195422
 0D 01 00 00 00 00 00 00

000:STREAM                     1282391781.197420
 0D 01 00 2D 00 00 00 00

000:STREAM                     1282391781.199412
 0D 00 00 00 00 00 00 00

000:STREAM                     1282391781.221419
 0D 01 00 00 00 00 00 00

000:STREAM                     1282391781.223396
 0D 01 00 2D 00 00 00 00

000:STREAM                     1282391781.225424
 0D 00 00 00 00 00 00 00

000:STREAM                     1282391781.257422
 0D 01 00 00 00 00 00 00

000:STREAM                     1282391781.259397
 0D 01 00 2D 00 00 00 00

000:STREAM                     1282391781.261420
 0D 00 00 00 00 00 00 00

000:STREAM                     1282391781.293422
 0D 01 00 00 00 00 00 00

000:STREAM                     1282391781.295397
 0D 01 00 2D 00 00 00 00

000:STREAM                     1282391781.296841
 0D 00 00 00 00 00 00 00

000:STREAM                     1282391781.329419
 0D 01 00 00 00 00 00 00

000:STREAM                     1282391781.331397
 0D 01 00 2D 00 00 00 00

000:STREAM                     1282391781.333414
 0D 00 00 00 00 00 00 00

000:STREAM                     1282391781.363422
 0D 01 00 00 00 00 00 00

000:STREAM                     1282391781.365408
 0D 01 00 2D 00 00 00 00

000:STREAM                     1282391781.367402
 0D 00 00 00 00 00 00 00

000:STREAM                     1282391781.395423
 0D 01 00 00 00 00 00 00

000:STREAM                     1282391781.397417
 0D 01 00 2D 00 00 00 00

000:STREAM                     1282391781.399408
 0D 00 00 00 00 00 00 00

000:STREAM                     1282391781.427421
 0D 01 00 00 00 00 00 00

000:STREAM                     1282391781.429409
 0D 01 00 2D 00 00 00 00

000:STREAM                     1282391781.431404
 0D 00 00 00 00 00 00 00

000:STREAM                     1282391781.465424
 0D 01 00 00 00 00 00 00

000:STREAM                     1282391781.467394
 0D 01 00 2D 00 00 00 00

000:STREAM                     1282391781.469421
 0D 00 00 00 00 00 00 00

000:STREAM                     1282391781.493422
 0D 01 00 00 00 00 00 00

000:STREAM                     1282391781.495394
 0D 01 00 2D 00 00 00 00

000:STREAM                     1282391781.497422
 0D 00 00 00 00 00 00 00

000:STREAM                     1282391781.529421
 0D 01 00 00 00 00 00 00

000:STREAM                     1282391781.531394
 0D 01 00 2D 00 00 00 00

000:STREAM                     1282391781.533416
 0D 00 00 00 00 00 00 00

000:STREAM                     1282391781.563419
 0D 01 00 00 00 00 00 00

000:STREAM                     1282391781.565412
 0D 01 00 2D 00 00 00 00

000:STREAM                     1282391781.567401
 0D 00 00 00 00 00 00 00

000:STREAM                     1282391781.595421
 0D 01 00 00 00 00 00 00

000:STREAM                     1282391781.597414
 0D 01 00 2D 00 00 00 00

000:STREAM                     1282391781.599411
 0D 00 00 00 00 00 00 00

000:STREAM                     1282391781.623420
 0D 01 00 00 00 00 00 00

000:STREAM                     1282391781.625409
 0D 01 00 2D 00 00 00 00

000:STREAM                     1282391781.627400
 0D 00 00 00 00 00 00 00

000:STREAM                     1282391781.663425
 0D 01 00 00 00 00 00 00

000:STREAM                     1282391781.665418
 0D 01 00 2D 00 00 00 00

000:STREAM                     1282391781.667407
 0D 00 00 00 00 00 00 00

000:STREAM                     1282391781.687419
 0D 01 00 00 00 00 00 00

000:STREAM                     1282391781.689407
 0D 01 00 2D 00 00 00 00

000:STREAM                     1282391781.691400
 0D 00 00 00 00 00 00 00

000:STREAM                     1282391781.713418
 0D 01 00 00 00 00 00 00

000:STREAM                     1282391781.715395
 0D 01 00 2D 00 00 00 00

000:STREAM                     1282391781.717414
 0D 00 00 00 00 00 00 00

000:STREAM                     1282391781.737423
 0D 01 00 00 00 00 00 00

000:STREAM                     1282391781.739395
 0D 01 00 2D 00 00 00 00

000:STREAM                     1282391781.741416
 0D 00 00 00 00 00 00 00

000:STREAM                     1282391781.761416
 0D 01 00 00 00 00 00 00

000:STREAM                     1282391781.763394
 0D 01 00 2D 00 00 00 00

000:STREAM                     1282391781.765414
 0D 00 00 00 00 00 00 00

000:STREAM                     1282391781.781418
 0D 01 00 00 00 00 00 00

000:STREAM                     1282391781.783394
 0D 01 00 2D 00 00 00 00

000:STREAM                     1282391781.785418
 0D 00 00 00 00 00 00 00

000:STREAM                     1282391781.799413
 0D 01 00 00 00 00 00 00

000:STREAM                     1282391781.801415
 0D 01 00 2D 00 00 00 00

000:STREAM                     1282391781.803408
 0D 00 00 00 00 00 00 00

000:STREAM                     1282391781.823416
 0D 01 00 00 00 00 00 00

000:STREAM                     1282391781.825408
 0D 01 00 2D 00 00 00 00

000:STREAM                     1282391781.827390
 0D 00 00 00 00 00 00 00

000:STREAM                     1282391781.851418
 0D 01 00 00 00 00 00 00

000:STREAM                     1282391781.853409
 0D 01 00 2D 00 00 00 00

000:STREAM                     1282391781.855411
 0D 00 00 00 00 00 00 00

000:STREAM                     1282391781.877409
 0D 01 00 00 00 00 00 00

000:STREAM                     1282391781.879393
 0D 01 00 2D 00 00 00 00

000:STREAM                     1282391781.881418
 0D 00 00 00 00 00 00 00

000:STREAM                     1282391781.913421
 0D 01 00 00 00 00 00 00

000:STREAM                     1282391781.915395
 0D 01 00 2D 00 00 00 00

000:STREAM                     1282391781.917413
 0D 00 00 00 00 00 00 00

000:STREAM                     1282391781.951407
 0D 01 00 00 00 00 00 00

000:STREAM                     1282391781.953408
 0D 01 00 2D 00 00 00 00

000:STREAM                     1282391781.955398
 0D 00 00 00 00 00 00 00

000:STREAM                     1282391781.999419
 0D 01 00 00 00 00 00 00

000:STREAM                     1282391782.001414
 0D 01 00 2D 00 00 00 00

000:STREAM                     1282391782.003411
 0D 00 00 00 00 00 00 00

000:STREAM                     1282391782.043413
 0D 01 00 00 00 00 00 00

000:STREAM                     1282391782.045408
 0D 01 00 2D 00 00 00 00

000:STREAM                     1282391782.047400
 0D 00 00 00 00 00 00 00

000:STREAM                     1282391782.073420
 0D 01 00 00 00 00 00 00

000:STREAM                     1282391782.075392
 0D 01 00 2D 00 00 00 00

000:STREAM                     1282391782.077417
 0D 00 00 00 00 00 00 00

000:STREAM                     1282391782.099418
 0D 01 00 00 00 00 00 00

000:STREAM                     1282391782.101414
 0D 01 00 2D 00 00 00 00

000:STREAM                     1282391782.103413
 0D 00 00 00 00 00 00 00

000:STREAM                     1282391782.137415
 0D 01 00 00 00 00 00 00

000:STREAM                     1282391782.139393
 0D 01 00 2D 00 00 00 00

000:STREAM                     1282391782.141414
 0D 00 00 00 00 00 00 00

000:STREAM                     1282391782.169418
 0D 01 00 00 00 00 00 00

000:STREAM                     1282391782.171393
 0D 01 00 2D 00 00 00 00

000:STREAM                     1282391782.173414
 0D 00 00 00 00 00 00 00

000:STREAM                     1282391782.207418
 0D 01 00 00 00 00 00 00

000:STREAM                     1282391782.209411
 0D 01 00 2D 00 00 00 00

000:STREAM                     1282391782.211404
 0D 00 00 00 00 00 00 00

000:STREAM                     1282391782.243417
 0D 01 00 00 00 00 00 00

000:STREAM                     1282391782.245406
 0D 01 00 2D 00 00 00 00

000:STREAM                     1282391782.247398
 0D 00 00 00 00 00 00 00

000:STREAM                     1282391782.269419
 0D 01 00 00 00 00 00 00

000:STREAM                     1282391782.271391
 0D 01 00 2D 00 00 00 00

000:STREAM                     1282391782.273412
 0D 00 00 00 00 00 00 00

000:STREAM                     1282391782.293413
 0D 01 00 00 00 00 00 00

000:STREAM                     1282391782.295393
 0D 01 00 2D 00 00 00 00

000:STREAM                     1282391782.297416
 0D 00 00 00 00 00 00 00

000:STREAM                     1282391782.325416
 0D 01 00 00 00 00 00 00

000:STREAM                     1282391782.327391
 0D 01 00 2D 00 00 00 00

000:STREAM                     1282391782.329415
 0D 00 00 00 00 00 00 00

000:STREAM                     1282391782.347411
 0D 01 00 00 00 00 00 00

000:STREAM                     1282391782.349406
 0D 01 00 2D 00 00 00 00

000:STREAM                     1282391782.351401
 0D 00 00 00 00 00 00 00

000:STREAM                     1282391782.373412
 0D 01 00 00 00 00 00 00

000:STREAM                     1282391782.375401
 0D 01 00 2D 00 00 00 00

000:STREAM                     1282391782.377418
 0D 00 00 00 00 00 00 00

000:STREAM                     1282391782.395416
 0D 01 00 00 00 00 00 00

000:STREAM                     1282391782.397413
 0D 01 00 2D 00 00 00 00

000:STREAM                     1282391782.399401
 0D 00 00 00 00 00 00 00

000:STREAM                     1282391782.427419
 0D 01 00 00 00 00 00 00

000:STREAM                     1282391782.429408
 0D 01 00 2D 00 00 00 00

000:STREAM                     1282391782.431401
 0D 00 00 00 00 00 00 00

000:STREAM                     1282391782.447413
 0D 01 00 00 00 00 00 00

000:STREAM                     1282391782.449413
 0D 01 00 2D 00 00 00 00

000:STREAM                     1282391782.451418
 0D 00 00 00 00 00 00 00

000:STREAM                     1282391782.463411
 0D 01 00 00 00 00 00 00

000:STREAM                     1282391782.465403
 0D 01 00 2D 00 00 00 00

000:STREAM                     1282391782.467403
 0D 00 00 00 00 00 00 00

000:STREAM                     1282391782.475405
 0D 01 00 00 00 00 00 00

000:STREAM                     1282391782.477412
 0D 01 00 2D 00 00 00 00

000:STREAM                     1282391782.479412
 0D 00 00 00 00 00 00 00

000:STREAM                     1282391782.489411
 0D 01 00 00 00 00 00 00

000:STREAM                     1282391782.491391
 0D 01 00 2D 00 00 00 00

000:STREAM                     1282391782.493412
 0D 00 00 00 00 00 00 00

000:STREAM                     1282391782.517414
 0D 01 00 00 00 00 00 00

000:STREAM                     1282391782.519391
 0D 01 00 2D 00 00 00 00

000:STREAM                     1282391782.521412
 0D 00 00 00 00 00 00 00

000:STREAM                     1282391782.553415
 0D 01 00 00 00 00 00 00

000:STREAM                     1282391782.555391
 0D 01 00 2D 00 00 00 00

000:STREAM                     1282391782.557411
 0D 00 00 00 00 00 00 00

000:STREAM                     1282391782.583411
 0D 01 00 00 00 00 00 00

000:STREAM                     1282391782.585404
 0D 01 00 2D 00 00 00 00

000:STREAM                     1282391782.587399
 0D 00 00 00 00 00 00 00

000:STREAM                     1282391782.621414
 0D 01 00 00 00 00 00 00

000:STREAM                     1282391782.623390
 0D 01 00 2D 00 00 00 00

000:STREAM                     1282391782.625412
 0D 00 00 00 00 00 00 00

000:STREAM                     1282391782.643413
 0D 01 00 00 00 00 00 00

000:STREAM                     1282391782.645414
 0D 01 00 2D 00 00 00 00

000:STREAM                     1282391782.647405
 0D 00 00 00 00 00 00 00

000:STREAM                     1282391782.667415
 0D 01 00 00 00 00 00 00

000:STREAM                     1282391782.669407
 0D 01 00 2D 00 00 00 00

000:STREAM                     1282391782.671395
 0D 00 00 00 00 00 00 00

000:STREAM                     1282391782.691416
 0D 01 00 00 00 00 00 00

000:STREAM                     1282391782.693413
 0D 01 00 2D 00 00 00 00

000:STREAM                     1282391782.695417
 0D 00 00 00 00 00 00 00

