000:STREAM                     1282391755.803576
 01 00 00 00 00 01

000:STREAM                     1282391755.845545
 01 00 00 00 00 01

000:STREAM                     1282391755.871550
 01 00 00 00 00 01

000:STREAM                     1282391755.895539
 01 00 00 00 00 01

000:STREAM                     1282391755.917535
 01 00 00 00 00 01

000:STREAM                     1282391755.937541
 01 00 00 00 00 01

000:STREAM                     1282391755.963542
 01 00 00 00 00 01

000:STREAM                     1282391756.003537
 01 00 00 00 00 01

000:STREAM                     1282391756.027538
 01 00 00 00 00 01

000:STREAM                     1282391756.047541
 01 00 00 00 00 01

000:STREAM                     1282391756.077541
 01 00 00 00 00 01

000:STREAM                     1282391756.113540
 01 00 00 00 00 01

000:STREAM                     1282391756.147542
 01 00 00 00 00 01

000:STREAM                     1282391756.171538
 01 00 00 00 00 01

000:STREAM                     1282391756.201538
 01 00 00 00 00 01

000:STREAM                     1282391756.223545
 01 00 00 00 00 01

000:STREAM                     1282391756.241540
 01 00 00 00 00 01

000:STREAM                     1282391756.259566
 01 00 00 00 00 01

000:STREAM                     1282391756.289532
 01 00 00 00 00 01

000:STREAM                     1282391756.321544
 01 00 00 00 00 01

000:STREAM                     1282391756.349544
 01 00 00 00 00 01

000:STREAM                     1282391756.371542
 01 00 00 00 00 01

000:STREAM                     1282391756.391540
 01 00 00 00 00 01

000:STREAM                     1282391756.409535
 01 00 00 00 00 01

000:STREAM                     1282391756.437541
 01 00 00 00 00 01

000:STREAM                     1282391756.463539
 01 00 00 00 00 01

000:STREAM                     1282391756.493538
 01 00 00 00 00 01

000:STREAM                     1282391756.515538
 01 00 00 00 00 01

000:STREAM                     1282391756.537540
 01 00 00 00 00 01

000:STREAM                     1282391756.557539
 01 00 00 00 00 01

000:STREAM                     1282391756.579540
 01 00 00 00 00 01

000:STREAM                     1282391756.603533
 01 00 00 00 00 01

000:STREAM                     1282391756.627534
 01 00 00 00 00 01

000:STREAM                     1282391756.649536
 01 00 00 00 00 01

000:STREAM                     1282391756.673541
 01 00 00 00 00 01

000:STREAM                     1282391756.695538
 01 00 00 00 00 01

000:STREAM                     1282391756.723535
 01 00 00 00 00 01

