000:STREAM                     1282391796.181348
 0D 00 00 2C 00 00 00 00

000:STREAM                     1282391796.299348
 0D 00 00 00 00 00 00 00

000:STREAM                     1282391796.415350
 0D 00 00 2C 00 00 00 00

000:STREAM                     1282391796.507343
 0D 00 00 00 00 00 00 00

000:STREAM                     1282391796.607356
 0D 00 00 2C 00 00 00 00

000:STREAM                     1282391796.699343
 0D 00 00 00 00 00 00 00

000:STREAM                     1282391796.825348
 0D 00 00 2C 00 00 00 00

000:STREAM                     1282391796.917347
 0D 00 00 00 00 00 00 00

000:STREAM                     1282391797.033353
 0D 00 00 2C 00 00 00 00

000:STREAM                     1282391797.143342
 0D 00 00 00 00 00 00 00

000:STREAM                     1282391797.235343
 0D 00 00 2C 00 00 00 00

000:STREAM                     1282391797.327334
 0D 00 00 00 00 00 00 00

000:STREAM                     1282391797.443344
 0D 00 00 2C 00 00 00 00

000:STREAM                     1282391797.561341
 0D 00 00 00 00 00 00 00

