000:STREAM                     1282391772.937474
 0D 01 00 00 00 00 00 00

000:STREAM                     1282391772.939433
 0D 01 00 2E 00 00 00 00

000:STREAM                     1282391772.941438
 0D 00 00 00 00 00 00 00

000:STREAM                     1282391773.015465
 0D 01 00 00 00 00 00 00

000:STREAM                     1282391773.017468
 0D 01 00 2E 00 00 00 00

000:STREAM                     1282391773.019437
 0D 00 00 00 00 00 00 00

000:STREAM                     1282391773.075462
 0D 01 00 00 00 00 00 00

000:STREAM                     1282391773.077460
 0D 01 00 2E 00 00 00 00

000:STREAM                     1282391773.079471
 0D 00 00 00 00 00 00 00

000:STREAM                     1282391773.121455
 0D 01 00 00 00 00 00 00

000:STREAM                     1282391773.123435
 0D 01 00 2E 00 00 00 00

000:STREAM                     1282391773.125456
 0D 00 00 00 00 00 00 00

000:STREAM                     1282391773.169458
 0D 01 00 00 00 00 00 00

000:STREAM                     1282391773.171435
 0D 01 00 2E 00 00 00 00

000:STREAM                     1282391773.173460
 0D 00 00 00 00 00 00 00

000:STREAM                     1282391773.215457
 0D 01 00 00 00 00 00 00

000:STREAM                     1282391773.217456
 0D 01 00 2E 00 00 00 00

000:STREAM                     1282391773.219451
 0D 00 00 00 00 00 00 00

000:STREAM                     1282391773.255460
 0D 01 00 00 00 00 00 00

000:STREAM                     1282391773.257450
 0D 01 00 2E 00 00 00 00

000:STREAM                     1282391773.259439
 0D 00 00 00 00 00 00 00

000:STREAM                     1282391773.285458
 0D 01 00 00 00 00 00 00

000:STREAM                     1282391773.287435
 0D 01 00 2E 00 00 00 00

000:STREAM                     1282391773.289462
 0D 00 00 00 00 00 00 00

000:STREAM                     1282391773.323461
 0D 01 00 00 00 00 00 00

000:STREAM                     1282391773.325451
 0D 01 00 2E 00 00 00 00

000:STREAM                     1282391773.327438
 0D 00 00 00 00 00 00 00

000:STREAM                     1282391773.351463
 0D 01 00 00 00 00 00 00

000:STREAM                     1282391773.353458
 0D 01 00 2E 00 00 00 00

000:STREAM                     1282391773.355449
 0D 00 00 00 00 00 00 00

000:STREAM                     1282391773.383461
 0D 01 00 00 00 00 00 00

000:STREAM                     1282391773.385452
 0D 01 00 2E 00 00 00 00

000:STREAM                     1282391773.387433
 0D 00 00 00 00 00 00 00

000:STREAM                     1282391773.423463
 0D 01 00 00 00 00 00 00

000:STREAM                     1282391773.425456
 0D 01 00 2E 00 00 00 00

000:STREAM                     1282391773.427448
 0D 00 00 00 00 00 00 00

000:STREAM                     1282391773.465458
 0D 01 00 00 00 00 00 00

000:STREAM                     1282391773.467434
 0D 01 00 2E 00 00 00 00

000:STREAM                     1282391773.469458
 0D 00 00 00 00 00 00 00

000:STREAM                     1282391773.501458
 0D 01 00 00 00 00 00 00

000:STREAM                     1282391773.503434
 0D 01 00 2E 00 00 00 00

000:STREAM                     1282391773.505457
 0D 00 00 00 00 00 00 00

000:STREAM                     1282391773.541461
 0D 01 00 00 00 00 00 00

000:STREAM                     1282391773.543434
 0D 01 00 2E 00 00 00 00

000:STREAM                     1282391773.545453
 0D 00 00 00 00 00 00 00

000:STREAM                     1282391773.577458
 0D 01 00 00 00 00 00 00

000:STREAM                     1282391773.579433
 0D 01 00 2E 00 00 00 00

000:STREAM                     1282391773.581454
 0D 00 00 00 00 00 00 00

000:STREAM                     1282391773.617460
 0D 01 00 00 00 00 00 00

000:STREAM                     1282391773.619433
 0D 01 00 2E 00 00 00 00

000:STREAM                     1282391773.621458
 0D 00 00 00 00 00 00 00

000:STREAM                     1282391773.651455
 0D 01 00 00 00 00 00 00

000:STREAM                     1282391773.653455
 0D 01 00 2E 00 00 00 00

000:STREAM                     1282391773.655436
 0D 00 00 00 00 00 00 00

000:STREAM                     1282391773.681459
 0D 01 00 00 00 00 00 00

000:STREAM                     1282391773.683433
 0D 01 00 2E 00 00 00 00

000:STREAM                     1282391773.685455
 0D 00 00 00 00 00 00 00

000:STREAM                     1282391773.701452
 0D 01 00 00 00 00 00 00

000:STREAM                     1282391773.703433
 0D 01 00 2E 00 00 00 00

000:STREAM                     1282391773.705451
 0D 00 00 00 00 00 00 00

000:STREAM                     1282391773.729463
 0D 01 00 00 00 00 00 00

000:STREAM                     1282391773.731443
 0D 01 00 2E 00 00 00 00

000:STREAM                     1282391773.733453
 0D 00 00 00 00 00 00 00

000:STREAM                     1282391773.759451
 0D 01 00 00 00 00 00 00

000:STREAM                     1282391773.761450
 0D 01 00 2E 00 00 00 00

000:STREAM                     1282391773.763447
 0D 00 00 00 00 00 00 00

000:STREAM                     1282391773.807438
 0D 01 00 00 00 00 00 00

000:STREAM                     1282391773.809451
 0D 01 00 2E 00 00 00 00

000:STREAM                     1282391773.811449
 0D 00 00 00 00 00 00 00

000:STREAM                     1282391773.859457
 0D 01 00 00 00 00 00 00

000:STREAM                     1282391773.861452
 0D 01 00 2E 00 00 00 00

000:STREAM                     1282391773.863448
 0D 00 00 00 00 00 00 00

000:STREAM                     1282391773.895456
 0D 01 00 00 00 00 00 00

000:STREAM                     1282391773.897448
 0D 01 00 2E 00 00 00 00

000:STREAM                     1282391773.899425
 0D 00 00 00 00 00 00 00

000:STREAM                     1282391773.935460
 0D 01 00 00 00 00 00 00

000:STREAM                     1282391773.937452
 0D 01 00 2E 00 00 00 00

000:STREAM                     1282391773.939449
 0D 00 00 00 00 00 00 00

000:STREAM                     1282391773.973460
 0D 01 00 00 00 00 00 00

000:STREAM                     1282391773.975432
 0D 01 00 2E 00 00 00 00

000:STREAM                     1282391773.977452
 0D 00 00 00 00 00 00 00

000:STREAM                     1282391774.005458
 0D 01 00 00 00 00 00 00

000:STREAM                     1282391774.007431
 0D 01 00 2E 00 00 00 00

000:STREAM                     1282391774.009451
 0D 00 00 00 00 00 00 00

000:STREAM                     1282391774.051459
 0D 01 00 00 00 00 00 00

000:STREAM                     1282391774.053445
 0D 01 00 2E 00 00 00 00

000:STREAM                     1282391774.055435
 0D 00 00 00 00 00 00 00

000:STREAM                     1282391774.091461
 0D 01 00 00 00 00 00 00

000:STREAM                     1282391774.093450
 0D 01 00 2E 00 00 00 00

000:STREAM                     1282391774.095443
 0D 00 00 00 00 00 00 00

000:STREAM                     1282391774.137455
 0D 01 00 00 00 00 00 00

000:STREAM                     1282391774.139431
 0D 01 00 2E 00 00 00 00

000:STREAM                     1282391774.141452
 0D 00 00 00 00 00 00 00

000:STREAM                     1282391774.191455
 0D 01 00 00 00 00 00 00

000:STREAM                     1282391774.193445
 0D 01 00 2E 00 00 00 00

000:STREAM                     1282391774.195440
 0D 00 00 00 00 00 00 00

000:STREAM                     1282391774.261458
 0D 01 00 00 00 00 00 00

000:STREAM                     1282391774.263429
 0D 01 00 2E 00 00 00 00

000:STREAM                     1282391774.265452
 0D 00 00 00 00 00 00 00

000:STREAM                     1282391774.325455
 0D 01 00 00 00 00 00 00

000:STREAM                     1282391774.327429
 0D 01 00 2E 00 00 00 00

000:STREAM                     1282391774.329454
 0D 00 00 00 00 00 00 00

000:STREAM                     1282391774.377455
 0D 01 00 00 00 00 00 00

000:STREAM                     1282391774.379429
 0D 01 00 2E 00 00 00 00

000:STREAM                     1282391774.381450
 0D 00 00 00 00 00 00 00

000:STREAM                     1282391774.431457
 0D 01 00 00 00 00 00 00

000:STREAM                     1282391774.433448
 0D 01 00 2E 00 00 00 00

000:STREAM                     1282391774.435437
 0D 00 00 00 00 00 00 00

000:STREAM                     1282391774.485457
 0D 01 00 00 00 00 00 00

000:STREAM                     1282391774.487427
 0D 01 00 2E 00 00 00 00

000:STREAM                     1282391774.489451
 0D 00 00 00 00 00 00 00

000:STREAM                     1282391774.531455
 0D 01 00 00 00 00 00 00

000:STREAM                     1282391774.533452
 0D 01 00 2E 00 00 00 00

000:STREAM                     1282391774.535446
 0D 00 00 00 00 00 00 00

000:STREAM                     1282391774.593452
 0D 01 00 00 00 00 00 00

000:STREAM                     1282391774.595428
 0D 01 00 2E 00 00 00 00

000:STREAM                     1282391774.597447
 0D 00 00 00 00 00 00 00

000:STREAM                     1282391774.637455
 0D 01 00 00 00 00 00 00

000:STREAM                     1282391774.639429
 0D 01 00 2E 00 00 00 00

000:STREAM                     1282391774.641450
 0D 00 00 00 00 00 00 00

000:STREAM                     1282391774.689453
 0D 01 00 00 00 00 00 00

000:STREAM                     1282391774.691426
 0D 01 00 2E 00 00 00 00

000:STREAM                     1282391774.693451
 0D 00 00 00 00 00 00 00

000:STREAM                     1282391774.725453
 0D 01 00 00 00 00 00 00

000:STREAM                     1282391774.727428
 0D 01 00 2E 00 00 00 00

000:STREAM                     1282391774.729452
 0D 00 00 00 00 00 00 00

000:STREAM                     1282391774.767451
 0D 01 00 00 00 00 00 00

000:STREAM                     1282391774.769445
 0D 01 00 2E 00 00 00 00

000:STREAM                     1282391774.771432
 0D 00 00 00 00 00 00 00

000:STREAM                     1282391774.799453
 0D 01 00 00 00 00 00 00

000:STREAM                     1282391774.801451
 0D 01 00 2E 00 00 00 00

000:STREAM                     1282391774.803444
 0D 00 00 00 00 00 00 00

000:STREAM                     1282391774.833451
 0D 01 00 00 00 00 00 00

000:STREAM                     1282391774.835427
 0D 01 00 2E 00 00 00 00

000:STREAM                     1282391774.837449
 0D 00 00 00 00 00 00 00

000:STREAM                     1282391774.877451
 0D 01 00 00 00 00 00 00

000:STREAM                     1282391774.879427
 0D 01 00 2E 00 00 00 00

000:STREAM                     1282391774.881445
 0D 00 00 00 00 00 00 00

000:STREAM                     1282391774.929451
 0D 01 00 00 00 00 00 00

000:STREAM                     1282391774.931427
 0D 01 00 2E 00 00 00 00

000:STREAM                     1282391774.933448
 0D 00 00 00 00 00 00 00

000:STREAM                     1282391774.969454
 0D 01 00 00 00 00 00 00

000:STREAM                     1282391774.971427
 0D 01 00 2E 00 00 00 00

000:STREAM                     1282391774.973448
 0D 00 00 00 00 00 00 00

000:STREAM                     1282391775.007454
 0D 01 00 00 00 00 00 00

000:STREAM                     1282391775.009447
 0D 01 00 2E 00 00 00 00

000:STREAM                     1282391775.011434
 0D 00 00 00 00 00 00 00

000:STREAM                     1282391775.045451
 0D 01 00 00 00 00 00 00

000:STREAM                     1282391775.047426
 0D 01 00 2E 00 00 00 00

000:STREAM                     1282391775.049450
 0D 00 00 00 00 00 00 00

000:STREAM                     1282391775.089450
 0D 01 00 00 00 00 00 00

000:STREAM                     1282391775.091424
 0D 01 00 2E 00 00 00 00

000:STREAM                     1282391775.093448
 0D 00 00 00 00 00 00 00

000:STREAM                     1282391775.123453
 0D 01 00 00 00 00 00 00

000:STREAM                     1282391775.125443
 0D 01 00 2E 00 00 00 00

000:STREAM                     1282391775.127435
 0D 00 00 00 00 00 00 00

000:STREAM                     1282391775.159453
 0D 01 00 00 00 00 00 00

000:STREAM                     1282391775.161443
 0D 01 00 2E 00 00 00 00

000:STREAM                     1282391775.163441
 0D 00 00 00 00 00 00 00

000:STREAM                     1282391775.191450
 0D 01 00 00 00 00 00 00

000:STREAM                     1282391775.193442
 0D 01 00 2E 00 00 00 00

000:STREAM                     1282391775.195423
 0D 00 00 00 00 00 00 00

000:STREAM                     1282391775.253451
 0D 01 00 00 00 00 00 00

000:STREAM                     1282391775.255425
 0D 01 00 2E 00 00 00 00

000:STREAM                     1282391775.257453
 0D 00 00 00 00 00 00 00

000:STREAM                     1282391775.301446
 0D 01 00 00 00 00 00 00

000:STREAM                     1282391775.303424
 0D 01 00 2E 00 00 00 00

000:STREAM                     1282391775.305447
 0D 00 00 00 00 00 00 00

000:STREAM                     1282391775.351448
 0D 01 00 00 00 00 00 00

000:STREAM                     1282391775.353445
 0D 01 00 2E 00 00 00 00

000:STREAM                     1282391775.355446
 0D 00 00 00 00 00 00 00

000:STREAM                     1282391775.383447
 0D 01 00 00 00 00 00 00

000:STREAM                     1282391775.385447
 0D 01 00 2E 00 00 00 00

000:STREAM                     1282391775.387431
 0D 00 00 00 00 00 00 00

000:STREAM                     1282391775.423450
 0D 01 00 00 00 00 00 00

000:STREAM                     1282391775.425445
 0D 01 00 2E 00 00 00 00

000:STREAM                     1282391775.427446
 0D 00 00 00 00 00 00 00

000:STREAM                     1282391775.461448
 0D 01 00 00 00 00 00 00

000:STREAM                     1282391775.463426
 0D 01 00 2E 00 00 00 00

000:STREAM                     1282391775.465447
 0D 00 00 00 00 00 00 00

000:STREAM                     1282391775.499449
 0D 01 00 00 00 00 00 00

000:STREAM                     1282391775.501445
 0D 01 00 2E 00 00 00 00

000:STREAM                     1282391775.503454
 0D 00 00 00 00 00 00 00

000:STREAM                     1282391775.535446
 0D 01 00 00 00 00 00 00

000:STREAM                     1282391775.537442
 0D 01 00 2E 00 00 00 00

000:STREAM                     1282391775.539430
 0D 00 00 00 00 00 00 00

000:STREAM                     1282391775.569450
 0D 01 00 00 00 00 00 00

000:STREAM                     1282391775.571424
 0D 01 00 2E 00 00 00 00

000:STREAM                     1282391775.573449
 0D 00 00 00 00 00 00 00

000:STREAM                     1282391775.603448
 0D 01 00 00 00 00 00 00

000:STREAM                     1282391775.605439
 0D 01 00 2E 00 00 00 00

000:STREAM                     1282391775.607439
 0D 00 00 00 00 00 00 00

000:STREAM                     1282391775.633450
 0D 01 00 00 00 00 00 00

000:STREAM                     1282391775.635424
 0D 01 00 2E 00 00 00 00

000:STREAM                     1282391775.637447
 0D 00 00 00 00 00 00 00

000:STREAM                     1282391775.657447
 0D 01 00 00 00 00 00 00

000:STREAM                     1282391775.659422
 0D 01 00 2E 00 00 00 00

000:STREAM                     1282391775.661451
 0D 00 00 00 00 00 00 00

000:STREAM                     1282391775.677447
 0D 01 00 00 00 00 00 00

000:STREAM                     1282391775.679423
 0D 01 00 2E 00 00 00 00

000:STREAM                     1282391775.681447
 0D 00 00 00 00 00 00 00

