000:STREAM                     1282391838.373173
 0D 00 00 00 00 00 00 00

000:STREAM                     1282391838.375129
 0D 00 00 30 00 00 00 00

000:STREAM                     1282391838.377177
 0D 00 00 00 00 00 00 00

000:STREAM                     1282391838.411153
 0D 00 00 30 00 00 00 00

000:STREAM                     1282391838.413341
 0D 00 00 00 00 00 00 00

000:STREAM                     1282391838.439153
 0D 00 00 30 00 00 00 00

000:STREAM                     1282391838.441146
 0D 00 00 00 00 00 00 00

000:STREAM                     1282391838.461151
 0D 00 00 30 00 00 00 00

000:STREAM                     1282391838.463124
 0D 00 00 00 00 00 00 00

000:STREAM                     1282391838.485149
 0D 00 00 30 00 00 00 00

000:STREAM                     1282391838.487125
 0D 00 00 00 00 00 00 00

000:STREAM                     1282391838.505149
 0D 00 00 30 00 00 00 00

000:STREAM                     1282391838.507123
 0D 00 00 00 00 00 00 00

000:STREAM                     1282391838.529146
 0D 00 00 30 00 00 00 00

000:STREAM                     1282391838.531125
 0D 00 00 00 00 00 00 00

000:STREAM                     1282391838.547146
 0D 00 00 30 00 00 00 00

000:STREAM                     1282391838.549144
 0D 00 00 00 00 00 00 00

000:STREAM                     1282391838.567150
 0D 00 00 30 00 00 00 00

000:STREAM                     1282391838.569143
 0D 00 00 00 00 00 00 00

000:STREAM                     1282391838.583150
 0D 00 00 30 00 00 00 00

000:STREAM                     1282391838.584826
 0D 00 00 00 00 00 00 00

000:STREAM                     1282391838.603151
 0D 00 00 30 00 00 00 00

000:STREAM                     1282391838.605136
 0D 00 00 00 00 00 00 00

000:STREAM                     1282391838.619149
 0D 00 00 30 00 00 00 00

000:STREAM                     1282391838.621145
 0D 00 00 00 00 00 00 00

000:STREAM                     1282391838.641148
 0D 00 00 30 00 00 00 00

000:STREAM                     1282391838.643123
 0D 00 00 00 00 00 00 00

000:STREAM                     1282391838.663148
 0D 00 00 30 00 00 00 00

000:STREAM                     1282391838.665145
 0D 00 00 00 00 00 00 00

000:STREAM                     1282391838.685149
 0D 00 00 30 00 00 00 00

000:STREAM                     1282391838.687123
 0D 00 00 00 00 00 00 00

000:STREAM                     1282391838.703146
 0D 00 00 30 00 00 00 00

000:STREAM                     1282391838.705143
 0D 00 00 00 00 00 00 00

000:STREAM                     1282391838.725146
 0D 00 00 30 00 00 00 00

000:STREAM                     1282391838.727123
 0D 00 00 00 00 00 00 00

000:STREAM                     1282391838.745149
 0D 00 00 30 00 00 00 00

000:STREAM                     1282391838.747123
 0D 00 00 00 00 00 00 00

000:STREAM                     1282391838.767144
 0D 00 00 30 00 00 00 00

000:STREAM                     1282391838.769139
 0D 00 00 00 00 00 00 00

000:STREAM                     1282391838.787149
 0D 00 00 30 00 00 00 00

000:STREAM                     1282391838.789145
 0D 00 00 00 00 00 00 00

000:STREAM                     1282391838.807147
 0D 00 00 30 00 00 00 00

000:STREAM                     1282391838.809142
 0D 00 00 00 00 00 00 00

000:STREAM                     1282391838.827147
 0D 00 00 30 00 00 00 00

000:STREAM                     1282391838.829144
 0D 00 00 00 00 00 00 00

000:STREAM                     1282391838.847147
 0D 00 00 30 00 00 00 00

000:STREAM                     1282391838.849135
 0D 00 00 00 00 00 00 00

000:STREAM                     1282391838.863148
 0D 00 00 30 00 00 00 00

000:STREAM                     1282391838.865144
 0D 00 00 00 00 00 00 00

000:STREAM                     1282391838.883145
 0D 00 00 30 00 00 00 00

000:STREAM                     1282391838.885142
 0D 00 00 00 00 00 00 00

000:STREAM                     1282391838.901145
 0D 00 00 30 00 00 00 00

000:STREAM                     1282391838.903123
 0D 00 00 00 00 00 00 00

000:STREAM                     1282391838.927145
 0D 00 00 30 00 00 00 00

000:STREAM                     1282391838.929134
 0D 00 00 00 00 00 00 00

000:STREAM                     1282391838.949145
 0D 00 00 30 00 00 00 00

000:STREAM                     1282391838.951124
 0D 00 00 00 00 00 00 00

000:STREAM                     1282391838.973150
 0D 00 00 30 00 00 00 00

000:STREAM                     1282391838.975123
 0D 00 00 00 00 00 00 00

000:STREAM                     1282391838.993148
 0D 00 00 30 00 00 00 00

000:STREAM                     1282391838.995121
 0D 00 00 00 00 00 00 00

000:STREAM                     1282391839.017145
 0D 00 00 30 00 00 00 00

000:STREAM                     1282391839.019121
 0D 00 00 00 00 00 00 00

000:STREAM                     1282391839.035148
 0D 00 00 30 00 00 00 00

000:STREAM                     1282391839.037136
 0D 00 00 00 00 00 00 00

000:STREAM                     1282391839.055147
 0D 00 00 30 00 00 00 00

000:STREAM                     1282391839.057144
 0D 00 00 00 00 00 00 00

000:STREAM                     1282391839.071147
 0D 00 00 30 00 00 00 00

000:STREAM                     1282391839.073143
 0D 00 00 00 00 00 00 00

000:STREAM                     1282391839.089144
 0D 00 00 30 00 00 00 00

000:STREAM                     1282391839.091121
 0D 00 00 00 00 00 00 00

000:STREAM                     1282391839.111142
 0D 00 00 30 00 00 00 00

000:STREAM                     1282391839.113136
 0D 00 00 00 00 00 00 00

000:STREAM                     1282391839.141150
 0D 00 00 30 00 00 00 00

000:STREAM                     1282391839.143120
 0D 00 00 00 00 00 00 00

000:STREAM                     1282391839.163139
 0D 00 00 30 00 00 00 00

000:STREAM                     1282391839.165132
 0D 00 00 00 00 00 00 00

000:STREAM                     1282391839.183148
 0D 00 00 30 00 00 00 00

000:STREAM                     1282391839.185147
 0D 00 00 00 00 00 00 00

000:STREAM                     1282391839.201148
 0D 00 00 30 00 00 00 00

000:STREAM                     1282391839.203123
 0D 00 00 00 00 00 00 00

000:STREAM                     1282391839.221141
 0D 00 00 30 00 00 00 00

000:STREAM                     1282391839.223123
 0D 00 00 00 00 00 00 00

000:STREAM                     1282391839.239143
 0D 00 00 30 00 00 00 00

000:STREAM                     1282391839.241143
 0D 00 00 00 00 00 00 00

000:STREAM                     1282391839.265145
 0D 00 00 30 00 00 00 00

000:STREAM                     1282391839.267122
 0D 00 00 00 00 00 00 00

000:STREAM                     1282391839.285143
 0D 00 00 30 00 00 00 00

000:STREAM                     1282391839.287120
 0D 00 00 00 00 00 00 00

000:STREAM                     1282391839.307142
 0D 00 00 30 00 00 00 00

000:STREAM                     1282391839.309136
 0D 00 00 00 00 00 00 00

000:STREAM                     1282391839.325145
 0D 00 00 30 00 00 00 00

000:STREAM                     1282391839.327121
 0D 00 00 00 00 00 00 00

000:STREAM                     1282391839.345139
 0D 00 00 30 00 00 00 00

000:STREAM                     1282391839.347120
 0D 00 00 00 00 00 00 00

000:STREAM                     1282391839.361137
 0D 00 00 30 00 00 00 00

000:STREAM                     1282391839.363121
 0D 00 00 00 00 00 00 00

000:STREAM                     1282391839.385147
 0D 00 00 30 00 00 00 00

000:STREAM                     1282391839.387119
 0D 00 00 00 00 00 00 00

000:STREAM                     1282391839.415143
 0D 00 00 30 00 00 00 00

000:STREAM                     1282391839.417133
 0D 00 00 00 00 00 00 00

000:STREAM                     1282391839.443147
 0D 00 00 30 00 00 00 00

000:STREAM                     1282391839.445141
 0D 00 00 00 00 00 00 00

000:STREAM                     1282391839.459143
 0D 00 00 30 00 00 00 00

000:STREAM                     1282391839.461138
 0D 00 00 00 00 00 00 00

000:STREAM                     1282391839.477147
 0D 00 00 30 00 00 00 00

000:STREAM                     1282391839.479120
 0D 00 00 00 00 00 00 00

000:STREAM                     1282391839.493144
 0D 00 00 30 00 00 00 00

000:STREAM                     1282391839.495119
 0D 00 00 00 00 00 00 00

000:STREAM                     1282391839.513140
 0D 00 00 30 00 00 00 00

000:STREAM                     1282391839.515121
 0D 00 00 00 00 00 00 00

000:STREAM                     1282391839.529140
 0D 00 00 30 00 00 00 00

000:STREAM                     1282391839.531119
 0D 00 00 00 00 00 00 00

000:STREAM                     1282391839.545140
 0D 00 00 30 00 00 00 00

000:STREAM                     1282391839.547119
 0D 00 00 00 00 00 00 00

000:STREAM                     1282391839.559141
 0D 00 00 30 00 00 00 00

000:STREAM                     1282391839.561141
 0D 00 00 00 00 00 00 00

000:STREAM                     1282391839.577140
 0D 00 00 30 00 00 00 00

000:STREAM                     1282391839.579119
 0D 00 00 00 00 00 00 00

000:STREAM                     1282391839.595142
 0D 00 00 30 00 00 00 00

000:STREAM                     1282391839.597139
 0D 00 00 00 00 00 00 00

000:STREAM                     1282391839.623142
 0D 00 00 30 00 00 00 00

000:STREAM                     1282391839.625130
 0D 00 00 00 00 00 00 00

000:STREAM                     1282391839.647143
 0D 00 00 30 00 00 00 00

000:STREAM                     1282391839.649139
 0D 00 00 00 00 00 00 00

000:STREAM                     1282391839.669145
 0D 00 00 30 00 00 00 00

000:STREAM                     1282391839.671119
 0D 00 00 00 00 00 00 00

000:STREAM                     1282391839.683138
 0D 00 00 30 00 00 00 00

000:STREAM                     1282391839.685132
 0D 00 00 00 00 00 00 00

000:STREAM                     1282391839.703143
 0D 00 00 30 00 00 00 00

000:STREAM                     1282391839.705140
 0D 00 00 00 00 00 00 00

000:STREAM                     1282391839.725146
 0D 00 00 30 00 00 00 00

000:STREAM                     1282391839.727119
 0D 00 00 00 00 00 00 00

000:STREAM                     1282391839.757140
 0D 00 00 30 00 00 00 00

000:STREAM                     1282391839.759118
 0D 00 00 00 00 00 00 00

000:STREAM                     1282391839.779140
 0D 00 00 30 00 00 00 00

000:STREAM                     1282391839.781135
 0D 00 00 00 00 00 00 00

000:STREAM                     1282391839.801145
 0D 00 00 30 00 00 00 00

000:STREAM                     1282391839.803118
 0D 00 00 00 00 00 00 00

