000:STREAM                     1282391843.395147
 0D 00 00 2F 00 00 00 00

000:STREAM                     1282391843.397394
 0D 00 00 00 00 00 00 00

000:STREAM                     1282391843.437125
 0D 00 00 2F 00 00 00 00

000:STREAM                     1282391843.439102
 0D 00 00 00 00 00 00 00

000:STREAM                     1282391843.461124
 0D 00 00 2F 00 00 00 00

000:STREAM                     1282391843.463103
 0D 00 00 00 00 00 00 00

000:STREAM                     1282391843.483124
 0D 00 00 2F 00 00 00 00

000:STREAM                     1282391843.485320
 0D 00 00 00 00 00 00 00

000:STREAM                     1282391843.501126
 0D 00 00 2F 00 00 00 00

000:STREAM                     1282391843.503101
 0D 00 00 00 00 00 00 00

000:STREAM                     1282391843.525124
 0D 00 00 2F 00 00 00 00

000:STREAM                     1282391843.527100
 0D 00 00 00 00 00 00 00

000:STREAM                     1282391843.545122
 0D 00 00 2F 00 00 00 00

000:STREAM                     1282391843.547101
 0D 00 00 00 00 00 00 00

000:STREAM                     1282391843.567121
 0D 00 00 2F 00 00 00 00

000:STREAM                     1282391843.569110
 0D 00 00 00 00 00 00 00

000:STREAM                     1282391843.585126
 0D 00 00 2F 00 00 00 00

000:STREAM                     1282391843.587100
 0D 00 00 00 00 00 00 00

000:STREAM                     1282391843.605123
 0D 00 00 2F 00 00 00 00

000:STREAM                     1282391843.607100
 0D 00 00 00 00 00 00 00

000:STREAM                     1282391843.625123
 0D 00 00 2F 00 00 00 00

000:STREAM                     1282391843.627102
 0D 00 00 00 00 00 00 00

000:STREAM                     1282391843.653125
 0D 00 00 2F 00 00 00 00

000:STREAM                     1282391843.655100
 0D 00 00 00 00 00 00 00

000:STREAM                     1282391843.679124
 0D 00 00 2F 00 00 00 00

000:STREAM                     1282391843.681115
 0D 00 00 00 00 00 00 00

000:STREAM                     1282391843.703125
 0D 00 00 2F 00 00 00 00

000:STREAM                     1282391843.705123
 0D 00 00 00 00 00 00 00

000:STREAM                     1282391843.721130
 0D 00 00 2F 00 00 00 00

000:STREAM                     1282391843.723101
 0D 00 00 00 00 00 00 00

000:STREAM                     1282391843.737124
 0D 00 00 2F 00 00 00 00

000:STREAM                     1282391843.739100
 0D 00 00 00 00 00 00 00

000:STREAM                     1282391843.751122
 0D 00 00 2F 00 00 00 00

000:STREAM                     1282391843.753120
 0D 00 00 00 00 00 00 00

000:STREAM                     1282391843.767126
 0D 00 00 2F 00 00 00 00

000:STREAM                     1282391843.769122
 0D 00 00 00 00 00 00 00

000:STREAM                     1282391843.781122
 0D 00 00 2F 00 00 00 00

000:STREAM                     1282391843.783098
 0D 00 00 00 00 00 00 00

000:STREAM                     1282391843.799121
 0D 00 00 2F 00 00 00 00

000:STREAM                     1282391843.801110
 0D 00 00 00 00 00 00 00

000:STREAM                     1282391843.827125
 0D 00 00 2F 00 00 00 00

000:STREAM                     1282391843.829115
 0D 00 00 00 00 00 00 00

000:STREAM                     1282391843.853125
 0D 00 00 2F 00 00 00 00

000:STREAM                     1282391843.855099
 0D 00 00 00 00 00 00 00

000:STREAM                     1282391843.869122
 0D 00 00 2F 00 00 00 00

000:STREAM                     1282391843.871100
 0D 00 00 00 00 00 00 00

000:STREAM                     1282391843.887124
 0D 00 00 2F 00 00 00 00

000:STREAM                     1282391843.889122
 0D 00 00 00 00 00 00 00

000:STREAM                     1282391843.901122
 0D 00 00 2F 00 00 00 00

000:STREAM                     1282391843.903098
 0D 00 00 00 00 00 00 00

000:STREAM                     1282391843.919121
 0D 00 00 2F 00 00 00 00

000:STREAM                     1282391843.921110
 0D 00 00 00 00 00 00 00

000:STREAM                     1282391843.933124
 0D 00 00 2F 00 00 00 00

000:STREAM                     1282391843.935099
 0D 00 00 00 00 00 00 00

000:STREAM                     1282391843.953118
 0D 00 00 2F 00 00 00 00

000:STREAM                     1282391843.955100
 0D 00 00 00 00 00 00 00

000:STREAM                     1282391843.969121
 0D 00 00 2F 00 00 00 00

000:STREAM                     1282391843.971099
 0D 00 00 00 00 00 00 00

000:STREAM                     1282391843.985124
 0D 00 00 2F 00 00 00 00

000:STREAM                     1282391843.987098
 0D 00 00 00 00 00 00 00

000:STREAM                     1282391844.001124
 0D 00 00 2F 00 00 00 00

000:STREAM                     1282391844.003098
 0D 00 00 00 00 00 00 00

000:STREAM                     1282391844.019120
 0D 00 00 2F 00 00 00 00

000:STREAM                     1282391844.021117
 0D 00 00 00 00 00 00 00

000:STREAM                     1282391844.037123
 0D 00 00 2F 00 00 00 00

000:STREAM                     1282391844.039098
 0D 00 00 00 00 00 00 00

000:STREAM                     1282391844.057121
 0D 00 00 2F 00 00 00 00

000:STREAM                     1282391844.059099
 0D 00 00 00 00 00 00 00

000:STREAM                     1282391844.079128
 0D 00 00 2F 00 00 00 00

000:STREAM                     1282391844.081117
 0D 00 00 00 00 00 00 00

000:STREAM                     1282391844.105125
 0D 00 00 2F 00 00 00 00

000:STREAM                     1282391844.107098
 0D 00 00 00 00 00 00 00

000:STREAM                     1282391844.127122
 0D 00 00 2F 00 00 00 00

000:STREAM                     1282391844.129120
 0D 00 00 00 00 00 00 00

000:STREAM                     1282391844.147125
 0D 00 00 2F 00 00 00 00

000:STREAM                     1282391844.149120
 0D 00 00 00 00 00 00 00

000:STREAM                     1282391844.165126
 0D 00 00 2F 00 00 00 00

000:STREAM                     1282391844.167098
 0D 00 00 00 00 00 00 00

000:STREAM                     1282391844.185123
 0D 00 00 2F 00 00 00 00

000:STREAM                     1282391844.187098
 0D 00 00 00 00 00 00 00

000:STREAM                     1282391844.205116
 0D 00 00 2F 00 00 00 00

000:STREAM                     1282391844.207099
 0D 00 00 00 00 00 00 00

000:STREAM                     1282391844.229122
 0D 00 00 2F 00 00 00 00

000:STREAM                     1282391844.231097
 0D 00 00 00 00 00 00 00

000:STREAM                     1282391844.251118
 0D 00 00 2F 00 00 00 00

000:STREAM                     1282391844.253107
 0D 00 00 00 00 00 00 00

000:STREAM                     1282391844.285123
 0D 00 00 2F 00 00 00 00

000:STREAM                     1282391844.287097
 0D 00 00 00 00 00 00 00

000:STREAM                     1282391844.313118
 0D 00 00 2F 00 00 00 00

000:STREAM                     1282391844.315097
 0D 00 00 00 00 00 00 00

000:STREAM                     1282391844.335121
 0D 00 00 2F 00 00 00 00

000:STREAM                     1282391844.337111
 0D 00 00 00 00 00 00 00

000:STREAM                     1282391844.357120
 0D 00 00 2F 00 00 00 00

000:STREAM                     1282391844.359096
 0D 00 00 00 00 00 00 00

000:STREAM                     1282391844.383120
 0D 00 00 2F 00 00 00 00

000:STREAM                     1282391844.385109
 0D 00 00 00 00 00 00 00

000:STREAM                     1282391844.405120
 0D 00 00 2F 00 00 00 00

000:STREAM                     1282391844.407096
 0D 00 00 00 00 00 00 00

000:STREAM                     1282391844.423117
 0D 00 00 2F 00 00 00 00

000:STREAM                     1282391844.425120
 0D 00 00 00 00 00 00 00

000:STREAM                     1282391844.433120
 0D 00 00 2F 00 00 00 00

000:STREAM                     1282391844.435096
 0D 00 00 00 00 00 00 00

000:STREAM                     1282391844.445118
 0D 00 00 2F 00 00 00 00

000:STREAM                     1282391844.447097
 0D 00 00 00 00 00 00 00

000:STREAM                     1282391844.455109
 0D 00 00 2F 00 00 00 00

000:STREAM                     1282391844.457105
 0D 00 00 00 00 00 00 00

000:STREAM                     1282391844.469121
 0D 00 00 2F 00 00 00 00

000:STREAM                     1282391844.471099
 0D 00 00 00 00 00 00 00

000:STREAM                     1282391844.487123
 0D 00 00 2F 00 00 00 00

000:STREAM                     1282391844.489117
 0D 00 00 00 00 00 00 00

000:STREAM                     1282391844.517124
 0D 00 00 2F 00 00 00 00

000:STREAM                     1282391844.519096
 0D 00 00 00 00 00 00 00

000:STREAM                     1282391844.553121
 0D 00 00 2F 00 00 00 00

000:STREAM                     1282391844.555095
 0D 00 00 00 00 00 00 00

000:STREAM                     1282391844.577121
 0D 00 00 2F 00 00 00 00

000:STREAM                     1282391844.579097
 0D 00 00 00 00 00 00 00

000:STREAM                     1282391844.591116
 0D 00 00 2F 00 00 00 00

000:STREAM                     1282391844.593117
 0D 00 00 00 00 00 00 00

000:STREAM                     1282391844.605118
 0D 00 00 2F 00 00 00 00

000:STREAM                     1282391844.607095
 0D 00 00 00 00 00 00 00

000:STREAM                     1282391844.617116
 0D 00 00 2F 00 00 00 00

000:STREAM                     1282391844.619095
 0D 00 00 00 00 00 00 00

000:STREAM                     1282391844.633120
 0D 00 00 2F 00 00 00 00

000:STREAM                     1282391844.635096
 0D 00 00 00 00 00 00 00

