000:STREAM                     1282391761.145546
 01 00 00 00 00 FF

000:STREAM                     1282391761.219513
 01 00 00 00 00 FF

000:STREAM                     1282391761.271518
 01 00 00 00 00 FF

000:STREAM                     1282391761.323514
 01 00 00 00 00 FF

000:STREAM                     1282391761.361517
 01 00 00 00 00 FF

000:STREAM                     1282391761.397514
 01 00 00 00 00 FF

000:STREAM                     1282391761.435518
 01 00 00 00 00 FF

000:STREAM                     1282391761.473516
 01 00 00 00 00 FF

000:STREAM                     1282391761.505517
 01 00 00 00 00 FF

000:STREAM                     1282391761.545512
 01 00 00 00 00 FF

000:STREAM                     1282391761.581517
 01 00 00 00 00 FF

000:STREAM                     1282391761.617512
 01 00 00 00 00 FF

000:STREAM                     1282391761.645514
 01 00 00 00 00 FF

000:STREAM                     1282391761.675514
 01 00 00 00 00 FF

000:STREAM                     1282391761.705512
 01 00 00 00 00 FF

000:STREAM                     1282391761.737512
 01 00 00 00 00 FF

000:STREAM                     1282391761.765516
 01 00 00 00 00 FF

000:STREAM                     1282391761.797516
 01 00 00 00 00 FF

000:STREAM                     1282391761.827516
 01 00 00 00 00 FF

000:STREAM                     1282391761.853509
 01 00 00 00 00 FF

000:STREAM                     1282391761.877512
 01 00 00 00 00 FF

000:STREAM                     1282391761.913514
 01 00 00 00 00 FF

000:STREAM                     1282391761.947512
 01 00 00 00 00 FF

000:STREAM                     1282391761.977515
 01 00 00 00 00 FF

000:STREAM                     1282391761.999513
 01 00 00 00 00 FF

000:STREAM                     1282391762.023509
 01 00 00 00 00 FF

000:STREAM                     1282391762.045512
 01 00 00 00 00 FF

000:STREAM                     1282391762.069515
 01 00 00 00 00 FF

000:STREAM                     1282391762.089516
 01 00 00 00 00 FF

000:STREAM                     1282391762.119516
 01 00 00 00 00 FF

000:STREAM                     1282391762.171509
 01 00 00 00 00 FF

