000:STREAM                     1282391735.455651
 01 00 00 00 01 00

000:STREAM                     1282391735.491642
 01 00 00 00 01 00

000:STREAM                     1282391735.525640
 01 00 00 00 01 00

000:STREAM                     1282391735.553640
 01 00 00 00 01 00

000:STREAM                     1282391735.589636
 01 00 00 00 01 00

000:STREAM                     1282391735.621642
 01 00 00 00 01 00

000:STREAM                     1282391735.661638
 01 00 00 00 01 00

000:STREAM                     1282391735.705640
 01 00 00 00 01 00

000:STREAM                     1282391735.739635
 01 00 00 00 01 00

000:STREAM                     1282391735.767637
 01 00 00 00 01 00

000:STREAM                     1282391735.805637
 01 00 00 00 01 00

000:STREAM                     1282391735.839636
 01 00 00 00 01 00

000:STREAM                     1282391735.869637
 01 00 00 00 01 00

000:STREAM                     1282391735.891636
 01 00 00 00 01 00

000:STREAM                     1282391735.911633
 01 00 00 00 01 00

000:STREAM                     1282391735.933636
 01 00 00 00 01 00

000:STREAM                     1282391735.959636
 01 00 00 00 01 00

000:STREAM                     1282391735.987635
 01 00 00 00 01 00

000:STREAM                     1282391736.029634
 01 00 00 00 01 00

000:STREAM                     1282391736.055637
 01 00 00 00 01 00

000:STREAM                     1282391736.081634
 01 00 00 00 01 00

000:STREAM                     1282391736.105638
 01 00 00 00 01 00

000:STREAM                     1282391736.137634
 01 00 00 00 01 00

000:STREAM                     1282391736.155631
 01 00 00 00 01 00

000:STREAM                     1282391736.175634
 01 00 00 00 01 00

000:STREAM                     1282391736.193634
 01 00 00 00 01 00

000:STREAM                     1282391736.221635
 01 00 00 00 01 00

000:STREAM                     1282391736.247633
 01 00 00 00 01 00

000:STREAM                     1282391736.273661
 01 00 00 00 01 00

000:STREAM                     1282391736.295627
 01 00 00 00 01 00

