000:STREAM                     1282391727.161700
 01 00 00 00 FF 00

000:STREAM                     1282391727.217685
 01 00 00 00 FF 00

000:STREAM                     1282391727.267680
 01 00 00 00 FF 00

000:STREAM                     1282391727.313677
 01 00 00 00 FF 00

000:STREAM                     1282391727.361680
 01 00 00 00 FF 00

000:STREAM                     1282391727.395680
 01 00 00 00 FF 00

000:STREAM                     1282391727.447677
 01 00 00 00 FF 00

000:STREAM                     1282391727.491675
 01 00 00 00 FF 00

000:STREAM                     1282391727.545676
 01 00 00 00 FF 00

000:STREAM                     1282391727.577678
 01 00 00 00 FF 00

000:STREAM                     1282391727.615678
 01 00 00 00 FF 00

000:STREAM                     1282391727.659677
 01 00 00 00 FF 00

000:STREAM                     1282391727.703677
 01 00 00 00 FF 00

000:STREAM                     1282391727.745674
 01 00 00 00 FF 00

000:STREAM                     1282391727.781674
 01 00 00 00 FF 00

000:STREAM                     1282391727.827675
 01 00 00 00 FF 00

000:STREAM                     1282391727.893677
 01 00 00 00 FF 00

000:STREAM                     1282391727.925677
 01 00 00 00 FF 00

000:STREAM                     1282391727.967674
 01 00 00 00 FF 00

000:STREAM                     1282391728.003679
 01 00 00 00 FF 00

000:STREAM                     1282391728.051678
 01 00 00 00 FF 00

000:STREAM                     1282391728.097674
 01 00 00 00 FF 00

000:STREAM                     1282391728.141672
 01 00 00 00 FF 00

000:STREAM                     1282391728.179679
 01 00 00 00 FF 00

000:STREAM                     1282391728.221673
 01 00 00 00 FF 00

000:STREAM                     1282391728.253677
 01 00 00 00 FF 00

000:STREAM                     1282391728.293670
 01 00 00 00 FF 00

000:STREAM                     1282391728.325680
 01 00 00 00 FF 00

