000:STREAM                     1282391873.067007
 10 10 9A 19 0A 27 00 00

000:STREAM                     1282391873.070976
 10 10 99 19 0A 27 00 00

000:STREAM                     1282391873.076982
 10 10 99 19 0A 27 00 00

000:STREAM                     1282391873.080978
 10 10 9A 19 0A 27 00 00

000:STREAM                     1282391873.084975
 10 10 9B 19 0B 27 00 00

000:STREAM                     1282391873.088980
 10 10 9E 19 0B 27 00 00

000:STREAM                     1282391873.092978
 10 10 9E 19 0B 27 00 00

000:STREAM                     1282391873.096975
 10 10 A0 19 0C 27 00 00

000:STREAM                     1282391873.102981
 10 10 A1 19 0B 27 00 00

000:STREAM                     1282391873.106981
 10 10 A2 19 09 27 00 00

000:STREAM                     1282391873.110979
 10 10 A2 19 08 27 00 00

000:STREAM                     1282391873.114973
 10 10 A2 19 07 27 00 00

000:STREAM                     1282391873.118980
 10 10 A2 19 05 27 00 00

000:STREAM                     1282391873.124980
 10 10 A3 19 04 27 00 00

000:STREAM                     1282391873.128978
 10 10 A3 19 04 27 00 00

000:STREAM                     1282391873.132974
 10 10 A4 19 04 27 00 00

000:STREAM                     1282391873.136972
 10 10 A4 19 04 27 00 00

000:STREAM                     1282391873.140978
 10 10 A5 19 04 27 00 00

000:STREAM                     1282391873.144973
 10 10 A5 19 06 27 00 00

000:STREAM                     1282391873.150975
 10 10 A7 19 07 27 00 00

000:STREAM                     1282391873.154983
 10 10 A8 19 09 27 00 00

000:STREAM                     1282391873.158977
 10 10 A8 19 0B 27 00 00

000:STREAM                     1282391873.162980
 10 10 A9 19 0C 27 00 00

000:STREAM                     1282391873.166984
 10 10 AB 19 0E 27 00 00

000:STREAM                     1282391873.172978
 10 10 AC 19 0F 27 00 00

000:STREAM                     1282391873.176971
 10 10 AE 19 11 27 00 00

000:STREAM                     1282391873.180974
 10 10 AF 19 13 27 00 00

000:STREAM                     1282391873.184979
 10 10 B1 19 15 27 00 00

000:STREAM                     1282391873.188972
 10 10 B3 19 16 27 00 00

000:STREAM                     1282391873.194975
 10 10 B4 19 16 27 00 00

000:STREAM                     1282391873.198981
 10 10 B5 19 17 27 00 00

000:STREAM                     1282391873.202974
 10 10 B6 19 17 27 00 00

000:STREAM                     1282391873.206973
 10 10 B6 19 17 27 00 00

000:STREAM                     1282391873.210957
 10 10 B7 19 17 27 00 00

000:STREAM                     1282391873.214979
 10 10 B7 19 17 27 00 00

000:STREAM                     1282391873.220979
 10 10 B7 19 17 27 00 00

000:STREAM                     1282391873.224969
 10 10 B7 19 16 27 00 00

000:STREAM                     1282391873.228972
 10 10 B7 19 16 27 00 00

000:STREAM                     1282391873.232958
 10 10 B8 19 15 27 00 00

000:STREAM                     1282391873.236971
 10 10 B8 19 14 27 00 00

000:STREAM                     1282391873.242957
 10 10 B9 19 12 27 00 00

000:STREAM                     1282391873.246979
 10 10 BA 19 10 27 00 00

000:STREAM                     1282391873.250973
 10 10 BC 19 0C 27 00 00

000:STREAM                     1282391873.254979
 10 10 BD 19 06 27 00 00

000:STREAM                     1282391873.258979
 10 10 BE 19 01 27 00 00

000:STREAM                     1282391873.262982
 10 10 BF 19 FC 26 00 00

000:STREAM                     1282391873.268979
 10 10 BF 19 F9 26 00 00

000:STREAM                     1282391873.272957
 10 10 C0 19 F5 26 00 00

000:STREAM                     1282391873.276979
 10 10 C1 19 F1 26 00 00

000:STREAM                     1282391873.280977
 10 10 C2 19 EE 26 00 00

000:STREAM                     1282391873.284971
 10 10 C2 19 ED 26 00 00

000:STREAM                     1282391873.288984
 10 10 C3 19 EB 26 00 00

000:STREAM                     1282391873.294971
 10 10 C5 19 EA 26 00 00

000:STREAM                     1282391873.298971
 10 10 C8 19 E9 26 00 00

000:STREAM                     1282391873.302973
 10 10 CB 19 E9 26 00 00

000:STREAM                     1282391873.306981
 10 10 CD 19 EA 26 00 00

000:STREAM                     1282391873.310973
 10 10 CF 19 EA 26 00 00

000:STREAM                     1282391873.316978
 10 10 D1 19 EC 26 00 00

000:STREAM                     1282391873.320971
 10 10 D3 19 ED 26 00 00

000:STREAM                     1282391873.324973
 10 10 D3 19 ED 26 00 00

000:STREAM                     1282391873.328956
 10 10 D4 19 EE 26 00 00

000:STREAM                     1282391873.332967
 10 10 D5 19 EF 26 00 00

000:STREAM                     1282391873.336957
 10 10 D3 19 F1 26 00 00

000:STREAM                     1282391873.354984
 10 11 D0 19 EC 26 16 00

000:STREAM                     1282391873.358979
 10 11 D0 19 EB 26 1A 00

000:STREAM                     1282391873.364976
 10 11 CF 19 EB 26 1D 00

000:STREAM                     1282391873.368970
 10 11 CF 19 EB 26 21 00

000:STREAM                     1282391873.372970
 10 11 CF 19 EB 26 25 00

000:STREAM                     1282391873.376960
 10 11 CF 19 EB 26 35 00

000:STREAM                     1282391873.380970
 10 11 CF 19 EB 26 36 00

000:STREAM                     1282391873.386980
 10 11 CF 19 EB 26 4A 00

000:STREAM                     1282391873.390972
 10 11 CF 19 EB 26 48 00

000:STREAM                     1282391873.394978
 10 11 CF 19 EB 26 53 00

000:STREAM                     1282391873.398976
 10 11 CF 19 EB 26 63 00

000:STREAM                     1282391873.404978
 10 11 CF 19 EB 26 7E 00

000:STREAM                     1282391873.408965
 10 11 CF 19 EB 26 95 00

000:STREAM                     1282391873.412969
 10 11 CE 19 EB 26 A3 00

000:STREAM                     1282391873.416955
 10 11 CE 19 EB 26 BC 00

000:STREAM                     1282391873.422969
 10 11 CD 19 EB 26 DE 00

000:STREAM                     1282391873.426979
 10 11 CB 19 EC 26 EF 00

000:STREAM                     1282391873.430974
 10 11 C9 19 EE 26 0B 01

000:STREAM                     1282391873.434972
 10 11 C7 19 EF 26 1D 01

000:STREAM                     1282391873.438956
 10 11 C5 19 F1 26 2D 01

000:STREAM                     1282391873.444980
 10 11 C2 19 F2 26 47 01

000:STREAM                     1282391873.448976
 10 11 C0 19 F3 26 5E 01

000:STREAM                     1282391873.452972
 10 11 BE 19 F4 26 78 01

000:STREAM                     1282391873.456972
 10 11 BC 19 F5 26 8F 01

000:STREAM                     1282391873.460977
 10 11 BA 19 F6 26 A3 01

000:STREAM                     1282391873.466980
 10 11 B9 19 F7 26 AF 01

000:STREAM                     1282391873.470972
 10 11 B8 19 F7 26 C6 01

000:STREAM                     1282391873.474968
 10 11 B7 19 F8 26 DA 01

000:STREAM                     1282391873.478956
 10 11 B6 19 F8 26 F8 01

000:STREAM                     1282391873.484978
 10 11 B5 19 F9 26 12 02

000:STREAM                     1282391873.488965
 10 11 B4 19 F9 26 2F 02

000:STREAM                     1282391873.492974
 10 11 B3 19 F9 26 55 02

000:STREAM                     1282391873.496976
 10 11 B2 19 F9 26 76 02

000:STREAM                     1282391873.500975
 10 11 B0 19 F9 26 A6 02

000:STREAM                     1282391873.506980
 10 11 AF 19 F9 26 D6 02

000:STREAM                     1282391873.510976
 10 11 AF 19 F9 26 06 03

000:STREAM                     1282391873.514979
 10 11 AF 19 FA 26 3D 03

000:STREAM                     1282391873.518972
 10 11 AE 19 FA 26 6D 03

000:STREAM                     1282391873.524970
 10 11 AE 19 FA 26 97 03

000:STREAM                     1282391873.528964
 10 11 AF 19 FB 26 B5 03

000:STREAM                     1282391873.532976
 10 11 B0 19 FB 26 D6 03

000:STREAM                     1282391873.536977
 10 11 B1 19 FC 26 F3 03

000:STREAM                     1282391873.542971
 10 11 B3 19 FC 26 FF 03

000:STREAM                     1282391873.546972
 10 11 B5 19 FD 26 FF 03

000:STREAM                     1282391873.550971
 10 11 B8 19 FC 26 FF 03

000:STREAM                     1282391873.554956
 10 11 BC 19 FB 26 FF 03

000:STREAM                     1282391873.558972
 10 11 BF 19 FB 26 DB 03

000:STREAM                     1282391873.564977
 10 11 C1 19 FB 26 A6 03

000:STREAM                     1282391873.568969
 10 11 C4 19 FB 26 4C 03

000:STREAM                     1282391873.572972
 10 11 C6 19 FA 26 EA 02

000:STREAM                     1282391873.576972
 10 11 C7 19 FA 26 92 02

000:STREAM                     1282391873.580978
 10 10 C8 19 F8 26 00 00

000:STREAM                     1282391873.586973
 10 10 C9 19 F4 26 00 00

000:STREAM                     1282391873.590979
 10 10 C9 19 F0 26 00 00

000:STREAM                     1282391873.594972
 10 10 C9 19 EC 26 00 00

000:STREAM                     1282391873.598971
 10 10 CA 19 E8 26 00 00

000:STREAM                     1282391873.602954
 10 10 CA 19 E4 26 00 00

000:STREAM                     1282391873.608977
 10 10 CB 19 DF 26 00 00

000:STREAM                     1282391873.612955
 10 10 CC 19 DB 26 00 00

000:STREAM                     1282391873.616979
 10 10 CC 19 D8 26 00 00

000:STREAM                     1282391873.620974
 10 10 CB 19 D7 26 00 00

000:STREAM                     1282391873.624969
 10 10 CA 19 D5 26 00 00

000:STREAM                     1282391873.628977
 10 10 C7 19 D3 26 00 00

000:STREAM                     1282391873.634980
 10 10 C6 19 D1 26 00 00

000:STREAM                     1282391873.638978
 10 10 C3 19 CF 26 00 00

000:STREAM                     1282391873.642973
 10 10 C0 19 CD 26 00 00

000:STREAM                     1282391873.646977
 10 10 BE 19 CA 26 00 00

000:STREAM                     1282391873.650980
 10 10 BB 19 C9 26 00 00

000:STREAM                     1282391873.656976
 10 10 B9 19 C6 26 00 00

000:STREAM                     1282391873.660966
 10 10 B7 19 C5 26 00 00

000:STREAM                     1282391873.664970
 10 10 B6 19 C5 26 00 00

000:STREAM                     1282391873.668976
 10 10 B6 19 C6 26 00 00

000:STREAM                     1282391873.672972
 10 10 B5 19 C7 26 00 00

000:STREAM                     1282391873.678972
 10 10 B6 19 C9 26 00 00

000:STREAM                     1282391873.682978
 10 10 B7 19 CB 26 00 00

000:STREAM                     1282391873.686972
 10 10 B9 19 CF 26 00 00

000:STREAM                     1282391873.690969
 10 10 BA 19 D3 26 00 00

000:STREAM                     1282391873.694970
 10 10 BB 19 D7 26 00 00

000:STREAM                     1282391873.698968
 10 10 BD 19 DC 26 00 00

000:STREAM                     1282391873.704976
 10 10 BD 19 E0 26 00 00

000:STREAM                     1282391873.708969
 10 10 BD 19 E6 26 00 00

000:STREAM                     1282391873.712971
 10 10 BE 19 EA 26 00 00

000:STREAM                     1282391873.716973
 10 10 BE 19 F0 26 00 00

000:STREAM                     1282391873.720984
 10 10 BE 19 F3 26 00 00

000:STREAM                     1282391873.726965
 10 10 BD 19 F7 26 00 00

000:STREAM                     1282391873.730966
 10 10 BB 19 FA 26 00 00

000:STREAM                     1282391873.734949
 10 10 BB 19 FD 26 00 00

000:STREAM                     1282391873.738961
 10 10 BA 19 FF 26 00 00

000:STREAM                     1282391873.742957
 10 10 B8 19 01 27 00 00

000:STREAM                     1282391873.746960
 10 10 B7 19 02 27 00 00

000:STREAM                     1282391873.752972
 10 10 B7 19 05 27 00 00

000:STREAM                     1282391873.756935
 10 10 B8 19 07 27 00 00

000:STREAM                     1282391873.760969
 10 10 B8 19 09 27 00 00

000:STREAM                     1282391873.764936
 10 10 B8 19 0B 27 00 00

000:STREAM                     1282391873.768969
 10 10 B9 19 0C 27 00 00

000:STREAM                     1282391873.774956
 10 10 BB 19 0C 27 00 00

000:STREAM                     1282391873.778960
 10 10 BD 19 0E 27 00 00

000:STREAM                     1282391873.782950
 10 10 BE 19 0F 27 00 00

000:STREAM                     1282391873.786960
 10 10 BF 19 0F 27 00 00

000:STREAM                     1282391873.790960
 10 10 C1 19 0F 27 00 00

000:STREAM                     1282391873.796968
 10 10 C1 19 0F 27 00 00

000:STREAM                     1282391873.800892
 10 10 C2 19 10 27 00 00

000:STREAM                     1282391873.804974
 10 10 C2 19 0F 27 00 00

000:STREAM                     1282391873.808968
 10 10 C2 19 0E 27 00 00

000:STREAM                     1282391873.812969
 10 10 C1 19 0D 27 00 00

000:STREAM                     1282391873.816974
 10 10 C1 19 0B 27 00 00

000:STREAM                     1282391873.822971
 10 10 C0 19 09 27 00 00

000:STREAM                     1282391873.826969
 10 10 BE 19 06 27 00 00

000:STREAM                     1282391873.830978
 10 10 BD 19 04 27 00 00

000:STREAM                     1282391873.834977
 10 10 BB 19 01 27 00 00

000:STREAM                     1282391873.838971
 10 10 BA 19 FF 26 00 00

000:STREAM                     1282391873.844973
 10 10 B8 19 FD 26 00 00

000:STREAM                     1282391873.848975
 10 10 B7 19 FC 26 00 00

000:STREAM                     1282391873.852970
 10 10 B5 19 F9 26 00 00

000:STREAM                     1282391873.856975
 10 10 B3 19 F7 26 00 00

000:STREAM                     1282391873.860976
 10 10 B4 19 F3 26 00 00

000:STREAM                     1282391873.864972
 10 10 B5 19 F1 26 00 00

000:STREAM                     1282391873.870977
 10 10 B7 19 EF 26 00 00

000:STREAM                     1282391873.874973
 10 10 B9 19 EE 26 00 00

000:STREAM                     1282391873.878968
 10 10 B9 19 EE 26 00 00

000:STREAM                     1282391873.882970
 10 10 BA 19 EC 26 00 00

000:STREAM                     1282391873.886960
 10 10 BA 19 EB 26 00 00

000:STREAM                     1282391873.892974
 10 10 BA 19 EA 26 00 00

000:STREAM                     1282391873.896968
 10 10 BC 19 E9 26 00 00

000:STREAM                     1282391873.900969
 10 10 BC 19 E8 26 00 00

000:STREAM                     1282391873.904954
 10 10 BD 19 E6 26 00 00

000:STREAM                     1282391873.908968
 10 10 BD 19 E6 26 00 00

000:STREAM                     1282391873.926975
 10 11 C4 19 E2 26 41 00

000:STREAM                     1282391873.930974
 10 11 C4 19 E1 26 53 00

000:STREAM                     1282391873.934972
 10 11 C4 19 E1 26 76 00

000:STREAM                     1282391873.940976
 10 11 C4 19 E1 26 A7 00

000:STREAM                     1282391873.944958
 10 11 C4 19 E1 26 D2 00

000:STREAM                     1282391873.948968
 10 11 C4 19 E1 26 F1 00

000:STREAM                     1282391873.952954
 10 11 C4 19 E1 26 19 01

000:STREAM                     1282391873.956993
 10 11 C4 19 E1 26 49 01

000:STREAM                     1282391873.962969
 10 11 C4 19 E1 26 79 01

000:STREAM                     1282391873.966978
 10 11 C4 19 E1 26 9D 01

000:STREAM                     1282391873.970971
 10 11 C4 19 E1 26 C2 01

000:STREAM                     1282391873.974964
 10 11 C4 19 E1 26 E9 01

000:STREAM                     1282391873.980977
 10 11 C4 19 E1 26 0B 02

000:STREAM                     1282391873.984960
 10 11 C4 19 E1 26 35 02

000:STREAM                     1282391873.988966
 10 11 C4 19 E1 26 67 02

000:STREAM                     1282391873.992954
 10 11 C4 19 E1 26 8C 02

000:STREAM                     1282391873.996988
 10 11 C4 19 E1 26 BF 02

000:STREAM                     1282391874.002975
 10 11 C4 19 E1 26 E6 02

000:STREAM                     1282391874.007467
 10 11 C4 19 E1 26 14 03

000:STREAM                     1282391874.010955
 10 11 C4 19 E1 26 3C 03

000:STREAM                     1282391874.014971
 10 11 C4 19 E1 26 72 03

000:STREAM                     1282391874.020971
 10 11 C4 19 E1 26 9B 03

000:STREAM                     1282391874.024954
 10 11 C4 19 E1 26 CC 03

000:STREAM                     1282391874.028993
 10 11 C4 19 E1 26 F6 03

000:STREAM                     1282391874.032972
 10 11 C4 19 E0 26 FF 03

000:STREAM                     1282391874.038969
 10 11 C4 19 E0 26 FF 03

000:STREAM                     1282391874.042976
 10 11 C4 19 DF 26 FF 03

000:STREAM                     1282391874.046971
 10 11 C4 19 DF 26 FF 03

000:STREAM                     1282391874.050975
 10 11 C4 19 DF 26 FF 03

000:STREAM                     1282391874.054973
 10 11 C4 19 DF 26 FF 03

000:STREAM                     1282391874.060976
 10 11 C4 19 DF 26 FF 03

000:STREAM                     1282391874.064979
 10 11 C4 19 DF 26 FF 03

000:STREAM                     1282391874.068967
 10 11 C4 19 DF 26 FF 03

000:STREAM                     1282391874.072968
 10 11 C4 19 DF 26 FF 03

000:STREAM                     1282391874.078971
 10 11 C4 19 DF 26 FF 03

000:STREAM                     1282391874.082974
 10 11 C4 19 DF 26 FF 03

000:STREAM                     1282391874.086976
 10 11 C4 19 DF 26 FF 03

000:STREAM                     1282391874.090973
 10 11 C4 19 DF 26 FF 03

000:STREAM                     1282391874.094968
 10 11 C4 19 DF 26 FF 03

000:STREAM                     1282391874.100969
 10 11 C4 19 DF 26 FF 03

000:STREAM                     1282391874.104969
 10 11 C4 19 DF 26 FF 03

000:STREAM                     1282391874.108974
 10 11 C4 19 DF 26 FF 03

000:STREAM                     1282391874.112975
 10 11 C4 19 DF 26 FF 03

000:STREAM                     1282391874.118968
 10 11 C4 19 DF 26 FF 03

000:STREAM                     1282391874.122973
 10 11 C4 19 DF 26 FF 03

000:STREAM                     1282391874.126967
 10 11 C4 19 DF 26 FF 03

000:STREAM                     1282391874.130970
 10 11 C4 19 DF 26 FF 03

000:STREAM                     1282391874.134970
 10 11 C4 19 DF 26 DF 03

000:STREAM                     1282391874.140977
 10 11 C4 19 DF 26 77 03

000:STREAM                     1282391874.144048
 10 11 C4 19 DF 26 0E 03

000:STREAM                     1282391874.148963
 10 10 C4 19 DF 26 00 00

000:STREAM                     1282391874.152967
 10 10 C7 19 DE 26 00 00

000:STREAM                     1282391874.156968
 10 10 CA 19 DE 26 00 00

000:STREAM                     1282391874.162952
 10 10 CD 19 DF 26 00 00

000:STREAM                     1282391874.166974
 10 10 CE 19 DF 26 00 00

000:STREAM                     1282391874.170968
 10 10 D0 19 E0 26 00 00

000:STREAM                     1282391874.174967
 10 10 D1 19 E2 26 00 00

000:STREAM                     1282391874.178966
 10 10 D2 19 E4 26 00 00

000:STREAM                     1282391874.184976
 10 10 D2 19 E6 26 00 00

000:STREAM                     1282391874.188972
 10 10 D1 19 E7 26 00 00

000:STREAM                     1282391874.192968
 10 10 D0 19 E7 26 00 00

000:STREAM                     1282391874.196961
 10 10 CE 19 E7 26 00 00

000:STREAM                     1282391874.200956
 10 10 CC 19 E7 26 00 00

000:STREAM                     1282391874.206975
 10 10 C8 19 E8 26 00 00

000:STREAM                     1282391874.210975
 10 10 C4 19 E9 26 00 00

000:STREAM                     1282391874.214970
 10 10 C0 19 EB 26 00 00

000:STREAM                     1282391874.218974
 10 10 BC 19 ED 26 00 00

000:STREAM                     1282391874.222968
 10 10 B8 19 EF 26 00 00

000:STREAM                     1282391874.226972
 10 10 B4 19 F0 26 00 00

000:STREAM                     1282391874.232966
 10 10 B1 19 F2 26 00 00

000:STREAM                     1282391874.236951
 10 10 AF 19 F4 26 00 00

000:STREAM                     1282391874.240995
 10 10 AC 19 F6 26 00 00

000:STREAM                     1282391874.244972
 10 10 AA 19 F8 26 00 00

000:STREAM                     1282391874.248977
 10 10 A8 19 FA 26 00 00

000:STREAM                     1282391874.254968
 10 10 A7 19 FC 26 00 00

000:STREAM                     1282391874.258970
 10 10 A7 19 FE 26 00 00

000:STREAM                     1282391874.262971
 10 10 A7 19 FF 26 00 00

000:STREAM                     1282391874.266971
 10 10 A7 19 01 27 00 00

000:STREAM                     1282391874.270964
 10 10 A8 19 01 27 00 00

000:STREAM                     1282391874.274968
 10 10 A8 19 01 27 00 00

000:STREAM                     1282391874.280972
 10 10 A9 19 01 27 00 00

000:STREAM                     1282391874.284954
 10 10 AB 19 01 27 00 00

000:STREAM                     1282391874.288969
 10 10 AC 19 00 27 00 00

000:STREAM                     1282391874.292955
 10 10 AC 19 00 27 00 00

000:STREAM                     1282391874.296813
 10 10 AD 19 FE 26 00 00

000:STREAM                     1282391874.302958
 10 10 AD 19 FC 26 00 00

000:STREAM                     1282391874.306973
 10 10 AC 19 FA 26 00 00

000:STREAM                     1282391874.310974
 10 10 AB 19 F7 26 00 00

000:STREAM                     1282391874.314968
 10 10 AA 19 F4 26 00 00

000:STREAM                     1282391874.318986
 10 10 A9 19 F2 26 00 00

000:STREAM                     1282391874.322967
 10 10 A9 19 EF 26 00 00

000:STREAM                     1282391874.328968
 10 10 A8 19 ED 26 00 00

000:STREAM                     1282391874.332959
 10 10 A7 19 EA 26 00 00

000:STREAM                     1282391874.336965
 10 10 A7 19 E8 26 00 00

000:STREAM                     1282391874.340974
 10 10 A6 19 E5 26 00 00

000:STREAM                     1282391874.345011
 10 10 A5 19 E3 26 00 00

000:STREAM                     1282391874.350968
 10 10 A4 19 E2 26 00 00

000:STREAM                     1282391874.354974
 10 10 A3 19 E0 26 00 00

000:STREAM                     1282391874.358968
 10 10 A3 19 E0 26 00 00

000:STREAM                     1282391874.362964
 10 10 A3 19 DF 26 00 00

000:STREAM                     1282391874.366968
 10 10 A3 19 DF 26 00 00

000:STREAM                     1282391874.372991
 10 10 A3 19 DE 26 00 00

000:STREAM                     1282391874.376979
 10 10 A5 19 DE 26 00 00

000:STREAM                     1282391874.380967
 10 10 A6 19 DF 26 00 00

000:STREAM                     1282391874.384969
 10 10 A8 19 DF 26 00 00

000:STREAM                     1282391874.388972
 10 10 AA 19 E1 26 00 00

000:STREAM                     1282391874.392969
 10 10 AC 19 E3 26 00 00

000:STREAM                     1282391874.398972
 10 10 AE 19 E4 26 00 00

000:STREAM                     1282391874.402976
 10 10 AF 19 E5 26 00 00

000:STREAM                     1282391874.406971
 10 10 B1 19 E6 26 00 00

000:STREAM                     1282391874.410975
 10 10 B3 19 E6 26 00 00

000:STREAM                     1282391874.414967
 10 10 B4 19 E6 26 00 00

000:STREAM                     1282391874.418970
 10 10 B5 19 E5 26 00 00

000:STREAM                     1282391874.424966
 10 10 B5 19 E5 26 00 00

000:STREAM                     1282391874.428976
 10 10 B4 19 E5 26 00 00

000:STREAM                     1282391874.432979
 10 10 B4 19 E4 26 00 00

000:STREAM                     1282391874.450975
 10 11 C8 19 E4 26 C8 00

000:STREAM                     1282391874.454975
 10 11 C8 19 E4 26 02 01

000:STREAM                     1282391874.458012
 10 11 C8 19 E3 26 47 01

000:STREAM                     1282391874.462972
 10 11 C9 19 E3 26 96 01

000:STREAM                     1282391874.468966
 10 11 CA 19 E4 26 DB 01

000:STREAM                     1282391874.472960
 10 11 CB 19 E4 26 0B 02

000:STREAM                     1282391874.476964
 10 11 CB 19 E4 26 42 02

000:STREAM                     1282391874.480952
 10 11 CC 19 E3 26 6C 02

000:STREAM                     1282391874.486977
 10 11 CC 19 E3 26 9D 02

000:STREAM                     1282391874.490972
 10 11 CB 19 E3 26 CE 02

000:STREAM                     1282391874.494968
 10 11 CB 19 E3 26 F9 02

000:STREAM                     1282391874.498966
 10 11 CB 19 E3 26 12 03

000:STREAM                     1282391874.502973
 10 11 CB 19 E3 26 34 03

000:STREAM                     1282391874.508965
 10 11 CB 19 E3 26 58 03

000:STREAM                     1282391874.512950
 10 11 CA 19 E3 26 72 03

000:STREAM                     1282391874.516968
 10 11 C9 19 E2 26 8F 03

000:STREAM                     1282391874.520974
 10 11 C8 19 E1 26 C1 03

000:STREAM                     1282391874.526966
 10 11 C7 19 DF 26 ED 03

000:STREAM                     1282391874.530968
 10 11 C6 19 DE 26 FF 03

000:STREAM                     1282391874.534965
 10 11 C6 19 DD 26 FF 03

000:STREAM                     1282391874.538968
 10 11 C5 19 DD 26 FF 03

000:STREAM                     1282391874.542969
 10 11 C4 19 DC 26 FF 03

000:STREAM                     1282391874.548976
 10 11 C4 19 DC 26 FF 03

000:STREAM                     1282391874.552968
 10 11 C3 19 DB 26 FF 03

000:STREAM                     1282391874.556967
 10 11 C3 19 DB 26 FF 03

000:STREAM                     1282391874.560972
 10 11 C3 19 DB 26 FF 03

000:STREAM                     1282391874.566968
 10 11 C3 19 DB 26 FF 03

000:STREAM                     1282391874.570969
 10 11 C3 19 DB 26 FF 03

000:STREAM                     1282391874.574970
 10 11 C3 19 DB 26 FF 03

000:STREAM                     1282391874.578965
 10 11 C3 19 DB 26 FF 03

000:STREAM                     1282391874.584965
 10 11 C3 19 DB 26 FF 03

000:STREAM                     1282391874.588964
 10 11 C3 19 DB 26 FF 03

000:STREAM                     1282391874.592967
 10 11 C3 19 DB 26 FF 03

000:STREAM                     1282391874.596992
 10 11 C3 19 DB 26 FF 03

000:STREAM                     1282391874.602971
 10 11 C3 19 DB 26 FF 03

000:STREAM                     1282391874.606967
 10 11 C3 19 DB 26 FF 03

000:STREAM                     1282391874.610966
 10 11 C3 19 DB 26 FF 03

000:STREAM                     1282391874.614964
 10 11 C3 19 DB 26 FF 03

000:STREAM                     1282391874.618968
 10 11 C3 19 DB 26 FF 03

000:STREAM                     1282391874.624971
 10 11 C3 19 DB 26 FF 03

000:STREAM                     1282391874.628966
 10 11 C3 19 DB 26 FF 03

000:STREAM                     1282391874.632974
 10 11 C3 19 DB 26 FF 03

000:STREAM                     1282391874.636973
 10 11 C3 19 DB 26 FF 03

000:STREAM                     1282391874.642966
 10 11 C3 19 DB 26 FF 03

000:STREAM                     1282391874.646966
 10 11 C3 19 DB 26 FF 03

000:STREAM                     1282391874.650966
 10 11 C3 19 DA 26 FF 03

000:STREAM                     1282391874.654983
 10 11 C5 19 D8 26 FF 03

000:STREAM                     1282391874.658966
 10 11 C6 19 D7 26 FF 03

000:STREAM                     1282391874.664965
 10 11 C7 19 D6 26 AC 03

000:STREAM                     1282391874.668957
 10 11 C8 19 D5 26 3D 03

000:STREAM                     1282391874.672971
 10 10 CA 19 D5 26 00 00

000:STREAM                     1282391874.676971
 10 10 CE 19 D6 26 00 00

000:STREAM                     1282391874.681012
 10 10 D2 19 D8 26 00 00

000:STREAM                     1282391874.686965
 10 10 D6 19 DB 26 00 00

000:STREAM                     1282391874.690969
 10 10 D9 19 DF 26 00 00

000:STREAM                     1282391874.694965
 10 10 DC 19 E3 26 00 00

000:STREAM                     1282391874.698965
 10 10 DE 19 E7 26 00 00

000:STREAM                     1282391874.702957
 10 10 E0 19 EC 26 00 00

000:STREAM                     1282391874.708985
 10 10 E0 19 EF 26 00 00

000:STREAM                     1282391874.712960
 10 10 E0 19 F4 26 00 00

000:STREAM                     1282391874.716995
 10 10 DF 19 F6 26 00 00

000:STREAM                     1282391874.720971
 10 10 DD 19 F7 26 00 00

000:STREAM                     1282391874.724975
 10 10 DB 19 F8 26 00 00

000:STREAM                     1282391874.728965
 10 10 D7 19 F7 26 00 00

000:STREAM                     1282391874.734976
 10 10 D3 19 F7 26 00 00

000:STREAM                     1282391874.737986
 10 10 CE 19 F6 26 00 00

000:STREAM                     1282391874.742964
 10 10 C9 19 F5 26 00 00

000:STREAM                     1282391874.746965
 10 10 C5 19 F4 26 00 00

000:STREAM                     1282391874.750966
 10 10 C0 19 F3 26 00 00

000:STREAM                     1282391874.756964
 10 10 BB 19 F1 26 00 00

000:STREAM                     1282391874.760955
 10 10 B6 19 F1 26 00 00

000:STREAM                     1282391874.764963
 10 10 B2 19 F1 26 00 00

000:STREAM                     1282391874.768960
 10 10 AF 19 F1 26 00 00

000:STREAM                     1282391874.772992
 10 10 AC 19 F2 26 00 00

000:STREAM                     1282391874.778967
 10 10 AB 19 F3 26 00 00

000:STREAM                     1282391874.782969
 10 10 AA 19 F4 26 00 00

000:STREAM                     1282391874.786964
 10 10 AB 19 F6 26 00 00

000:STREAM                     1282391874.790966
 10 10 AC 19 F9 26 00 00

000:STREAM                     1282391874.794964
 10 10 AD 19 FB 26 00 00

000:STREAM                     1282391874.798966
 10 10 AF 19 FC 26 00 00

000:STREAM                     1282391874.804971
 10 10 B2 19 FE 26 00 00

000:STREAM                     1282391874.808972
 10 10 B5 19 00 27 00 00

000:STREAM                     1282391874.812966
 10 10 B8 19 03 27 00 00

000:STREAM                     1282391874.816973
 10 10 BA 19 04 27 00 00

000:STREAM                     1282391874.820971
 10 10 BB 19 04 27 00 00

000:STREAM                     1282391874.826963
 10 10 BC 19 04 27 00 00

000:STREAM                     1282391874.830966
 10 10 BD 19 03 27 00 00

000:STREAM                     1282391874.834957
 10 10 BD 19 03 27 00 00

000:STREAM                     1282391874.838967
 10 10 BD 19 02 27 00 00

000:STREAM                     1282391874.842966
 10 10 BD 19 02 27 00 00

000:STREAM                     1282391874.846967
 10 10 BC 19 02 27 00 00

000:STREAM                     1282391874.852963
 10 10 BC 19 02 27 00 00

000:STREAM                     1282391874.856960
 10 10 BC 19 02 27 00 00

000:STREAM                     1282391874.860965
 10 10 BA 19 00 27 00 00

000:STREAM                     1282391874.864949
 10 10 B9 19 FF 26 00 00

000:STREAM                     1282391874.868988
 10 10 B8 19 FE 26 00 00

000:STREAM                     1282391874.874965
 10 10 B7 19 FF 26 00 00

000:STREAM                     1282391874.878964
 10 10 B8 19 FF 26 00 00

000:STREAM                     1282391874.882961
 10 10 B8 19 FF 26 00 00

000:STREAM                     1282391874.886973
 10 10 B9 19 01 27 00 00

000:STREAM                     1282391874.890984
 10 10 BB 19 02 27 00 00

000:STREAM                     1282391874.894966
 10 10 BD 19 05 27 00 00

000:STREAM                     1282391874.900964
 10 10 C0 19 06 27 00 00

000:STREAM                     1282391874.904954
 10 10 C3 19 09 27 00 00

000:STREAM                     1282391874.908965
 10 10 C5 19 0A 27 00 00

000:STREAM                     1282391874.912950
 10 10 C7 19 0B 27 00 00

000:STREAM                     1282391874.916986
 10 10 CA 19 0F 27 00 00

000:STREAM                     1282391874.922964
 10 10 CC 19 11 27 00 00

000:STREAM                     1282391874.926967
 10 10 CD 19 13 27 00 00

000:STREAM                     1282391874.930963
 10 10 CD 19 14 27 00 00

000:STREAM                     1282391874.934965
 10 10 CD 19 13 27 00 00

000:STREAM                     1282391874.938962
 10 10 CE 19 14 27 00 00

000:STREAM                     1282391874.942948
 10 10 CE 19 13 27 00 00

000:STREAM                     1282391874.948971
 10 10 CE 19 14 27 00 00

000:STREAM                     1282391874.952969
 10 10 CF 19 13 27 00 00

000:STREAM                     1282391874.956964
 10 10 D0 19 14 27 00 00

000:STREAM                     1282391874.960982
 10 10 D0 19 14 27 00 00

000:STREAM                     1282391874.978972
 10 11 E5 19 17 27 C0 00

000:STREAM                     1282391874.982962
 10 11 E5 19 17 27 FB 00

000:STREAM                     1282391874.986957
 10 11 E5 19 17 27 47 01

000:STREAM                     1282391874.992971
 10 11 E6 19 17 27 90 01

000:STREAM                     1282391874.996949
 10 11 E6 19 17 27 D6 01

000:STREAM                     1282391875.000970
 10 11 E7 19 17 27 1A 02

000:STREAM                     1282391875.004971
 10 11 E7 19 17 27 55 02

000:STREAM                     1282391875.010965
 10 11 E7 19 18 27 8F 02

000:STREAM                     1282391875.015141
 10 11 E7 19 18 27 BC 02

000:STREAM                     1282391875.018977
 10 11 E7 19 18 27 EF 02

000:STREAM                     1282391875.022980
 10 11 E7 19 18 27 22 03

000:STREAM                     1282391875.026980
 10 11 E7 19 18 27 4F 03

000:STREAM                     1282391875.032978
 10 11 E7 19 18 27 76 03

000:STREAM                     1282391875.036973
 10 11 E7 19 18 27 98 03

000:STREAM                     1282391875.040822
 10 11 E7 19 18 27 BC 03

000:STREAM                     1282391875.044955
 10 11 E7 19 18 27 E2 03

000:STREAM                     1282391875.050959
 10 11 E7 19 18 27 FD 03

000:STREAM                     1282391875.054972
 10 11 E7 19 18 27 FF 03

000:STREAM                     1282391875.058952
 10 11 E7 19 18 27 FF 03

000:STREAM                     1282391875.062960
 10 11 E7 19 18 27 FF 03

000:STREAM                     1282391875.068966
 10 11 E7 19 18 27 FF 03

000:STREAM                     1282391875.072967
 10 11 E7 19 18 27 FF 03

000:STREAM                     1282391875.076964
 10 11 E7 19 18 27 FF 03

000:STREAM                     1282391875.080967
 10 11 E7 19 18 27 FF 03

000:STREAM                     1282391875.086966
 10 11 E7 19 18 27 FF 03

000:STREAM                     1282391875.090965
 10 11 E7 19 18 27 FF 03

000:STREAM                     1282391875.094964
 10 11 E7 19 18 27 FF 03

000:STREAM                     1282391875.098947
 10 11 E7 19 18 27 FF 03

000:STREAM                     1282391875.102969
 10 11 E7 19 18 27 FF 03

000:STREAM                     1282391875.108960
 10 11 E7 19 18 27 FF 03

000:STREAM                     1282391875.112964
 10 11 E7 19 18 27 FF 03

000:STREAM                     1282391875.116968
 10 11 E7 19 18 27 FF 03

000:STREAM                     1282391875.120969
 10 11 E7 19 18 27 FF 03

000:STREAM                     1282391875.126961
 10 11 E7 19 18 27 FF 03

000:STREAM                     1282391875.130962
 10 11 E7 19 18 27 FF 03

000:STREAM                     1282391875.134972
 10 11 E7 19 18 27 FF 03

000:STREAM                     1282391875.138962
 10 11 E7 19 18 27 FF 03

000:STREAM                     1282391875.142959
 10 11 E7 19 18 27 FF 03

000:STREAM                     1282391875.148970
 10 11 E7 19 18 27 FF 03

000:STREAM                     1282391875.152946
 10 11 E7 19 18 27 B0 03

000:STREAM                     1282391875.156970
 10 11 E7 19 16 27 42 03

000:STREAM                     1282391875.160970
 10 11 E7 19 14 27 DF 02

000:STREAM                     1282391875.166963
 10 10 E8 19 12 27 00 00

000:STREAM                     1282391875.170967
 10 10 E8 19 0F 27 00 00

000:STREAM                     1282391875.174971
 10 10 EA 19 0C 27 00 00

000:STREAM                     1282391875.178968
 10 10 EC 19 0B 27 00 00

000:STREAM                     1282391875.182964
 10 10 EC 19 08 27 00 00

000:STREAM                     1282391875.186970
 10 10 EC 19 07 27 00 00

000:STREAM                     1282391875.192969
 10 10 ED 19 07 27 00 00

000:STREAM                     1282391875.196966
 10 10 ED 19 08 27 00 00

000:STREAM                     1282391875.200965
 10 10 EC 19 08 27 00 00

000:STREAM                     1282391875.204956
 10 10 EB 19 0A 27 00 00

000:STREAM                     1282391875.208965
 10 10 EA 19 0B 27 00 00

000:STREAM                     1282391875.214969
 10 10 E9 19 0C 27 00 00

000:STREAM                     1282391875.218964
 10 10 E7 19 0E 27 00 00

000:STREAM                     1282391875.222960
 10 10 E6 19 0F 27 00 00

000:STREAM                     1282391875.226964
 10 10 E3 19 10 27 00 00

000:STREAM                     1282391875.230960
 10 10 E0 19 0F 27 00 00

000:STREAM                     1282391875.236960
 10 10 DE 19 0E 27 00 00

000:STREAM                     1282391875.240963
 10 10 DB 19 0F 27 00 00

000:STREAM                     1282391875.244967
 10 10 D8 19 10 27 00 00

000:STREAM                     1282391875.248972
 10 10 D5 19 10 27 00 00

000:STREAM                     1282391875.252964
 10 10 D2 19 11 27 00 00

000:STREAM                     1282391875.256949
 10 10 CF 19 10 27 00 00

000:STREAM                     1282391875.262959
 10 10 CC 19 10 27 00 00

000:STREAM                     1282391875.266967
 10 10 C9 19 10 27 00 00

000:STREAM                     1282391875.270964
 10 10 C6 19 10 27 00 00

000:STREAM                     1282391875.274959
 10 10 C3 19 11 27 00 00

000:STREAM                     1282391875.278963
 10 10 C1 19 11 27 00 00

000:STREAM                     1282391875.284971
 10 10 BF 19 12 27 00 00

000:STREAM                     1282391875.288838
 10 10 BE 19 13 27 00 00

000:STREAM                     1282391875.292967
 10 10 BE 19 14 27 00 00

000:STREAM                     1282391875.296960
 10 10 BE 19 16 27 00 00

000:STREAM                     1282391875.300979
 10 10 BE 19 17 27 00 00

000:STREAM                     1282391875.304961
 10 10 BE 19 18 27 00 00

000:STREAM                     1282391875.310974
 10 10 C0 19 17 27 00 00

000:STREAM                     1282391875.314965
 10 10 C1 19 17 27 00 00

000:STREAM                     1282391875.318945
 10 10 C1 19 16 27 00 00

000:STREAM                     1282391875.322969
 10 10 C3 19 16 27 00 00

000:STREAM                     1282391875.326963
 10 10 C4 19 14 27 00 00

000:STREAM                     1282391875.332967
 10 10 C6 19 12 27 00 00

000:STREAM                     1282391875.336955
 10 10 C7 19 0F 27 00 00

000:STREAM                     1282391875.340959
 10 10 C8 19 0D 27 00 00

000:STREAM                     1282391875.344948
 10 10 C8 19 0A 27 00 00

000:STREAM                     1282391875.348988
 10 10 C9 19 07 27 00 00

000:STREAM                     1282391875.352970
 10 10 CA 19 06 27 00 00

000:STREAM                     1282391875.358963
 10 10 CB 19 03 27 00 00

000:STREAM                     1282391875.362968
 10 10 CB 19 00 27 00 00

000:STREAM                     1282391875.366962
 10 10 CC 19 00 27 00 00

000:STREAM                     1282391875.370964
 10 10 CC 19 FF 26 00 00

000:STREAM                     1282391875.374966
 10 10 CC 19 FD 26 00 00

000:STREAM                     1282391875.380964
 10 10 CD 19 FC 26 00 00

000:STREAM                     1282391875.384944
 10 10 CC 19 FB 26 00 00

000:STREAM                     1282391875.388962
 10 10 CC 19 FB 26 00 00

000:STREAM                     1282391875.392972
 10 10 CC 19 FB 26 00 00

000:STREAM                     1282391875.396963
 10 10 CC 19 FB 26 00 00

000:STREAM                     1282391875.400962
 10 10 CC 19 FB 26 00 00

000:STREAM                     1282391875.406963
 10 10 CC 19 FB 26 00 00

000:STREAM                     1282391875.410965
 10 10 CD 19 FE 26 00 00

000:STREAM                     1282391875.414964
 10 10 CF 19 00 27 00 00

000:STREAM                     1282391875.418960
 10 10 D0 19 04 27 00 00

000:STREAM                     1282391875.422965
 10 10 D2 19 06 27 00 00

000:STREAM                     1282391875.428961
 10 10 D4 19 0A 27 00 00

000:STREAM                     1282391875.432955
 10 10 D6 19 0D 27 00 00

000:STREAM                     1282391875.436968
 10 10 D8 19 11 27 00 00

000:STREAM                     1282391875.440970
 10 10 DD 19 17 27 00 00

000:STREAM                     1282391875.444962
 10 10 E0 19 1C 27 00 00

000:STREAM                     1282391875.448969
 10 10 E4 19 21 27 00 00

000:STREAM                     1282391875.454970
 10 10 E8 19 26 27 00 00

000:STREAM                     1282391875.458969
 10 10 EB 19 2A 27 00 00

000:STREAM                     1282391875.462961
 10 10 EE 19 2D 27 00 00

000:STREAM                     1282391875.466959
 10 10 EF 19 2F 27 00 00

000:STREAM                     1282391875.470960
 10 10 F1 19 2F 27 00 00

000:STREAM                     1282391875.476969
 10 10 F3 19 2F 27 00 00

000:STREAM                     1282391875.480956
 10 10 F4 19 2E 27 00 00

000:STREAM                     1282391875.498971
 10 11 02 1A 29 27 B7 00

000:STREAM                     1282391875.502965
 10 11 02 1A 29 27 FF 00

000:STREAM                     1282391875.506954
 10 11 02 1A 29 27 45 01

000:STREAM                     1282391875.510962
 10 11 02 1A 29 27 88 01

000:STREAM                     1282391875.514965
 10 11 02 1A 29 27 C3 01

000:STREAM                     1282391875.520971
 10 11 02 1A 29 27 03 02

000:STREAM                     1282391875.524964
 10 11 02 1A 29 27 3B 02

000:STREAM                     1282391875.528966
 10 11 02 1A 29 27 6C 02

000:STREAM                     1282391875.532963
 10 11 01 1A 29 27 9D 02

000:STREAM                     1282391875.538971
 10 11 01 1A 29 27 DB 02

000:STREAM                     1282391875.542967
 10 11 01 1A 29 27 04 03

000:STREAM                     1282391875.546961
 10 11 01 1A 29 27 35 03

000:STREAM                     1282391875.550965
 10 11 01 1A 29 27 66 03

000:STREAM                     1282391875.556970
 10 11 01 1A 29 27 97 03

000:STREAM                     1282391875.560958
 10 11 01 1A 29 27 BC 03

000:STREAM                     1282391875.564963
 10 11 01 1A 28 27 E8 03

000:STREAM                     1282391875.568966
 10 11 00 1A 27 27 FF 03

000:STREAM                     1282391875.572962
 10 11 FF 19 26 27 FF 03

000:STREAM                     1282391875.578962
 10 11 FF 19 25 27 FF 03

000:STREAM                     1282391875.582969
 10 11 FE 19 24 27 FF 03

000:STREAM                     1282391875.586963
 10 11 FE 19 23 27 FF 03

000:STREAM                     1282391875.590967
 10 11 FE 19 22 27 FF 03

000:STREAM                     1282391875.596965
 10 11 FE 19 22 27 FF 03

000:STREAM                     1282391875.600961
 10 11 FF 19 21 27 FF 03

000:STREAM                     1282391875.604962
 10 11 FF 19 1F 27 FF 03

000:STREAM                     1282391875.608946
 10 11 00 1A 1E 27 FF 03

000:STREAM                     1282391875.614958
 10 11 01 1A 1D 27 FF 03

000:STREAM                     1282391875.618969
 10 11 02 1A 1C 27 F7 03

000:STREAM                     1282391875.622964
 10 11 03 1A 1C 27 A5 03

000:STREAM                     1282391875.626958
 10 11 04 1A 1B 27 38 03

000:STREAM                     1282391875.630961
 10 11 06 1A 1A 27 D6 02

000:STREAM                     1282391875.636965
 10 10 07 1A 1A 27 00 00

000:STREAM                     1282391875.640968
 10 10 0B 1A 1A 27 00 00

000:STREAM                     1282391875.644962
 10 10 0F 1A 1A 27 00 00

000:STREAM                     1282391875.648961
 10 10 11 1A 1A 27 00 00

000:STREAM                     1282391875.652967
 10 10 13 1A 1A 27 00 00

000:STREAM                     1282391875.656960
 10 10 14 1A 1D 27 00 00

000:STREAM                     1282391875.662970
 10 10 15 1A 20 27 00 00

000:STREAM                     1282391875.666968
 10 10 15 1A 22 27 00 00

000:STREAM                     1282391875.670961
 10 10 12 1A 23 27 00 00

000:STREAM                     1282391875.674969
 10 10 10 1A 27 27 00 00

000:STREAM                     1282391875.678962
 10 10 0E 1A 27 27 00 00

000:STREAM                     1282391875.684956
 10 10 0C 1A 28 27 00 00

000:STREAM                     1282391875.688961
 10 10 0A 1A 28 27 00 00

000:STREAM                     1282391875.692965
 10 10 07 1A 27 27 00 00

000:STREAM                     1282391875.696970
 10 10 04 1A 28 27 00 00

000:STREAM                     1282391875.700960
 10 10 02 1A 28 27 00 00

000:STREAM                     1282391875.704966
 10 10 FF 19 28 27 00 00

000:STREAM                     1282391875.710968
 10 10 FC 19 29 27 00 00

000:STREAM                     1282391875.714965
 10 10 F8 19 29 27 00 00

000:STREAM                     1282391875.718957
 10 10 F5 19 2A 27 00 00

000:STREAM                     1282391875.722960
 10 10 F2 19 2B 27 00 00

000:STREAM                     1282391875.726957
 10 10 F0 19 2B 27 00 00

000:STREAM                     1282391875.732967
 10 10 EE 19 2B 27 00 00

000:STREAM                     1282391875.736969
 10 10 EC 19 2B 27 00 00

000:STREAM                     1282391875.740960
 10 10 EA 19 2B 27 00 00

000:STREAM                     1282391875.744962
 10 10 E9 19 2C 27 00 00

000:STREAM                     1282391875.748955
 10 10 E7 19 2C 27 00 00

000:STREAM                     1282391875.754969
 10 10 E5 19 2C 27 00 00

000:STREAM                     1282391875.758967
 10 10 E4 19 2C 27 00 00

000:STREAM                     1282391875.762973
 10 10 E2 19 2C 27 00 00

000:STREAM                     1282391875.766963
 10 10 E2 19 2B 27 00 00

000:STREAM                     1282391875.770957
 10 10 E2 19 2B 27 00 00

000:STREAM                     1282391875.774943
 10 10 E2 19 2B 27 00 00

000:STREAM                     1282391875.780960
 10 10 E2 19 2B 27 00 00

000:STREAM                     1282391875.784899
 10 10 E2 19 2A 27 00 00

000:STREAM                     1282391875.788956
 10 10 E2 19 28 27 00 00

000:STREAM                     1282391875.792965
 10 10 E3 19 26 27 00 00

000:STREAM                     1282391875.796963
 10 10 E5 19 24 27 00 00

000:STREAM                     1282391875.802961
 10 10 E6 19 23 27 00 00

000:STREAM                     1282391875.806963
 10 10 E7 19 22 27 00 00

000:STREAM                     1282391875.810962
 10 10 E8 19 20 27 00 00

000:STREAM                     1282391875.814958
 10 10 E8 19 1F 27 00 00

000:STREAM                     1282391875.818961
 10 10 E8 19 1D 27 00 00

000:STREAM                     1282391875.822951
 10 10 E9 19 1D 27 00 00

000:STREAM                     1282391875.828957
 10 10 EA 19 1C 27 00 00

000:STREAM                     1282391875.832962
 10 10 EB 19 1B 27 00 00

000:STREAM                     1282391875.836966
 10 10 EB 19 1A 27 00 00

000:STREAM                     1282391875.840967
 10 10 EC 19 19 27 00 00

000:STREAM                     1282391875.844959
 10 10 EC 19 1A 27 00 00

000:STREAM                     1282391875.850972
 10 10 EC 19 1B 27 00 00

000:STREAM                     1282391875.854959
 10 10 EC 19 1C 27 00 00

000:STREAM                     1282391875.858965
 10 10 ED 19 1C 27 00 00

000:STREAM                     1282391875.862963
 10 10 ED 19 1D 27 00 00

000:STREAM                     1282391875.866958
 10 10 EE 19 1F 27 00 00

000:STREAM                     1282391875.870960
 10 10 EF 19 21 27 00 00

000:STREAM                     1282391875.876963
 10 10 EF 19 21 27 00 00

000:STREAM                     1282391875.880957
 10 10 F0 19 22 27 00 00

000:STREAM                     1282391875.884959
 10 10 F2 19 24 27 00 00

000:STREAM                     1282391875.888967
 10 10 F5 19 26 27 00 00

000:STREAM                     1282391875.892961
 10 10 F6 19 29 27 00 00

000:STREAM                     1282391875.898961
 10 10 F8 19 2B 27 00 00

000:STREAM                     1282391875.902964
 10 10 FA 19 2E 27 00 00

000:STREAM                     1282391875.906958
 10 10 FD 19 30 27 00 00

000:STREAM                     1282391875.910956
 10 10 FE 19 30 27 00 00

000:STREAM                     1282391875.914959
 10 10 FF 19 31 27 00 00

000:STREAM                     1282391875.920967
 10 10 00 1A 31 27 00 00

000:STREAM                     1282391875.924966
 10 10 01 1A 32 27 00 00

000:STREAM                     1282391875.928960
 10 10 01 1A 31 27 00 00

000:STREAM                     1282391875.946967
 10 11 0A 1A 2F 27 AB 00

000:STREAM                     1282391875.950967
 10 11 0A 1A 2F 27 F5 00

000:STREAM                     1282391875.954960
 10 11 0A 1A 2F 27 42 01

000:STREAM                     1282391875.958959
 10 11 0A 1A 2F 27 8C 01

000:STREAM                     1282391875.964965
 10 11 0A 1A 2F 27 D9 01

000:STREAM                     1282391875.968961
 10 11 0A 1A 2F 27 1C 02

000:STREAM                     1282391875.972958
 10 11 0A 1A 2F 27 57 02

000:STREAM                     1282391875.976964
 10 11 0A 1A 2F 27 8B 02

000:STREAM                     1282391875.980962
 10 11 0A 1A 2F 27 C5 02

000:STREAM                     1282391875.986960
 10 11 0A 1A 2F 27 E5 02

000:STREAM                     1282391875.990966
 10 11 0A 1A 2F 27 0D 03

000:STREAM                     1282391875.994961
 10 11 0A 1A 2F 27 36 03

000:STREAM                     1282391875.998961
 10 11 0A 1A 2F 27 5A 03

000:STREAM                     1282391876.004956
 10 11 09 1A 2F 27 80 03

000:STREAM                     1282391876.008950
 10 11 09 1A 2F 27 95 03

000:STREAM                     1282391876.012957
 10 11 09 1A 2F 27 B4 03

000:STREAM                     1282391876.016945
 10 11 09 1A 2F 27 C2 03

000:STREAM                     1282391876.022963
 10 11 09 1A 2F 27 DB 03

000:STREAM                     1282391876.026951
 10 11 09 1A 2F 27 EB 03

000:STREAM                     1282391876.030962
 10 11 09 1A 2F 27 EC 03

000:STREAM                     1282391876.034969
 10 11 09 1A 2F 27 F9 03

000:STREAM                     1282391876.038967
 10 11 09 1A 2F 27 FF 03

000:STREAM                     1282391876.044959
 10 11 09 1A 2F 27 FF 03

000:STREAM                     1282391876.048954
 10 11 09 1A 2F 27 FF 03

000:STREAM                     1282391876.052960
 10 11 09 1A 2F 27 FF 03

000:STREAM                     1282391876.056946
 10 11 09 1A 2F 27 FF 03

000:STREAM                     1282391876.062957
 10 11 09 1A 2F 27 FF 03

000:STREAM                     1282391876.066968
 10 11 09 1A 2F 27 FF 03

000:STREAM                     1282391876.070963
 10 11 09 1A 2F 27 FF 03

000:STREAM                     1282391876.074958
 10 11 09 1A 2F 27 FF 03

000:STREAM                     1282391876.080959
 10 11 09 1A 2F 27 FF 03

000:STREAM                     1282391876.084960
 10 11 09 1A 2F 27 EA 03

000:STREAM                     1282391876.088964
 10 11 09 1A 2F 27 AD 03

000:STREAM                     1282391876.092967
 10 11 09 1A 2F 27 4C 03

000:STREAM                     1282391876.096959
 10 11 09 1A 2F 27 E9 02

000:STREAM                     1282391876.102969
 10 10 0A 1A 2F 27 00 00

000:STREAM                     1282391876.106958
 10 10 0A 1A 2F 27 00 00

000:STREAM                     1282391876.110961
 10 10 0D 1A 30 27 00 00

000:STREAM                     1282391876.114957
 10 10 11 1A 30 27 00 00

000:STREAM                     1282391876.118960
 10 10 15 1A 31 27 00 00

000:STREAM                     1282391876.124956
 10 10 19 1A 34 27 00 00

000:STREAM                     1282391876.128967
 10 10 1C 1A 37 27 00 00

000:STREAM                     1282391876.132957
 10 10 1D 1A 39 27 00 00

000:STREAM                     1282391876.136962
 10 10 1D 1A 39 27 00 00

000:STREAM                     1282391876.140961
 10 10 1C 1A 39 27 00 00

000:STREAM                     1282391876.144961
 10 10 1B 1A 37 27 00 00

000:STREAM                     1282391876.150966
 10 10 19 1A 34 27 00 00

000:STREAM                     1282391876.154959
 10 10 14 1A 30 27 00 00

000:STREAM                     1282391876.158961
 10 10 0E 1A 2B 27 00 00

000:STREAM                     1282391876.226970
 10 00 0E 1A 2B 27 00 00

