002:004:001:STREAM             1343511014.853852
 05 00 00 00 01 00
002:004:001:STREAM             1343511015.093686
 05 00 00 00 00 00
002:004:001:STREAM             1343511015.989948
 05 00 00 00 02 00
002:004:001:STREAM             1343511016.197843
 05 00 00 00 00 00
002:004:001:STREAM             1343511016.861916
 05 00 00 20 00 00
002:004:001:STREAM             1343511017.069798
 05 00 00 00 00 00
002:004:001:STREAM             1343511017.781877
 05 00 00 40 00 00
002:004:001:STREAM             1343511017.957825
 05 00 00 00 00 00
