001:007:000:STREAM             1639100540.349474
 07 E0 01 01 08 00 00 00

001:007:000:STREAM             1639100540.468279
 07 E0 01 01 00 00 00 00

001:007:000:STREAM             1639100541.867312
 07 E0 01 01 08 00 00 00

001:007:000:STREAM             1639100542.012345
 07 E0 01 01 00 00 00 00

001:007:000:STREAM             1639100542.859464
 07 E0 01 01 08 00 00 00

001:007:000:STREAM             1639100542.984480
 07 E0 01 01 00 00 00 00

001:007:000:STREAM             1639100543.970350
 07 E0 01 01 08 00 00 00

001:007:000:STREAM             1639100544.108487
 07 E0 01 01 00 00 00 00

001:007:000:STREAM             1639100544.974453
 07 E0 01 01 08 00 00 00

001:007:000:STREAM             1639100545.099360
 07 E0 01 01 00 00 00 00

001:007:000:STREAM             1639100545.865361
 07 E0 01 01 08 00 00 00

001:007:000:STREAM             1639100546.009392
 07 E0 01 01 00 00 00 00

001:007:000:STREAM             1639100546.762394
 07 E0 01 01 08 00 00 00

001:007:000:STREAM             1639100546.901396
 07 E0 01 01 00 00 00 00

001:007:000:STREAM             1639100547.478443
 07 E0 01 01 08 00 00 00

001:007:000:STREAM             1639100547.597407
 07 E0 01 01 00 00 00 00

001:007:000:STREAM             1639100548.162418
 07 E0 01 01 08 00 00 00

001:007:000:STREAM             1639100548.288515
 07 E0 01 01 00 00 00 00

001:007:000:STREAM             1639100548.865532
 07 E0 01 01 08 00 00 00

001:007:000:STREAM             1639100548.991335
 07 E0 01 01 00 00 00 00

001:007:000:STREAM             1639100549.587374
 07 E0 01 01 08 00 00 00

001:007:000:STREAM             1639100549.706367
 07 E0 01 01 00 00 00 00

001:007:000:STREAM             1639100550.214459
 07 E0 01 01 08 00 00 00

001:007:000:STREAM             1639100550.359387
 07 E0 01 01 00 00 00 00

001:007:000:STREAM             1639100550.911366
 07 E0 01 01 08 00 00 00

001:007:000:STREAM             1639100551.055375
 07 E0 01 01 00 00 00 00

001:007:000:STREAM             1639100551.558328
 07 E0 01 01 08 00 00 00

001:007:000:STREAM             1639100551.683457
 07 E0 01 01 00 00 00 00

001:007:000:STREAM             1639100552.198376
 07 E0 01 01 08 00 00 00

001:007:000:STREAM             1639100552.330453
 07 E0 01 01 00 00 00 00

001:007:000:STREAM             1639100552.850372
 07 E0 01 01 08 00 00 00

001:007:000:STREAM             1639100552.963382
 07 E0 01 01 00 00 00 00

001:007:000:STREAM             1639100553.466375
 07 E0 01 01 08 00 00 00

001:007:000:STREAM             1639100553.610383
 07 E0 01 01 00 00 00 00

001:007:000:STREAM             1639100554.137370
 07 E0 01 01 08 00 00 00

001:007:000:STREAM             1639100554.269379
 07 E0 01 01 00 00 00 00

001:007:000:STREAM             1639100554.746394
 07 E0 01 01 08 00 00 00

001:007:000:STREAM             1639100554.903462
 07 E0 01 01 00 00 00 00

001:007:000:STREAM             1639100555.405475
 07 E0 01 01 08 00 00 00

001:007:000:STREAM             1639100555.549372
 07 E0 01 01 00 00 00 00

001:007:000:STREAM             1639100556.020347
 07 E0 01 01 08 00 00 00

001:007:000:STREAM             1639100556.164396
 07 E0 01 01 00 00 00 00

001:007:000:STREAM             1639100556.660373
 07 E0 01 01 08 00 00 00

001:007:000:STREAM             1639100556.805426
 07 E0 01 01 00 00 00 00

001:007:000:STREAM             1639100557.300375
 07 E0 01 01 08 00 00 00

001:007:000:STREAM             1639100557.426430
 07 E0 01 01 00 00 00 00

001:007:000:STREAM             1639100558.028385
 07 E0 01 01 08 00 00 00

001:007:000:STREAM             1639100558.154512
 07 E0 01 01 00 00 00 00

001:007:000:STREAM             1639100558.719543
 07 E0 01 01 08 00 00 00

001:007:000:STREAM             1639100558.851434
 07 E0 01 01 00 00 00 00

001:007:000:STREAM             1639100559.353393
 07 E0 01 01 08 00 00 00

001:007:000:STREAM             1639100559.510514
 07 E0 01 01 00 00 00 00

001:007:000:STREAM             1639100560.012359
 07 E0 01 01 08 00 00 00

001:007:000:STREAM             1639100560.144443
 07 E0 01 01 00 00 00 00

001:007:000:STREAM             1639100560.602439
 07 E0 01 01 08 00 00 00

001:007:000:STREAM             1639100560.727520
 07 E0 01 01 00 00 00 00

001:007:000:STREAM             1639100561.204401
 07 E0 01 01 08 00 00 00

001:007:000:STREAM             1639100561.324429
 07 E0 01 01 00 00 00 00

001:007:000:STREAM             1639100561.851440
 07 E0 01 01 08 00 00 00

001:007:000:STREAM             1639100561.989435
 07 E0 01 01 00 00 00 00

001:007:000:STREAM             1639100562.409401
 07 E0 01 01 08 00 00 00

001:007:000:STREAM             1639100562.541478
 07 E0 01 01 00 00 00 00

001:007:000:STREAM             1639100563.024431
 07 E0 01 01 08 00 00 00

001:007:000:STREAM             1639100563.162551
 07 E0 01 01 00 00 00 00

001:007:000:STREAM             1639100563.608558
 07 E0 01 01 08 00 00 00

001:007:000:STREAM             1639100563.746482
 07 E0 01 01 00 00 00 00

001:007:000:STREAM             1639100564.229568
 07 E0 01 01 08 00 00 00

001:007:000:STREAM             1639100564.368555
 07 E0 01 01 00 00 00 00

001:007:000:STREAM             1639100564.794561
 07 E0 01 01 08 00 00 00

001:007:000:STREAM             1639100564.926557
 07 E0 01 01 00 00 00 00

001:007:000:STREAM             1639100565.384471
 07 E0 01 01 08 00 00 00

001:007:000:STREAM             1639100565.497471
 07 E0 01 01 00 00 00 00

001:007:000:STREAM             1639100565.937560
 07 E0 01 01 08 00 00 00

001:007:000:STREAM             1639100566.068435
 07 E0 01 01 00 00 00 00

001:007:000:STREAM             1639100566.721531
 07 E0 01 01 08 00 00 00

001:007:000:STREAM             1639100566.872528
 07 E0 01 01 00 00 00 00

001:007:000:STREAM             1639100567.336427
 07 E0 01 01 08 00 00 00

001:007:000:STREAM             1639100567.456516
 07 E0 01 01 00 00 00 00

001:007:000:STREAM             1639100567.882542
 07 E0 01 01 08 00 00 00

001:007:000:STREAM             1639100568.020368
 07 E0 01 01 00 00 00 00

001:007:000:STREAM             1639100568.479440
 07 E0 01 01 08 00 00 00

001:007:000:STREAM             1639100568.592536
 07 E0 01 01 00 00 00 00

001:007:000:STREAM             1639100569.018524
 07 E0 01 01 08 00 00 00

001:007:000:STREAM             1639100569.150522
 07 E0 01 01 00 00 00 00

001:007:000:STREAM             1639100569.702445
 07 E0 01 01 08 00 00 00

001:007:000:STREAM             1639100569.853469
 07 E0 01 01 00 00 00 00

001:007:000:STREAM             1639100570.280570
 07 E0 01 01 08 00 00 00

001:007:000:STREAM             1639100570.418330
 07 E0 01 01 00 00 00 00

001:007:000:STREAM             1639100570.876535
 07 E0 01 01 08 00 00 00

001:007:000:STREAM             1639100571.008516
 07 E0 01 01 00 00 00 00

001:007:000:STREAM             1639100571.516478
 07 E0 01 01 08 00 00 00

001:007:000:STREAM             1639100571.654433
 07 E0 01 01 00 00 00 00

001:007:000:STREAM             1639100572.075534
 07 E0 01 01 08 00 00 00

001:007:000:STREAM             1639100572.219522
 07 E0 01 01 00 00 00 00

001:007:000:STREAM             1639100572.646538
 07 E0 01 01 08 00 00 00

001:007:000:STREAM             1639100572.784530
 07 E0 01 01 00 00 00 00

001:007:000:STREAM             1639100573.242448
 07 E0 01 01 08 00 00 00

001:007:000:STREAM             1639100573.368528
 07 E0 01 01 00 00 00 00

001:007:000:STREAM             1639100573.839440
 07 E0 01 01 08 00 00 00

001:007:000:STREAM             1639100573.964503
 07 E0 01 01 00 00 00 00

001:007:000:STREAM             1639100574.378542
 07 E0 01 01 08 00 00 00

001:007:000:STREAM             1639100574.529424
 07 E0 01 01 00 00 00 00

001:007:000:STREAM             1639100574.943520
 07 E0 01 01 08 00 00 00

001:007:000:STREAM             1639100575.069538
 07 E0 01 01 00 00 00 00

001:007:000:STREAM             1639100575.609438
 07 E0 01 01 08 00 00 00

001:007:000:STREAM             1639100575.747527
 07 E0 01 01 00 00 00 00

001:007:000:STREAM             1639100576.224456
 07 E0 01 01 08 00 00 00

001:007:000:STREAM             1639100576.362548
 07 E0 01 01 00 00 00 00

001:007:000:STREAM             1639100576.720555
 07 E0 01 01 08 00 00 00

001:007:000:STREAM             1639100576.864548
 07 E0 01 01 00 00 00 00

001:007:000:STREAM             1639100577.335539
 07 E0 01 01 08 00 00 00

001:007:000:STREAM             1639100577.460539
 07 E0 01 01 00 00 00 00

001:007:000:STREAM             1639100577.874469
 07 E0 01 01 08 00 00 00

001:007:000:STREAM             1639100578.013429
 07 E0 01 01 00 00 00 00

001:007:000:STREAM             1639100578.477367
 07 E0 01 01 08 00 00 00

001:007:000:STREAM             1639100578.596558
 07 E0 01 01 00 00 00 00

001:007:000:STREAM             1639100579.017428
 07 E0 01 01 08 00 00 00

001:007:000:STREAM             1639100579.155667
 07 E0 01 01 00 00 00 00

001:007:000:STREAM             1639100579.632600
 07 E0 01 01 08 00 00 00

001:007:000:STREAM             1639100579.751586
 07 E0 01 01 00 00 00 00

001:007:000:STREAM             1639100580.203579
 07 E0 01 01 08 00 00 00

001:007:000:STREAM             1639100580.341616
 07 E0 01 01 00 00 00 00

001:007:000:STREAM             1639100580.806621
 07 E0 01 01 08 00 00 00

001:007:000:STREAM             1639100580.931585
 07 E0 01 01 00 00 00 00

001:007:000:STREAM             1639100581.414598
 07 E0 01 01 08 00 00 00

001:007:000:STREAM             1639100581.521590
 07 E0 01 01 00 00 00 00

001:007:000:STREAM             1639100582.011386
 07 E0 01 01 08 00 00 00

001:007:000:STREAM             1639100582.124512
 07 E0 01 01 00 00 00 00

001:007:000:STREAM             1639100582.569610
 07 E0 01 01 08 00 00 00

001:007:000:STREAM             1639100582.701603
 07 E0 01 01 00 00 00 00

001:007:000:STREAM             1639100583.165610
 07 E0 01 01 08 00 00 00

001:007:000:STREAM             1639100583.291593
 07 E0 01 01 00 00 00 00

001:007:000:STREAM             1639100583.755620
 07 E0 01 01 08 00 00 00

001:007:000:STREAM             1639100583.881509
 07 E0 01 01 00 00 00 00

001:007:000:STREAM             1639100584.509579
 07 E0 01 01 08 00 00 00

001:007:000:STREAM             1639100584.659594
 07 E0 01 01 00 00 00 00

001:007:000:STREAM             1639100585.111612
 07 E0 01 01 08 00 00 00

001:007:000:STREAM             1639100585.249597
 07 E0 01 01 00 00 00 00

001:007:000:STREAM             1639100585.682608
 07 E0 01 01 08 00 00 00

001:007:000:STREAM             1639100585.827618
 07 E0 01 01 00 00 00 00

001:007:000:STREAM             1639100586.291598
 07 E0 01 01 08 00 00 00

001:007:000:STREAM             1639100586.435409
 07 E0 01 01 00 00 00 00

001:007:000:STREAM             1639100586.906622
 07 E0 01 01 08 00 00 00

001:007:000:STREAM             1639100587.032557
 07 E0 01 01 00 00 00 00

001:007:000:STREAM             1639100587.521543
 07 E0 01 01 08 00 00 00

001:007:000:STREAM             1639100587.653613
 07 E0 01 01 00 00 00 00

001:007:000:STREAM             1639100588.055598
 07 E0 01 01 08 00 00 00

001:007:000:STREAM             1639100588.174626
 07 E0 01 01 00 00 00 00

001:007:000:STREAM             1639100588.714516
 07 E0 01 01 08 00 00 00

001:007:000:STREAM             1639100588.833526
 07 E0 01 01 00 00 00 00

001:007:000:STREAM             1639100589.222618
 07 E0 01 01 08 00 00 00

001:007:000:STREAM             1639100589.354618
 07 E0 01 01 00 00 00 00

001:007:000:STREAM             1639100589.850489
 07 E0 01 01 08 00 00 00

001:007:000:STREAM             1639100589.969629
 07 E0 01 01 00 00 00 00

001:007:000:STREAM             1639100590.415395
 07 E0 01 01 08 00 00 00

001:007:000:STREAM             1639100590.553529
 07 E0 01 01 00 00 00 00

001:007:000:STREAM             1639100590.923610
 07 E0 01 01 08 00 00 00

001:007:000:STREAM             1639100591.557557
 07 E0 01 01 00 00 00 00

001:007:000:STREAM             1639100591.984478
 07 E0 01 01 08 00 00 00

001:007:000:STREAM             1639100592.586595
 07 E0 01 01 00 00 00 00

001:007:000:STREAM             1639100593.076620
 07 E0 01 01 08 00 00 00

001:007:000:STREAM             1639100593.578619
 07 E0 01 01 00 00 00 00

001:007:000:STREAM             1639100594.049518
 07 E0 01 01 08 00 00 00

001:007:000:STREAM             1639100594.406500
 07 E0 01 01 00 00 00 00

001:007:000:STREAM             1639100594.846641
 07 E0 01 01 08 00 00 00

001:007:000:STREAM             1639100594.984633
 07 E0 01 01 00 00 00 00

001:007:000:STREAM             1639100595.592612
 07 E0 01 01 08 00 00 00

001:007:000:STREAM             1639100595.743637
 07 E0 01 01 00 00 00 00

001:007:000:STREAM             1639100596.176643
 07 E0 01 01 08 00 00 00

001:007:000:STREAM             1639100596.321557
 07 E0 01 01 00 00 00 00

001:007:000:STREAM             1639100596.735643
 07 E0 01 01 08 00 00 00

001:007:000:STREAM             1639100597.356646
 07 E0 01 01 00 00 00 00

