001:007:000:STREAM             1639099667.103092
 07 E0 01 01 01 00 00 00

001:007:000:STREAM             1639099667.184923
 07 E0 01 01 00 00 00 00

001:007:000:STREAM             1639099669.211907
 07 E0 01 01 01 00 00 00

001:007:000:STREAM             1639099669.374896
 07 E0 01 01 00 00 00 00

001:007:000:STREAM             1639099670.712025
 07 E0 01 01 01 00 00 00

001:007:000:STREAM             1639099670.844132
 07 E0 01 01 00 00 00 00

001:007:000:STREAM             1639099672.080031
 07 E0 01 01 01 00 00 00

001:007:000:STREAM             1639099672.193136
 07 E0 01 01 00 00 00 00

001:007:000:STREAM             1639099673.133983
 07 E0 01 01 01 00 00 00

001:007:000:STREAM             1639099673.266007
 07 E0 01 01 00 00 00 00

001:007:000:STREAM             1639099674.220073
 07 E0 01 01 01 00 00 00

001:007:000:STREAM             1639099674.383024
 07 E0 01 01 00 00 00 00

001:007:000:STREAM             1639099675.237081
 07 E0 01 01 01 00 00 00

001:007:000:STREAM             1639099675.362190
 07 E0 01 01 00 00 00 00

001:007:000:STREAM             1639099676.203127
 07 E0 01 01 01 00 00 00

001:007:000:STREAM             1639099676.253178
 07 E0 01 01 00 00 00 00

001:007:000:STREAM             1639099677.050088
 07 E0 01 01 01 00 00 00

001:007:000:STREAM             1639099677.107073
 07 E0 01 01 00 00 00 00

001:007:000:STREAM             1639099678.833185
 07 E0 01 01 01 00 00 00

001:007:000:STREAM             1639099678.971120
 07 E0 01 01 00 00 00 00

001:007:000:STREAM             1639099679.680189
 07 E0 01 01 01 00 00 00

001:007:000:STREAM             1639099679.812087
 07 E0 01 01 00 00 00 00

001:007:000:STREAM             1639099680.521146
 07 E0 01 01 01 00 00 00

001:007:000:STREAM             1639099680.640180
 07 E0 01 01 00 00 00 00

001:007:000:STREAM             1639099681.343086
 07 E0 01 01 01 00 00 00

001:007:000:STREAM             1639099681.431092
 07 E0 01 01 00 00 00 00

001:007:000:STREAM             1639099682.178189
 07 E0 01 01 01 00 00 00

001:007:000:STREAM             1639099682.272186
 07 E0 01 01 00 00 00 00

001:007:000:STREAM             1639099682.981205
 07 E0 01 01 01 00 00 00

001:007:000:STREAM             1639099683.069180
 07 E0 01 01 00 00 00 00

001:007:000:STREAM             1639099683.766191
 07 E0 01 01 01 00 00 00

001:007:000:STREAM             1639099683.853191
 07 E0 01 01 00 00 00 00

001:007:000:STREAM             1639099685.347133
 07 E0 01 01 01 00 00 00

001:007:000:STREAM             1639099685.491009
 07 E0 01 01 00 00 00 00

001:007:000:STREAM             1639099686.150158
 07 E0 01 01 01 00 00 00

001:007:000:STREAM             1639099686.276190
 07 E0 01 01 00 00 00 00

001:007:000:STREAM             1639099686.947217
 07 E0 01 01 01 00 00 00

001:007:000:STREAM             1639099687.054209
 07 E0 01 01 00 00 00 00

001:007:000:STREAM             1639099687.594209
 07 E0 01 01 01 00 00 00

001:007:000:STREAM             1639099687.694211
 07 E0 01 01 00 00 00 00

001:007:000:STREAM             1639099689.037185
 07 E0 01 01 01 00 00 00

001:007:000:STREAM             1639099689.163038
 07 E0 01 01 00 00 00 00

001:007:000:STREAM             1639099690.437214
 07 E0 01 01 01 00 00 00

001:007:000:STREAM             1639099690.587126
 07 E0 01 01 00 00 00 00

001:007:000:STREAM             1639099691.033195
 07 E0 01 01 01 00 00 00

001:007:000:STREAM             1639099691.152077
 07 E0 01 01 00 00 00 00

001:007:000:STREAM             1639099691.622965
 07 E0 01 01 01 00 00 00

001:007:000:STREAM             1639099691.754971
 07 E0 01 01 00 00 00 00

001:007:000:STREAM             1639099692.295106
 07 E0 01 01 01 00 00 00

001:007:000:STREAM             1639099692.451032
 07 E0 01 01 00 00 00 00

001:007:000:STREAM             1639099692.941175
 07 E0 01 01 01 00 00 00

001:007:000:STREAM             1639099693.060081
 07 E0 01 01 00 00 00 00

001:007:000:STREAM             1639099693.606191
 07 E0 01 01 01 00 00 00

001:007:000:STREAM             1639099693.726171
 07 E0 01 01 00 00 00 00

001:007:000:STREAM             1639099694.165182
 07 E0 01 01 01 00 00 00

001:007:000:STREAM             1639099694.761084
 07 E0 01 01 00 00 00 00

001:007:000:STREAM             1639099695.257112
 07 E0 01 01 01 00 00 00

001:007:000:STREAM             1639099695.389179
 07 E0 01 01 00 00 00 00

001:007:000:STREAM             1639099696.255088
 07 E0 01 01 01 00 00 00

001:007:000:STREAM             1639099696.355193
 07 E0 01 01 00 00 00 00

001:007:000:STREAM             1639099696.587111
 07 E0 01 01 01 00 00 00

001:007:000:STREAM             1639099696.657178
 07 E0 01 01 00 00 00 00

001:007:000:STREAM             1639099697.887205
 07 E0 01 01 01 00 00 00

001:007:000:STREAM             1639099697.956191
 07 E0 01 01 00 00 00 00

001:007:000:STREAM             1639099698.715095
 07 E0 01 01 01 00 00 00

001:007:000:STREAM             1639099698.822170
 07 E0 01 01 00 00 00 00

001:007:000:STREAM             1639099699.274177
 07 E0 01 01 01 00 00 00

001:007:000:STREAM             1639099699.393213
 07 E0 01 01 00 00 00 00

001:007:000:STREAM             1639099699.763201
 07 E0 01 01 01 00 00 00

001:007:000:STREAM             1639099699.876191
 07 E0 01 01 00 00 00 00

001:007:000:STREAM             1639099700.221213
 07 E0 01 01 01 00 00 00

001:007:000:STREAM             1639099700.347112
 07 E0 01 01 00 00 00 00

001:007:000:STREAM             1639099700.692211
 07 E0 01 01 01 00 00 00

001:007:000:STREAM             1639099700.755098
 07 E0 01 01 00 00 00 00

001:007:000:STREAM             1639099701.100195
 07 E0 01 01 01 00 00 00

001:007:000:STREAM             1639099701.144021
 07 E0 01 01 00 00 00 00

001:007:000:STREAM             1639099702.060187
 07 E0 01 01 01 00 00 00

001:007:000:STREAM             1639099702.129093
 07 E0 01 01 00 00 00 00

001:007:000:STREAM             1639099702.531126
 07 E0 01 01 01 00 00 00

001:007:000:STREAM             1639099702.732108
 07 E0 01 01 00 00 00 00

001:007:000:STREAM             1639099703.096206
 07 E0 01 01 01 00 00 00

001:007:000:STREAM             1639099703.184017
 07 E0 01 01 00 00 00 00

001:007:000:STREAM             1639099703.529247
 07 E0 01 01 01 00 00 00

001:007:000:STREAM             1639099703.724258
 07 E0 01 01 00 00 00 00

001:007:000:STREAM             1639099704.483158
 07 E0 01 01 01 00 00 00

001:007:000:STREAM             1639099704.646249
 07 E0 01 01 00 00 00 00

001:007:000:STREAM             1639099705.017059
 07 E0 01 01 01 00 00 00

001:007:000:STREAM             1639099705.161071
 07 E0 01 01 00 00 00 00

001:007:000:STREAM             1639099705.456243
 07 E0 01 01 01 00 00 00

001:007:000:STREAM             1639099705.619161
 07 E0 01 01 00 00 00 00

001:007:000:STREAM             1639099705.927257
 07 E0 01 01 01 00 00 00

001:007:000:STREAM             1639099706.090257
 07 E0 01 01 00 00 00 00

001:007:000:STREAM             1639099706.398253
 07 E0 01 01 01 00 00 00

001:007:000:STREAM             1639099706.554240
 07 E0 01 01 00 00 00 00

001:007:000:STREAM             1639099710.558270
 07 E0 01 01 01 00 00 00

001:007:000:STREAM             1639099710.658044
 07 E0 01 01 00 00 00 00

001:007:000:STREAM             1639099710.941258
 07 E0 01 01 01 00 00 00

001:007:000:STREAM             1639099711.029236
 07 E0 01 01 00 00 00 00

001:007:000:STREAM             1639099711.801261
 07 E0 01 01 01 00 00 00

001:007:000:STREAM             1639099711.907124
 07 E0 01 01 00 00 00 00

001:007:000:STREAM             1639099712.184262
 07 E0 01 01 01 00 00 00

001:007:000:STREAM             1639099712.297277
 07 E0 01 01 00 00 00 00

001:007:000:STREAM             1639099712.560196
 07 E0 01 01 01 00 00 00

001:007:000:STREAM             1639099712.642077
 07 E0 01 01 00 00 00 00

001:007:000:STREAM             1639099713.351277
 07 E0 01 01 01 00 00 00

001:007:000:STREAM             1639099713.439150
 07 E0 01 01 00 00 00 00

001:007:000:STREAM             1639099714.079186
 07 E0 01 01 01 00 00 00

001:007:000:STREAM             1639099714.129273
 07 E0 01 01 00 00 00 00

001:007:000:STREAM             1639099716.382280
 07 E0 01 01 01 00 00 00

001:007:000:STREAM             1639099716.458158
 07 E0 01 01 00 00 00 00

001:007:000:STREAM             1639099716.947158
 07 E0 01 01 01 00 00 00

001:007:000:STREAM             1639099716.997152
 07 E0 01 01 00 00 00 00

001:007:000:STREAM             1639099717.468291
 07 E0 01 01 01 00 00 00

001:007:000:STREAM             1639099717.568282
 07 E0 01 01 00 00 00 00

001:007:000:STREAM             1639099718.020154
 07 E0 01 01 01 00 00 00

001:007:000:STREAM             1639099718.115295
 07 E0 01 01 00 00 00 00

001:007:000:STREAM             1639099718.585194
 07 E0 01 01 01 00 00 00

001:007:000:STREAM             1639099718.623076
 07 E0 01 01 00 00 00 00

001:007:000:STREAM             1639099719.112284
 07 E0 01 01 01 00 00 00

001:007:000:STREAM             1639099719.156247
 07 E0 01 01 00 00 00 00

001:007:000:STREAM             1639099720.211092
 07 E0 01 01 01 00 00 00

001:007:000:STREAM             1639099720.305297
 07 E0 01 01 00 00 00 00

001:007:000:STREAM             1639099720.675116
 07 E0 01 01 01 00 00 00

001:007:000:STREAM             1639099720.769279
 07 E0 01 01 00 00 00 00

001:007:000:STREAM             1639099721.435177
 07 E0 01 01 01 00 00 00

001:007:000:STREAM             1639099721.504290
 07 E0 01 01 00 00 00 00

001:007:000:STREAM             1639099721.861207
 07 E0 01 01 01 00 00 00

001:007:000:STREAM             1639099721.956306
 07 E0 01 01 00 00 00 00

001:007:000:STREAM             1639099722.345199
 07 E0 01 01 01 00 00 00

001:007:000:STREAM             1639099722.401291
 07 E0 01 01 00 00 00 00

001:007:000:STREAM             1639099722.822311
 07 E0 01 01 01 00 00 00

001:007:000:STREAM             1639099722.897296
 07 E0 01 01 00 00 00 00

001:007:000:STREAM             1639099723.336310
 07 E0 01 01 01 00 00 00

001:007:000:STREAM             1639099723.412198
 07 E0 01 01 00 00 00 00

001:007:000:STREAM             1639099723.883168
 07 E0 01 01 01 00 00 00

001:007:000:STREAM             1639099723.958206
 07 E0 01 01 00 00 00 00

001:007:000:STREAM             1639099724.429181
 07 E0 01 01 01 00 00 00

001:007:000:STREAM             1639099724.473269
 07 E0 01 01 00 00 00 00

