001:007:000:STREAM             1639123800.445875
 07 E0 01 01 10 00 00 00

001:007:000:STREAM             1639123800.665863
 07 E0 01 01 00 00 00 00

001:007:000:STREAM             1639123801.380732
 07 E0 01 01 10 00 00 00

001:007:000:STREAM             1639123801.493871
 07 E0 01 01 00 00 00 00

001:007:000:STREAM             1639123802.297752
 07 E0 01 01 10 00 00 00

001:007:000:STREAM             1639123802.447849
 07 E0 01 01 00 00 00 00

001:007:000:STREAM             1639123803.282900
 07 E0 01 01 10 00 00 00

001:007:000:STREAM             1639123803.414889
 07 E0 01 01 00 00 00 00

001:007:000:STREAM             1639123803.878705
 07 E0 01 01 10 00 00 00

001:007:000:STREAM             1639123804.029784
 07 E0 01 01 00 00 00 00

001:007:000:STREAM             1639123804.475724
 07 E0 01 01 10 00 00 00

001:007:000:STREAM             1639123804.625926
 07 E0 01 01 00 00 00 00

001:007:000:STREAM             1639123805.140861
 07 E0 01 01 10 00 00 00

001:007:000:STREAM             1639123805.253840
 07 E0 01 01 00 00 00 00

001:007:000:STREAM             1639123805.742944
 07 E0 01 01 10 00 00 00

001:007:000:STREAM             1639123805.843803
 07 E0 01 01 00 00 00 00

001:007:000:STREAM             1639123806.332904
 07 E0 01 01 10 00 00 00

001:007:000:STREAM             1639123806.458841
 07 E0 01 01 00 00 00 00

001:007:000:STREAM             1639123806.941945
 07 E0 01 01 10 00 00 00

001:007:000:STREAM             1639123807.079944
 07 E0 01 01 00 00 00 00

001:007:000:STREAM             1639123807.544928
 07 E0 01 01 10 00 00 00

001:007:000:STREAM             1639123807.663949
 07 E0 01 01 00 00 00 00

001:007:000:STREAM             1639123808.134960
 07 E0 01 01 10 00 00 00

001:007:000:STREAM             1639123808.240940
 07 E0 01 01 00 00 00 00

001:007:000:STREAM             1639123808.699939
 07 E0 01 01 10 00 00 00

001:007:000:STREAM             1639123808.812945
 07 E0 01 01 00 00 00 00

001:007:000:STREAM             1639123809.514962
 07 E0 01 01 10 00 00 00

001:007:000:STREAM             1639123809.640824
 07 E0 01 01 00 00 00 00

001:007:000:STREAM             1639123810.029883
 07 E0 01 01 10 00 00 00

001:007:000:STREAM             1639123810.148973
 07 E0 01 01 00 00 00 00

001:007:000:STREAM             1639123810.531709
 07 E0 01 01 10 00 00 00

001:007:000:STREAM             1639123810.669921
 07 E0 01 01 00 00 00 00

001:007:000:STREAM             1639123811.084923
 07 E0 01 01 10 00 00 00

001:007:000:STREAM             1639123811.234910
 07 E0 01 01 00 00 00 00

001:007:000:STREAM             1639123811.680929
 07 E0 01 01 10 00 00 00

001:007:000:STREAM             1639123811.793910
 07 E0 01 01 00 00 00 00

001:007:000:STREAM             1639123812.195914
 07 E0 01 01 10 00 00 00

001:007:000:STREAM             1639123812.358803
 07 E0 01 01 00 00 00 00

001:007:000:STREAM             1639123812.778970
 07 E0 01 01 10 00 00 00

001:007:000:STREAM             1639123812.916955
 07 E0 01 01 00 00 00 00

001:007:000:STREAM             1639123813.331857
 07 E0 01 01 10 00 00 00

001:007:000:STREAM             1639123813.481975
 07 E0 01 01 00 00 00 00

001:007:000:STREAM             1639123813.845904
 07 E0 01 01 10 00 00 00

001:007:000:STREAM             1639123814.027897
 07 E0 01 01 00 00 00 00

001:007:000:STREAM             1639123814.404993
 07 E0 01 01 10 00 00 00

001:007:000:STREAM             1639123814.548751
 07 E0 01 01 00 00 00 00

001:007:000:STREAM             1639123814.912942
 07 E0 01 01 10 00 00 00

001:007:000:STREAM             1639123815.057931
 07 E0 01 01 00 00 00 00

001:007:000:STREAM             1639123815.421980
 07 E0 01 01 10 00 00 00

001:007:000:STREAM             1639123815.540992
 07 E0 01 01 00 00 00 00

001:007:000:STREAM             1639123816.004845
 07 E0 01 01 10 00 00 00

001:007:000:STREAM             1639123816.117976
 07 E0 01 01 00 00 00 00

001:007:000:STREAM             1639123816.488756
 07 E0 01 01 10 00 00 00

001:007:000:STREAM             1639123816.620929
 07 E0 01 01 00 00 00 00

001:007:000:STREAM             1639123817.065948
 07 E0 01 01 10 00 00 00

001:007:000:STREAM             1639123817.203944
 07 E0 01 01 00 00 00 00

001:007:000:STREAM             1639123817.605952
 07 E0 01 01 10 00 00 00

001:007:000:STREAM             1639123817.743864
 07 E0 01 01 00 00 00 00

001:007:000:STREAM             1639123818.176872
 07 E0 01 01 10 00 00 00

001:007:000:STREAM             1639123818.308966
 07 E0 01 01 00 00 00 00

001:007:000:STREAM             1639123818.728856
 07 E0 01 01 10 00 00 00

001:007:000:STREAM             1639123818.841949
 07 E0 01 01 00 00 00 00

001:007:000:STREAM             1639123819.218981
 07 E0 01 01 10 00 00 00

001:007:000:STREAM             1639123819.331930
 07 E0 01 01 00 00 00 00

001:007:000:STREAM             1639123819.739965
 07 E0 01 01 10 00 00 00

001:007:000:STREAM             1639123819.883953
 07 E0 01 01 00 00 00 00

001:007:000:STREAM             1639123820.254958
 07 E0 01 01 10 00 00 00

001:007:000:STREAM             1639123820.411976
 07 E0 01 01 00 00 00 00

001:007:000:STREAM             1639123820.812883
 07 E0 01 01 10 00 00 00

001:007:000:STREAM             1639123820.969954
 07 E0 01 01 00 00 00 00

001:007:000:STREAM             1639123821.358986
 07 E0 01 01 10 00 00 00

001:007:000:STREAM             1639123821.503974
 07 E0 01 01 00 00 00 00

001:007:000:STREAM             1639123821.848948
 07 E0 01 01 10 00 00 00

001:007:000:STREAM             1639123821.967967
 07 E0 01 01 00 00 00 00

001:007:000:STREAM             1639123822.325907
 07 E0 01 01 10 00 00 00

001:007:000:STREAM             1639123822.457907
 07 E0 01 01 00 00 00 00

001:007:000:STREAM             1639123822.797010
 07 E0 01 01 10 00 00 00

001:007:000:STREAM             1639123822.941031
 07 E0 01 01 00 00 00 00

001:007:000:STREAM             1639123823.330005
 07 E0 01 01 10 00 00 00

001:007:000:STREAM             1639123823.442919
 07 E0 01 01 00 00 00 00

001:007:000:STREAM             1639123823.857049
 07 E0 01 01 10 00 00 00

001:007:000:STREAM             1639123823.982878
 07 E0 01 01 00 00 00 00

001:007:000:STREAM             1639123824.365875
 07 E0 01 01 10 00 00 00

001:007:000:STREAM             1639123824.534800
 07 E0 01 01 00 00 00 00

001:007:000:STREAM             1639123824.949957
 07 E0 01 01 10 00 00 00

001:007:000:STREAM             1639123825.081034
 07 E0 01 01 00 00 00 00

001:007:000:STREAM             1639123825.527029
 07 E0 01 01 10 00 00 00

001:007:000:STREAM             1639123825.628029
 07 E0 01 01 00 00 00 00

001:007:000:STREAM             1639123826.048033
 07 E0 01 01 10 00 00 00

001:007:000:STREAM             1639123826.180039
 07 E0 01 01 00 00 00 00

001:007:000:STREAM             1639123826.599948
 07 E0 01 01 10 00 00 00

001:007:000:STREAM             1639123826.700949
 07 E0 01 01 00 00 00 00

001:007:000:STREAM             1639123827.090027
 07 E0 01 01 10 00 00 00

001:007:000:STREAM             1639123827.247038
 07 E0 01 01 00 00 00 00

001:007:000:STREAM             1639123827.585942
 07 E0 01 01 10 00 00 00

001:007:000:STREAM             1639123827.743056
 07 E0 01 01 00 00 00 00

001:007:000:STREAM             1639123828.112874
 07 E0 01 01 10 00 00 00

001:007:000:STREAM             1639123828.289029
 07 E0 01 01 00 00 00 00

001:007:000:STREAM             1639123828.614975
 07 E0 01 01 10 00 00 00

001:007:000:STREAM             1639123828.778053
 07 E0 01 01 00 00 00 00

001:007:000:STREAM             1639123829.135947
 07 E0 01 01 10 00 00 00

001:007:000:STREAM             1639123829.311988
 07 E0 01 01 00 00 00 00

001:007:000:STREAM             1639123829.669953
 07 E0 01 01 10 00 00 00

001:007:000:STREAM             1639123829.814061
 07 E0 01 01 00 00 00 00

001:007:000:STREAM             1639123830.159075
 07 E0 01 01 10 00 00 00

001:007:000:STREAM             1639123830.291034
 07 E0 01 01 00 00 00 00

001:007:000:STREAM             1639123830.685958
 07 E0 01 01 10 00 00 00

001:007:000:STREAM             1639123830.825058
 07 E0 01 01 00 00 00 00

001:007:000:STREAM             1639123831.219959
 07 E0 01 01 10 00 00 00

001:007:000:STREAM             1639123831.352077
 07 E0 01 01 00 00 00 00

001:007:000:STREAM             1639123831.760082
 07 E0 01 01 10 00 00 00

001:007:000:STREAM             1639123831.910064
 07 E0 01 01 00 00 00 00

001:007:000:STREAM             1639123832.236984
 07 E0 01 01 10 00 00 00

001:007:000:STREAM             1639123832.406057
 07 E0 01 01 00 00 00 00

001:007:000:STREAM             1639123832.852078
 07 E0 01 01 10 00 00 00

001:007:000:STREAM             1639123832.984060
 07 E0 01 01 00 00 00 00

001:007:000:STREAM             1639123833.353931
 07 E0 01 01 10 00 00 00

001:007:000:STREAM             1639123833.511063
 07 E0 01 01 00 00 00 00

001:007:000:STREAM             1639123833.975074
 07 E0 01 01 10 00 00 00

001:007:000:STREAM             1639123834.120087
 07 E0 01 01 00 00 00 00

001:007:000:STREAM             1639123834.452082
 07 E0 01 01 10 00 00 00

001:007:000:STREAM             1639123834.597013
 07 E0 01 01 00 00 00 00

001:007:000:STREAM             1639123835.004927
 07 E0 01 01 10 00 00 00

001:007:000:STREAM             1639123835.149079
 07 E0 01 01 00 00 00 00

001:007:000:STREAM             1639123835.551085
 07 E0 01 01 10 00 00 00

001:007:000:STREAM             1639123835.695079
 07 E0 01 01 00 00 00 00

001:007:000:STREAM             1639123836.052897
 07 E0 01 01 10 00 00 00

001:007:000:STREAM             1639123836.196998
 07 E0 01 01 00 00 00 00

001:007:000:STREAM             1639123836.585883
 07 E0 01 01 10 00 00 00

001:007:000:STREAM             1639123836.731096
 07 E0 01 01 00 00 00 00

001:007:000:STREAM             1639123837.095075
 07 E0 01 01 10 00 00 00

001:007:000:STREAM             1639123837.252076
 07 E0 01 01 00 00 00 00

001:007:000:STREAM             1639123837.640995
 07 E0 01 01 10 00 00 00

001:007:000:STREAM             1639123837.773007
 07 E0 01 01 00 00 00 00

001:007:000:STREAM             1639123838.155954
 07 E0 01 01 10 00 00 00

001:007:000:STREAM             1639123838.300107
 07 E0 01 01 00 00 00 00

001:007:000:STREAM             1639123838.689102
 07 E0 01 01 10 00 00 00

001:007:000:STREAM             1639123838.858976
 07 E0 01 01 00 00 00 00

001:007:000:STREAM             1639123839.216007
 07 E0 01 01 10 00 00 00

001:007:000:STREAM             1639123839.386122
 07 E0 01 01 00 00 00 00

001:007:000:STREAM             1639123839.725010
 07 E0 01 01 10 00 00 00

001:007:000:STREAM             1639123839.869102
 07 E0 01 01 00 00 00 00

001:007:000:STREAM             1639123840.290094
 07 E0 01 01 10 00 00 00

001:007:000:STREAM             1639123840.415103
 07 E0 01 01 00 00 00 00

001:007:000:STREAM             1639123840.836110
 07 E0 01 01 10 00 00 00

001:007:000:STREAM             1639123840.968108
 07 E0 01 01 00 00 00 00

001:007:000:STREAM             1639123841.300094
 07 E0 01 01 10 00 00 00

001:007:000:STREAM             1639123841.457105
 07 E0 01 01 00 00 00 00

001:007:000:STREAM             1639123841.821121
 07 E0 01 01 10 00 00 00

001:007:000:STREAM             1639123841.953106
 07 E0 01 01 00 00 00 00

001:007:000:STREAM             1639123842.399123
 07 E0 01 01 10 00 00 00

001:007:000:STREAM             1639123842.517891
 07 E0 01 01 00 00 00 00

001:007:000:STREAM             1639123842.920112
 07 E0 01 01 10 00 00 00

001:007:000:STREAM             1639123843.039110
 07 E0 01 01 00 00 00 00

001:007:000:STREAM             1639123843.389922
 07 E0 01 01 10 00 00 00

001:007:000:STREAM             1639123843.535119
 07 E0 01 01 00 00 00 00

001:007:000:STREAM             1639123843.918129
 07 E0 01 01 10 00 00 00

001:007:000:STREAM             1639123844.037075
 07 E0 01 01 00 00 00 00

001:007:000:STREAM             1639123844.401112
 07 E0 01 01 10 00 00 00

001:007:000:STREAM             1639123844.551035
 07 E0 01 01 00 00 00 00

001:007:000:STREAM             1639123844.903138
 07 E0 01 01 10 00 00 00

001:007:000:STREAM             1639123845.054118
 07 E0 01 01 00 00 00 00

001:007:000:STREAM             1639123845.474150
 07 E0 01 01 10 00 00 00

001:007:000:STREAM             1639123845.600026
 07 E0 01 01 00 00 00 00

001:007:000:STREAM             1639123846.177131
 07 E0 01 01 10 00 00 00

001:007:000:STREAM             1639123846.296004
 07 E0 01 01 00 00 00 00

001:007:000:STREAM             1639123846.692140
 07 E0 01 01 10 00 00 00

001:007:000:STREAM             1639123846.855129
 07 E0 01 01 00 00 00 00

001:007:000:STREAM             1639123847.232135
 07 E0 01 01 10 00 00 00

001:007:000:STREAM             1639123847.382136
 07 E0 01 01 00 00 00 00

001:007:000:STREAM             1639123847.715154
 07 E0 01 01 10 00 00 00

001:007:000:STREAM             1639123847.891127
 07 E0 01 01 00 00 00 00

001:007:000:STREAM             1639123848.248015
 07 E0 01 01 10 00 00 00

001:007:000:STREAM             1639123848.380006
 07 E0 01 01 00 00 00 00

001:007:000:STREAM             1639123848.757130
 07 E0 01 01 10 00 00 00

001:007:000:STREAM             1639123848.926152
 07 E0 01 01 00 00 00 00

001:007:000:STREAM             1639123849.340146
 07 E0 01 01 10 00 00 00

001:007:000:STREAM             1639123849.485151
 07 E0 01 01 00 00 00 00

001:007:000:STREAM             1639123849.868144
 07 E0 01 01 10 00 00 00

001:007:000:STREAM             1639123850.012058
 07 E0 01 01 00 00 00 00

001:007:000:STREAM             1639123850.407142
 07 E0 01 01 10 00 00 00

001:007:000:STREAM             1639123850.590070
 07 E0 01 01 00 00 00 00

001:007:000:STREAM             1639123850.960151
 07 E0 01 01 10 00 00 00

001:007:000:STREAM             1639123851.117156
 07 E0 01 01 00 00 00 00

001:007:000:STREAM             1639123851.468152
 07 E0 01 01 10 00 00 00

001:007:000:STREAM             1639123851.600023
 07 E0 01 01 00 00 00 00

001:007:000:STREAM             1639123851.958179
 07 E0 01 01 10 00 00 00

001:007:000:STREAM             1639123852.134065
 07 E0 01 01 00 00 00 00

001:007:000:STREAM             1639123852.491015
 07 E0 01 01 10 00 00 00

001:007:000:STREAM             1639123852.667028
 07 E0 01 01 00 00 00 00

001:007:000:STREAM             1639123853.030993
 07 E0 01 01 10 00 00 00

001:007:000:STREAM             1639123853.132052
 07 E0 01 01 00 00 00 00

001:007:000:STREAM             1639123853.521153
 07 E0 01 01 10 00 00 00

001:007:000:STREAM             1639123853.659184
 07 E0 01 01 00 00 00 00

001:007:000:STREAM             1639123854.048140
 07 E0 01 01 10 00 00 00

001:007:000:STREAM             1639123854.192187
 07 E0 01 01 00 00 00 00

001:007:000:STREAM             1639123854.538076
 07 E0 01 01 10 00 00 00

001:007:000:STREAM             1639123854.669161
 07 E0 01 01 00 00 00 00

001:007:000:STREAM             1639123855.040037
 07 E0 01 01 10 00 00 00

001:007:000:STREAM             1639123855.203164
 07 E0 01 01 00 00 00 00

001:007:000:STREAM             1639123855.623200
 07 E0 01 01 10 00 00 00

001:007:000:STREAM             1639123855.736060
 07 E0 01 01 00 00 00 00

001:007:000:STREAM             1639123856.100131
 07 E0 01 01 10 00 00 00

001:007:000:STREAM             1639123856.257147
 07 E0 01 01 00 00 00 00

001:007:000:STREAM             1639123856.602989
 07 E0 01 01 10 00 00 00

001:007:000:STREAM             1639123856.766160
 07 E0 01 01 00 00 00 00

001:007:000:STREAM             1639123857.161146
 07 E0 01 01 10 00 00 00

001:007:000:STREAM             1639123857.306144
 07 E0 01 01 00 00 00 00

