001:007:000:STREAM             1639124320.087438
 07 E0 01 01 80 00 00 00

001:007:000:STREAM             1639124320.250432
 07 E0 01 01 00 00 00 00

001:007:000:STREAM             1639124320.915470
 07 E0 01 01 80 00 00 00

001:007:000:STREAM             1639124321.041296
 07 E0 01 01 00 00 00 00

001:007:000:STREAM             1639124321.593507
 07 E0 01 01 80 00 00 00

001:007:000:STREAM             1639124321.731508
 07 E0 01 01 00 00 00 00

001:007:000:STREAM             1639124322.221433
 07 E0 01 01 80 00 00 00

001:007:000:STREAM             1639124322.327517
 07 E0 01 01 00 00 00 00

001:007:000:STREAM             1639124322.760449
 07 E0 01 01 80 00 00 00

001:007:000:STREAM             1639124322.861396
 07 E0 01 01 00 00 00 00

001:007:000:STREAM             1639124323.357437
 07 E0 01 01 80 00 00 00

001:007:000:STREAM             1639124323.457441
 07 E0 01 01 00 00 00 00

001:007:000:STREAM             1639124323.896584
 07 E0 01 01 80 00 00 00

001:007:000:STREAM             1639124324.009483
 07 E0 01 01 00 00 00 00

001:007:000:STREAM             1639124324.405612
 07 E0 01 01 80 00 00 00

001:007:000:STREAM             1639124324.505596
 07 E0 01 01 00 00 00 00

001:007:000:STREAM             1639124324.888626
 07 E0 01 01 80 00 00 00

001:007:000:STREAM             1639124325.020468
 07 E0 01 01 00 00 00 00

001:007:000:STREAM             1639124325.403643
 07 E0 01 01 80 00 00 00

001:007:000:STREAM             1639124325.503648
 07 E0 01 01 00 00 00 00

001:007:000:STREAM             1639124325.924671
 07 E0 01 01 80 00 00 00

001:007:000:STREAM             1639124326.024536
 07 E0 01 01 00 00 00 00

001:007:000:STREAM             1639124326.401643
 07 E0 01 01 80 00 00 00

001:007:000:STREAM             1639124326.520688
 07 E0 01 01 00 00 00 00

001:007:000:STREAM             1639124326.934743
 07 E0 01 01 80 00 00 00

001:007:000:STREAM             1639124327.054708
 07 E0 01 01 00 00 00 00

001:007:000:STREAM             1639124327.455737
 07 E0 01 01 80 00 00 00

001:007:000:STREAM             1639124327.556742
 07 E0 01 01 00 00 00 00

001:007:000:STREAM             1639124327.945642
 07 E0 01 01 80 00 00 00

001:007:000:STREAM             1639124328.070559
 07 E0 01 01 00 00 00 00

001:007:000:STREAM             1639124328.466761
 07 E0 01 01 80 00 00 00

001:007:000:STREAM             1639124328.604773
 07 E0 01 01 00 00 00 00

001:007:000:STREAM             1639124329.012579
 07 E0 01 01 80 00 00 00

001:007:000:STREAM             1639124329.131781
 07 E0 01 01 00 00 00 00

001:007:000:STREAM             1639124329.583800
 07 E0 01 01 80 00 00 00

001:007:000:STREAM             1639124329.671799
 07 E0 01 01 00 00 00 00

001:007:000:STREAM             1639124330.066821
 07 E0 01 01 80 00 00 00

001:007:000:STREAM             1639124330.192727
 07 E0 01 01 00 00 00 00

001:007:000:STREAM             1639124330.606831
 07 E0 01 01 80 00 00 00

001:007:000:STREAM             1639124330.713712
 07 E0 01 01 00 00 00 00

001:007:000:STREAM             1639124331.102864
 07 E0 01 01 80 00 00 00

001:007:000:STREAM             1639124331.234868
 07 E0 01 01 00 00 00 00

001:007:000:STREAM             1639124331.805877
 07 E0 01 01 80 00 00 00

001:007:000:STREAM             1639124331.912791
 07 E0 01 01 00 00 00 00

001:007:000:STREAM             1639124332.326915
 07 E0 01 01 80 00 00 00

001:007:000:STREAM             1639124332.451922
 07 E0 01 01 00 00 00 00

001:007:000:STREAM             1639124332.853760
 07 E0 01 01 80 00 00 00

001:007:000:STREAM             1639124332.947732
 07 E0 01 01 00 00 00 00

001:007:000:STREAM             1639124333.431870
 07 E0 01 01 80 00 00 00

001:007:000:STREAM             1639124333.575963
 07 E0 01 01 00 00 00 00

001:007:000:STREAM             1639124333.939959
 07 E0 01 01 80 00 00 00

001:007:000:STREAM             1639124334.033967
 07 E0 01 01 00 00 00 00

001:007:000:STREAM             1639124334.474001
 07 E0 01 01 80 00 00 00

001:007:000:STREAM             1639124334.617989
 07 E0 01 01 00 00 00 00

001:007:000:STREAM             1639124335.037870
 07 E0 01 01 80 00 00 00

001:007:000:STREAM             1639124335.139005
 07 E0 01 01 00 00 00 00

001:007:000:STREAM             1639124335.522038
 07 E0 01 01 80 00 00 00

001:007:000:STREAM             1639124335.647041
 07 E0 01 01 00 00 00 00

001:007:000:STREAM             1639124336.042978
 07 E0 01 01 80 00 00 00

001:007:000:STREAM             1639124336.142823
 07 E0 01 01 00 00 00 00

001:007:000:STREAM             1639124336.545026
 07 E0 01 01 80 00 00 00

001:007:000:STREAM             1639124336.694993
 07 E0 01 01 00 00 00 00

001:007:000:STREAM             1639124337.072041
 07 E0 01 01 80 00 00 00

001:007:000:STREAM             1639124337.165957
 07 E0 01 01 00 00 00 00

001:007:000:STREAM             1639124337.587069
 07 E0 01 01 80 00 00 00

001:007:000:STREAM             1639124337.693067
 07 E0 01 01 00 00 00 00

001:007:000:STREAM             1639124338.089064
 07 E0 01 01 80 00 00 00

001:007:000:STREAM             1639124338.196016
 07 E0 01 01 00 00 00 00

001:007:000:STREAM             1639124338.616111
 07 E0 01 01 80 00 00 00

001:007:000:STREAM             1639124338.723075
 07 E0 01 01 00 00 00 00

001:007:000:STREAM             1639124339.062118
 07 E0 01 01 80 00 00 00

001:007:000:STREAM             1639124339.200118
 07 E0 01 01 00 00 00 00

001:007:000:STREAM             1639124339.608015
 07 E0 01 01 80 00 00 00

001:007:000:STREAM             1639124339.746162
 07 E0 01 01 00 00 00 00

001:007:000:STREAM             1639124340.198101
 07 E0 01 01 80 00 00 00

001:007:000:STREAM             1639124340.311097
 07 E0 01 01 00 00 00 00

001:007:000:STREAM             1639124340.712025
 07 E0 01 01 80 00 00 00

001:007:000:STREAM             1639124340.794178
 07 E0 01 01 00 00 00 00

001:007:000:STREAM             1639124341.221189
 07 E0 01 01 80 00 00 00

001:007:000:STREAM             1639124341.346200
 07 E0 01 01 00 00 00 00

001:007:000:STREAM             1639124341.773221
 07 E0 01 01 80 00 00 00

001:007:000:STREAM             1639124341.892160
 07 E0 01 01 00 00 00 00

001:007:000:STREAM             1639124342.464165
 07 E0 01 01 80 00 00 00

001:007:000:STREAM             1639124342.608249
 07 E0 01 01 00 00 00 00

001:007:000:STREAM             1639124342.909275
 07 E0 01 01 80 00 00 00

001:007:000:STREAM             1639124343.060256
 07 E0 01 01 00 00 00 00

001:007:000:STREAM             1639124343.399306
 07 E0 01 01 80 00 00 00

001:007:000:STREAM             1639124343.537190
 07 E0 01 01 00 00 00 00

001:007:000:STREAM             1639124343.870169
 07 E0 01 01 80 00 00 00

001:007:000:STREAM             1639124344.001208
 07 E0 01 01 00 00 00 00

001:007:000:STREAM             1639124344.353348
 07 E0 01 01 80 00 00 00

001:007:000:STREAM             1639124344.497311
 07 E0 01 01 00 00 00 00

001:007:000:STREAM             1639124344.824340
 07 E0 01 01 80 00 00 00

001:007:000:STREAM             1639124344.943346
 07 E0 01 01 00 00 00 00

001:007:000:STREAM             1639124345.345285
 07 E0 01 01 80 00 00 00

001:007:000:STREAM             1639124345.451356
 07 E0 01 01 00 00 00 00

001:007:000:STREAM             1639124345.872278
 07 E0 01 01 80 00 00 00

001:007:000:STREAM             1639124345.997365
 07 E0 01 01 00 00 00 00

001:007:000:STREAM             1639124346.393406
 07 E0 01 01 80 00 00 00

001:007:000:STREAM             1639124346.512429
 07 E0 01 01 00 00 00 00

001:007:000:STREAM             1639124346.889313
 07 E0 01 01 80 00 00 00

001:007:000:STREAM             1639124347.021275
 07 E0 01 01 00 00 00 00

001:007:000:STREAM             1639124347.366432
 07 E0 01 01 80 00 00 00

001:007:000:STREAM             1639124347.498430
 07 E0 01 01 00 00 00 00

001:007:000:STREAM             1639124347.849345
 07 E0 01 01 80 00 00 00

001:007:000:STREAM             1639124347.956344
 07 E0 01 01 00 00 00 00

001:007:000:STREAM             1639124348.301385
 07 E0 01 01 80 00 00 00

001:007:000:STREAM             1639124348.445479
 07 E0 01 01 00 00 00 00

001:007:000:STREAM             1639124348.797501
 07 E0 01 01 80 00 00 00

001:007:000:STREAM             1639124348.947509
 07 E0 01 01 00 00 00 00

001:007:000:STREAM             1639124349.274403
 07 E0 01 01 80 00 00 00

001:007:000:STREAM             1639124349.418519
 07 E0 01 01 00 00 00 00

001:007:000:STREAM             1639124349.738534
 07 E0 01 01 80 00 00 00

001:007:000:STREAM             1639124349.870522
 07 E0 01 01 00 00 00 00

001:007:000:STREAM             1639124350.253543
 07 E0 01 01 80 00 00 00

001:007:000:STREAM             1639124350.366452
 07 E0 01 01 00 00 00 00

001:007:000:STREAM             1639124350.736554
 07 E0 01 01 80 00 00 00

001:007:000:STREAM             1639124350.843545
 07 E0 01 01 00 00 00 00

001:007:000:STREAM             1639124351.207585
 07 E0 01 01 80 00 00 00

001:007:000:STREAM             1639124351.345513
 07 E0 01 01 00 00 00 00

001:007:000:STREAM             1639124351.728586
 07 E0 01 01 80 00 00 00

001:007:000:STREAM             1639124351.822587
 07 E0 01 01 00 00 00 00

001:007:000:STREAM             1639124352.193460
 07 E0 01 01 80 00 00 00

001:007:000:STREAM             1639124352.331616
 07 E0 01 01 00 00 00 00

001:007:000:STREAM             1639124352.782600
 07 E0 01 01 80 00 00 00

001:007:000:STREAM             1639124352.902644
 07 E0 01 01 00 00 00 00

001:007:000:STREAM             1639124353.234628
 07 E0 01 01 80 00 00 00

001:007:000:STREAM             1639124353.379668
 07 E0 01 01 00 00 00 00

001:007:000:STREAM             1639124353.787670
 07 E0 01 01 80 00 00 00

001:007:000:STREAM             1639124353.919680
 07 E0 01 01 00 00 00 00

001:007:000:STREAM             1639124354.295580
 07 E0 01 01 80 00 00 00

001:007:000:STREAM             1639124354.421701
 07 E0 01 01 00 00 00 00

001:007:000:STREAM             1639124354.810606
 07 E0 01 01 80 00 00 00

001:007:000:STREAM             1639124354.904591
 07 E0 01 01 00 00 00 00

001:007:000:STREAM             1639124355.299716
 07 E0 01 01 80 00 00 00

001:007:000:STREAM             1639124355.438647
 07 E0 01 01 00 00 00 00

001:007:000:STREAM             1639124355.802740
 07 E0 01 01 80 00 00 00

001:007:000:STREAM             1639124355.933735
 07 E0 01 01 00 00 00 00

001:007:000:STREAM             1639124356.360832
 07 E0 01 01 80 00 00 00

001:007:000:STREAM             1639124356.492816
 07 E0 01 01 00 00 00 00

001:007:000:STREAM             1639124356.862730
 07 E0 01 01 80 00 00 00

001:007:000:STREAM             1639124356.969830
 07 E0 01 01 00 00 00 00

001:007:000:STREAM             1639124357.333834
 07 E0 01 01 80 00 00 00

001:007:000:STREAM             1639124357.477852
 07 E0 01 01 00 00 00 00

001:007:000:STREAM             1639124357.898884
 07 E0 01 01 80 00 00 00

001:007:000:STREAM             1639124358.005640
 07 E0 01 01 00 00 00 00

001:007:000:STREAM             1639124358.356748
 07 E0 01 01 80 00 00 00

001:007:000:STREAM             1639124358.494879
 07 E0 01 01 00 00 00 00

001:007:000:STREAM             1639124358.852909
 07 E0 01 01 80 00 00 00

001:007:000:STREAM             1639124358.965894
 07 E0 01 01 00 00 00 00

001:007:000:STREAM             1639124359.386923
 07 E0 01 01 80 00 00 00

001:007:000:STREAM             1639124359.511910
 07 E0 01 01 00 00 00 00

001:007:000:STREAM             1639124359.888855
 07 E0 01 01 80 00 00 00

001:007:000:STREAM             1639124360.007864
 07 E0 01 01 00 00 00 00

001:007:000:STREAM             1639124360.384927
 07 E0 01 01 80 00 00 00

001:007:000:STREAM             1639124360.528961
 07 E0 01 01 00 00 00 00

001:007:000:STREAM             1639124360.879961
 07 E0 01 01 80 00 00 00

001:007:000:STREAM             1639124361.011882
 07 E0 01 01 00 00 00 00

001:007:000:STREAM             1639124361.388990
 07 E0 01 01 80 00 00 00

001:007:000:STREAM             1639124361.526991
 07 E0 01 01 00 00 00 00

001:007:000:STREAM             1639124361.915882
 07 E0 01 01 80 00 00 00

001:007:000:STREAM             1639124362.059995
 07 E0 01 01 00 00 00 00

001:007:000:STREAM             1639124362.362027
 07 E0 01 01 80 00 00 00

001:007:000:STREAM             1639124362.506030
 07 E0 01 01 00 00 00 00

001:007:000:STREAM             1639124362.932950
 07 E0 01 01 80 00 00 00

001:007:000:STREAM             1639124363.046032
 07 E0 01 01 00 00 00 00

001:007:000:STREAM             1639124363.429049
 07 E0 01 01 80 00 00 00

001:007:000:STREAM             1639124363.554051
 07 E0 01 01 00 00 00 00

001:007:000:STREAM             1639124363.931077
 07 E0 01 01 80 00 00 00

001:007:000:STREAM             1639124364.049982
 07 E0 01 01 00 00 00 00

001:007:000:STREAM             1639124364.432988
 07 E0 01 01 80 00 00 00

001:007:000:STREAM             1639124364.577114
 07 E0 01 01 00 00 00 00

001:007:000:STREAM             1639124364.929105
 07 E0 01 01 80 00 00 00

001:007:000:STREAM             1639124365.098036
 07 E0 01 01 00 00 00 00

001:007:000:STREAM             1639124365.487142
 07 E0 01 01 80 00 00 00

001:007:000:STREAM             1639124365.607127
 07 E0 01 01 00 00 00 00

001:007:000:STREAM             1639124365.990064
 07 E0 01 01 80 00 00 00

001:007:000:STREAM             1639124366.139962
 07 E0 01 01 00 00 00 00

001:007:000:STREAM             1639124366.498189
 07 E0 01 01 80 00 00 00

001:007:000:STREAM             1639124366.630168
 07 E0 01 01 00 00 00 00

001:007:000:STREAM             1639124367.013050
 07 E0 01 01 80 00 00 00

001:007:000:STREAM             1639124367.126180
 07 E0 01 01 00 00 00 00

001:007:000:STREAM             1639124367.546210
 07 E0 01 01 80 00 00 00

001:007:000:STREAM             1639124367.672209
 07 E0 01 01 00 00 00 00

001:007:000:STREAM             1639124368.011070
 07 E0 01 01 80 00 00 00

001:007:000:STREAM             1639124368.143001
 07 E0 01 01 00 00 00 00

001:007:000:STREAM             1639124368.544232
 07 E0 01 01 80 00 00 00

001:007:000:STREAM             1639124368.670159
 07 E0 01 01 00 00 00 00

001:007:000:STREAM             1639124369.021152
 07 E0 01 01 80 00 00 00

001:007:000:STREAM             1639124369.184250
 07 E0 01 01 00 00 00 00

001:007:000:STREAM             1639124369.548280
 07 E0 01 01 80 00 00 00

001:007:000:STREAM             1639124369.674280
 07 E0 01 01 00 00 00 00

001:007:000:STREAM             1639124370.038190
 07 E0 01 01 80 00 00 00

001:007:000:STREAM             1639124370.176067
 07 E0 01 01 00 00 00 00

001:007:000:STREAM             1639124370.546314
 07 E0 01 01 80 00 00 00

001:007:000:STREAM             1639124370.678317
 07 E0 01 01 00 00 00 00

001:007:000:STREAM             1639124371.274335
 07 E0 01 01 80 00 00 00

001:007:000:STREAM             1639124371.413347
 07 E0 01 01 00 00 00 00

001:007:000:STREAM             1639124371.783354
 07 E0 01 01 80 00 00 00

001:007:000:STREAM             1639124371.921267
 07 E0 01 01 00 00 00 00

001:007:000:STREAM             1639124372.367378
 07 E0 01 01 80 00 00 00

001:007:000:STREAM             1639124372.492421
 07 E0 01 01 00 00 00 00

001:007:000:STREAM             1639124372.837317
 07 E0 01 01 80 00 00 00

001:007:000:STREAM             1639124372.982405
 07 E0 01 01 00 00 00 00

001:007:000:STREAM             1639124373.339306
 07 E0 01 01 80 00 00 00

001:007:000:STREAM             1639124373.459280
 07 E0 01 01 00 00 00 00

001:007:000:STREAM             1639124373.829438
 07 E0 01 01 80 00 00 00

001:007:000:STREAM             1639124373.999446
 07 E0 01 01 00 00 00 00

001:007:000:STREAM             1639124374.363456
 07 E0 01 01 80 00 00 00

001:007:000:STREAM             1639124374.507292
 07 E0 01 01 00 00 00 00

001:007:000:STREAM             1639124374.821311
 07 E0 01 01 80 00 00 00

001:007:000:STREAM             1639124374.959413
 07 E0 01 01 00 00 00 00

001:007:000:STREAM             1639124375.298417
 07 E0 01 01 80 00 00 00

001:007:000:STREAM             1639124375.448448
 07 E0 01 01 00 00 00 00

001:007:000:STREAM             1639124375.781450
 07 E0 01 01 80 00 00 00

001:007:000:STREAM             1639124375.907433
 07 E0 01 01 00 00 00 00

001:007:000:STREAM             1639124376.290316
 07 E0 01 01 80 00 00 00

001:007:000:STREAM             1639124376.428256
 07 E0 01 01 00 00 00 00

001:007:000:STREAM             1639124376.760478
 07 E0 01 01 80 00 00 00

001:007:000:STREAM             1639124376.917453
 07 E0 01 01 00 00 00 00

001:007:000:STREAM             1639124377.237500
 07 E0 01 01 80 00 00 00

001:007:000:STREAM             1639124377.382502
 07 E0 01 01 00 00 00 00

001:007:000:STREAM             1639124377.708436
 07 E0 01 01 80 00 00 00

001:007:000:STREAM             1639124377.852387
 07 E0 01 01 00 00 00 00

