001:007:000:STREAM             1639100366.067774
 07 E0 01 01 04 00 00 00

001:007:000:STREAM             1639100366.180771
 07 E0 01 01 00 00 00 00

001:007:000:STREAM             1639100368.082009
 07 E0 01 01 04 00 00 00

001:007:000:STREAM             1639100368.220952
 07 E0 01 01 00 00 00 00

001:007:000:STREAM             1639100369.971017
 07 E0 01 01 04 00 00 00

001:007:000:STREAM             1639100370.109018
 07 E0 01 01 00 00 00 00

001:007:000:STREAM             1639100371.721932
 07 E0 01 01 04 00 00 00

001:007:000:STREAM             1639100371.885043
 07 E0 01 01 00 00 00 00

001:007:000:STREAM             1639100373.172059
 07 E0 01 01 04 00 00 00

001:007:000:STREAM             1639100373.323062
 07 E0 01 01 00 00 00 00

001:007:000:STREAM             1639100374.501928
 07 E0 01 01 04 00 00 00

001:007:000:STREAM             1639100374.622052
 07 E0 01 01 00 00 00 00

001:007:000:STREAM             1639100375.645058
 07 E0 01 01 04 00 00 00

001:007:000:STREAM             1639100375.776048
 07 E0 01 01 00 00 00 00

001:007:000:STREAM             1639100376.674059
 07 E0 01 01 04 00 00 00

001:007:000:STREAM             1639100376.812076
 07 E0 01 01 00 00 00 00

001:007:000:STREAM             1639100377.672068
 07 E0 01 01 04 00 00 00

001:007:000:STREAM             1639100377.816066
 07 E0 01 01 00 00 00 00

001:007:000:STREAM             1639100378.588047
 07 E0 01 01 04 00 00 00

001:007:000:STREAM             1639100378.714080
 07 E0 01 01 00 00 00 00

001:007:000:STREAM             1639100379.529056
 07 E0 01 01 04 00 00 00

001:007:000:STREAM             1639100379.667068
 07 E0 01 01 00 00 00 00

001:007:000:STREAM             1639100380.383077
 07 E0 01 01 04 00 00 00

001:007:000:STREAM             1639100380.526954
 07 E0 01 01 00 00 00 00

001:007:000:STREAM             1639100381.142125
 07 E0 01 01 04 00 00 00

001:007:000:STREAM             1639100381.254972
 07 E0 01 01 00 00 00 00

001:007:000:STREAM             1639100381.990063
 07 E0 01 01 04 00 00 00

001:007:000:STREAM             1639100382.120943
 07 E0 01 01 00 00 00 00

001:007:000:STREAM             1639100382.780085
 07 E0 01 01 04 00 00 00

001:007:000:STREAM             1639100382.930905
 07 E0 01 01 00 00 00 00

001:007:000:STREAM             1639100383.684069
 07 E0 01 01 04 00 00 00

001:007:000:STREAM             1639100383.835073
 07 E0 01 01 00 00 00 00

001:007:000:STREAM             1639100384.625080
 07 E0 01 01 04 00 00 00

001:007:000:STREAM             1639100384.776071
 07 E0 01 01 00 00 00 00

001:007:000:STREAM             1639100385.529066
 07 E0 01 01 04 00 00 00

001:007:000:STREAM             1639100385.667097
 07 E0 01 01 00 00 00 00

001:007:000:STREAM             1639100386.458071
 07 E0 01 01 04 00 00 00

001:007:000:STREAM             1639100386.584096
 07 E0 01 01 00 00 00 00

001:007:000:STREAM             1639100387.299089
 07 E0 01 01 04 00 00 00

001:007:000:STREAM             1639100387.437081
 07 E0 01 01 00 00 00 00

001:007:000:STREAM             1639100388.139867
 07 E0 01 01 04 00 00 00

001:007:000:STREAM             1639100388.278042
 07 E0 01 01 00 00 00 00

001:007:000:STREAM             1639100389.005954
 07 E0 01 01 04 00 00 00

001:007:000:STREAM             1639100389.144038
 07 E0 01 01 00 00 00 00

001:007:000:STREAM             1639100390.274037
 07 E0 01 01 04 00 00 00

001:007:000:STREAM             1639100390.412050
 07 E0 01 01 00 00 00 00

001:007:000:STREAM             1639100390.958043
 07 E0 01 01 04 00 00 00

001:007:000:STREAM             1639100391.090041
 07 E0 01 01 00 00 00 00

001:007:000:STREAM             1639100391.673072
 07 E0 01 01 04 00 00 00

001:007:000:STREAM             1639100391.818061
 07 E0 01 01 00 00 00 00

001:007:000:STREAM             1639100392.382869
 07 E0 01 01 04 00 00 00

001:007:000:STREAM             1639100392.540059
 07 E0 01 01 00 00 00 00

001:007:000:STREAM             1639100393.028978
 07 E0 01 01 04 00 00 00

001:007:000:STREAM             1639100393.180011
 07 E0 01 01 00 00 00 00

001:007:000:STREAM             1639100393.888924
 07 E0 01 01 04 00 00 00

001:007:000:STREAM             1639100394.032986
 07 E0 01 01 00 00 00 00

001:007:000:STREAM             1639100394.572987
 07 E0 01 01 04 00 00 00

001:007:000:STREAM             1639100394.724065
 07 E0 01 01 00 00 00 00

001:007:000:STREAM             1639100395.376025
 07 E0 01 01 04 00 00 00

001:007:000:STREAM             1639100395.489059
 07 E0 01 01 00 00 00 00

001:007:000:STREAM             1639100396.073087
 07 E0 01 01 04 00 00 00

001:007:000:STREAM             1639100396.191993
 07 E0 01 01 00 00 00 00

001:007:000:STREAM             1639100396.845080
 07 E0 01 01 04 00 00 00

001:007:000:STREAM             1639100396.976984
 07 E0 01 01 00 00 00 00

001:007:000:STREAM             1639100397.497992
 07 E0 01 01 04 00 00 00

001:007:000:STREAM             1639100397.642065
 07 E0 01 01 00 00 00 00

001:007:000:STREAM             1639100398.168895
 07 E0 01 01 04 00 00 00

001:007:000:STREAM             1639100398.332061
 07 E0 01 01 00 00 00 00

001:007:000:STREAM             1639100399.016928
 07 E0 01 01 04 00 00 00

001:007:000:STREAM             1639100399.173073
 07 E0 01 01 00 00 00 00

001:007:000:STREAM             1639100399.657092
 07 E0 01 01 04 00 00 00

001:007:000:STREAM             1639100399.789085
 07 E0 01 01 00 00 00 00

001:007:000:STREAM             1639100400.278063
 07 E0 01 01 04 00 00 00

001:007:000:STREAM             1639100400.422134
 07 E0 01 01 00 00 00 00

001:007:000:STREAM             1639100400.956053
 07 E0 01 01 04 00 00 00

001:007:000:STREAM             1639100401.056126
 07 E0 01 01 00 00 00 00

001:007:000:STREAM             1639100401.596139
 07 E0 01 01 04 00 00 00

001:007:000:STREAM             1639100401.734113
 07 E0 01 01 00 00 00 00

001:007:000:STREAM             1639100402.274095
 07 E0 01 01 04 00 00 00

001:007:000:STREAM             1639100402.393137
 07 E0 01 01 00 00 00 00

001:007:000:STREAM             1639100402.927085
 07 E0 01 01 04 00 00 00

001:007:000:STREAM             1639100403.084004
 07 E0 01 01 00 00 00 00

001:007:000:STREAM             1639100403.616995
 07 E0 01 01 04 00 00 00

001:007:000:STREAM             1639100403.774075
 07 E0 01 01 00 00 00 00

001:007:000:STREAM             1639100404.345080
 07 E0 01 01 04 00 00 00

001:007:000:STREAM             1639100404.476967
 07 E0 01 01 00 00 00 00

001:007:000:STREAM             1639100405.023026
 07 E0 01 01 04 00 00 00

001:007:000:STREAM             1639100405.174082
 07 E0 01 01 00 00 00 00

001:007:000:STREAM             1639100405.707101
 07 E0 01 01 04 00 00 00

001:007:000:STREAM             1639100405.826107
 07 E0 01 01 00 00 00 00

001:007:000:STREAM             1639100406.328103
 07 E0 01 01 04 00 00 00

001:007:000:STREAM             1639100406.479007
 07 E0 01 01 00 00 00 00

001:007:000:STREAM             1639100407.012950
 07 E0 01 01 04 00 00 00

001:007:000:STREAM             1639100407.138088
 07 E0 01 01 00 00 00 00

001:007:000:STREAM             1639100407.709088
 07 E0 01 01 04 00 00 00

001:007:000:STREAM             1639100407.816107
 07 E0 01 01 00 00 00 00

001:007:000:STREAM             1639100408.393116
 07 E0 01 01 04 00 00 00

001:007:000:STREAM             1639100408.550018
 07 E0 01 01 00 00 00 00

001:007:000:STREAM             1639100409.128119
 07 E0 01 01 04 00 00 00

001:007:000:STREAM             1639100409.241106
 07 E0 01 01 00 00 00 00

001:007:000:STREAM             1639100409.804992
 07 E0 01 01 04 00 00 00

001:007:000:STREAM             1639100409.931159
 07 E0 01 01 00 00 00 00

001:007:000:STREAM             1639100410.552141
 07 E0 01 01 04 00 00 00

001:007:000:STREAM             1639100410.690144
 07 E0 01 01 00 00 00 00

001:007:000:STREAM             1639100411.193159
 07 E0 01 01 04 00 00 00

001:007:000:STREAM             1639100411.331009
 07 E0 01 01 00 00 00 00

001:007:000:STREAM             1639100411.883175
 07 E0 01 01 04 00 00 00

001:007:000:STREAM             1639100412.008062
 07 E0 01 01 00 00 00 00

001:007:000:STREAM             1639100412.435163
 07 E0 01 01 04 00 00 00

001:007:000:STREAM             1639100412.580104
 07 E0 01 01 00 00 00 00

001:007:000:STREAM             1639100413.207032
 07 E0 01 01 04 00 00 00

001:007:000:STREAM             1639100413.339022
 07 E0 01 01 00 00 00 00

001:007:000:STREAM             1639100413.778169
 07 E0 01 01 04 00 00 00

001:007:000:STREAM             1639100413.897997
 07 E0 01 01 00 00 00 00

001:007:000:STREAM             1639100414.368133
 07 E0 01 01 04 00 00 00

001:007:000:STREAM             1639100414.500130
 07 E0 01 01 00 00 00 00

001:007:000:STREAM             1639100414.971089
 07 E0 01 01 04 00 00 00

001:007:000:STREAM             1639100415.115127
 07 E0 01 01 00 00 00 00

001:007:000:STREAM             1639100415.592041
 07 E0 01 01 04 00 00 00

001:007:000:STREAM             1639100415.743030
 07 E0 01 01 00 00 00 00

001:007:000:STREAM             1639100416.264123
 07 E0 01 01 04 00 00 00

001:007:000:STREAM             1639100416.371061
 07 E0 01 01 00 00 00 00

001:007:000:STREAM             1639100416.760107
 07 E0 01 01 04 00 00 00

001:007:000:STREAM             1639100416.898121
 07 E0 01 01 00 00 00 00

001:007:000:STREAM             1639100417.306123
 07 E0 01 01 04 00 00 00

001:007:000:STREAM             1639100417.419084
 07 E0 01 01 00 00 00 00

001:007:000:STREAM             1639100417.833142
 07 E0 01 01 04 00 00 00

001:007:000:STREAM             1639100417.971094
 07 E0 01 01 00 00 00 00

001:007:000:STREAM             1639100418.366127
 07 E0 01 01 04 00 00 00

001:007:000:STREAM             1639100418.505104
 07 E0 01 01 00 00 00 00

001:007:000:STREAM             1639100418.887084
 07 E0 01 01 04 00 00 00

001:007:000:STREAM             1639100419.019033
 07 E0 01 01 00 00 00 00

001:007:000:STREAM             1639100419.427011
 07 E0 01 01 04 00 00 00

001:007:000:STREAM             1639100419.546127
 07 E0 01 01 00 00 00 00

001:007:000:STREAM             1639100419.948124
 07 E0 01 01 04 00 00 00

001:007:000:STREAM             1639100420.093053
 07 E0 01 01 00 00 00 00

001:007:000:STREAM             1639100420.469146
 07 E0 01 01 04 00 00 00

001:007:000:STREAM             1639100420.614132
 07 E0 01 01 00 00 00 00

001:007:000:STREAM             1639100420.996120
 07 E0 01 01 04 00 00 00

001:007:000:STREAM             1639100421.084143
 07 E0 01 01 00 00 00 00

001:007:000:STREAM             1639100421.510956
 07 E0 01 01 04 00 00 00

001:007:000:STREAM             1639100421.605133
 07 E0 01 01 00 00 00 00

001:007:000:STREAM             1639100421.994149
 07 E0 01 01 04 00 00 00

001:007:000:STREAM             1639100422.132032
 07 E0 01 01 00 00 00 00

001:007:000:STREAM             1639100422.584142
 07 E0 01 01 04 00 00 00

001:007:000:STREAM             1639100422.722127
 07 E0 01 01 00 00 00 00

001:007:000:STREAM             1639100423.130040
 07 E0 01 01 04 00 00 00

001:007:000:STREAM             1639100423.281139
 07 E0 01 01 00 00 00 00

001:007:000:STREAM             1639100423.576160
 07 E0 01 01 04 00 00 00

001:007:000:STREAM             1639100423.708051
 07 E0 01 01 00 00 00 00

