001:007:000:STREAM             1639100012.387079
 07 E0 01 01 02 00 00 00

001:007:000:STREAM             1639100012.530966
 07 E0 01 01 00 00 00 00

001:007:000:STREAM             1639100013.385066
 07 E0 01 01 02 00 00 00

001:007:000:STREAM             1639100013.509989
 07 E0 01 01 00 00 00 00

001:007:000:STREAM             1639100014.595997
 07 E0 01 01 02 00 00 00

001:007:000:STREAM             1639100014.715078
 07 E0 01 01 00 00 00 00

001:007:000:STREAM             1639100015.643877
 07 E0 01 01 02 00 00 00

001:007:000:STREAM             1639100015.756879
 07 E0 01 01 00 00 00 00

001:007:000:STREAM             1639100016.692031
 07 E0 01 01 02 00 00 00

001:007:000:STREAM             1639100016.810944
 07 E0 01 01 00 00 00 00

001:007:000:STREAM             1639100017.571038
 07 E0 01 01 02 00 00 00

001:007:000:STREAM             1639100017.702034
 07 E0 01 01 00 00 00 00

001:007:000:STREAM             1639100018.461864
 07 E0 01 01 02 00 00 00

001:007:000:STREAM             1639100018.611949
 07 E0 01 01 00 00 00 00

001:007:000:STREAM             1639100019.234038
 07 E0 01 01 02 00 00 00

001:007:000:STREAM             1639100019.353035
 07 E0 01 01 00 00 00 00

001:007:000:STREAM             1639100019.905040
 07 E0 01 01 02 00 00 00

001:007:000:STREAM             1639100020.056033
 07 E0 01 01 00 00 00 00

001:007:000:STREAM             1639100020.570892
 07 E0 01 01 02 00 00 00

001:007:000:STREAM             1639100020.720891
 07 E0 01 01 00 00 00 00

001:007:000:STREAM             1639100021.324063
 07 E0 01 01 02 00 00 00

001:007:000:STREAM             1639100021.468056
 07 E0 01 01 00 00 00 00

001:007:000:STREAM             1639100021.950908
 07 E0 01 01 02 00 00 00

001:007:000:STREAM             1639100022.083049
 07 E0 01 01 00 00 00 00

001:007:000:STREAM             1639100022.540906
 07 E0 01 01 02 00 00 00

001:007:000:STREAM             1639100022.704049
 07 E0 01 01 00 00 00 00

001:007:000:STREAM             1639100023.143964
 07 E0 01 01 02 00 00 00

001:007:000:STREAM             1639100023.263107
 07 E0 01 01 00 00 00 00

001:007:000:STREAM             1639100023.714985
 07 E0 01 01 02 00 00 00

001:007:000:STREAM             1639100023.871850
 07 E0 01 01 00 00 00 00

001:007:000:STREAM             1639100024.266975
 07 E0 01 01 02 00 00 00

001:007:000:STREAM             1639100024.399008
 07 E0 01 01 00 00 00 00

001:007:000:STREAM             1639100024.820094
 07 E0 01 01 02 00 00 00

001:007:000:STREAM             1639100024.964095
 07 E0 01 01 00 00 00 00

001:007:000:STREAM             1639100025.359111
 07 E0 01 01 02 00 00 00

001:007:000:STREAM             1639100025.485092
 07 E0 01 01 00 00 00 00

001:007:000:STREAM             1639100025.893094
 07 E0 01 01 02 00 00 00

001:007:000:STREAM             1639100026.037072
 07 E0 01 01 00 00 00 00

001:007:000:STREAM             1639100026.400977
 07 E0 01 01 02 00 00 00

001:007:000:STREAM             1639100026.532952
 07 E0 01 01 00 00 00 00

001:007:000:STREAM             1639100026.916062
 07 E0 01 01 02 00 00 00

001:007:000:STREAM             1639100027.042101
 07 E0 01 01 00 00 00 00

001:007:000:STREAM             1639100027.437104
 07 E0 01 01 02 00 00 00

001:007:000:STREAM             1639100027.556108
 07 E0 01 01 00 00 00 00

001:007:000:STREAM             1639100027.983082
 07 E0 01 01 02 00 00 00

001:007:000:STREAM             1639100028.101988
 07 E0 01 01 00 00 00 00

001:007:000:STREAM             1639100028.459884
 07 E0 01 01 02 00 00 00

001:007:000:STREAM             1639100028.573072
 07 E0 01 01 00 00 00 00

001:007:000:STREAM             1639100029.005918
 07 E0 01 01 02 00 00 00

001:007:000:STREAM             1639100029.151042
 07 E0 01 01 00 00 00 00

001:007:000:STREAM             1639100029.521109
 07 E0 01 01 02 00 00 00

001:007:000:STREAM             1639100029.652976
 07 E0 01 01 00 00 00 00

001:007:000:STREAM             1639100030.054109
 07 E0 01 01 02 00 00 00

001:007:000:STREAM             1639100030.180130
 07 E0 01 01 00 00 00 00

001:007:000:STREAM             1639100030.569020
 07 E0 01 01 02 00 00 00

001:007:000:STREAM             1639100030.695071
 07 E0 01 01 00 00 00 00

001:007:000:STREAM             1639100031.096130
 07 E0 01 01 02 00 00 00

001:007:000:STREAM             1639100031.241119
 07 E0 01 01 00 00 00 00

001:007:000:STREAM             1639100031.580049
 07 E0 01 01 02 00 00 00

001:007:000:STREAM             1639100031.705104
 07 E0 01 01 00 00 00 00

001:007:000:STREAM             1639100032.038006
 07 E0 01 01 02 00 00 00

001:007:000:STREAM             1639100032.170025
 07 E0 01 01 00 00 00 00

001:007:000:STREAM             1639100032.552039
 07 E0 01 01 02 00 00 00

001:007:000:STREAM             1639100032.691134
 07 E0 01 01 00 00 00 00

001:007:000:STREAM             1639100033.048089
 07 E0 01 01 02 00 00 00

001:007:000:STREAM             1639100033.168130
 07 E0 01 01 00 00 00 00

001:007:000:STREAM             1639100033.532136
 07 E0 01 01 02 00 00 00

001:007:000:STREAM             1639100033.645134
 07 E0 01 01 00 00 00 00

001:007:000:STREAM             1639100034.020997
 07 E0 01 01 02 00 00 00

001:007:000:STREAM             1639100034.147089
 07 E0 01 01 00 00 00 00

001:007:000:STREAM             1639100034.460935
 07 E0 01 01 02 00 00 00

001:007:000:STREAM             1639100034.580119
 07 E0 01 01 00 00 00 00

001:007:000:STREAM             1639100034.950144
 07 E0 01 01 02 00 00 00

001:007:000:STREAM             1639100035.082142
 07 E0 01 01 00 00 00 00

001:007:000:STREAM             1639100035.427140
 07 E0 01 01 02 00 00 00

001:007:000:STREAM             1639100035.553136
 07 E0 01 01 00 00 00 00

001:007:000:STREAM             1639100035.923083
 07 E0 01 01 02 00 00 00

001:007:000:STREAM             1639100036.042098
 07 E0 01 01 00 00 00 00

001:007:000:STREAM             1639100036.405982
 07 E0 01 01 02 00 00 00

001:007:000:STREAM             1639100036.538066
 07 E0 01 01 00 00 00 00

001:007:000:STREAM             1639100036.934138
 07 E0 01 01 02 00 00 00

001:007:000:STREAM             1639100037.053103
 07 E0 01 01 00 00 00 00

001:007:000:STREAM             1639100037.423041
 07 E0 01 01 02 00 00 00

001:007:000:STREAM             1639100037.542125
 07 E0 01 01 00 00 00 00

001:007:000:STREAM             1639100037.875049
 07 E0 01 01 02 00 00 00

001:007:000:STREAM             1639100038.012971
 07 E0 01 01 00 00 00 00

001:007:000:STREAM             1639100038.384141
 07 E0 01 01 02 00 00 00

001:007:000:STREAM             1639100038.508909
 07 E0 01 01 00 00 00 00

001:007:000:STREAM             1639100038.879082
 07 E0 01 01 02 00 00 00

001:007:000:STREAM             1639100039.004996
 07 E0 01 01 00 00 00 00

001:007:000:STREAM             1639100039.312150
 07 E0 01 01 02 00 00 00

001:007:000:STREAM             1639100039.419126
 07 E0 01 01 00 00 00 00

001:007:000:STREAM             1639100039.846136
 07 E0 01 01 02 00 00 00

001:007:000:STREAM             1639100039.972140
 07 E0 01 01 00 00 00 00

001:007:000:STREAM             1639100040.342053
 07 E0 01 01 02 00 00 00

001:007:000:STREAM             1639100040.454903
 07 E0 01 01 00 00 00 00

001:007:000:STREAM             1639100040.781144
 07 E0 01 01 02 00 00 00

001:007:000:STREAM             1639100040.907158
 07 E0 01 01 00 00 00 00

001:007:000:STREAM             1639100041.296135
 07 E0 01 01 02 00 00 00

001:007:000:STREAM             1639100041.409058
 07 E0 01 01 00 00 00 00

001:007:000:STREAM             1639100041.811048
 07 E0 01 01 02 00 00 00

001:007:000:STREAM             1639100041.911058
 07 E0 01 01 00 00 00 00

001:007:000:STREAM             1639100042.250155
 07 E0 01 01 02 00 00 00

001:007:000:STREAM             1639100042.376012
 07 E0 01 01 00 00 00 00

001:007:000:STREAM             1639100042.777036
 07 E0 01 01 02 00 00 00

001:007:000:STREAM             1639100042.896151
 07 E0 01 01 00 00 00 00

001:007:000:STREAM             1639100043.248147
 07 E0 01 01 02 00 00 00

001:007:000:STREAM             1639100043.392162
 07 E0 01 01 00 00 00 00

001:007:000:STREAM             1639100043.725158
 07 E0 01 01 02 00 00 00

001:007:000:STREAM             1639100043.856990
 07 E0 01 01 00 00 00 00

001:007:000:STREAM             1639100044.183082
 07 E0 01 01 02 00 00 00

001:007:000:STREAM             1639100044.328065
 07 E0 01 01 00 00 00 00

001:007:000:STREAM             1639100044.692152
 07 E0 01 01 02 00 00 00

001:007:000:STREAM             1639100044.811063
 07 E0 01 01 00 00 00 00

001:007:000:STREAM             1639100045.144043
 07 E0 01 01 02 00 00 00

001:007:000:STREAM             1639100045.275159
 07 E0 01 01 00 00 00 00

001:007:000:STREAM             1639100045.595066
 07 E0 01 01 02 00 00 00

001:007:000:STREAM             1639100045.721161
 07 E0 01 01 00 00 00 00

001:007:000:STREAM             1639100046.079067
 07 E0 01 01 02 00 00 00

001:007:000:STREAM             1639100046.198149
 07 E0 01 01 00 00 00 00

001:007:000:STREAM             1639100046.568090
 07 E0 01 01 02 00 00 00

001:007:000:STREAM             1639100046.669161
 07 E0 01 01 00 00 00 00

001:007:000:STREAM             1639100047.008063
 07 E0 01 01 02 00 00 00

001:007:000:STREAM             1639100047.146069
 07 E0 01 01 00 00 00 00

001:007:000:STREAM             1639100047.541164
 07 E0 01 01 02 00 00 00

001:007:000:STREAM             1639100047.679069
 07 E0 01 01 00 00 00 00

001:007:000:STREAM             1639100048.037163
 07 E0 01 01 02 00 00 00

001:007:000:STREAM             1639100048.169162
 07 E0 01 01 00 00 00 00

001:007:000:STREAM             1639100048.539108
 07 E0 01 01 02 00 00 00

001:007:000:STREAM             1639100048.671032
 07 E0 01 01 00 00 00 00

001:007:000:STREAM             1639100049.066159
 07 E0 01 01 02 00 00 00

001:007:000:STREAM             1639100049.198058
 07 E0 01 01 00 00 00 00

001:007:000:STREAM             1639100049.606179
 07 E0 01 01 02 00 00 00

001:007:000:STREAM             1639100049.719123
 07 E0 01 01 00 00 00 00

001:007:000:STREAM             1639100050.071171
 07 E0 01 01 02 00 00 00

001:007:000:STREAM             1639100050.221178
 07 E0 01 01 00 00 00 00

001:007:000:STREAM             1639100050.523015
 07 E0 01 01 02 00 00 00

001:007:000:STREAM             1639100050.655182
 07 E0 01 01 00 00 00 00

001:007:000:STREAM             1639100050.987175
 07 E0 01 01 02 00 00 00

001:007:000:STREAM             1639100051.144172
 07 E0 01 01 00 00 00 00

001:007:000:STREAM             1639100051.433033
 07 E0 01 01 02 00 00 00

001:007:000:STREAM             1639100051.577188
 07 E0 01 01 00 00 00 00

001:007:000:STREAM             1639100051.935087
 07 E0 01 01 02 00 00 00

001:007:000:STREAM             1639100052.048146
 07 E0 01 01 00 00 00 00

001:007:000:STREAM             1639100052.425020
 07 E0 01 01 02 00 00 00

001:007:000:STREAM             1639100052.531015
 07 E0 01 01 00 00 00 00

001:007:000:STREAM             1639100052.870172
 07 E0 01 01 02 00 00 00

001:007:000:STREAM             1639100052.989176
 07 E0 01 01 00 00 00 00

001:007:000:STREAM             1639100053.379086
 07 E0 01 01 02 00 00 00

001:007:000:STREAM             1639100053.498162
 07 E0 01 01 00 00 00 00

001:007:000:STREAM             1639100053.799093
 07 E0 01 01 02 00 00 00

001:007:000:STREAM             1639100053.905981
 07 E0 01 01 00 00 00 00

001:007:000:STREAM             1639100054.496082
 07 E0 01 01 02 00 00 00

001:007:000:STREAM             1639100054.634113
 07 E0 01 01 00 00 00 00

001:007:000:STREAM             1639100054.941182
 07 E0 01 01 02 00 00 00

001:007:000:STREAM             1639100055.067000
 07 E0 01 01 00 00 00 00

001:007:000:STREAM             1639100055.425189
 07 E0 01 01 02 00 00 00

001:007:000:STREAM             1639100055.575187
 07 E0 01 01 00 00 00 00

001:007:000:STREAM             1639100055.896190
 07 E0 01 01 02 00 00 00

001:007:000:STREAM             1639100056.040171
 07 E0 01 01 00 00 00 00

001:007:000:STREAM             1639100056.404095
 07 E0 01 01 02 00 00 00

001:007:000:STREAM             1639100056.530022
 07 E0 01 01 00 00 00 00

001:007:000:STREAM             1639100056.837182
 07 E0 01 01 02 00 00 00

001:007:000:STREAM             1639100056.969089
 07 E0 01 01 00 00 00 00

001:007:000:STREAM             1639100057.364203
 07 E0 01 01 02 00 00 00

001:007:000:STREAM             1639100057.546189
 07 E0 01 01 00 00 00 00

001:007:000:STREAM             1639100057.948208
 07 E0 01 01 02 00 00 00

001:007:000:STREAM             1639100058.086074
 07 E0 01 01 00 00 00 00

001:007:000:STREAM             1639100058.450039
 07 E0 01 01 02 00 00 00

001:007:000:STREAM             1639100058.568987
 07 E0 01 01 00 00 00 00

001:007:000:STREAM             1639100058.971072
 07 E0 01 01 02 00 00 00

001:007:000:STREAM             1639100059.078189
 07 E0 01 01 00 00 00 00

001:007:000:STREAM             1639100059.448196
 07 E0 01 01 02 00 00 00

001:007:000:STREAM             1639100059.593197
 07 E0 01 01 00 00 00 00

001:007:000:STREAM             1639100059.931058
 07 E0 01 01 02 00 00 00

001:007:000:STREAM             1639100060.044167
 07 E0 01 01 00 00 00 00

001:007:000:STREAM             1639100060.451993
 07 E0 01 01 02 00 00 00

001:007:000:STREAM             1639100060.584184
 07 E0 01 01 00 00 00 00

001:007:000:STREAM             1639100060.892196
 07 E0 01 01 02 00 00 00

001:007:000:STREAM             1639100061.042197
 07 E0 01 01 00 00 00 00

001:007:000:STREAM             1639100061.406053
 07 E0 01 01 02 00 00 00

001:007:000:STREAM             1639100061.545163
 07 E0 01 01 00 00 00 00

001:007:000:STREAM             1639100061.927115
 07 E0 01 01 02 00 00 00

001:007:000:STREAM             1639100062.047086
 07 E0 01 01 00 00 00 00

001:007:000:STREAM             1639100062.417174
 07 E0 01 01 02 00 00 00

001:007:000:STREAM             1639100062.549084
 07 E0 01 01 00 00 00 00

001:007:000:STREAM             1639100062.969151
 07 E0 01 01 02 00 00 00

001:007:000:STREAM             1639100063.082089
 07 E0 01 01 00 00 00 00

001:007:000:STREAM             1639100063.384202
 07 E0 01 01 02 00 00 00

001:007:000:STREAM             1639100063.547109
 07 E0 01 01 00 00 00 00

001:007:000:STREAM             1639100063.891980
 07 E0 01 01 02 00 00 00

001:007:000:STREAM             1639100064.043121
 07 E0 01 01 00 00 00 00

001:007:000:STREAM             1639100064.363121
 07 E0 01 01 02 00 00 00

001:007:000:STREAM             1639100064.506970
 07 E0 01 01 00 00 00 00

001:007:000:STREAM             1639100064.884156
 07 E0 01 01 02 00 00 00

001:007:000:STREAM             1639100065.009065
 07 E0 01 01 00 00 00 00

001:007:000:STREAM             1639100065.373164
 07 E0 01 01 02 00 00 00

001:007:000:STREAM             1639100065.505096
 07 E0 01 01 00 00 00 00

001:007:000:STREAM             1639100066.001055
 07 E0 01 01 02 00 00 00

001:007:000:STREAM             1639100066.133165
 07 E0 01 01 00 00 00 00

001:007:000:STREAM             1639100066.490963
 07 E0 01 01 02 00 00 00

001:007:000:STREAM             1639100066.610143
 07 E0 01 01 00 00 00 00

001:007:000:STREAM             1639100067.005081
 07 E0 01 01 02 00 00 00

001:007:000:STREAM             1639100067.137184
 07 E0 01 01 00 00 00 00

001:007:000:STREAM             1639100067.470182
 07 E0 01 01 02 00 00 00

001:007:000:STREAM             1639100067.595174
 07 E0 01 01 00 00 00 00

001:007:000:STREAM             1639100067.959080
 07 E0 01 01 02 00 00 00

001:007:000:STREAM             1639100068.097180
 07 E0 01 01 00 00 00 00

001:007:000:STREAM             1639100068.467996
 07 E0 01 01 02 00 00 00

001:007:000:STREAM             1639100068.606167
 07 E0 01 01 00 00 00 00

001:007:000:STREAM             1639100068.976084
 07 E0 01 01 02 00 00 00

001:007:000:STREAM             1639100069.077088
 07 E0 01 01 00 00 00 00

001:007:000:STREAM             1639100069.447110
 07 E0 01 01 02 00 00 00

001:007:000:STREAM             1639100069.554170
 07 E0 01 01 00 00 00 00

001:007:000:STREAM             1639100069.936167
 07 E0 01 01 02 00 00 00

001:007:000:STREAM             1639100070.075190
 07 E0 01 01 00 00 00 00

001:007:000:STREAM             1639100070.401190
 07 E0 01 01 02 00 00 00

001:007:000:STREAM             1639100070.533109
 07 E0 01 01 00 00 00 00

001:007:000:STREAM             1639100070.878095
 07 E0 01 01 02 00 00 00

001:007:000:STREAM             1639100071.010102
 07 E0 01 01 00 00 00 00

001:007:000:STREAM             1639100071.644102
 07 E0 01 01 02 00 00 00

001:007:000:STREAM             1639100071.744142
 07 E0 01 01 00 00 00 00

001:007:000:STREAM             1639100072.265250
 07 E0 01 01 02 00 00 00

001:007:000:STREAM             1639100072.403109
 07 E0 01 01 00 00 00 00

001:007:000:STREAM             1639100072.817193
 07 E0 01 01 02 00 00 00

001:007:000:STREAM             1639100072.930123
 07 E0 01 01 00 00 00 00

001:007:000:STREAM             1639100073.395110
 07 E0 01 01 02 00 00 00

001:007:000:STREAM             1639100073.514109
 07 E0 01 01 00 00 00 00

001:007:000:STREAM             1639100074.022093
 07 E0 01 01 02 00 00 00

001:007:000:STREAM             1639100074.148193
 07 E0 01 01 00 00 00 00

001:007:000:STREAM             1639100074.506117
 07 E0 01 01 02 00 00 00

001:007:000:STREAM             1639100074.625196
 07 E0 01 01 00 00 00 00

001:007:000:STREAM             1639100074.951113
 07 E0 01 01 02 00 00 00

001:007:000:STREAM             1639100075.090204
 07 E0 01 01 00 00 00 00

001:007:000:STREAM             1639100075.516193
 07 E0 01 01 02 00 00 00

001:007:000:STREAM             1639100075.648061
 07 E0 01 01 00 00 00 00

001:007:000:STREAM             1639100076.000116
 07 E0 01 01 02 00 00 00

001:007:000:STREAM             1639100076.093982
 07 E0 01 01 00 00 00 00

001:007:000:STREAM             1639100076.452014
 07 E0 01 01 02 00 00 00

001:007:000:STREAM             1639100076.590201
 07 E0 01 01 00 00 00 00

001:007:000:STREAM             1639100076.972099
 07 E0 01 01 02 00 00 00

001:007:000:STREAM             1639100077.098098
 07 E0 01 01 00 00 00 00

001:007:000:STREAM             1639100077.487101
 07 E0 01 01 02 00 00 00

001:007:000:STREAM             1639100077.606093
 07 E0 01 01 00 00 00 00

001:007:000:STREAM             1639100077.939181
 07 E0 01 01 02 00 00 00

001:007:000:STREAM             1639100078.071122
 07 E0 01 01 00 00 00 00

001:007:000:STREAM             1639100078.454027
 07 E0 01 01 02 00 00 00

001:007:000:STREAM             1639100078.567018
 07 E0 01 01 00 00 00 00

001:007:000:STREAM             1639100078.912199
 07 E0 01 01 02 00 00 00

001:007:000:STREAM             1639100079.025195
 07 E0 01 01 00 00 00 00

001:007:000:STREAM             1639100079.408200
 07 E0 01 01 02 00 00 00

001:007:000:STREAM             1639100079.515129
 07 E0 01 01 00 00 00 00

001:007:000:STREAM             1639100079.916123
 07 E0 01 01 02 00 00 00

001:007:000:STREAM             1639100080.042180
 07 E0 01 01 00 00 00 00

001:007:000:STREAM             1639100080.444089
 07 E0 01 01 02 00 00 00

001:007:000:STREAM             1639100080.575193
 07 E0 01 01 00 00 00 00

001:007:000:STREAM             1639100080.964211
 07 E0 01 01 02 00 00 00

001:007:000:STREAM             1639100081.096204
 07 E0 01 01 00 00 00 00

001:007:000:STREAM             1639100081.448206
 07 E0 01 01 02 00 00 00

001:007:000:STREAM             1639100081.573224
 07 E0 01 01 00 00 00 00

001:007:000:STREAM             1639100081.937214
 07 E0 01 01 02 00 00 00

001:007:000:STREAM             1639100082.044216
 07 E0 01 01 00 00 00 00

001:007:000:STREAM             1639100082.377229
 07 E0 01 01 02 00 00 00

001:007:000:STREAM             1639100082.477009
 07 E0 01 01 00 00 00 00

001:007:000:STREAM             1639100082.804208
 07 E0 01 01 02 00 00 00

001:007:000:STREAM             1639100082.917232
 07 E0 01 01 00 00 00 00

001:007:000:STREAM             1639100084.310163
 07 E0 01 01 02 00 00 00

001:007:000:STREAM             1639100084.435108
 07 E0 01 01 00 00 00 00

