001:007:000:STREAM             1639123975.111994
 07 E0 01 01 20 00 00 00

001:007:000:STREAM             1639123975.287830
 07 E0 01 01 00 00 00 00

001:007:000:STREAM             1639123975.947064
 07 E0 01 01 20 00 00 00

001:007:000:STREAM             1639123976.066052
 07 E0 01 01 00 00 00 00

001:007:000:STREAM             1639123976.875995
 07 E0 01 01 20 00 00 00

001:007:000:STREAM             1639123977.020075
 07 E0 01 01 00 00 00 00

001:007:000:STREAM             1639123977.484161
 07 E0 01 01 20 00 00 00

001:007:000:STREAM             1639123977.604176
 07 E0 01 01 00 00 00 00

001:007:000:STREAM             1639123978.112128
 07 E0 01 01 20 00 00 00

001:007:000:STREAM             1639123978.250080
 07 E0 01 01 00 00 00 00

001:007:000:STREAM             1639123978.696139
 07 E0 01 01 20 00 00 00

001:007:000:STREAM             1639123978.828091
 07 E0 01 01 00 00 00 00

001:007:000:STREAM             1639123979.192092
 07 E0 01 01 20 00 00 00

001:007:000:STREAM             1639123979.280171
 07 E0 01 01 00 00 00 00

001:007:000:STREAM             1639123979.656295
 07 E0 01 01 20 00 00 00

001:007:000:STREAM             1639123979.769290
 07 E0 01 01 00 00 00 00

001:007:000:STREAM             1639123980.221338
 07 E0 01 01 20 00 00 00

001:007:000:STREAM             1639123980.347334
 07 E0 01 01 00 00 00 00

001:007:000:STREAM             1639123980.830274
 07 E0 01 01 20 00 00 00

001:007:000:STREAM             1639123980.955404
 07 E0 01 01 00 00 00 00

001:007:000:STREAM             1639123981.388439
 07 E0 01 01 20 00 00 00

001:007:000:STREAM             1639123981.483414
 07 E0 01 01 00 00 00 00

001:007:000:STREAM             1639123981.985452
 07 E0 01 01 20 00 00 00

001:007:000:STREAM             1639123982.110453
 07 E0 01 01 00 00 00 00

001:007:000:STREAM             1639123982.512502
 07 E0 01 01 20 00 00 00

001:007:000:STREAM             1639123982.625412
 07 E0 01 01 00 00 00 00

001:007:000:STREAM             1639123983.140442
 07 E0 01 01 20 00 00 00

001:007:000:STREAM             1639123983.259380
 07 E0 01 01 00 00 00 00

001:007:000:STREAM             1639123983.635499
 07 E0 01 01 20 00 00 00

001:007:000:STREAM             1639123983.748484
 07 E0 01 01 00 00 00 00

001:007:000:STREAM             1639123984.219610
 07 E0 01 01 20 00 00 00

001:007:000:STREAM             1639123984.345531
 07 E0 01 01 00 00 00 00

001:007:000:STREAM             1639123984.728589
 07 E0 01 01 20 00 00 00

001:007:000:STREAM             1639123984.853654
 07 E0 01 01 00 00 00 00

001:007:000:STREAM             1639123985.280526
 07 E0 01 01 20 00 00 00

001:007:000:STREAM             1639123985.405701
 07 E0 01 01 00 00 00 00

001:007:000:STREAM             1639123985.801734
 07 E0 01 01 20 00 00 00

001:007:000:STREAM             1639123985.958736
 07 E0 01 01 00 00 00 00

001:007:000:STREAM             1639123986.422769
 07 E0 01 01 20 00 00 00

001:007:000:STREAM             1639123986.548682
 07 E0 01 01 00 00 00 00

001:007:000:STREAM             1639123986.912696
 07 E0 01 01 20 00 00 00

001:007:000:STREAM             1639123987.056808
 07 E0 01 01 00 00 00 00

001:007:000:STREAM             1639123987.445828
 07 E0 01 01 20 00 00 00

001:007:000:STREAM             1639123987.609849
 07 E0 01 01 00 00 00 00

001:007:000:STREAM             1639123988.004753
 07 E0 01 01 20 00 00 00

001:007:000:STREAM             1639123988.136706
 07 E0 01 01 00 00 00 00

001:007:000:STREAM             1639123988.556762
 07 E0 01 01 20 00 00 00

001:007:000:STREAM             1639123988.669938
 07 E0 01 01 00 00 00 00

001:007:000:STREAM             1639123989.058929
 07 E0 01 01 20 00 00 00

001:007:000:STREAM             1639123989.178751
 07 E0 01 01 00 00 00 00

001:007:000:STREAM             1639123989.574035
 07 E0 01 01 20 00 00 00

001:007:000:STREAM             1639123989.700053
 07 E0 01 01 00 00 00 00

001:007:000:STREAM             1639123990.069971
 07 E0 01 01 20 00 00 00

001:007:000:STREAM             1639123990.227083
 07 E0 01 01 00 00 00 00

001:007:000:STREAM             1639123990.634952
 07 E0 01 01 20 00 00 00

001:007:000:STREAM             1639123990.760124
 07 E0 01 01 00 00 00 00

001:007:000:STREAM             1639123991.156018
 07 E0 01 01 20 00 00 00

001:007:000:STREAM             1639123991.263047
 07 E0 01 01 00 00 00 00

001:007:000:STREAM             1639123991.696158
 07 E0 01 01 20 00 00 00

001:007:000:STREAM             1639123991.821189
 07 E0 01 01 00 00 00 00

001:007:000:STREAM             1639123992.198159
 07 E0 01 01 20 00 00 00

001:007:000:STREAM             1639123992.336146
 07 E0 01 01 00 00 00 00

001:007:000:STREAM             1639123992.750278
 07 E0 01 01 20 00 00 00

001:007:000:STREAM             1639123992.869133
 07 E0 01 01 00 00 00 00

001:007:000:STREAM             1639123993.277177
 07 E0 01 01 20 00 00 00

001:007:000:STREAM             1639123993.409240
 07 E0 01 01 00 00 00 00

001:007:000:STREAM             1639123993.855269
 07 E0 01 01 20 00 00 00

001:007:000:STREAM             1639123993.974168
 07 E0 01 01 00 00 00 00

001:007:000:STREAM             1639123994.369235
 07 E0 01 01 20 00 00 00

001:007:000:STREAM             1639123994.489316
 07 E0 01 01 00 00 00 00

001:007:000:STREAM             1639123994.903266
 07 E0 01 01 20 00 00 00

001:007:000:STREAM             1639123995.016280
 07 E0 01 01 00 00 00 00

001:007:000:STREAM             1639123995.468447
 07 E0 01 01 20 00 00 00

001:007:000:STREAM             1639123995.556395
 07 E0 01 01 00 00 00 00

001:007:000:STREAM             1639123995.976424
 07 E0 01 01 20 00 00 00

001:007:000:STREAM             1639123996.108420
 07 E0 01 01 00 00 00 00

001:007:000:STREAM             1639123996.529525
 07 E0 01 01 20 00 00 00

001:007:000:STREAM             1639123996.642464
 07 E0 01 01 00 00 00 00

001:007:000:STREAM             1639123997.062549
 07 E0 01 01 20 00 00 00

001:007:000:STREAM             1639123997.225522
 07 E0 01 01 00 00 00 00

001:007:000:STREAM             1639123997.646584
 07 E0 01 01 20 00 00 00

001:007:000:STREAM             1639123997.771586
 07 E0 01 01 00 00 00 00

001:007:000:STREAM             1639123998.229621
 07 E0 01 01 20 00 00 00

001:007:000:STREAM             1639123998.355640
 07 E0 01 01 00 00 00 00

001:007:000:STREAM             1639123998.719660
 07 E0 01 01 20 00 00 00

001:007:000:STREAM             1639123998.845664
 07 E0 01 01 00 00 00 00

001:007:000:STREAM             1639123999.227515
 07 E0 01 01 20 00 00 00

001:007:000:STREAM             1639123999.366712
 07 E0 01 01 00 00 00 00

001:007:000:STREAM             1639123999.780733
 07 E0 01 01 20 00 00 00

001:007:000:STREAM             1639123999.924685
 07 E0 01 01 00 00 00 00

001:007:000:STREAM             1639124000.351754
 07 E0 01 01 20 00 00 00

001:007:000:STREAM             1639124000.458689
 07 E0 01 01 00 00 00 00

001:007:000:STREAM             1639124000.790696
 07 E0 01 01 20 00 00 00

001:007:000:STREAM             1639124000.916675
 07 E0 01 01 00 00 00 00

001:007:000:STREAM             1639124001.318820
 07 E0 01 01 20 00 00 00

001:007:000:STREAM             1639124001.443834
 07 E0 01 01 00 00 00 00

001:007:000:STREAM             1639124001.795864
 07 E0 01 01 20 00 00 00

001:007:000:STREAM             1639124001.908780
 07 E0 01 01 00 00 00 00

001:007:000:STREAM             1639124002.278904
 07 E0 01 01 20 00 00 00

001:007:000:STREAM             1639124002.403917
 07 E0 01 01 00 00 00 00

001:007:000:STREAM             1639124002.793839
 07 E0 01 01 20 00 00 00

001:007:000:STREAM             1639124002.893847
 07 E0 01 01 00 00 00 00

001:007:000:STREAM             1639124003.314947
 07 E0 01 01 20 00 00 00

001:007:000:STREAM             1639124003.427965
 07 E0 01 01 00 00 00 00

001:007:000:STREAM             1639124003.866853
 07 E0 01 01 20 00 00 00

001:007:000:STREAM             1639124003.986014
 07 E0 01 01 00 00 00 00

001:007:000:STREAM             1639124004.382064
 07 E0 01 01 20 00 00 00

001:007:000:STREAM             1639124004.501049
 07 E0 01 01 00 00 00 00

001:007:000:STREAM             1639124004.846069
 07 E0 01 01 20 00 00 00

001:007:000:STREAM             1639124004.990067
 07 E0 01 01 00 00 00 00

001:007:000:STREAM             1639124005.392120
 07 E0 01 01 20 00 00 00

001:007:000:STREAM             1639124005.505119
 07 E0 01 01 00 00 00 00

001:007:000:STREAM             1639124005.825148
 07 E0 01 01 20 00 00 00

001:007:000:STREAM             1639124005.951153
 07 E0 01 01 00 00 00 00

001:007:000:STREAM             1639124006.327174
 07 E0 01 01 20 00 00 00

001:007:000:STREAM             1639124006.459170
 07 E0 01 01 00 00 00 00

001:007:000:STREAM             1639124006.873195
 07 E0 01 01 20 00 00 00

001:007:000:STREAM             1639124006.968066
 07 E0 01 01 00 00 00 00

001:007:000:STREAM             1639124007.332207
 07 E0 01 01 20 00 00 00

001:007:000:STREAM             1639124007.457253
 07 E0 01 01 00 00 00 00

001:007:000:STREAM             1639124007.878305
 07 E0 01 01 20 00 00 00

001:007:000:STREAM             1639124007.997147
 07 E0 01 01 00 00 00 00

001:007:000:STREAM             1639124008.399303
 07 E0 01 01 20 00 00 00

001:007:000:STREAM             1639124008.512182
 07 E0 01 01 00 00 00 00

001:007:000:STREAM             1639124008.876341
 07 E0 01 01 20 00 00 00

001:007:000:STREAM             1639124009.008322
 07 E0 01 01 00 00 00 00

001:007:000:STREAM             1639124009.397294
 07 E0 01 01 20 00 00 00

001:007:000:STREAM             1639124009.503372
 07 E0 01 01 00 00 00 00

001:007:000:STREAM             1639124009.867293
 07 E0 01 01 20 00 00 00

001:007:000:STREAM             1639124009.987405
 07 E0 01 01 00 00 00 00

001:007:000:STREAM             1639124010.470309
 07 E0 01 01 20 00 00 00

001:007:000:STREAM             1639124010.589409
 07 E0 01 01 00 00 00 00

001:007:000:STREAM             1639124010.966422
 07 E0 01 01 20 00 00 00

001:007:000:STREAM             1639124011.066431
 07 E0 01 01 00 00 00 00

001:007:000:STREAM             1639124011.493470
 07 E0 01 01 20 00 00 00

001:007:000:STREAM             1639124011.637497
 07 E0 01 01 00 00 00 00

001:007:000:STREAM             1639124012.027501
 07 E0 01 01 20 00 00 00

001:007:000:STREAM             1639124012.158512
 07 E0 01 01 00 00 00 00

001:007:000:STREAM             1639124012.585553
 07 E0 01 01 20 00 00 00

001:007:000:STREAM             1639124012.704550
 07 E0 01 01 00 00 00 00

001:007:000:STREAM             1639124013.094574
 07 E0 01 01 20 00 00 00

001:007:000:STREAM             1639124013.244421
 07 E0 01 01 00 00 00 00

001:007:000:STREAM             1639124013.652479
 07 E0 01 01 20 00 00 00

001:007:000:STREAM             1639124013.790621
 07 E0 01 01 00 00 00 00

001:007:000:STREAM             1639124014.198655
 07 E0 01 01 20 00 00 00

001:007:000:STREAM             1639124014.292595
 07 E0 01 01 00 00 00 00

001:007:000:STREAM             1639124014.725681
 07 E0 01 01 20 00 00 00

001:007:000:STREAM             1639124014.851593
 07 E0 01 01 00 00 00 00

001:007:000:STREAM             1639124015.253630
 07 E0 01 01 20 00 00 00

001:007:000:STREAM             1639124015.334569
 07 E0 01 01 00 00 00 00

001:007:000:STREAM             1639124015.786748
 07 E0 01 01 20 00 00 00

001:007:000:STREAM             1639124015.931757
 07 E0 01 01 00 00 00 00

001:007:000:STREAM             1639124016.295701
 07 E0 01 01 20 00 00 00

001:007:000:STREAM             1639124016.426848
 07 E0 01 01 00 00 00 00

001:007:000:STREAM             1639124016.816871
 07 E0 01 01 20 00 00 00

001:007:000:STREAM             1639124016.941776
 07 E0 01 01 00 00 00 00

001:007:000:STREAM             1639124017.293709
 07 E0 01 01 20 00 00 00

001:007:000:STREAM             1639124017.431780
 07 E0 01 01 00 00 00 00

001:007:000:STREAM             1639124018.008850
 07 E0 01 01 20 00 00 00

001:007:000:STREAM             1639124018.127812
 07 E0 01 01 00 00 00 00

001:007:000:STREAM             1639124018.510967
 07 E0 01 01 20 00 00 00

001:007:000:STREAM             1639124018.636831
 07 E0 01 01 00 00 00 00

001:007:000:STREAM             1639124019.101010
 07 E0 01 01 20 00 00 00

001:007:000:STREAM             1639124019.226786
 07 E0 01 01 00 00 00 00

001:007:000:STREAM             1639124019.566052
 07 E0 01 01 20 00 00 00

001:007:000:STREAM             1639124019.703957
 07 E0 01 01 00 00 00 00

001:007:000:STREAM             1639124020.099082
 07 E0 01 01 20 00 00 00

001:007:000:STREAM             1639124020.212082
 07 E0 01 01 00 00 00 00

001:007:000:STREAM             1639124020.614100
 07 E0 01 01 20 00 00 00

001:007:000:STREAM             1639124020.752119
 07 E0 01 01 00 00 00 00

001:007:000:STREAM             1639124021.135143
 07 E0 01 01 20 00 00 00

001:007:000:STREAM             1639124021.260048
 07 E0 01 01 00 00 00 00

001:007:000:STREAM             1639124021.662153
 07 E0 01 01 20 00 00 00

001:007:000:STREAM             1639124021.781002
 07 E0 01 01 00 00 00 00

001:007:000:STREAM             1639124022.177208
 07 E0 01 01 20 00 00 00

001:007:000:STREAM             1639124022.265185
 07 E0 01 01 00 00 00 00

001:007:000:STREAM             1639124022.735255
 07 E0 01 01 20 00 00 00

001:007:000:STREAM             1639124022.867163
 07 E0 01 01 00 00 00 00

001:007:000:STREAM             1639124023.501273
 07 E0 01 01 20 00 00 00

001:007:000:STREAM             1639124023.652295
 07 E0 01 01 00 00 00 00

001:007:000:STREAM             1639124024.060142
 07 E0 01 01 20 00 00 00

001:007:000:STREAM             1639124024.192344
 07 E0 01 01 00 00 00 00

001:007:000:STREAM             1639124024.581355
 07 E0 01 01 20 00 00 00

001:007:000:STREAM             1639124024.719368
 07 E0 01 01 00 00 00 00

001:007:000:STREAM             1639124025.095362
 07 E0 01 01 20 00 00 00

001:007:000:STREAM             1639124025.208173
 07 E0 01 01 00 00 00 00

001:007:000:STREAM             1639124025.604421
 07 E0 01 01 20 00 00 00

001:007:000:STREAM             1639124025.729421
 07 E0 01 01 00 00 00 00

001:007:000:STREAM             1639124026.125439
 07 E0 01 01 20 00 00 00

001:007:000:STREAM             1639124026.238319
 07 E0 01 01 00 00 00 00

001:007:000:STREAM             1639124026.608392
 07 E0 01 01 20 00 00 00

001:007:000:STREAM             1639124026.721493
 07 E0 01 01 00 00 00 00

001:007:000:STREAM             1639124027.223300
 07 E0 01 01 20 00 00 00

001:007:000:STREAM             1639124027.342388
 07 E0 01 01 00 00 00 00

001:007:000:STREAM             1639124027.700543
 07 E0 01 01 20 00 00 00

001:007:000:STREAM             1639124027.813541
 07 E0 01 01 00 00 00 00

001:007:000:STREAM             1639124028.252582
 07 E0 01 01 20 00 00 00

001:007:000:STREAM             1639124028.372596
 07 E0 01 01 00 00 00 00

001:007:000:STREAM             1639124028.842518
 07 E0 01 01 20 00 00 00

001:007:000:STREAM             1639124028.955616
 07 E0 01 01 00 00 00 00

001:007:000:STREAM             1639124029.382650
 07 E0 01 01 20 00 00 00

001:007:000:STREAM             1639124029.520484
 07 E0 01 01 00 00 00 00

001:007:000:STREAM             1639124029.978687
 07 E0 01 01 20 00 00 00

001:007:000:STREAM             1639124030.104718
 07 E0 01 01 00 00 00 00

001:007:000:STREAM             1639124030.600748
 07 E0 01 01 20 00 00 00

001:007:000:STREAM             1639124030.713727
 07 E0 01 01 00 00 00 00

001:007:000:STREAM             1639124031.096562
 07 E0 01 01 20 00 00 00

001:007:000:STREAM             1639124031.228538
 07 E0 01 01 00 00 00 00

001:007:000:STREAM             1639124031.667815
 07 E0 01 01 20 00 00 00

001:007:000:STREAM             1639124031.780689
 07 E0 01 01 00 00 00 00

001:007:000:STREAM             1639124032.225823
 07 E0 01 01 20 00 00 00

001:007:000:STREAM             1639124032.332752
 07 E0 01 01 00 00 00 00

001:007:000:STREAM             1639124032.841877
 07 E0 01 01 20 00 00 00

001:007:000:STREAM             1639124032.991900
 07 E0 01 01 00 00 00 00

001:007:000:STREAM             1639124033.437931
 07 E0 01 01 20 00 00 00

001:007:000:STREAM             1639124033.562795
 07 E0 01 01 00 00 00 00

