001:007:000:STREAM             1639124144.488770
 07 E0 01 01 40 00 00 00

001:007:000:STREAM             1639124144.677758
 07 E0 01 01 00 00 00 00

001:007:000:STREAM             1639124145.342822
 07 E0 01 01 40 00 00 00

001:007:000:STREAM             1639124145.467808
 07 E0 01 01 00 00 00 00

001:007:000:STREAM             1639124145.925851
 07 E0 01 01 40 00 00 00

001:007:000:STREAM             1639124146.038840
 07 E0 01 01 00 00 00 00

001:007:000:STREAM             1639124146.478873
 07 E0 01 01 40 00 00 00

001:007:000:STREAM             1639124146.610655
 07 E0 01 01 00 00 00 00

001:007:000:STREAM             1639124147.036791
 07 E0 01 01 40 00 00 00

001:007:000:STREAM             1639124147.124785
 07 E0 01 01 00 00 00 00

001:007:000:STREAM             1639124147.582936
 07 E0 01 01 40 00 00 00

001:007:000:STREAM             1639124147.683852
 07 E0 01 01 00 00 00 00

001:007:000:STREAM             1639124148.267888
 07 E0 01 01 40 00 00 00

001:007:000:STREAM             1639124148.398801
 07 E0 01 01 00 00 00 00

001:007:000:STREAM             1639124148.788890
 07 E0 01 01 40 00 00 00

001:007:000:STREAM             1639124148.907967
 07 E0 01 01 00 00 00 00

001:007:000:STREAM             1639124149.340942
 07 E0 01 01 40 00 00 00

001:007:000:STREAM             1639124149.473049
 07 E0 01 01 00 00 00 00

001:007:000:STREAM             1639124149.881090
 07 E0 01 01 40 00 00 00

001:007:000:STREAM             1639124149.987092
 07 E0 01 01 00 00 00 00

001:007:000:STREAM             1639124150.402027
 07 E0 01 01 40 00 00 00

001:007:000:STREAM             1639124150.520981
 07 E0 01 01 00 00 00 00

001:007:000:STREAM             1639124151.092165
 07 E0 01 01 40 00 00 00

001:007:000:STREAM             1639124151.186141
 07 E0 01 01 00 00 00 00

001:007:000:STREAM             1639124151.575181
 07 E0 01 01 40 00 00 00

001:007:000:STREAM             1639124151.676104
 07 E0 01 01 00 00 00 00

001:007:000:STREAM             1639124152.140230
 07 E0 01 01 40 00 00 00

001:007:000:STREAM             1639124152.259234
 07 E0 01 01 00 00 00 00

001:007:000:STREAM             1639124152.661246
 07 E0 01 01 40 00 00 00

001:007:000:STREAM             1639124152.774254
 07 E0 01 01 00 00 00 00

001:007:000:STREAM             1639124153.464301
 07 E0 01 01 40 00 00 00

001:007:000:STREAM             1639124153.584297
 07 E0 01 01 00 00 00 00

001:007:000:STREAM             1639124153.916285
 07 E0 01 01 40 00 00 00

001:007:000:STREAM             1639124154.067338
 07 E0 01 01 00 00 00 00

001:007:000:STREAM             1639124154.437296
 07 E0 01 01 40 00 00 00

001:007:000:STREAM             1639124154.550118
 07 E0 01 01 00 00 00 00

001:007:000:STREAM             1639124154.940290
 07 E0 01 01 40 00 00 00

001:007:000:STREAM             1639124155.053289
 07 E0 01 01 00 00 00 00

001:007:000:STREAM             1639124155.410450
 07 E0 01 01 40 00 00 00

001:007:000:STREAM             1639124155.548474
 07 E0 01 01 00 00 00 00

001:007:000:STREAM             1639124155.988429
 07 E0 01 01 40 00 00 00

001:007:000:STREAM             1639124156.101464
 07 E0 01 01 00 00 00 00

001:007:000:STREAM             1639124156.477493
 07 E0 01 01 40 00 00 00

001:007:000:STREAM             1639124156.622351
 07 E0 01 01 00 00 00 00

001:007:000:STREAM             1639124157.042512
 07 E0 01 01 40 00 00 00

001:007:000:STREAM             1639124157.168551
 07 E0 01 01 00 00 00 00

001:007:000:STREAM             1639124157.551542
 07 E0 01 01 40 00 00 00

001:007:000:STREAM             1639124157.676582
 07 E0 01 01 00 00 00 00

001:007:000:STREAM             1639124158.078459
 07 E0 01 01 40 00 00 00

001:007:000:STREAM             1639124158.185592
 07 E0 01 01 00 00 00 00

001:007:000:STREAM             1639124158.599576
 07 E0 01 01 40 00 00 00

001:007:000:STREAM             1639124158.699606
 07 E0 01 01 00 00 00 00

001:007:000:STREAM             1639124159.245654
 07 E0 01 01 40 00 00 00

001:007:000:STREAM             1639124159.365650
 07 E0 01 01 00 00 00 00

001:007:000:STREAM             1639124159.716717
 07 E0 01 01 40 00 00 00

001:007:000:STREAM             1639124159.860685
 07 E0 01 01 00 00 00 00

001:007:000:STREAM             1639124160.300639
 07 E0 01 01 40 00 00 00

001:007:000:STREAM             1639124160.406617
 07 E0 01 01 00 00 00 00

001:007:000:STREAM             1639124160.808637
 07 E0 01 01 40 00 00 00

001:007:000:STREAM             1639124160.940656
 07 E0 01 01 00 00 00 00

001:007:000:STREAM             1639124161.354763
 07 E0 01 01 40 00 00 00

001:007:000:STREAM             1639124161.436782
 07 E0 01 01 00 00 00 00

001:007:000:STREAM             1639124162.057716
 07 E0 01 01 40 00 00 00

001:007:000:STREAM             1639124162.189709
 07 E0 01 01 00 00 00 00

001:007:000:STREAM             1639124162.616691
 07 E0 01 01 40 00 00 00

001:007:000:STREAM             1639124162.754867
 07 E0 01 01 00 00 00 00

001:007:000:STREAM             1639124163.137760
 07 E0 01 01 40 00 00 00

001:007:000:STREAM             1639124163.269899
 07 E0 01 01 00 00 00 00

001:007:000:STREAM             1639124163.633898
 07 E0 01 01 40 00 00 00

001:007:000:STREAM             1639124163.752922
 07 E0 01 01 00 00 00 00

001:007:000:STREAM             1639124164.141873
 07 E0 01 01 40 00 00 00

001:007:000:STREAM             1639124164.260934
 07 E0 01 01 00 00 00 00

001:007:000:STREAM             1639124164.631942
 07 E0 01 01 40 00 00 00

001:007:000:STREAM             1639124164.762969
 07 E0 01 01 00 00 00 00

001:007:000:STREAM             1639124165.102011
 07 E0 01 01 40 00 00 00

001:007:000:STREAM             1639124165.283918
 07 E0 01 01 00 00 00 00

001:007:000:STREAM             1639124165.667037
 07 E0 01 01 40 00 00 00

001:007:000:STREAM             1639124165.824050
 07 E0 01 01 00 00 00 00

001:007:000:STREAM             1639124166.188081
 07 E0 01 01 40 00 00 00

001:007:000:STREAM             1639124166.320074
 07 E0 01 01 00 00 00 00

001:007:000:STREAM             1639124166.753095
 07 E0 01 01 40 00 00 00

001:007:000:STREAM             1639124166.872113
 07 E0 01 01 00 00 00 00

001:007:000:STREAM             1639124167.236135
 07 E0 01 01 40 00 00 00

001:007:000:STREAM             1639124167.368127
 07 E0 01 01 00 00 00 00

001:007:000:STREAM             1639124167.732144
 07 E0 01 01 40 00 00 00

001:007:000:STREAM             1639124167.858126
 07 E0 01 01 00 00 00 00

001:007:000:STREAM             1639124168.253186
 07 E0 01 01 40 00 00 00

001:007:000:STREAM             1639124168.385195
 07 E0 01 01 00 00 00 00

001:007:000:STREAM             1639124168.730127
 07 E0 01 01 40 00 00 00

001:007:000:STREAM             1639124168.849218
 07 E0 01 01 00 00 00 00

001:007:000:STREAM             1639124169.257164
 07 E0 01 01 40 00 00 00

001:007:000:STREAM             1639124169.377254
 07 E0 01 01 00 00 00 00

001:007:000:STREAM             1639124169.772284
 07 E0 01 01 40 00 00 00

001:007:000:STREAM             1639124169.898272
 07 E0 01 01 00 00 00 00

001:007:000:STREAM             1639124170.299301
 07 E0 01 01 40 00 00 00

001:007:000:STREAM             1639124170.425309
 07 E0 01 01 00 00 00 00

001:007:000:STREAM             1639124171.046169
 07 E0 01 01 40 00 00 00

001:007:000:STREAM             1639124171.147209
 07 E0 01 01 00 00 00 00

001:007:000:STREAM             1639124171.473326
 07 E0 01 01 40 00 00 00

001:007:000:STREAM             1639124171.643327
 07 E0 01 01 00 00 00 00

001:007:000:STREAM             1639124171.981268
 07 E0 01 01 40 00 00 00

001:007:000:STREAM             1639124172.082298
 07 E0 01 01 00 00 00 00

001:007:000:STREAM             1639124172.458393
 07 E0 01 01 40 00 00 00

001:007:000:STREAM             1639124172.571186
 07 E0 01 01 00 00 00 00

001:007:000:STREAM             1639124172.917400
 07 E0 01 01 40 00 00 00

001:007:000:STREAM             1639124173.011334
 07 E0 01 01 00 00 00 00

001:007:000:STREAM             1639124173.406454
 07 E0 01 01 40 00 00 00

001:007:000:STREAM             1639124173.532436
 07 E0 01 01 00 00 00 00

001:007:000:STREAM             1639124174.040487
 07 E0 01 01 40 00 00 00

001:007:000:STREAM             1639124174.166350
 07 E0 01 01 00 00 00 00

001:007:000:STREAM             1639124174.480511
 07 E0 01 01 40 00 00 00

001:007:000:STREAM             1639124174.636499
 07 E0 01 01 00 00 00 00

001:007:000:STREAM             1639124174.982448
 07 E0 01 01 40 00 00 00

001:007:000:STREAM             1639124175.120554
 07 E0 01 01 00 00 00 00

001:007:000:STREAM             1639124175.452570
 07 E0 01 01 40 00 00 00

001:007:000:STREAM             1639124175.591557
 07 E0 01 01 00 00 00 00

001:007:000:STREAM             1639124175.955571
 07 E0 01 01 40 00 00 00

001:007:000:STREAM             1639124176.074582
 07 E0 01 01 00 00 00 00

001:007:000:STREAM             1639124176.407620
 07 E0 01 01 40 00 00 00

001:007:000:STREAM             1639124176.545430
 07 E0 01 01 00 00 00 00

001:007:000:STREAM             1639124176.852527
 07 E0 01 01 40 00 00 00

001:007:000:STREAM             1639124176.990645
 07 E0 01 01 00 00 00 00

001:007:000:STREAM             1639124177.348608
 07 E0 01 01 40 00 00 00

001:007:000:STREAM             1639124177.455670
 07 E0 01 01 00 00 00 00

001:007:000:STREAM             1639124177.813698
 07 E0 01 01 40 00 00 00

001:007:000:STREAM             1639124177.951676
 07 E0 01 01 00 00 00 00

001:007:000:STREAM             1639124178.346702
 07 E0 01 01 40 00 00 00

001:007:000:STREAM             1639124178.472735
 07 E0 01 01 00 00 00 00

001:007:000:STREAM             1639124178.811746
 07 E0 01 01 40 00 00 00

001:007:000:STREAM             1639124178.961757
 07 E0 01 01 00 00 00 00

001:007:000:STREAM             1639124179.325712
 07 E0 01 01 40 00 00 00

001:007:000:STREAM             1639124179.482794
 07 E0 01 01 00 00 00 00

001:007:000:STREAM             1639124179.815794
 07 E0 01 01 40 00 00 00

001:007:000:STREAM             1639124179.947789
 07 E0 01 01 00 00 00 00

001:007:000:STREAM             1639124180.292723
 07 E0 01 01 40 00 00 00

001:007:000:STREAM             1639124180.424835
 07 E0 01 01 00 00 00 00

001:007:000:STREAM             1639124180.763857
 07 E0 01 01 40 00 00 00

001:007:000:STREAM             1639124180.888853
 07 E0 01 01 00 00 00 00

001:007:000:STREAM             1639124181.265898
 07 E0 01 01 40 00 00 00

001:007:000:STREAM             1639124181.384804
 07 E0 01 01 00 00 00 00

001:007:000:STREAM             1639124181.723900
 07 E0 01 01 40 00 00 00

001:007:000:STREAM             1639124181.823924
 07 E0 01 01 00 00 00 00

001:007:000:STREAM             1639124182.244922
 07 E0 01 01 40 00 00 00

001:007:000:STREAM             1639124182.363931
 07 E0 01 01 00 00 00 00

001:007:000:STREAM             1639124182.727931
 07 E0 01 01 40 00 00 00

001:007:000:STREAM             1639124182.853856
 07 E0 01 01 00 00 00 00

001:007:000:STREAM             1639124183.223967
 07 E0 01 01 40 00 00 00

001:007:000:STREAM             1639124183.342998
 07 E0 01 01 00 00 00 00

001:007:000:STREAM             1639124183.695020
 07 E0 01 01 40 00 00 00

001:007:000:STREAM             1639124183.827026
 07 E0 01 01 00 00 00 00

001:007:000:STREAM             1639124184.171954
 07 E0 01 01 40 00 00 00

001:007:000:STREAM             1639124184.316054
 07 E0 01 01 00 00 00 00

001:007:000:STREAM             1639124184.668076
 07 E0 01 01 40 00 00 00

001:007:000:STREAM             1639124184.805989
 07 E0 01 01 00 00 00 00

001:007:000:STREAM             1639124185.176113
 07 E0 01 01 40 00 00 00

001:007:000:STREAM             1639124185.339095
 07 E0 01 01 00 00 00 00

001:007:000:STREAM             1639124185.672035
 07 E0 01 01 40 00 00 00

001:007:000:STREAM             1639124185.798048
 07 E0 01 01 00 00 00 00

001:007:000:STREAM             1639124186.143164
 07 E0 01 01 40 00 00 00

001:007:000:STREAM             1639124186.243082
 07 E0 01 01 00 00 00 00

001:007:000:STREAM             1639124186.639081
 07 E0 01 01 40 00 00 00

001:007:000:STREAM             1639124186.770243
 07 E0 01 01 00 00 00 00

001:007:000:STREAM             1639124187.147270
 07 E0 01 01 40 00 00 00

001:007:000:STREAM             1639124187.266175
 07 E0 01 01 00 00 00 00

001:007:000:STREAM             1639124187.618284
 07 E0 01 01 40 00 00 00

001:007:000:STREAM             1639124187.756275
 07 E0 01 01 00 00 00 00

001:007:000:STREAM             1639124188.120286
 07 E0 01 01 40 00 00 00

001:007:000:STREAM             1639124188.245302
 07 E0 01 01 00 00 00 00

001:007:000:STREAM             1639124188.609231
 07 E0 01 01 40 00 00 00

001:007:000:STREAM             1639124188.722349
 07 E0 01 01 00 00 00 00

001:007:000:STREAM             1639124189.112399
 07 E0 01 01 40 00 00 00

001:007:000:STREAM             1639124189.237399
 07 E0 01 01 00 00 00 00

001:007:000:STREAM             1639124189.639407
 07 E0 01 01 40 00 00 00

001:007:000:STREAM             1639124189.752293
 07 E0 01 01 00 00 00 00

001:007:000:STREAM             1639124190.122416
 07 E0 01 01 40 00 00 00

001:007:000:STREAM             1639124190.241324
 07 E0 01 01 00 00 00 00

001:007:000:STREAM             1639124190.649457
 07 E0 01 01 40 00 00 00

001:007:000:STREAM             1639124190.794439
 07 E0 01 01 00 00 00 00

001:007:000:STREAM             1639124191.170468
 07 E0 01 01 40 00 00 00

001:007:000:STREAM             1639124191.277430
 07 E0 01 01 00 00 00 00

001:007:000:STREAM             1639124191.666489
 07 E0 01 01 40 00 00 00

001:007:000:STREAM             1639124191.779499
 07 E0 01 01 00 00 00 00

001:007:000:STREAM             1639124192.168541
 07 E0 01 01 40 00 00 00

001:007:000:STREAM             1639124192.288523
 07 E0 01 01 00 00 00 00

001:007:000:STREAM             1639124192.677436
 07 E0 01 01 40 00 00 00

001:007:000:STREAM             1639124192.796553
 07 E0 01 01 00 00 00 00

001:007:000:STREAM             1639124193.204470
 07 E0 01 01 40 00 00 00

001:007:000:STREAM             1639124193.317515
 07 E0 01 01 00 00 00 00

001:007:000:STREAM             1639124193.731613
 07 E0 01 01 40 00 00 00

001:007:000:STREAM             1639124193.882629
 07 E0 01 01 00 00 00 00

001:007:000:STREAM             1639124194.252581
 07 E0 01 01 40 00 00 00

001:007:000:STREAM             1639124194.397668
 07 E0 01 01 00 00 00 00

001:007:000:STREAM             1639124194.804631
 07 E0 01 01 40 00 00 00

001:007:000:STREAM             1639124194.911581
 07 E0 01 01 00 00 00 00

001:007:000:STREAM             1639124195.319647
 07 E0 01 01 40 00 00 00

001:007:000:STREAM             1639124195.426705
 07 E0 01 01 00 00 00 00

001:007:000:STREAM             1639124195.821714
 07 E0 01 01 40 00 00 00

001:007:000:STREAM             1639124195.953734
 07 E0 01 01 00 00 00 00

001:007:000:STREAM             1639124196.549521
 07 E0 01 01 40 00 00 00

001:007:000:STREAM             1639124196.656589
 07 E0 01 01 00 00 00 00

001:007:000:STREAM             1639124196.951761
 07 E0 01 01 40 00 00 00

001:007:000:STREAM             1639124197.133767
 07 E0 01 01 00 00 00 00

001:007:000:STREAM             1639124197.478766
 07 E0 01 01 40 00 00 00

001:007:000:STREAM             1639124197.598765
 07 E0 01 01 00 00 00 00

001:007:000:STREAM             1639124197.987583
 07 E0 01 01 40 00 00 00

001:007:000:STREAM             1639124198.125723
 07 E0 01 01 00 00 00 00

001:007:000:STREAM             1639124198.527646
 07 E0 01 01 40 00 00 00

001:007:000:STREAM             1639124198.633763
 07 E0 01 01 00 00 00 00

