M 55 00 43 00 2D 00 4C 00 6F 00 67 00 69 00 63 00
P 54 00 41 00 42 00 4C 00 45 00 54 00 20 00 31 00 30 00 36 00 30 00 4E 00
S 64 0C 03 70 C6 10 77 03 00 FF 07 D8 13
S 65 04 03 20 A0
S 6E 04 03 30 00
S 79 18 03 32 00 30 00 31 00 33 00 31 00 32 00 30 00 32 00 4F 00 53 00 43 00
S 7A 08 03 01 08 00 00 00 00
S 7B 0C 03 48 00 4B 00 20 00 4F 00 6E 00
S C8 20 03 46 00 36 00 30 00 30 00 5F 00 41 00 36 00 30 00 6E 00 5F 00 45 00 30 00 32 00 32 00 34 00
S C9 20 03 46 00 36 00 30 00 30 00 5F 00 41 00 36 00 30 00 6E 00 5F 00 45 00 30 00 32 00 32 00 34 00
S CA 20 03 46 00 36 00 30 00 30 00 5F 00 41 00 36 00 30 00 6E 00 5F 00 45 00 30 00 32 00 32 00 34 00
