000:STREAM                     1280559608.165886
 09 00 E8 30 5F 35 00 00

000:STREAM                     1280559608.221867
 08 00 00 FE 00 00

000:STREAM                     1280559608.229862
 08 00 02 FD 00 00

000:STREAM                     1280559608.237859
 08 00 00 FE 00 00

000:STREAM                     1280559608.245861
 08 00 FE FF 00 00

000:STREAM                     1280559608.253860
 08 00 FE 02 00 00

000:STREAM                     1280559608.261859
 08 00 FE 00 00 00

000:STREAM                     1280559608.269861
 08 00 FE FE 00 00

000:STREAM                     1280559608.277864
 08 00 FE FE 00 00

000:STREAM                     1280559608.285860
 08 00 FD FF 00 00

000:STREAM                     1280559608.293860
 08 00 FE FF 00 00

000:STREAM                     1280559608.301859
 08 00 FE FE 00 00

000:STREAM                     1280559608.309860
 08 00 FE FF 00 00

000:STREAM                     1280559608.317861
 08 00 FF FF 00 00

000:STREAM                     1280559608.325860
 08 00 FE FD 00 00

000:STREAM                     1280559608.333861
 08 00 01 FE 00 00

000:STREAM                     1280559608.341862
 08 00 FF FE 00 00

000:STREAM                     1280559608.349861
 08 00 FE FE 00 00

000:STREAM                     1280559608.357861
 08 00 FE FD 00 00

000:STREAM                     1280559608.365861
 08 00 FF FE 00 00

000:STREAM                     1280559608.373859
 08 00 FE FE 00 00

000:STREAM                     1280559608.381860
 08 00 FE FC 00 00

000:STREAM                     1280559608.389862
 08 00 FF FD 00 00

000:STREAM                     1280559608.397859
 08 00 FF FC 00 00

000:STREAM                     1280559608.405868
 08 00 FF FB 00 00

000:STREAM                     1280559608.413864
 08 00 00 FA 00 00

000:STREAM                     1280559608.421865
 08 00 FF F9 00 00

000:STREAM                     1280559608.429862
 08 00 FF F9 00 00

000:STREAM                     1280559608.437862
 08 00 FF F9 00 00

000:STREAM                     1280559608.445862
 08 00 FF F8 00 00

000:STREAM                     1280559608.453862
 08 00 FF F9 00 00

000:STREAM                     1280559608.461863
 08 00 00 F9 00 00

000:STREAM                     1280559608.469865
 08 00 00 F8 00 00

000:STREAM                     1280559608.477865
 08 00 01 F9 00 00

000:STREAM                     1280559608.485864
 08 00 01 F8 00 00

000:STREAM                     1280559608.493866
 08 00 02 F8 00 00

000:STREAM                     1280559608.501863
 08 00 02 F7 00 00

000:STREAM                     1280559608.509862
 08 00 01 F7 00 00

000:STREAM                     1280559608.517862
 08 00 03 F7 00 00

000:STREAM                     1280559608.525863
 08 00 03 F6 00 00

000:STREAM                     1280559608.533863
 08 00 04 F5 00 00

000:STREAM                     1280559608.541866
 08 00 05 F5 00 00

000:STREAM                     1280559608.549864
 08 00 06 F4 00 00

000:STREAM                     1280559608.557867
 08 00 05 F4 00 00

000:STREAM                     1280559608.565862
 08 00 07 F3 00 00

000:STREAM                     1280559608.573862
 08 00 06 F3 00 00

000:STREAM                     1280559608.581864
 08 00 07 F3 00 00

000:STREAM                     1280559608.589862
 08 00 07 F3 00 00

000:STREAM                     1280559608.597860
 08 00 07 F3 00 00

000:STREAM                     1280559608.605862
 08 00 08 F3 00 00

000:STREAM                     1280559608.613860
 08 00 08 F3 00 00

000:STREAM                     1280559608.621862
 08 00 08 F3 00 00

000:STREAM                     1280559608.629859
 08 00 08 F3 00 00

000:STREAM                     1280559608.637863
 08 00 0A F3 00 00

000:STREAM                     1280559608.645864
 08 00 0A F3 00 00

000:STREAM                     1280559608.653861
 08 00 0A F3 00 00

000:STREAM                     1280559608.661862
 08 00 0B F3 00 00

000:STREAM                     1280559608.669862
 08 00 0C F4 00 00

000:STREAM                     1280559608.677861
 08 00 0D F3 00 00

000:STREAM                     1280559608.685862
 08 00 0D F4 00 00

000:STREAM                     1280559608.693860
 08 00 0E F4 00 00

000:STREAM                     1280559608.701861
 08 00 0F F5 00 00

000:STREAM                     1280559608.709860
 08 00 0F F5 00 00

000:STREAM                     1280559608.717862
 08 00 10 F5 00 00

000:STREAM                     1280559608.725859
 08 00 11 F6 00 00

000:STREAM                     1280559608.733860
 08 00 11 F6 00 00

000:STREAM                     1280559608.741859
 08 00 11 F7 00 00

000:STREAM                     1280559608.749859
 08 00 11 F7 00 00

000:STREAM                     1280559608.757862
 08 00 12 F8 00 00

000:STREAM                     1280559608.765860
 08 00 12 F9 00 00

000:STREAM                     1280559608.773862
 08 00 13 FA 00 00

000:STREAM                     1280559608.781860
 08 00 13 F9 00 00

000:STREAM                     1280559608.789863
 08 00 13 FB 00 00

000:STREAM                     1280559608.797859
 08 00 14 FB 00 00

000:STREAM                     1280559608.805861
 08 00 14 FC 00 00

000:STREAM                     1280559608.813860
 08 00 15 FC 00 00

000:STREAM                     1280559608.821862
 08 00 15 FE 00 00

000:STREAM                     1280559608.829861
 08 00 15 FE 00 00

000:STREAM                     1280559608.837859
 08 00 16 FF 00 00

000:STREAM                     1280559608.845860
 08 00 17 FF 00 00

000:STREAM                     1280559608.853863
 08 00 17 01 00 00

000:STREAM                     1280559608.861861
 08 00 18 02 00 00

000:STREAM                     1280559608.869861
 08 00 18 01 00 00

000:STREAM                     1280559608.877860
 08 00 17 02 00 00

000:STREAM                     1280559608.885862
 08 00 18 04 00 00

000:STREAM                     1280559608.893862
 08 00 17 04 00 00

000:STREAM                     1280559608.901864
 08 00 17 05 00 00

000:STREAM                     1280559608.909864
 08 00 16 05 00 00

000:STREAM                     1280559608.917860
 08 00 17 06 00 00

000:STREAM                     1280559608.925861
 08 00 16 07 00 00

000:STREAM                     1280559608.933862
 08 00 16 07 00 00

000:STREAM                     1280559608.941861
 08 00 16 08 00 00

000:STREAM                     1280559608.949862
 08 00 16 08 00 00

000:STREAM                     1280559608.957862
 08 00 16 09 00 00

000:STREAM                     1280559608.965860
 08 00 16 09 00 00

000:STREAM                     1280559608.973862
 08 00 16 0A 00 00

000:STREAM                     1280559608.981861
 08 00 15 0A 00 00

000:STREAM                     1280559608.989862
 08 00 15 0B 00 00

000:STREAM                     1280559608.997862
 08 00 14 0B 00 00

000:STREAM                     1280559609.005865
 08 00 14 0B 00 00

000:STREAM                     1280559609.013864
 08 00 14 0C 00 00

000:STREAM                     1280559609.021860
 08 00 14 0C 00 00

000:STREAM                     1280559609.029862
 08 00 14 0D 00 00

000:STREAM                     1280559609.037867
 08 00 13 0D 00 00

000:STREAM                     1280559609.045864
 08 00 12 0D 00 00

000:STREAM                     1280559609.053867
 08 00 13 0E 00 00

000:STREAM                     1280559609.061865
 08 00 13 0E 00 00

000:STREAM                     1280559609.069861
 08 00 12 0F 00 00

000:STREAM                     1280559609.077862
 08 00 12 0F 00 00

000:STREAM                     1280559609.085861
 08 00 12 10 00 00

000:STREAM                     1280559609.093859
 08 00 11 10 00 00

000:STREAM                     1280559609.101860
 08 00 11 11 00 00

000:STREAM                     1280559609.109859
 08 00 10 11 00 00

000:STREAM                     1280559609.117860
 08 00 10 11 00 00

000:STREAM                     1280559609.125862
 08 00 10 12 00 00

000:STREAM                     1280559609.133853
 08 00 0E 12 00 00

000:STREAM                     1280559609.141863
 08 00 0E 12 00 00

000:STREAM                     1280559609.149859
 08 00 0E 13 00 00

000:STREAM                     1280559609.157861
 08 00 0C 13 00 00

000:STREAM                     1280559609.165863
 08 00 0D 14 00 00

000:STREAM                     1280559609.173861
 08 00 0C 14 00 00

000:STREAM                     1280559609.181859
 08 00 0C 14 00 00

000:STREAM                     1280559609.189862
 08 00 0B 14 00 00

000:STREAM                     1280559609.197861
 08 00 0A 15 00 00

000:STREAM                     1280559609.205863
 08 00 0A 15 00 00

000:STREAM                     1280559609.213861
 08 00 09 16 00 00

000:STREAM                     1280559609.221862
 08 00 07 15 00 00

000:STREAM                     1280559609.229861
 08 00 06 15 00 00

000:STREAM                     1280559609.237861
 08 00 05 15 00 00

000:STREAM                     1280559609.245860
 08 00 03 13 00 00

000:STREAM                     1280559609.253861
 08 00 01 14 00 00

000:STREAM                     1280559609.261860
 08 00 00 13 00 00

000:STREAM                     1280559609.269860
 08 00 FD 13 00 00

000:STREAM                     1280559609.277861
 08 00 FD 12 00 00

000:STREAM                     1280559609.285861
 08 00 FB 13 00 00

000:STREAM                     1280559609.293863
 08 00 F9 12 00 00

000:STREAM                     1280559609.301860
 08 00 F8 12 00 00

000:STREAM                     1280559609.309859
 08 00 F8 12 00 00

000:STREAM                     1280559609.317859
 08 00 F6 11 00 00

000:STREAM                     1280559609.325861
 08 00 F4 11 00 00

000:STREAM                     1280559609.333859
 08 00 F4 10 00 00

000:STREAM                     1280559609.341863
 08 00 F1 0F 00 00

000:STREAM                     1280559609.349862
 08 00 F0 0F 00 00

000:STREAM                     1280559609.357866
 08 00 EE 0E 00 00

000:STREAM                     1280559609.365864
 08 00 EB 0C 00 00

000:STREAM                     1280559609.373862
 08 00 E9 0C 00 00

000:STREAM                     1280559609.381863
 08 00 E8 0B 00 00

000:STREAM                     1280559609.389863
 08 00 E6 0B 00 00

000:STREAM                     1280559609.397863
 08 00 E4 0A 00 00

000:STREAM                     1280559609.405860
 08 00 E3 0A 00 00

000:STREAM                     1280559609.413859
 08 00 E3 09 00 00

000:STREAM                     1280559609.421862
 08 00 E1 08 00 00

000:STREAM                     1280559609.429862
 08 00 E0 08 00 00

000:STREAM                     1280559609.437861
 08 00 DF 07 00 00

000:STREAM                     1280559609.445863
 08 00 DE 06 00 00

000:STREAM                     1280559609.453859
 08 00 DD 05 00 00

000:STREAM                     1280559609.461854
 08 00 DC 05 00 00

000:STREAM                     1280559609.469863
 08 00 DB 04 00 00

000:STREAM                     1280559609.477859
 08 00 D9 03 00 00

000:STREAM                     1280559609.485863
 08 00 D8 01 00 00

000:STREAM                     1280559609.493861
 08 00 D7 01 00 00

000:STREAM                     1280559609.501860
 08 00 D5 FE 00 00

000:STREAM                     1280559609.509859
 08 00 D4 FE 00 00

000:STREAM                     1280559609.517861
 08 00 D4 FD 00 00

000:STREAM                     1280559609.525859
 08 00 D4 FB 00 00

000:STREAM                     1280559609.533863
 08 00 D3 F9 00 00

000:STREAM                     1280559609.541866
 08 00 D4 F7 00 00

000:STREAM                     1280559609.549866
 08 00 D4 F5 00 00

000:STREAM                     1280559609.557865
 08 00 D4 F4 00 00

000:STREAM                     1280559609.565865
 08 00 D3 F2 00 00

000:STREAM                     1280559609.573865
 08 00 D3 F1 00 00

000:STREAM                     1280559609.581863
 08 00 D2 EF 00 00

000:STREAM                     1280559609.589863
 08 00 D2 EE 00 00

000:STREAM                     1280559609.597864
 08 00 D2 EC 00 00

000:STREAM                     1280559609.605863
 08 00 D3 EC 00 00

000:STREAM                     1280559609.613862
 08 00 D4 EB 00 00

000:STREAM                     1280559609.621864
 08 00 D6 EA 00 00

000:STREAM                     1280559609.629862
 08 00 D8 E9 00 00

000:STREAM                     1280559609.637862
 08 00 DA E9 00 00

000:STREAM                     1280559609.645864
 08 00 DC E7 00 00

000:STREAM                     1280559609.653864
 08 00 DF E7 00 00

000:STREAM                     1280559609.661862
 08 00 E1 E6 00 00

000:STREAM                     1280559609.669863
 08 00 E4 E5 00 00

000:STREAM                     1280559609.677863
 08 00 E5 E4 00 00

000:STREAM                     1280559609.685863
 08 00 E8 E3 00 00

000:STREAM                     1280559609.693863
 08 00 EB E2 00 00

000:STREAM                     1280559609.701862
 08 00 ED E1 00 00

000:STREAM                     1280559609.709863
 08 00 F0 E1 00 00

000:STREAM                     1280559609.717863
 08 00 F3 E0 00 00

000:STREAM                     1280559609.725865
 08 00 F7 E1 00 00

000:STREAM                     1280559609.733862
 08 00 FA E2 00 00

